2
13  Sorghum  0  0  6857.000000  1
177  65  1.000000  351.171753  111
0.000000  0  0.000000  0.000000  0.000000
1
0
0.350000 0.280000 0.280000 0.090000
40.000000 69.000000 69.000000 85.000099
2600.000000 200.000000 26.000000 0.000000 2.000000
0.000000 0.000000 0.000000 0.000000
5 0.500000
6.000000 -2.000000
0.000000 0.000000 0.000000 0.000000
2  Winter_wheat  1  223  2633.549561  2
253  223  0.900000  191.452560  999
0.000000  0  0.000000  0.000000  0.000000
1
0
0.410000 0.210000 0.210000 0.170000
22.189301 42.274399 78.523300 46.111599
1807.424683 111.828697 15.953400 0.000000 1.000000
0.000000 0.000000 0.000000 0.000000
5 0.500000
3.500000 -2.000000
0.000000 0.000000 0.000000 0.000000
