11
Clay
0.580000 0.612000 0.084000 0.780000 0.530000 1.000000 0.000000 0.000000
1.020000 6.700000 1 0.028600 0.500000 0.050000 0.010000 0.027000 0.963000
0.000000 0.015000 2.000000 152999.984375 75.360001 133
0.103800 3.528000 4.728100 0.000000 1
8.234000 8.234000 10.000000 5.000000 25.000000 100.000000
0.000000 0.000000 0.000000 0.000000 137.524887 203.474503
500.000000 0.000000 0.000000

0.365878 360.043549 686.794617
8.504516 1.841253 95.710869 583.522644 3059.969971
0.000000 0.000000 0.018566 0.948859 0.000000 0.000000
0.000023 0.000007 0.000587
1.407660 0.772369 0.000000
764.299377 0.000000
3.952214 0.000000 0.000000 0.000000
0.000000 0.036796
11 0.015000 0.015000 0.028600
0.612000 0.580000 0.780000 0.530000 1.020000 6.700000 0.780000 0.780000
152999.984375 75.360001 0.084000
1.073000 0.050000 0.116600
2.251972 13.543013 0.101071 0.000000
0.000000

0.362477 41.359348 28.090942
6.606194 1.536973 86.859818 522.340759 3876.247070
0.000000 0.000000 0.009331 0.476617 0.000000 0.000000
0.000022 0.000002 0.000683
1.462386 0.772369 0.000000
764.299377 0.000000
1.433861 0.000000 0.000000 0.000000
0.000000 0.032750
11 0.015000 0.030000 0.028600
0.612000 0.580000 0.780000 0.530000 1.020000 6.700000 0.780000 0.780000
152999.984375 75.360001 0.084000
1.073000 0.050000 0.116600
2.862216 3.847424 0.026392 0.000000
0.000000

0.340227 36.125511 18.035343
6.530098 1.496953 87.114052 520.176575 3876.521973
0.000000 0.000000 0.004718 0.240701 0.000000 0.000000
0.000023 0.000001 0.000700
1.516866 0.772369 0.000000
764.299377 0.000000
1.415943 0.000000 0.000000 0.000000
0.000000 0.031107
11 0.015000 0.045000 0.028600
0.612000 0.580000 0.780000 0.530000 1.020000 6.700000 0.780000 0.780000
152999.984375 75.360001 0.084000
1.073000 0.050000 0.116600
2.867155 4.121342 0.028343 0.000000
0.000000

0.319497 33.491173 17.424835
6.504807 1.475425 87.588463 520.552795 3876.717285
0.000000 0.000000 0.002398 0.122156 0.000000 0.000000
0.000022 0.000004 0.000755
1.570981 0.772369 0.000000
764.299377 0.000000
1.367385 0.000000 0.000000 0.000000
0.000000 0.030397
11 0.015000 0.060000 0.028600
0.612000 0.580000 0.780000 0.530000 1.020000 6.700000 0.780000 0.780000
152999.984375 75.360001 0.084000
1.073000 0.050000 0.116600
2.870409 4.304565 0.029655 0.000000
0.000000

0.298715 30.992716 16.720003
6.484588 1.459486 87.943672 520.876648 3876.851562
0.000000 0.000000 0.001220 0.062034 0.000000 0.000000
0.000022 0.000012 0.000789
1.624615 0.772369 0.000000
764.299377 0.000000
1.295963 0.000000 0.000000 0.000000
0.000000 0.030326
11 0.015000 0.075000 0.028600
0.612000 0.580000 0.780000 0.530000 1.020000 6.700000 0.780000 0.780000
152999.984375 75.360001 0.084000
1.073000 0.050000 0.116600
2.872895 4.663453 0.032236 0.000000
0.000000

0.278923 28.705137 16.226299
6.461528 1.442690 88.194878 520.930481 3876.944580
0.000000 0.000000 0.000822 0.031214 0.000000 0.000000
0.000021 0.000016 0.000828
1.677656 0.772369 0.000000
764.299377 0.000000
1.194375 0.000000 0.000000 0.000000
0.000000 0.030637
11 0.015000 0.090000 0.028600
0.612000 0.580000 0.780000 0.530000 1.020000 6.700000 0.780000 0.780000
152999.984375 75.360001 0.084000
1.073000 0.050000 0.116600
2.874818 4.827762 0.033426 0.000000
0.000000

0.260707 26.677774 109.842148
6.733946 1.474055 92.824242 547.109070 3871.845947
0.000000 0.000000 0.000927 0.015607 0.000000 0.000000
0.000021 0.000018 0.000866
1.729999 0.772369 0.000000
764.299377 0.000000
1.186684 0.000000 0.000000 0.000000
0.000000 0.031776
11 0.015000 0.105000 0.028600
0.612000 0.580000 0.780000 0.530000 1.020000 6.700000 0.780000 0.780000
152999.984375 75.360001 0.084000
1.073000 0.050000 0.116600
2.929646 5.184092 0.036015 0.000000
0.000000

0.241388 24.410460 79.643883
2.807639 0.650232 37.308350 219.309128 2908.457031
0.000000 0.000000 0.000440 0.007804 0.000000 0.000000
0.000006 0.000003 0.000110
1.785128 0.641527 0.000000
764.299377 0.000000
0.213415 0.000000 0.000000 0.000000
0.000000 0.026042
11 0.015000 0.120000 0.018000
0.547000 0.580000 0.780000 0.490000 1.150000 6.700000 0.650000 0.650000
172500.000000 75.360001 0.084000
1.073000 0.050000 0.116600
2.566903 8.084360 0.037675 0.000000
0.000000

0.223869 22.479527 74.748566
2.634691 0.592555 35.415806 207.862900 2909.064941
0.000000 0.000000 0.000430 0.003902 0.000000 0.000000
0.000005 0.000000 0.000098
1.843518 0.641527 0.000000
764.299377 0.000000
0.162163 0.000000 0.000000 0.000000
0.000000 0.026872
11 0.015000 0.135000 0.018000
0.547000 0.580000 0.780000 0.490000 1.150000 6.700000 0.650000 0.650000
172500.000000 75.360001 0.084000
1.073000 0.050000 0.116600
2.570962 9.028831 0.042405 0.000000
0.000000

0.208279 20.785597 70.094238
2.471051 0.536677 33.631187 197.126663 2909.714600
0.000000 0.000000 0.000357 0.001951 0.000000 0.000000
0.000005 0.000000 0.000085
1.900955 0.641527 0.000000
764.299377 0.000000
0.128311 0.000000 0.000000 0.000000
0.000000 0.027560
11 0.015000 0.150000 0.018000
0.547000 0.580000 0.780000 0.490000 1.150000 6.700000 0.650000 0.650000
172500.000000 75.360001 0.084000
1.073000 0.050000 0.116600
2.574481 10.348606 0.049127 0.000000
0.000000

0.193159 36.916973 66.694000
2.337557 0.489507 33.075008 193.618454 2910.590576
0.000000 0.000000 0.000419 0.000975 0.000000 0.000000
0.000004 0.000000 0.000071
1.957355 0.641527 0.000000
764.299377 0.000000
0.103189 0.000000 0.000000 0.000000
0.000000 0.027439
11 0.015000 0.165000 0.018000
0.547000 0.580000 0.780000 0.490000 1.150000 6.700000 0.650000 0.650000
172500.000000 75.360001 0.084000
1.073000 0.050000 0.116600
2.577872 12.935122 0.062677 0.000000
0.000000

0.179061 34.352768 62.473969
2.196737 0.441247 31.455069 183.957077 2911.219238
0.000000 0.000000 0.000440 0.000488 0.000000 0.000000
0.000003 0.000000 0.000058
2.012643 0.641527 0.000000
764.299377 0.000000
0.071641 0.000000 0.000000 0.000000
0.000000 0.026482
11 0.015000 0.180000 0.018000
0.547000 0.580000 0.780000 0.490000 1.150000 6.700000 0.650000 0.650000
172500.000000 75.360001 0.084000
1.073000 0.050000 0.116600
2.581184 11.000273 0.052513 0.000000
0.000000

0.165912 31.943764 58.527020
2.065772 0.396591 29.944540 174.940506 2911.809082
0.000000 0.000000 0.000337 0.000244 0.000000 0.000000
0.000003 0.000000 0.000046
2.066751 0.641527 0.000000
764.299377 0.000000
0.043242 0.000000 0.000000 0.000000
0.000000 0.025185
11 0.015000 0.195000 0.018000
0.547000 0.580000 0.780000 0.490000 1.150000 6.700000 0.650000 0.650000
172500.000000 75.360001 0.084000
1.073000 0.050000 0.116600
2.584045 10.798672 0.051479 0.000000
0.000000

0.152517 29.228731 52.692436
1.927480 0.337727 28.338003 165.797821 2909.436035
0.000000 0.000002 0.000341 0.000122 0.000000 0.000000
0.000002 0.000001 0.000033
2.119556 0.650000 0.000000
764.299377 0.000000
0.000000 0.000000 0.000000 0.000000
0.000000 0.039857
11 0.015000 0.210000 0.018000
0.547000 0.580000 0.780000 0.490000 1.150000 6.700000 0.650000 0.650000
172500.000000 75.360001 0.084000
1.073000 0.050000 0.116600
2.577291 8.590110 0.040751 0.000000
0.000000

0.141331 27.013861 50.701591
1.536608 0.253464 22.534069 131.746552 1521.547363
0.000000 0.000259 0.002546 0.000061 0.000000 0.000000
0.000001 0.000002 0.000024
2.171449 0.650000 0.000000
764.299377 0.000000
0.000000 0.000000 0.000000 0.000000
0.000000 0.049701
11 0.015000 0.225000 0.009000
0.527000 0.580000 0.780000 0.490000 1.200000 6.700000 0.650000 0.650000
180000.015625 75.360001 0.084000
1.073000 0.050000 0.116600
1.345517 8.431053 0.036786 0.000000
0.000000

0.130792 25.091871 46.946045
1.431997 0.221040 21.298128 124.443199 1521.424438
0.000000 0.000294 0.002811 0.000030 0.000000 0.000000
0.000001 0.000002 0.000023
2.222430 0.650000 0.000000
764.299377 0.000000
0.000000 0.000000 0.000000 0.000000
0.000000 0.046262
11 0.015000 0.240000 0.009000
0.527000 0.580000 0.780000 0.490000 1.200000 6.700000 0.650000 0.650000
180000.015625 75.360001 0.084000
1.073000 0.050000 0.116600
1.346282 7.779492 0.033777 0.000000
0.000000

0.120852 23.298862 43.509186
1.339087 0.195158 20.146992 117.654869 1521.320557
0.000000 0.000288 0.002720 0.000015 0.000000 0.000000
0.000001 0.000002 0.000023
2.272029 0.650000 0.000000
764.299377 0.000000
0.000000 0.000000 0.000000 0.000000
0.000000 0.043141
11 0.015000 0.255000 0.009000
0.527000 0.580000 0.780000 0.490000 1.200000 6.700000 0.650000 0.650000
180000.015625 75.360001 0.084000
1.073000 0.050000 0.116600
1.347021 6.965390 0.030053 0.000000
0.000000

0.111857 21.632629 40.318287
1.253353 0.171647 19.076801 111.346230 1521.198120
0.000000 0.000309 0.002757 0.000008 0.000000 0.000000
0.000001 0.000002 0.000023
2.320230 0.650000 0.000000
764.299377 0.000000
0.000000 0.000000 0.000000 0.000000
0.000000 0.040402
11 0.015000 0.270000 0.009000
0.527000 0.580000 0.780000 0.490000 1.200000 6.700000 0.650000 0.650000
180000.015625 75.360001 0.084000
1.073000 0.050000 0.116600
1.347657 6.515075 0.028012 0.000000
0.000000

0.103524 20.079409 37.417633
1.173836 0.150044 18.077871 105.467987 1521.122070
0.000000 0.000324 0.002679 0.000004 0.000000 0.000000
0.000000 0.000002 0.000023
2.367030 0.650000 0.000000
764.299377 0.000000
0.000000 0.000000 0.000000 0.000000
0.000000 0.038054
11 0.015000 0.285000 0.009000
0.527000 0.580000 0.780000 0.490000 1.200000 6.700000 0.650000 0.650000
180000.015625 75.360001 0.084000
1.073000 0.050000 0.116600
1.348231 6.071595 0.026014 0.000000
0.000000

0.095722 18.640511 34.751202
1.106556 0.136612 17.147552 99.996147 1521.051270
0.000000 0.000320 0.002410 0.000002 0.000000 0.000000
0.000000 0.000001 0.000024
2.412438 0.650000 0.000000
764.299377 0.000000
0.000000 0.000000 0.000000 0.000000
0.000000 0.036037
11 0.015000 0.300000 0.009000
0.527000 0.580000 0.780000 0.490000 1.200000 6.700000 0.650000 0.650000
180000.015625 75.360001 0.084000
1.073000 0.050000 0.116600
1.348815 5.608706 0.023942 0.000000
0.000000

0.088595 17.298864 32.267490
1.044351 0.124367 16.283743 94.915230 1520.972778
0.000000 0.000331 0.002179 0.000001 0.000000 0.000000
0.000000 0.000001 0.000024
2.456470 0.650000 0.000000
764.299377 0.000000
0.000000 0.000000 0.000000 0.000000
0.000000 0.034240
11 0.015000 0.315000 0.009000
0.527000 0.580000 0.780000 0.490000 1.200000 6.700000 0.650000 0.650000
180000.015625 75.360001 0.084000
1.073000 0.050000 0.116600
1.349352 5.178341 0.022028 0.000000
0.000000

0.081972 16.033152 30.477215
0.912462 0.103728 14.302225 83.337013 1162.833496
0.000000 0.000311 0.001973 0.000000 0.000000 0.000000
0.000000 0.000001 0.000018
2.499724 0.650000 0.000000
764.299377 0.000000
0.000000 0.000000 0.000000 0.000000
0.000000 0.032603
11 0.015000 0.330000 0.006600
0.497000 0.580000 0.780000 0.490000 1.250000 6.700000 0.650000 0.650000
187499.984375 75.360001 0.084000
1.073000 0.050000 0.116600
1.031130 5.291092 0.020361 0.000000
0.000000

0.075766 14.875330 28.232374
0.861582 0.095784 13.555865 78.969231 1162.734009
0.000000 0.000326 0.001687 0.000000 0.000000 0.000000
0.000000 0.000001 0.000018
2.542222 0.650000 0.000000
764.299377 0.000000
0.000000 0.000000 0.000000 0.000000
0.000000 0.030986
11 0.015000 0.345000 0.006600
0.497000 0.580000 0.780000 0.490000 1.250000 6.700000 0.650000 0.650000
187499.984375 75.360001 0.084000
1.073000 0.050000 0.116600
1.031485 5.050166 0.019397 0.000000
0.000000

0.070025 13.801722 26.153673
0.816722 0.090796 12.862791 74.908737 1162.690063
0.000000 0.000376 0.001668 0.000000 0.000000 0.000000
0.000000 0.000000 0.000018
2.583427 0.650000 0.000000
764.299377 0.000000
0.000000 0.000000 0.000000 0.000000
0.000000 0.029387
11 0.015000 0.360000 0.006600
0.497000 0.580000 0.780000 0.490000 1.250000 6.700000 0.650000 0.650000
187499.984375 75.360001 0.084000
1.073000 0.050000 0.116600
1.031843 4.681429 0.017928 0.000000
0.000000

0.064771 12.807553 24.225687
0.774982 0.086155 12.217021 71.127434 1162.578003
0.000000 0.000432 0.001683 0.000000 0.000000 0.000000
0.000000 0.000000 0.000019
2.623396 0.650000 0.000000
764.299377 0.000000
0.000000 0.000000 0.000000 0.000000
0.000000 0.027790
11 0.015000 0.375000 0.006600
0.497000 0.580000 0.780000 0.490000 1.250000 6.700000 0.650000 0.650000
187499.984375 75.360001 0.084000
1.073000 0.050000 0.116600
1.032113 4.282401 0.016348 0.000000
0.000000

0.059911 11.884135 22.445217
0.736260 0.081850 11.617467 67.616852 1162.520508
0.000000 0.000488 0.001725 0.000000 0.000000 0.000000
0.000000 0.000000 0.000019
2.662192 0.650000 0.000000
764.299377 0.000000
0.000000 0.000000 0.000000 0.000000
0.000000 0.026199
11 0.015000 0.390000 0.006600
0.497000 0.580000 0.780000 0.490000 1.250000 6.700000 0.650000 0.650000
187499.984375 75.360001 0.084000
1.073000 0.050000 0.116600
1.032382 3.879530 0.014763 0.000000
0.000000

0.055408 11.025459 20.791389
0.700362 0.077860 11.059671 64.355225 1162.471313
0.000000 0.000550 0.001878 0.000000 0.000000 0.000000
0.000000 0.000000 0.000019
2.699888 0.650000 0.000000
764.299377 0.000000
0.000000 0.000000 0.000000 0.000000
0.000000 0.024628
11 0.015000 0.405000 0.006600
0.497000 0.580000 0.780000 0.490000 1.250000 6.700000 0.650000 0.650000
187499.984375 75.360001 0.084000
1.073000 0.050000 0.116600
1.032605 3.607451 0.013698 0.000000
0.000000

0.051237 10.227992 20.913202
0.546184 0.060719 8.585508 49.947201 582.428528
0.000000 0.000502 0.001653 0.000000 0.000000 0.000000
0.000000 0.000000 0.000010
2.736727 0.650000 0.000000
764.299377 0.000000
0.000000 0.000000 0.000000 0.000000
0.000000 0.023335
11 0.015000 0.420000 0.003300
0.487000 0.580000 0.780000 0.490000 1.250000 6.700000 0.650000 0.650000
187499.984375 75.360001 0.084000
1.073000 0.050000 0.116600
0.516408 3.392199 0.012600 0.000000
0.000000

0.047379 9.487209 19.132244
0.516067 0.057372 8.117322 47.215343 582.325989
0.000000 0.000549 0.002012 0.000000 0.000000 0.000000
0.000000 0.000000 0.000010
2.772801 0.650000 0.000000
764.299377 0.000000
0.000000 0.000000 0.000000 0.000000
0.000000 0.021802
11 0.015000 0.435000 0.003300
0.487000 0.580000 0.780000 0.490000 1.250000 6.700000 0.650000 0.650000
187499.984375 75.360001 0.084000
1.073000 0.050000 0.116600
0.516506 3.139942 0.011640 0.000000
0.000000

0.043814 8.799946 17.514557
0.488069 0.054259 7.681655 44.673820 582.242432
0.000000 0.000579 0.002413 0.000000 0.000000 0.000000
0.000000 0.000000 0.000010
2.808026 0.650000 0.000000
764.299377 0.000000
0.000000 0.000000 0.000000 0.000000
0.000000 0.020359
11 0.015000 0.450000 0.003300
0.487000 0.580000 0.780000 0.490000 1.250000 6.700000 0.650000 0.650000
187499.984375 75.360001 0.084000
1.073000 0.050000 0.116600
0.516598 2.919785 0.010805 0.000000
0.000000

0.040518 8.161807 16.057617
0.461997 0.051361 7.275446 42.305462 582.144531
0.000000 0.000598 0.002898 0.000000 0.000000 0.000000
0.000000 0.000000 0.000010
2.842490 0.650000 0.000000
764.299377 0.000000
0.000000 0.000000 0.000000 0.000000
0.000000 0.019020
11 0.015000 0.465000 0.003300
0.487000 0.580000 0.780000 0.490000 1.250000 6.700000 0.650000 0.650000
187499.984375 75.360001 0.084000
1.073000 0.050000 0.116600
0.516683 2.684718 0.009917 0.000000
0.000000

0.037471 7.569809 14.762452
0.437667 0.048656 6.895952 40.093166 582.075806
0.000000 0.000601 0.003378 0.000000 0.000000 0.000000
0.000000 0.000000 0.000010
2.876285 0.650000 0.000000
764.299377 0.000000
0.000000 0.000000 0.000000 0.000000
0.000000 0.017792
11 0.015000 0.480000 0.003300
0.487000 0.580000 0.780000 0.490000 1.250000 6.700000 0.650000 0.650000
187499.984375 75.360001 0.084000
1.073000 0.050000 0.116600
0.516774 2.413633 0.008897 0.000000
0.000000

0.034653 7.020709 13.584871
0.415020 0.046139 6.542528 38.032749 582.013672
0.000000 0.000597 0.003895 0.000000 0.000000 0.000000
0.000000 0.000000 0.000010
2.909505 0.650000 0.000000
764.299377 0.000000
0.000000 0.000000 0.000000 0.000000
0.000000 0.016667
11 0.015000 0.495000 0.003300
0.487000 0.580000 0.780000 0.490000 1.250000 6.700000 0.650000 0.650000
187499.984375 75.360001 0.084000
1.073000 0.050000 0.116600
0.516865 2.221490 0.008176 0.000000
0.000000

0.032048 6.511629 12.503154
0.393980 0.043800 6.214160 36.117912 581.942444
0.000000 0.000583 0.004365 0.000000 0.000000 0.000000
0.000000 0.000000 0.000010
2.942241 0.650000 0.000000
764.299377 0.000000
0.000000 0.000000 0.000000 0.000000
0.000000 0.015642
11 0.015000 0.510000 0.003300
0.487000 0.580000 0.780000 0.490000 1.250000 6.700000 0.650000 0.650000
187499.984375 75.360001 0.084000
1.073000 0.050000 0.116600
0.516939 2.055569 0.007555 0.000000
0.000000

0.029641 6.039791 18.519257
0.273801 0.030439 4.256849 24.738571 177.212601
0.000000 0.000216 0.000307 0.000000 0.000000 0.000000
0.000000 0.000000 0.000004
2.974589 0.650000 0.000000
764.299377 0.000000
0.000000 0.000000 0.000000 0.000000
0.000000 0.016229
11 0.015000 0.525000 0.001000
0.487000 0.580000 0.780000 0.490000 1.250000 6.700000 0.650000 0.650000
187499.984375 75.360001 0.084000
1.073000 0.050000 0.116600
0.156669 1.880217 0.006902 0.000000
0.000000

0.027414 5.600905 16.641220
0.258225 0.028708 4.018126 23.348755 177.144867
0.000000 0.000297 0.001227 0.000000 0.000000 0.000000
0.000000 0.000000 0.000004
3.006641 0.650000 0.000000
764.299377 0.000000
0.000000 0.000000 0.000000 0.000000
0.000000 0.015171
11 0.015000 0.540000 0.001000
0.487000 0.580000 0.780000 0.490000 1.250000 6.700000 0.650000 0.650000
187499.984375 75.360001 0.084000
1.073000 0.050000 0.116600
0.156690 1.705801 0.006253 0.000000
0.000000

0.025358 5.194136 15.038705
0.243430 0.027063 3.790472 22.024223 177.075165
0.000000 0.000324 0.003304 0.000000 0.000000 0.000000
0.000000 0.000000 0.000004
3.038488 0.650000 0.000000
764.299377 0.000000
0.000000 0.000000 0.000000 0.000000
0.000000 0.014243
11 0.015000 0.555000 0.001000
0.487000 0.580000 0.780000 0.490000 1.250000 6.700000 0.650000 0.650000
187499.984375 75.360001 0.084000
1.073000 0.050000 0.116600
0.156711 1.538656 0.005633 0.000000
0.000000

0.023458 4.817325 13.385121
0.230084 0.025580 3.586271 20.835079 177.020065
0.000000 0.000316 0.004921 0.000000 0.000000 0.000000
0.000000 0.000000 0.000004
3.070220 0.650000 0.000000
764.299377 0.000000
0.000000 0.000000 0.000000 0.000000
0.000000 0.013361
11 0.015000 0.570000 0.001000
0.487000 0.580000 0.780000 0.490000 1.250000 6.700000 0.650000 0.650000
187499.984375 75.360001 0.084000
1.073000 0.050000 0.116600
0.156731 1.396881 0.005108 0.000000
0.000000

0.021700 4.467982 12.236668
0.216702 0.024092 3.379087 19.629347 176.966171
0.000000 0.000288 0.005380 0.000000 0.000000 0.000000
0.000000 0.000000 0.000004
3.101923 0.650000 0.000000
764.299377 0.000000
0.000000 0.000000 0.000000 0.000000
0.000000 0.012651
11 0.015000 0.585000 0.001000
0.487000 0.580000 0.780000 0.490000 1.250000 6.700000 0.650000 0.650000
187499.984375 75.360001 0.084000
1.073000 0.050000 0.116600
0.156753 1.262980 0.004614 0.000000
0.000000

0.020076 4.143795 11.392954
0.203742 0.022651 3.177179 18.454708 176.905945
0.000000 0.000248 0.004843 0.000000 0.000000 0.000000
0.000000 0.000000 0.000004
3.133681 0.650000 0.000000
764.299377 0.000000
0.000000 0.000000 0.000000 0.000000
0.000000 0.012059
11 0.015000 0.600000 0.001000
0.487000 0.580000 0.780000 0.490000 1.250000 6.700000 0.650000 0.650000
187499.984375 75.360001 0.084000
1.073000 0.050000 0.116600
0.156772 1.118323 0.004081 0.000000
0.000000

0.018573 3.842938 9.991597
0.193351 0.021496 3.018861 17.533430 176.858795
0.000000 0.000219 0.004767 0.000000 0.000000 0.000000
0.000000 0.000000 0.000004
3.165573 0.650000 0.000000
764.299377 0.000000
0.000000 0.000000 0.000000 0.000000
0.000000 0.011372
11 0.015000 0.615000 0.001000
0.487000 0.580000 0.780000 0.490000 1.250000 6.700000 0.650000 0.650000
187499.984375 75.360001 0.084000
1.073000 0.050000 0.116600
0.156790 1.024517 0.003736 0.000000
0.000000

0.017185 3.564012 8.394843
0.184539 0.020517 2.886731 16.764502 176.825439
0.000000 0.000264 0.009726 0.000000 0.000000 0.000000
0.000000 0.000000 0.000004
3.197677 0.650000 0.000000
764.299377 0.000000
0.000000 0.000000 0.000000 0.000000
0.000000 0.010667
11 0.015000 0.630000 0.001000
0.487000 0.580000 0.780000 0.490000 1.250000 6.700000 0.650000 0.650000
187499.984375 75.360001 0.084000
1.073000 0.050000 0.116600
0.156803 0.930255 0.003389 0.000000
0.000000

0.015901 3.305537 6.923511
0.176121 0.019581 2.760381 16.028866 176.802139
0.000000 0.002705 0.010453 0.000000 0.000000 0.000000
0.000000 0.000003 0.000001
3.230063 0.650000 0.000000
764.299377 0.000000
0.000000 0.000000 0.000000 0.000000
0.000000 0.010015
11 0.015000 0.645000 0.001000
0.487000 0.580000 0.780000 0.490000 1.250000 6.700000 0.650000 0.650000
187499.984375 75.360001 0.084000
1.073000 0.050000 0.116600
0.156819 1.475402 0.005398 0.000000
0.000000

0.014805 3.080493 6.000840
0.167063 0.018574 2.622848 15.219421 176.775192
0.000000 0.117867 0.010806 0.000000 0.000000 0.000000
0.000000 0.000000 0.000001
3.262801 0.650000 0.000000
764.299377 0.000000
0.000000 0.000000 0.000000 0.000000
0.000000 0.103998
11 0.015000 0.660000 0.001000
0.487000 0.580000 0.780000 0.490000 1.250000 6.700000 0.650000 0.650000
187499.984375 75.360001 0.084000
1.073000 0.050000 0.116600
0.156873 1.583128 0.005803 0.000000
0.000000

0.013730 2.861460 5.467977
0.157374 0.017496 2.481781 14.396067 176.748505
0.000000 0.176905 0.011361 0.000000 0.000000 0.000000
0.000000 0.000000 0.000001
3.295953 0.650000 0.000000
764.299377 0.000000
0.000000 0.000000 0.000000 0.000000
0.000000 0.115880
11 0.015000 0.675000 0.001000
0.487000 0.580000 0.780000 0.490000 1.250000 6.700000 0.650000 0.650000
187499.984375 75.360001 0.084000
1.073000 0.050000 0.116600
0.156932 1.561939 0.005719 0.000000
0.000000

0.012779 2.665968 5.079247
0.148707 0.016532 2.346573 13.604943 176.717651
0.000000 0.201857 0.013161 0.000000 0.000000 0.000000
0.000000 0.000001 0.000000
3.328705 0.650000 0.000000
764.299377 0.000000
0.000000 0.000000 0.000000 0.000000
0.000000 0.148427
11 0.015000 0.690000 0.001000
0.487000 0.580000 0.780000 0.490000 1.250000 6.700000 0.650000 0.650000
187499.984375 75.360001 0.084000
1.073000 0.050000 0.116600
0.157001 1.456566 0.005336 0.000000
0.000000

0.011848 2.481595 4.736189
0.140035 0.015567 2.220438 12.869388 176.694214
0.000000 0.371748 0.015083 0.000000 0.000000 0.000000
0.000000 0.000000 0.000000
3.358751 0.650000 0.000000
764.299377 0.000000
0.000000 0.000000 0.000000 0.000000
0.000000 0.366994
11 0.015000 0.705000 0.001000
0.487000 0.580000 0.780000 0.490000 1.250000 6.700000 0.650000 0.650000
187499.984375 75.360001 0.084000
1.073000 0.050000 0.116600
0.157066 1.545206 0.005692 0.000000
0.000000

0.011084 2.319692 4.443698
0.132258 0.014701 2.106179 12.188369 176.677994
0.000000 0.309892 0.017372 0.000000 0.000000 0.000000
0.000000 0.000000 0.000000
3.387359 0.650000 0.000000
764.299377 0.000000
0.000000 0.000000 0.000000 0.000000
0.000000 0.808266
11 0.015000 0.720000 0.001000
0.487000 0.580000 0.780000 0.490000 1.250000 6.700000 0.650000 0.650000
187499.984375 75.360001 0.084000
1.073000 0.050000 0.116600
0.157203 1.741587 0.006431 0.000000
0.000000

0.010550 2.200935 4.279790
0.125329 0.013930 2.008843 11.580529 176.713730
0.000000 3.453640 0.021104 0.000000 0.000000 0.000000
0.000000 0.000000 0.000000
3.416654 0.905255 0.000000
764.299377 0.000000
0.000000 0.000000 0.000000 0.000000
0.000000 19.092157
11 0.015000 0.735000 0.001000
0.487000 0.580000 0.780000 0.490000 1.250000 6.700000 0.650000 0.650000
187499.984375 75.360001 0.084000
1.073000 0.050000 0.116600
0.157693 1.669237 0.008530 0.000000
0.000000

0.000000 0.252961 5.876722
0.080754 0.008975 1.351146 7.442439 177.498672
0.000000 2.417057 0.015087 0.000000 0.000000 0.000000
0.000000 0.000000 0.000000
3.446668 1.000000 0.000000
764.299377 0.000000
0.000000 0.000000 0.000000 0.000000
0.000000 1.235370
11 0.015000 0.750000 0.001000
0.487000 0.580000 0.780000 0.490000 1.250000 6.700000 0.650000 0.650000
187499.984375 75.360001 0.084000
1.073000 0.050000 0.116600
0.161767 0.181958 0.001014 0.000000
0.000000

0.000000 0.249320 5.783057
0.077660 0.008631 1.300304 7.153318 177.691116
0.000000 1.145410 0.014802 0.000000 0.000000 0.000000
0.000000 0.000000 0.000000
3.477427 1.000000 0.000000
764.299377 0.000000
0.000000 0.000000 0.000000 0.000000
0.000000 1.251707
11 0.015000 0.765000 0.001000
0.487000 0.580000 0.780000 0.490000 1.250000 6.700000 0.650000 0.650000
187499.984375 75.360001 0.084000
1.073000 0.050000 0.116600
0.162324 0.157533 0.000878 0.000000
0.000000

0.000000 0.237021 5.469285
0.074906 0.008325 1.254383 6.900038 177.728088
0.000000 0.518858 0.015964 0.000000 0.000000 0.000000
0.000000 0.000000 0.000000
3.508954 1.000000 0.000000
764.299377 0.000000
0.000000 0.000000 0.000000 0.000000
0.000000 1.188025
11 0.015000 0.780000 0.001000
0.487000 0.580000 0.780000 0.490000 1.250000 6.700000 0.650000 0.650000
187499.984375 75.360001 0.084000
1.073000 0.050000 0.116600
0.162450 0.135484 0.000755 0.000000
0.000000

0.000000 0.234041 5.233468
0.072470 0.008054 1.213630 6.675242 177.865692
0.000000 0.262145 0.014479 0.000000 0.000000 0.000000
0.000000 0.000001 0.000000
3.541261 1.000000 0.000000
764.299377 0.000000
0.000000 0.000000 0.000000 0.000000
0.000000 0.911516
11 0.015000 0.795000 0.001000
0.487000 0.580000 0.780000 0.490000 1.250000 6.700000 0.650000 0.650000
187499.984375 75.360001 0.084000
1.073000 0.050000 0.116600
0.162846 0.129074 0.000719 0.000000
0.000000

0.000000 0.218358 4.886220
0.070224 0.007805 1.176397 6.469863 177.873642
0.000000 0.148518 0.014057 0.000000 0.000000 0.000000
0.000000 0.000001 0.000000
3.574359 1.000000 0.000000
764.299377 0.000000
0.000000 0.000000 0.000000 0.000000
0.000000 0.978655
11 0.015000 0.810000 0.001000
0.487000 0.580000 0.780000 0.490000 1.250000 6.700000 0.650000 0.650000
187499.984375 75.360001 0.084000
1.073000 0.050000 0.116600
0.162879 0.120394 0.000671 0.000000
0.000000

0.000000 0.203382 4.563770
0.068155 0.007575 1.142129 6.280815 177.884491
0.000000 0.094588 0.014031 0.000000 0.000000 0.000000
0.000000 0.000002 0.000000
3.608251 1.000000 0.000000
764.299377 0.000000
0.000000 0.000000 0.000000 0.000000
0.000000 1.279268
11 0.015000 0.825000 0.001000
0.487000 0.580000 0.780000 0.490000 1.250000 6.700000 0.650000 0.650000
187499.984375 75.360001 0.084000
1.073000 0.050000 0.116600
0.162916 0.114630 0.000639 0.000000
0.000000

0.000000 0.190946 4.278747
0.066214 0.007359 1.109932 6.103228 177.903564
0.000000 0.088448 0.016473 0.000000 0.000000 0.000000
0.000000 0.000002 0.000000
3.642936 1.000000 0.000000
764.299377 0.000000
0.000000 0.000000 0.000000 0.000000
0.000000 1.562326
11 0.015000 0.840000 0.001000
0.487000 0.580000 0.780000 0.490000 1.250000 6.700000 0.650000 0.650000
187499.984375 75.360001 0.084000
1.073000 0.050000 0.116600
0.162973 0.117985 0.000657 0.000000
0.000000

0.000000 0.177783 3.994848
0.064444 0.007163 1.080652 5.941698 177.910461
0.000000 0.206533 0.027843 0.000000 0.000000 0.000000
0.000000 0.000001 0.000000
3.678409 1.000000 0.000000
764.299377 0.000000
0.000000 0.000000 0.000000 0.000000
0.000000 2.048576
11 0.015000 0.855000 0.001000
0.487000 0.580000 0.780000 0.490000 1.250000 6.700000 0.650000 0.650000
187499.984375 75.360001 0.084000
1.073000 0.050000 0.116600
0.163004 0.140121 0.000781 0.000000
0.000000

0.000000 0.000000 0.260379
0.042583 0.004733 0.720120 3.959027 178.268707
0.000000 0.552353 0.017324 0.000000 0.000000 0.000000
0.000000 0.000000 0.000000
3.714658 1.000000 0.000000
764.299377 0.000000
0.000000 0.000000 0.000000 0.000000
0.000000 0.974297
11 0.015000 0.870000 0.001000
0.487000 0.580000 0.780000 0.490000 1.250000 6.700000 0.650000 0.650000
187499.984375 75.360001 0.084000
1.073000 0.050000 0.116600
0.164044 0.090851 0.000506 0.000000
0.000000

0.000000 0.000000 0.261865
0.042602 0.004735 0.720478 3.960666 178.276703
0.000000 1.098634 0.017365 0.000000 0.000000 0.000000
0.000000 0.000000 0.000000
3.751669 1.000000 0.000000
764.299377 0.000000
0.000000 0.000000 0.000000 0.000000
0.000000 0.973715
11 0.015000 0.885000 0.001000
0.487000 0.580000 0.780000 0.490000 1.250000 6.700000 0.650000 0.650000
187499.984375 75.360001 0.084000
1.073000 0.050000 0.116600
0.164064 0.090999 0.000507 0.000000
0.000000

0.000000 0.000000 0.262911
0.042616 0.004737 0.720751 3.961837 178.285324
0.000000 1.631059 0.017268 0.000000 0.000000 0.000000
0.000000 0.000000 0.000000
3.789423 1.000000 0.000000
764.299377 0.000000
0.000000 0.000000 0.000000 0.000000
0.000000 0.974571
11 0.015000 0.900000 0.001000
0.487000 0.580000 0.780000 0.490000 1.250000 6.700000 0.650000 0.650000
187499.984375 75.360001 0.084000
1.073000 0.050000 0.116600
0.164079 0.090858 0.000506 0.000000
0.000000

0.000000 0.000000 0.263851
0.042628 0.004738 0.720998 3.962863 178.295959
0.000000 1.905936 0.016932 0.000000 0.000000 0.000000
0.000000 0.000000 0.000000
3.827899 1.000000 0.000000
764.299377 0.000000
0.000000 0.000000 0.000000 0.000000
0.000000 0.976900
11 0.015000 0.915000 0.001000
0.487000 0.580000 0.780000 0.490000 1.250000 6.700000 0.650000 0.650000
187499.984375 75.360001 0.084000
1.073000 0.050000 0.116600
0.164092 0.090903 0.000506 0.000000
0.000000

0.000000 0.000000 0.264760
0.042640 0.004739 0.721234 3.963850 178.303329
0.000000 1.834496 0.016423 0.000000 0.000000 0.000000
0.000000 0.000000 0.000000
3.867071 1.000000 0.000000
764.299377 0.000000
0.000000 0.000000 0.000000 0.000000
0.000000 0.980079
11 0.015000 0.930000 0.001000
0.487000 0.580000 0.780000 0.490000 1.250000 6.700000 0.650000 0.650000
187499.984375 75.360001 0.084000
1.073000 0.050000 0.116600
0.164104 0.090776 0.000506 0.000000
0.000000

0.000000 0.000000 0.265673
0.042651 0.004741 0.721465 3.964808 178.310654
0.000000 1.509179 0.015944 0.000000 0.000000 0.000000
0.000000 0.000000 0.000000
3.906910 1.000000 0.000000
764.299377 0.000000
0.000000 0.000000 0.000000 0.000000
0.000000 0.983208
11 0.015000 0.945000 0.001000
0.487000 0.580000 0.780000 0.490000 1.250000 6.700000 0.650000 0.650000
187499.984375 75.360001 0.084000
1.073000 0.050000 0.116600
0.164118 0.090962 0.000507 0.000000
0.000000

0.000000 0.000000 0.266604
0.042663 0.004742 0.721707 3.965836 178.317657
0.000000 1.096249 0.015474 0.000000 0.000000 0.000000
0.000000 0.000000 0.000000
3.947388 1.000000 0.000000
764.299377 0.000000
0.000000 0.000000 0.000000 0.000000
0.000000 0.985570
11 0.015000 0.960000 0.001000
0.487000 0.580000 0.780000 0.490000 1.250000 6.700000 0.650000 0.650000
187499.984375 75.360001 0.084000
1.073000 0.050000 0.116600
0.164131 0.090917 0.000506 0.000000
0.000000

0.000000 0.000000 0.268027
0.042682 0.004744 0.722047 3.967404 178.325134
0.000000 0.725880 0.015166 0.000000 0.000000 0.000000
0.000000 0.000000 0.000000
3.988469 1.000000 0.000000
764.299377 0.000000
0.000000 0.000000 0.000000 0.000000
0.000000 0.986994
11 0.015000 0.975000 0.001000
0.487000 0.580000 0.780000 0.490000 1.250000 6.700000 0.650000 0.650000
187499.984375 75.360001 0.084000
1.073000 0.050000 0.116600
0.164150 0.090880 0.000506 0.000000
0.000000

0.000000 0.000000 0.269165
0.042696 0.004746 0.722323 3.968625 178.333603
0.000000 0.452825 0.014928 0.000000 0.000000 0.000000
0.000000 0.000001 0.000000
4.030119 1.000000 0.000000
764.299377 0.000000
0.000000 0.000000 0.000000 0.000000
0.000000 0.987577
11 0.015000 0.990000 0.001000
0.487000 0.580000 0.780000 0.490000 1.250000 6.700000 0.650000 0.650000
187499.984375 75.360001 0.084000
1.073000 0.050000 0.116600
0.164163 0.090847 0.000506 0.000000
0.000000

0.000000 0.000000 0.270029
0.042707 0.004747 0.722545 3.969540 178.342392
0.000000 0.274773 0.014775 0.000000 0.000000 0.000000
0.000000 0.000001 0.000000
4.072303 1.000000 0.000000
764.299377 0.000000
0.000000 0.000000 0.000000 0.000000
0.000000 0.987593
11 0.015000 1.005000 0.001000
0.487000 0.580000 0.780000 0.490000 1.250000 6.700000 0.650000 0.650000
187499.984375 75.360001 0.084000
1.073000 0.050000 0.116600
0.164177 0.091017 0.000507 0.000000
0.000000

0.000000 0.000000 0.271260
0.042722 0.004748 0.722834 3.970841 178.349258
0.000000 0.166216 0.014644 0.000000 0.000000 0.000000
0.000000 0.000002 0.000000
4.114980 1.000000 0.000000
764.299377 0.000000
0.000000 0.000000 0.000000 0.000000
0.000000 0.987337
11 0.015000 1.020000 0.001000
0.487000 0.580000 0.780000 0.490000 1.250000 6.700000 0.650000 0.650000
187499.984375 75.360001 0.084000
1.073000 0.050000 0.116600
0.164193 0.090871 0.000506 0.000000
0.000000

0.000000 0.000000 0.272110
0.042733 0.004750 0.723054 3.971759 178.355743
0.000000 0.101301 0.014521 0.000000 0.000000 0.000000
0.000000 0.000003 0.000000
4.158113 1.000000 0.000000
764.299377 0.000000
0.000000 0.000000 0.000000 0.000000
0.000000 0.986891
11 0.015000 1.035000 0.001000
0.487000 0.580000 0.780000 0.490000 1.250000 6.700000 0.650000 0.650000
187499.984375 75.360001 0.084000
1.073000 0.050000 0.116600
0.164204 0.091108 0.000507 0.000000
0.000000

0.000000 0.000000 0.273020
0.042744 0.004751 0.723280 3.972723 178.363037
0.000000 0.061949 0.014398 0.000000 0.000000 0.000000
0.000000 0.000004 0.000000
4.201662 1.000000 0.000000
764.299377 0.000000
0.000000 0.000000 0.000000 0.000000
0.000000 0.986368
11 0.015000 1.050000 0.001000
0.487000 0.580000 0.780000 0.490000 1.250000 6.700000 0.650000 0.650000
187499.984375 75.360001 0.084000
1.073000 0.050000 0.116600
0.164217 0.090926 0.000506 0.000000
0.000000

0.000000 0.000000 0.273849
0.042755 0.004752 0.723483 3.973567 178.370117
0.000000 0.037655 0.014277 0.000000 0.000000 0.000000
0.000000 0.000007 0.000000
4.245585 1.000000 0.000000
764.299377 0.000000
0.000000 0.000000 0.000000 0.000000
0.000000 0.985803
11 0.015000 1.065000 0.001000
0.487000 0.580000 0.780000 0.490000 1.250000 6.700000 0.650000 0.650000
187499.984375 75.360001 0.084000
1.073000 0.050000 0.116600
0.164227 0.091121 0.000508 0.000000
0.000000

0.000000 0.000000 0.274713
0.042765 0.004753 0.723699 3.974468 178.377060
0.000000 0.022753 0.014142 0.000000 0.000000 0.000000
0.000000 0.000010 0.000001
4.289842 1.000000 0.000000
764.299377 0.000000
0.000000 0.000000 0.000000 0.000000
0.000000 0.985216
11 0.015000 1.080000 0.001000
0.487000 0.580000 0.780000 0.490000 1.250000 6.700000 0.650000 0.650000
187499.984375 75.360001 0.084000
1.073000 0.050000 0.116600
0.164238 0.090881 0.000506 0.000000
0.000000

0.000000 0.000000 0.276167
0.042783 0.004755 0.724027 3.975999 178.384567
0.000000 0.013887 0.014047 0.000000 0.000000 0.000000
0.000000 0.000014 0.000001
4.334392 1.000000 0.000000
764.299377 0.000000
0.000000 0.000000 0.000000 0.000000
0.000000 0.984674
11 0.015000 1.095000 0.001000
0.487000 0.580000 0.780000 0.490000 1.250000 6.700000 0.650000 0.650000
187499.984375 75.360001 0.084000
1.073000 0.050000 0.116600
0.164257 0.091235 0.000508 0.000000
0.000000

0.000000 0.000000 0.277826
0.042803 0.004758 0.724392 3.977732 178.393768
0.000000 0.008838 0.013919 0.000000 0.000000 0.000000
0.000000 0.000016 0.000002
4.379192 1.000000 0.000000
764.299377 0.000000
0.000000 0.000000 0.000000 0.000000
0.000000 0.984156
11 0.015000 1.110000 0.001000
0.487000 0.580000 0.780000 0.490000 1.250000 6.700000 0.650000 0.650000
187499.984375 75.360001 0.084000
1.073000 0.050000 0.116600
0.164281 0.090773 0.000506 0.000000
0.000000

0.000000 0.000000 0.278643
0.042813 0.004759 0.724589 3.978546 178.399796
0.000000 0.006111 0.013839 0.000000 0.000000 0.000000
0.000000 0.000015 0.000003
4.424203 1.000000 0.000000
764.299377 0.000000
0.000000 0.000000 0.000000 0.000000
0.000000 0.983566
11 0.015000 1.125000 0.001000
0.487000 0.580000 0.780000 0.490000 1.250000 6.700000 0.650000 0.650000
187499.984375 75.360001 0.084000
1.073000 0.050000 0.116600
0.164291 0.091068 0.000507 0.000000
0.000000

0.000000 0.000000 0.279449
0.042823 0.004760 0.724787 3.979376 178.406662
0.000000 0.004723 0.013798 0.000000 0.000000 0.000000
0.000000 0.000014 0.000003
4.469384 1.000000 0.000000
764.299377 0.000000
0.000000 0.000000 0.000000 0.000000
0.000000 0.982987
11 0.015000 1.140000 0.001000
0.487000 0.580000 0.780000 0.490000 1.250000 6.700000 0.650000 0.650000
187499.984375 75.360001 0.084000
1.073000 0.050000 0.116600
0.164302 0.090999 0.000507 0.000000
0.000000

0.000000 0.000000 0.280249
0.042833 0.004761 0.724987 3.980213 178.412949
0.000000 0.004044 0.013736 0.000000 0.000000 0.000000
0.000000 0.000014 0.000004
4.514694 1.000000 0.000000
764.299377 0.000000
0.000000 0.000000 0.000000 0.000000
0.000000 0.982418
11 0.015000 1.155000 0.001000
0.487000 0.580000 0.780000 0.490000 1.250000 6.700000 0.650000 0.650000
187499.984375 75.360001 0.084000
1.073000 0.050000 0.116600
0.164315 0.091090 0.000507 0.000000
0.000000

0.000000 0.000000 0.281147
0.042843 0.004762 0.725197 3.981109 178.418869
0.000000 0.003719 0.013688 0.000000 0.000000 0.000000
0.000000 0.000014 0.000004
4.560094 1.000000 0.000000
764.299377 0.000000
0.000000 0.000000 0.000000 0.000000
0.000000 0.981869
11 0.015000 1.170000 0.001000
0.487000 0.580000 0.780000 0.490000 1.250000 6.700000 0.650000 0.650000
187499.984375 75.360001 0.084000
1.073000 0.050000 0.116600
0.164322 0.091061 0.000507 0.000000
0.000000

0.000000 0.000000 0.282174
0.042856 0.004763 0.725434 3.982156 178.425751
0.000000 0.003561 0.013638 0.000000 0.000000 0.000000
0.000000 0.000013 0.000004
4.605545 1.000000 0.000000
764.299377 0.000000
0.000000 0.000000 0.000000 0.000000
0.000000 0.981341
11 0.015000 1.185000 0.001000
0.487000 0.580000 0.780000 0.490000 1.250000 6.700000 0.650000 0.650000
187499.984375 75.360001 0.084000
1.073000 0.050000 0.116600
0.164336 0.090802 0.000506 0.000000
0.000000

0.000000 0.000000 0.282949
0.042865 0.004765 0.725616 3.982907 178.432205
0.000000 0.003471 0.013582 0.000000 0.000000 0.000000
0.000000 0.000013 0.000005
4.651010 1.000000 0.000000
764.299377 0.000000
0.000000 0.000000 0.000000 0.000000
0.000000 0.980803
11 0.015000 1.200000 0.001000
0.487000 0.580000 0.780000 0.490000 1.250000 6.700000 0.650000 0.650000
187499.984375 75.360001 0.084000
1.073000 0.050000 0.116600
0.164348 0.090979 0.000507 0.000000
0.000000

0.000000 0.000000 0.283720
0.042874 0.004766 0.725804 3.983691 178.437790
0.000000 0.003409 0.013523 0.000000 0.000000 0.000000
0.000000 0.000013 0.000005
4.696450 1.000000 0.000000
764.299377 0.000000
0.000000 0.000000 0.000000 0.000000
0.000000 0.980274
11 0.015000 1.215000 0.001000
0.487000 0.580000 0.780000 0.490000 1.250000 6.700000 0.650000 0.650000
187499.984375 75.360001 0.084000
1.073000 0.050000 0.116600
0.164357 0.090925 0.000506 0.000000
0.000000

0.000000 0.000000 0.284480
0.042884 0.004767 0.725995 3.984482 178.445526
0.000000 0.003368 0.013537 0.000000 0.000000 0.000000
0.000000 0.000013 0.000005
4.741833 1.000000 0.000000
764.299377 0.000000
0.000000 0.000000 0.000000 0.000000
0.000000 0.979754
11 0.015000 1.230000 0.001000
0.487000 0.580000 0.780000 0.490000 1.250000 6.700000 0.650000 0.650000
187499.984375 75.360001 0.084000
1.073000 0.050000 0.116600
0.164366 0.090992 0.000507 0.000000
0.000000

0.000000 0.000000 0.285236
0.042893 0.004768 0.726174 3.985227 178.451599
0.000000 0.003331 0.013491 0.000000 0.000000 0.000000
0.000000 0.000013 0.000005
4.787121 1.000000 0.000000
764.299377 0.000000
0.000000 0.000000 0.000000 0.000000
0.000000 0.979246
11 0.015000 1.245000 0.001000
0.487000 0.580000 0.780000 0.490000 1.250000 6.700000 0.650000 0.650000
187499.984375 75.360001 0.084000
1.073000 0.050000 0.116600
0.164374 0.091067 0.000507 0.000000
0.000000

0.000000 0.000000 0.285983
0.042902 0.004769 0.726351 3.985956 178.457901
0.000000 0.003289 0.013424 0.000000 0.000000 0.000000
0.000000 0.000013 0.000005
4.832283 1.000000 0.000000
764.299377 0.000000
0.000000 0.000000 0.000000 0.000000
0.000000 0.978742
11 0.015000 1.260000 0.001000
0.487000 0.580000 0.780000 0.490000 1.250000 6.700000 0.650000 0.650000
187499.984375 75.360001 0.084000
1.073000 0.050000 0.116600
0.164387 0.091371 0.000509 0.000000
0.000000

0.000000 0.000000 0.286750
0.042910 0.004770 0.726528 3.986693 178.464249
0.000000 0.003251 0.013391 0.000000 0.000000 0.000000
0.000000 0.000013 0.000005
4.877284 1.000000 0.000000
764.299377 0.000000
0.000000 0.000000 0.000000 0.000000
0.000000 0.978255
11 0.015000 1.275000 0.001000
0.487000 0.580000 0.780000 0.490000 1.250000 6.700000 0.650000 0.650000
187499.984375 75.360001 0.084000
1.073000 0.050000 0.116600
0.164396 0.091318 0.000509 0.000000
0.000000

0.000000 0.000000 0.287692
0.042921 0.004771 0.726740 3.987608 178.470749
0.000000 0.003214 0.013352 0.000000 0.000000 0.000000
0.000000 0.000013 0.000006
4.922096 1.000000 0.000000
764.299377 0.000000
0.000000 0.000000 0.000000 0.000000
0.000000 0.977793
11 0.015000 1.290000 0.001000
0.487000 0.580000 0.780000 0.490000 1.250000 6.700000 0.650000 0.650000
187499.984375 75.360001 0.084000
1.073000 0.050000 0.116600
0.164407 0.091322 0.000509 0.000000
0.000000

0.000000 0.000000 0.288661
0.042933 0.004772 0.726961 3.988590 178.477219
0.000000 0.003181 0.013319 0.000000 0.000000 0.000000
0.000000 0.000013 0.000006
4.966687 1.000000 0.000000
764.299377 0.000000
0.000000 0.000000 0.000000 0.000000
0.000000 0.977335
11 0.015000 1.305000 0.001000
0.487000 0.580000 0.780000 0.490000 1.250000 6.700000 0.650000 0.650000
187499.984375 75.360001 0.084000
1.073000 0.050000 0.116600
0.164420 0.091203 0.000508 0.000000
0.000000

0.000000 0.000000 0.289451
0.042942 0.004773 0.727145 3.989364 178.482559
0.000000 0.003153 0.013293 0.000000 0.000000 0.000000
0.000000 0.000013 0.000006
5.011031 1.000000 0.000000
764.299377 0.000000
0.000000 0.000000 0.000000 0.000000
0.000000 0.976878
11 0.015000 1.320000 0.001000
0.487000 0.580000 0.780000 0.490000 1.250000 6.700000 0.650000 0.650000
187499.984375 75.360001 0.084000
1.073000 0.050000 0.116600
0.164429 0.091310 0.000509 0.000000
0.000000

0.000000 0.000000 0.290183
0.042951 0.004774 0.727317 3.990072 178.488785
0.000000 0.003123 0.013244 0.000000 0.000000 0.000000
0.000000 0.000013 0.000006
5.055100 1.000000 0.000000
764.299377 0.000000
0.000000 0.000000 0.000000 0.000000
0.000000 0.976428
11 0.015000 1.335000 0.001000
0.487000 0.580000 0.780000 0.490000 1.250000 6.700000 0.650000 0.650000
187499.984375 75.360001 0.084000
1.073000 0.050000 0.116600
0.164442 0.091217 0.000508 0.000000
0.000000

0.000000 0.000000 0.290895
0.042959 0.004775 0.727480 3.990743 178.496124
0.000000 0.003095 0.013194 0.000000 0.000000 0.000000
0.000000 0.000013 0.000006
5.098868 1.000000 0.000000
764.299377 0.000000
0.000000 0.000000 0.000000 0.000000
0.000000 0.975982
11 0.015000 1.350000 0.001000
0.487000 0.580000 0.780000 0.490000 1.250000 6.700000 0.650000 0.650000
187499.984375 75.360001 0.084000
1.073000 0.050000 0.116600
0.164447 0.091306 0.000509 0.000000
0.000000

0.000000 0.000000 0.291608
0.042967 0.004776 0.727643 3.991408 178.502197
0.000000 0.003076 0.013196 0.000000 0.000000 0.000000
0.000000 0.000013 0.000006
5.142312 1.000000 0.000000
764.299377 0.000000
0.000000 0.000000 0.000000 0.000000
0.000000 0.975547
11 0.015000 1.365000 0.001000
0.487000 0.580000 0.780000 0.490000 1.250000 6.700000 0.650000 0.650000
187499.984375 75.360001 0.084000
1.073000 0.050000 0.116600
0.164457 0.091405 0.000509 0.000000
0.000000

0.000000 0.000000 0.292387
0.042976 0.004777 0.727826 3.992181 178.508438
0.000000 0.003061 0.013164 0.000000 0.000000 0.000000
0.000000 0.000013 0.000006
5.185407 1.000000 0.000000
764.299377 0.000000
0.000000 0.000000 0.000000 0.000000
0.000000 0.975124
11 0.015000 1.380000 0.001000
0.487000 0.580000 0.780000 0.490000 1.250000 6.700000 0.650000 0.650000
187499.984375 75.360001 0.084000
1.073000 0.050000 0.116600
0.164465 0.091590 0.000510 0.000000
0.000000

0.000000 0.000000 0.293783
0.042991 0.004779 0.728110 3.993519 178.515747
0.000000 0.003040 0.013100 0.000000 0.000000 0.000000
0.000000 0.000013 0.000006
5.228133 1.000000 0.000000
764.299377 0.000000
0.000000 0.000000 0.000000 0.000000
0.000000 0.974752
11 0.015000 1.395000 0.001000
0.487000 0.580000 0.780000 0.490000 1.250000 6.700000 0.650000 0.650000
187499.984375 75.360001 0.084000
1.073000 0.050000 0.116600
0.164485 0.091340 0.000509 0.000000
0.000000

0.000000 0.000000 0.294519
0.043000 0.004780 0.728279 3.994227 178.521698
0.000000 0.003023 0.013085 0.000000 0.000000 0.000000
0.000000 0.000013 0.000007
5.270470 1.000000 0.000000
764.299377 0.000000
0.000000 0.000000 0.000000 0.000000
0.000000 0.974342
11 0.015000 1.410000 0.001000
0.487000 0.580000 0.780000 0.490000 1.250000 6.700000 0.650000 0.650000
187499.984375 75.360001 0.084000
1.073000 0.050000 0.116600
0.164494 0.091575 0.000510 0.000000
0.000000

0.000000 0.000000 0.295380
0.043010 0.004781 0.728470 3.995058 178.527786
0.000000 0.003006 0.013054 0.000000 0.000000 0.000000
0.000000 0.000014 0.000007
5.312398 1.000000 0.000000
764.299377 0.000000
0.000000 0.000000 0.000000 0.000000
0.000000 0.973945
11 0.015000 1.425000 0.001000
0.487000 0.580000 0.780000 0.490000 1.250000 6.700000 0.650000 0.650000
187499.984375 75.360001 0.084000
1.073000 0.050000 0.116600
0.164502 0.091308 0.000509 0.000000
0.000000

0.000000 0.000000 0.296150
0.043018 0.004782 0.728637 3.995751 178.533676
0.000000 0.002988 0.012997 0.000000 0.000000 0.000000
0.000000 0.000014 0.000007
5.353899 1.000000 0.000000
764.299377 0.000000
0.000000 0.000000 0.000000 0.000000
0.000000 0.973544
11 0.015000 1.440000 0.001000
0.487000 0.580000 0.780000 0.490000 1.250000 6.700000 0.650000 0.650000
187499.984375 75.360001 0.084000
1.073000 0.050000 0.116600
0.164513 0.091345 0.000509 0.000000
0.000000

0.000000 0.000000 0.296826
0.043026 0.004783 0.728793 3.996391 178.538818
0.000000 0.002973 0.012982 0.000000 0.000000 0.000000
0.000000 0.000014 0.000007
5.394958 1.000000 0.000000
764.299377 0.000000
0.000000 0.000000 0.000000 0.000000
0.000000 0.973151
11 0.015000 1.455000 0.001000
0.487000 0.580000 0.780000 0.490000 1.250000 6.700000 0.650000 0.650000
187499.984375 75.360001 0.084000
1.073000 0.050000 0.116600
0.164525 0.091294 0.000508 0.000000
0.000000

0.000000 0.000000 0.297498
0.043034 0.004783 0.728947 3.997025 178.543854
0.000000 0.002963 0.012943 0.000000 0.000000 0.000000
0.000000 0.000014 0.000007
5.435556 1.000000 0.000000
764.299377 0.000000
0.000000 0.000000 0.000000 0.000000
0.000000 0.972757
11 0.015000 1.470000 0.001000
0.487000 0.580000 0.780000 0.490000 1.250000 6.700000 0.650000 0.650000
187499.984375 75.360001 0.084000
1.073000 0.050000 0.116600
0.164530 0.091363 0.000509 0.000000
0.000000

0.000000 0.000000 0.298163
0.043041 0.004784 0.729100 3.997652 178.549133
0.000000 0.002957 0.012918 0.000000 0.000000 0.000000
0.000000 0.000014 0.000007
5.475682 1.000000 0.000000
764.299377 0.000000
0.000000 0.000000 0.000000 0.000000
0.000000 0.972367
11 0.015000 1.485000 0.001000
0.487000 0.580000 0.780000 0.490000 1.250000 6.700000 0.650000 0.650000
187499.984375 75.360001 0.084000
1.073000 0.050000 0.116600
0.164538 0.091445 0.000509 0.000000
0.000000

0.000000 0.000000 0.298825
0.043049 0.004785 0.729255 3.998286 178.555496
0.000000 0.002953 0.012922 0.000000 0.000000 0.000000
0.000000 0.000014 0.000007
5.515322 1.000000 0.000000
764.299377 0.000000
0.000000 0.000000 0.000000 0.000000
0.000000 0.971987
11 0.015000 1.500000 0.001000
0.487000 0.580000 0.780000 0.490000 1.250000 6.700000 0.650000 0.650000
187499.984375 75.360001 0.084000
1.073000 0.050000 0.116600
0.164545 0.091772 0.000511 0.000000
0.000000

0.000000 0.000000 0.299544
0.043057 0.004786 0.729420 3.998980 178.561203
0.000000 0.002940 0.012855 0.000000 0.000000 0.000000
0.000000 0.000014 0.000007
5.554463 1.000000 0.000000
764.299377 0.000000
0.000000 0.000000 0.000000 0.000000
0.000000 0.971621
11 0.015000 1.515000 0.001000
0.487000 0.580000 0.780000 0.490000 1.250000 6.700000 0.650000 0.650000
187499.984375 75.360001 0.084000
1.073000 0.050000 0.116600
0.164553 0.091503 0.000510 0.000000
0.000000

0.000000 0.000000 0.300233
0.043064 0.004787 0.729569 3.999586 178.566666
0.000000 0.002921 0.012827 0.000000 0.000000 0.000000
0.000000 0.000014 0.000007
5.593094 1.000000 0.000000
764.299377 0.000000
0.000000 0.000000 0.000000 0.000000
0.000000 0.971259
11 0.015000 1.530000 0.001000
0.487000 0.580000 0.780000 0.490000 1.250000 6.700000 0.650000 0.650000
187499.984375 75.360001 0.084000
1.073000 0.050000 0.116600
0.164567 0.091600 0.000510 0.000000
0.000000

0.000000 0.000000 0.302717
0.043090 0.004790 0.730028 4.001894 178.578262
0.000000 0.002904 0.012763 0.000000 0.000000 0.000000
0.000000 0.000014 0.000008
5.631206 1.000000 0.000000
764.299377 0.000000
0.000000 0.000000 0.000000 0.000000
0.000000 0.971040
11 0.015000 1.545000 0.001000
0.487000 0.580000 0.780000 0.490000 1.250000 6.700000 0.650000 0.650000
187499.984375 75.360001 0.084000
1.073000 0.050000 0.116600
0.164594 0.091675 0.000511 0.000000
0.000000

0.000000 0.000000 0.309807
0.043162 0.004798 0.731258 4.008425 178.613098
0.000000 0.002884 0.012718 0.000000 0.000000 0.000000
0.000000 0.000014 0.000008
5.668788 1.000000 0.000000
764.299377 0.000000
0.000000 0.000000 0.000000 0.000000
0.000000 0.971190
11 0.015000 1.560000 0.001000
0.487000 0.580000 0.780000 0.490000 1.250000 6.700000 0.650000 0.650000
187499.984375 75.360001 0.084000
1.073000 0.050000 0.116600
0.164675 0.091376 0.000509 0.000000
0.000000

0.000000 0.000000 0.310467
0.043169 0.004799 0.731399 4.008992 178.618027
0.000000 0.002868 0.012696 0.000000 0.000000 0.000000
0.000000 0.000014 0.000008
5.705832 1.000000 0.000000
764.299377 0.000000
0.000000 0.000000 0.000000 0.000000
0.000000 0.970841
11 0.015000 1.575000 0.001000
0.487000 0.580000 0.780000 0.490000 1.250000 6.700000 0.650000 0.650000
187499.984375 75.360001 0.084000
1.073000 0.050000 0.116600
0.164689 0.091450 0.000509 0.000000
0.000000

0.000000 0.000000 0.311127
0.043177 0.004799 0.731551 4.009611 178.623505
0.000000 0.002851 0.012652 0.000000 0.000000 0.000000
0.000000 0.000014 0.000008
5.742331 1.000000 0.000000
764.299377 0.000000
0.000000 0.000000 0.000000 0.000000
0.000000 0.970506
11 0.015000 1.590000 0.001000
0.487000 0.580000 0.780000 0.490000 1.250000 6.700000 0.650000 0.650000
187499.984375 75.360001 0.084000
1.073000 0.050000 0.116600
0.164694 0.091538 0.000510 0.000000
0.000000

0.000000 0.000000 0.311786
0.043184 0.004800 0.731694 4.010203 178.629074
0.000000 0.002830 0.012590 0.000000 0.000000 0.000000
0.000000 0.000014 0.000008
5.778277 1.000000 0.000000
764.299377 0.000000
0.000000 0.000000 0.000000 0.000000
0.000000 0.970174
11 0.015000 1.605000 0.001000
0.487000 0.580000 0.780000 0.490000 1.250000 6.700000 0.650000 0.650000
187499.984375 75.360001 0.084000
1.073000 0.050000 0.116600
0.164702 0.091787 0.000511 0.000000
0.000000

0.000000 0.000000 0.312524
0.043192 0.004801 0.731847 4.010839 178.634918
0.000000 0.002815 0.012586 0.000000 0.000000 0.000000
0.000000 0.000013 0.000008
5.813665 1.000000 0.000000
764.299377 0.000000
0.000000 0.000000 0.000000 0.000000
0.000000 0.969852
11 0.015000 1.620000 0.001000
0.487000 0.580000 0.780000 0.490000 1.250000 6.700000 0.650000 0.650000
187499.984375 75.360001 0.084000
1.073000 0.050000 0.116600
0.164710 0.091611 0.000510 0.000000
0.000000

0.000000 0.000000 0.317309
0.043239 0.004806 0.732667 4.015133 178.663269
0.000000 0.002799 0.012532 0.000000 0.000000 0.000000
0.000000 0.000013 0.000008
5.848490 1.000000 0.000000
764.299377 0.000000
0.000000 0.000000 0.000000 0.000000
0.000000 0.969851
11 0.015000 1.635000 0.001000
0.487000 0.580000 0.780000 0.490000 1.250000 6.700000 0.650000 0.650000
187499.984375 75.360001 0.084000
1.073000 0.050000 0.116600
0.164766 0.091628 0.000510 0.000000
0.000000

0.000000 0.000000 0.318052
0.043247 0.004807 0.732823 4.015790 178.670044
0.000000 0.002784 0.012508 0.000000 0.000000 0.000000
0.000000 0.000013 0.000008
5.882745 1.000000 0.000000
764.299377 0.000000
0.000000 0.000000 0.000000 0.000000
0.000000 0.969543
11 0.015000 1.650000 0.001000
0.487000 0.580000 0.780000 0.490000 1.250000 6.700000 0.650000 0.650000
187499.984375 75.360001 0.084000
1.073000 0.050000 0.116600
0.164775 0.091499 0.000510 0.000000
0.000000

0.000000 0.000000 0.318713
0.043254 0.004808 0.732964 4.016366 178.675659
0.000000 0.002769 0.012465 0.000000 0.000000 0.000000
0.000000 0.000013 0.000009
5.916428 1.000000 0.000000
764.299377 0.000000
0.000000 0.000000 0.000000 0.000000
0.000000 0.969237
11 0.015000 1.665000 0.001000
0.487000 0.580000 0.780000 0.490000 1.250000 6.700000 0.650000 0.650000
187499.984375 75.360001 0.084000
1.073000 0.050000 0.116600
0.164781 0.091582 0.000510 0.000000
0.000000

0.000000 0.000000 0.319371
0.043261 0.004809 0.733107 4.016949 178.681473
0.000000 0.002759 0.012459 0.000000 0.000000 0.000000
0.000000 0.000013 0.000009
5.949534 1.000000 0.000000
764.299377 0.000000
0.000000 0.000000 0.000000 0.000000
0.000000 0.968939
11 0.015000 1.680000 0.001000
0.487000 0.580000 0.780000 0.490000 1.250000 6.700000 0.650000 0.650000
187499.984375 75.360001 0.084000
1.073000 0.050000 0.116600
0.164791 0.091908 0.000512 0.000000
0.000000

0.000000 0.000000 0.320121
0.043268 0.004810 0.733256 4.017570 178.687271
0.000000 0.002737 0.012378 0.000000 0.000000 0.000000
0.000000 0.000013 0.000009
5.982060 1.000000 0.000000
764.299377 0.000000
0.000000 0.000000 0.000000 0.000000
0.000000 0.968649
11 0.015000 1.695000 0.001000
0.487000 0.580000 0.780000 0.490000 1.250000 6.700000 0.650000 0.650000
187499.984375 75.360001 0.084000
1.073000 0.050000 0.116600
0.164797 0.091674 0.000511 0.000000
0.000000

0.000000 0.000000 0.321030
0.043278 0.004811 0.733442 4.018393 178.694580
0.000000 0.002719 0.012335 0.000000 0.000000 0.000000
0.000000 0.000013 0.000009
6.014006 1.000000 0.000000
764.299377 0.000000
0.000000 0.000000 0.000000 0.000000
0.000000 0.968375
11 0.015000 1.710000 0.001000
0.487000 0.580000 0.780000 0.490000 1.250000 6.700000 0.650000 0.650000
187499.984375 75.360001 0.084000
1.073000 0.050000 0.116600
0.164809 0.091716 0.000511 0.000000
0.000000

0.000000 0.000000 0.321678
0.043285 0.004812 0.733577 4.018941 178.700211
0.000000 0.002705 0.012316 0.000000 0.000000 0.000000
0.000000 0.000013 0.000009
6.045367 1.000000 0.000000
764.299377 0.000000
0.000000 0.000000 0.000000 0.000000
0.000000 0.968094
11 0.015000 1.725000 0.001000
0.487000 0.580000 0.780000 0.490000 1.250000 6.700000 0.650000 0.650000
187499.984375 75.360001 0.084000
1.073000 0.050000 0.116600
0.164816 0.091822 0.000511 0.000000
0.000000

0.000000 0.000000 0.322502
0.043293 0.004812 0.733736 4.019633 178.706726
0.000000 0.002691 0.012276 0.000000 0.000000 0.000000
0.000000 0.000013 0.000009
6.076143 1.000000 0.000000
764.299377 0.000000
0.000000 0.000000 0.000000 0.000000
0.000000 0.967828
11 0.015000 1.740000 0.001000
0.487000 0.580000 0.780000 0.490000 1.250000 6.700000 0.650000 0.650000
187499.984375 75.360001 0.084000
1.073000 0.050000 0.116600
0.164826 0.091906 0.000512 0.000000
0.000000

0.000000 0.000000 0.325849
0.043325 0.004816 0.734302 4.022533 178.724228
0.000000 0.002681 0.012251 0.000000 0.000000 0.000000
0.000000 0.000013 0.000009
6.106332 1.000000 0.000000
764.299377 0.000000
0.000000 0.000000 0.000000 0.000000
0.000000 0.967759
11 0.015000 1.755000 0.001000
0.487000 0.580000 0.780000 0.490000 1.250000 6.700000 0.650000 0.650000
187499.984375 75.360001 0.084000
1.073000 0.050000 0.116600
0.164863 0.091813 0.000511 0.000000
0.000000

0.000000 0.000000 0.331355
0.043378 0.004822 0.735200 4.027261 178.741928
0.000000 0.002663 0.012200 0.000000 0.000000 0.000000
0.000000 0.000013 0.000009
6.135935 1.000000 0.000000
764.299377 0.000000
0.000000 0.000000 0.000000 0.000000
0.000000 0.967860
11 0.015000 1.770000 0.001000
0.487000 0.580000 0.780000 0.490000 1.250000 6.700000 0.650000 0.650000
187499.984375 75.360001 0.084000
1.073000 0.050000 0.116600
0.164925 0.091724 0.000511 0.000000
0.000000

0.000000 0.000000 0.333065
0.043394 0.004824 0.735497 4.028704 178.749817
0.000000 0.002642 0.012152 0.000000 0.000000 0.000000
0.000000 0.000013 0.000009
6.164951 1.000000 0.000000
764.299377 0.000000
0.000000 0.000000 0.000000 0.000000
0.000000 0.967674
11 0.015000 1.785000 0.001000
0.487000 0.580000 0.780000 0.490000 1.250000 6.700000 0.650000 0.650000
187499.984375 75.360001 0.084000
1.073000 0.050000 0.116600
0.164942 0.092030 0.000513 0.000000
0.000000

0.000000 0.000000 0.335887
0.043421 0.004827 0.735964 4.031068 178.758133
0.000000 0.002625 0.012121 0.000000 0.000000 0.000000
0.000000 0.000013 0.000010
6.193379 1.000000 0.000000
764.299377 0.000000
0.000000 0.000000 0.000000 0.000000
0.000000 0.967569
11 0.015000 1.800000 0.001000
0.487000 0.580000 0.780000 0.490000 1.250000 6.700000 0.650000 0.650000
187499.984375 75.360001 0.084000
1.073000 0.050000 0.116600
0.164974 0.091803 0.000511 0.000000
0.000000

0.000000 0.000000 0.336785
0.043429 0.004828 0.736134 4.031813 178.764725
0.000000 0.002604 0.012050 0.000000 0.000000 0.000000
0.000000 0.000013 0.000010
6.221220 1.000000 0.000000
764.299377 0.000000
0.000000 0.000000 0.000000 0.000000
0.000000 0.967319
11 0.015000 1.815000 0.001000
0.487000 0.580000 0.780000 0.490000 1.250000 6.700000 0.650000 0.650000
187499.984375 75.360001 0.084000
1.073000 0.050000 0.116600
0.164984 0.091883 0.000512 0.000000
0.000000

0.000000 0.000000 0.338781
0.043448 0.004830 0.736468 4.033458 178.771759
0.000000 0.002588 0.012029 0.000000 0.000000 0.000000
0.000000 0.000013 0.000010
6.248476 1.000000 0.000000
764.299377 0.000000
0.000000 0.000000 0.000000 0.000000
0.000000 0.967157
11 0.015000 1.830000 0.001000
0.487000 0.580000 0.780000 0.490000 1.250000 6.700000 0.650000 0.650000
187499.984375 75.360001 0.084000
1.073000 0.050000 0.116600
0.165004 0.091858 0.000512 0.000000
0.000000

0.000000 0.000000 0.339462
0.043454 0.004830 0.736602 4.034007 178.776962
0.000000 0.002579 0.012012 0.000000 0.000000 0.000000
0.000000 0.000013 0.000010
6.275146 1.000000 0.000000
764.299377 0.000000
0.000000 0.000000 0.000000 0.000000
0.000000 0.966904
11 0.015000 1.845000 0.001000
0.487000 0.580000 0.780000 0.490000 1.250000 6.700000 0.650000 0.650000
187499.984375 75.360001 0.084000
1.073000 0.050000 0.116600
0.165013 0.091941 0.000512 0.000000
0.000000

0.000000 0.000000 0.340198
0.043461 0.004831 0.736743 4.034600 178.782013
0.000000 0.002563 0.011952 0.000000 0.000000 0.000000
0.000000 0.000013 0.000010
6.301231 1.000000 0.000000
764.299377 0.000000
0.000000 0.000000 0.000000 0.000000
0.000000 0.966658
11 0.015000 1.860000 0.001000
0.487000 0.580000 0.780000 0.490000 1.250000 6.700000 0.650000 0.650000
187499.984375 75.360001 0.084000
1.073000 0.050000 0.116600
0.165022 0.091805 0.000511 0.000000
0.000000

0.000000 0.000000 0.341070
0.043469 0.004832 0.736900 4.035267 178.787811
0.000000 0.002549 0.011933 0.000000 0.000000 0.000000
0.000000 0.000013 0.000010
6.326734 1.000000 0.000000
764.299377 0.000000
0.000000 0.000000 0.000000 0.000000
0.000000 0.966424
11 0.015000 1.875000 0.001000
0.487000 0.580000 0.780000 0.490000 1.250000 6.700000 0.650000 0.650000
187499.984375 75.360001 0.084000
1.073000 0.050000 0.116600
0.165031 0.091937 0.000512 0.000000
0.000000

0.000000 0.000000 0.341801
0.043476 0.004833 0.737043 4.035869 178.793457
0.000000 0.002530 0.011870 0.000000 0.000000 0.000000
0.000000 0.000013 0.000010
6.351656 1.000000 0.000000
764.299377 0.000000
0.000000 0.000000 0.000000 0.000000
0.000000 0.966194
11 0.015000 1.890000 0.001000
0.487000 0.580000 0.780000 0.490000 1.250000 6.700000 0.650000 0.650000
187499.984375 75.360001 0.084000
1.073000 0.050000 0.116600
0.165036 0.092130 0.000513 0.000000
0.000000

0.000000 0.000000 0.342584
0.043484 0.004834 0.737192 4.036500 178.799484
0.000000 0.002518 0.011869 0.000000 0.000000 0.000000
0.000000 0.000013 0.000010
6.375998 1.000000 0.000000
764.299377 0.000000
0.000000 0.000000 0.000000 0.000000
0.000000 0.965970
11 0.015000 1.905000 0.001000
0.487000 0.580000 0.780000 0.490000 1.250000 6.700000 0.650000 0.650000
187499.984375 75.360001 0.084000
1.073000 0.050000 0.116600
0.165048 0.091826 0.000511 0.000000
0.000000

0.000000 0.000000 0.343297
0.043491 0.004835 0.737332 4.037088 178.805023
0.000000 0.002511 0.011849 0.000000 0.000000 0.000000
0.000000 0.000013 0.000010
6.399765 1.000000 0.000000
764.299377 0.000000
0.000000 0.000000 0.000000 0.000000
0.000000 0.965745
11 0.015000 1.920000 0.001000
0.487000 0.580000 0.780000 0.490000 1.250000 6.700000 0.650000 0.650000
187499.984375 75.360001 0.084000
1.073000 0.050000 0.116600
0.165055 0.091814 0.000511 0.000000
0.000000

0.000000 0.000000 0.343947
0.043496 0.004835 0.737451 4.037566 178.810822
0.000000 0.002502 0.011800 0.000000 0.000000 0.000000
0.000000 0.000013 0.000010
6.422956 1.000000 0.000000
764.299377 0.000000
0.000000 0.000000 0.000000 0.000000
0.000000 0.965524
11 0.015000 1.935000 0.001000
0.487000 0.580000 0.780000 0.490000 1.250000 6.700000 0.650000 0.650000
187499.984375 75.360001 0.084000
1.073000 0.050000 0.116600
0.165060 0.091895 0.000512 0.000000
0.000000

0.000000 0.000000 0.344593
0.043503 0.004836 0.737579 4.038094 178.816193
0.000000 0.002485 0.011730 0.000000 0.000000 0.000000
0.000000 0.000013 0.000011
6.445574 1.000000 0.000000
764.299377 0.000000
0.000000 0.000000 0.000000 0.000000
0.000000 0.965306
11 0.015000 1.950000 0.001000
0.487000 0.580000 0.780000 0.490000 1.250000 6.700000 0.650000 0.650000
187499.984375 75.360001 0.084000
1.073000 0.050000 0.116600
0.165067 0.092204 0.000514 0.000000
0.000000

0.000000 0.000000 0.345384
0.043510 0.004837 0.737721 4.038694 178.822510
0.000000 0.002469 0.011715 0.000000 0.000000 0.000000
0.000000 0.000013 0.000011
6.467623 1.000000 0.000000
764.299377 0.000000
0.000000 0.000000 0.000000 0.000000
0.000000 0.965109
11 0.015000 1.965000 0.001000
0.487000 0.580000 0.780000 0.490000 1.250000 6.700000 0.650000 0.650000
187499.984375 75.360001 0.084000
1.073000 0.050000 0.116600
0.165078 0.092090 0.000513 0.000000
0.000000

0.000000 0.000000 0.347330
0.043527 0.004839 0.738036 4.040236 178.829987
0.000000 0.002451 0.011673 0.000000 0.000000 0.000000
0.000000 0.000013 0.000011
6.489106 1.000000 0.000000
764.299377 0.000000
0.000000 0.000000 0.000000 0.000000
0.000000 0.965000
11 0.015000 1.980000 0.001000
0.487000 0.580000 0.780000 0.490000 1.250000 6.700000 0.650000 0.650000
187499.984375 75.360001 0.084000
1.073000 0.050000 0.116600
0.165094 0.092118 0.000513 0.000000
0.000000

0.000000 0.000000 0.348342
0.043536 0.004840 0.738213 4.041024 178.835815
0.000000 0.008646 0.011920 0.000000 0.000000 0.000000
0.000000 0.000022 0.000004
6.510026 1.000000 0.000000
764.299377 0.000000
0.000000 0.000000 0.000000 0.000000
0.000000 0.964770
11 0.015000 1.995000 0.001000
0.487000 0.580000 0.780000 0.490000 1.250000 6.700000 0.650000 0.650000
187499.984375 75.360001 0.084000
1.073000 0.050000 0.116600
0.165107 0.092220 0.000514 0.000000
0.000000
1.000000
2.000000
0.321000 0.000000
0.000000
0
-0.735000
0 0
0.000000
1
0.000000
1.000000
1.000000
1.000000
0.000000 0.000000 0.000000
0.000000 0.000000
0.000000 0.000000 0.000000 0.000000 0.000000 0.000000 0.000000
0.000000 0.000000 0.000000 0.000000 0.000000 0.000000 0.000000
605
2.000000
1
C:\Kingsite\dnd\Ohio1.spf
-1.000000 -1.000000
0.000000
49
49
10.000000
102
