11
Clay
0.580000 0.612000 0.084000 0.780000 0.530000 1.000000 0.000000 0.000000
1.020000 6.700000 1 0.028600 0.500000 0.050000 0.010000 0.027000 0.963000
0.000000 0.015000 2.000000 152999.984375 75.360001 133
0.103800 3.528000 4.728100 0.000000 1
8.234000 8.234000 10.000000 5.000000 25.000000 100.000000
0.000000 0.000000 0.000000 0.000000 151.013962 223.432175
500.000000 0.000000 0.000000

0.403940 391.127747 787.246399
4.982678 0.553861 67.059998 409.197266 4050.790039
0.000000 0.000000 0.010170 0.564912 0.000000 0.000000
0.000004 0.000051 0.000446
5.001025 0.779596 0.000000
764.299377 0.000000
1.081549 0.000000 0.000000 0.000000
0.000000 0.048851
11 0.015000 0.015000 0.028600
0.612000 0.580000 0.780000 0.530000 1.020000 6.700000 0.780000 0.780000
152999.984375 75.360001 0.084000
1.073000 0.050000 0.116600
3.583364 3.977019 0.026577 0.000000
0.000000

0.396383 44.991772 31.374670
2.288763 0.254401 34.360035 206.885422 4110.111328
0.000000 0.001331 0.009603 0.489043 0.000000 0.000000
0.000004 0.000000 0.000246
4.901636 0.779596 0.000000
764.299377 0.000000
0.000000 0.000000 0.000000 0.000000
0.000000 0.066656
11 0.015000 0.030000 0.028600
0.612000 0.580000 0.780000 0.530000 1.020000 6.700000 0.780000 0.780000
152999.984375 75.360001 0.084000
1.073000 0.050000 0.116600
3.646226 5.393212 0.036044 0.000000
0.000000

0.371509 39.289467 19.479721
2.227630 0.247600 33.880985 202.559647 4110.981934
0.000000 0.001135 0.004997 0.249715 0.000000 0.000000
0.000003 0.000000 0.000286
4.802925 0.779596 0.000000
764.299377 0.000000
0.000000 0.000000 0.000000 0.000000
0.000000 0.055539
11 0.015000 0.045000 0.028600
0.612000 0.580000 0.780000 0.530000 1.020000 6.700000 0.780000 0.780000
152999.984375 75.360001 0.084000
1.073000 0.050000 0.116600
3.652160 5.688437 0.038028 0.000000
0.000000

0.348617 36.402927 18.961107
2.211995 0.245857 33.887447 201.674408 4111.633301
0.000000 0.001530 0.005205 0.124858 0.000000 0.000000
0.000003 0.000000 0.000271
4.705310 0.779596 0.000000
764.299377 0.000000
0.000000 0.000000 0.000000 0.000000
0.000000 0.053428
11 0.015000 0.060000 0.028600
0.612000 0.580000 0.780000 0.530000 1.020000 6.700000 0.780000 0.780000
152999.984375 75.360001 0.084000
1.073000 0.050000 0.116600
3.656126 5.556568 0.037170 0.000000
0.000000

0.325853 33.684921 18.438156
2.197284 0.244218 33.858471 200.830765 4112.096680
0.000000 0.001962 0.005397 0.062429 0.000000 0.000000
0.000003 0.000000 0.000257
4.609143 0.779596 0.000000
764.299377 0.000000
0.000000 0.000000 0.000000 0.000000
0.000000 0.053829
11 0.015000 0.075000 0.028600
0.612000 0.580000 0.780000 0.530000 1.020000 6.700000 0.780000 0.780000
152999.984375 75.360001 0.084000
1.073000 0.050000 0.116600
3.659099 5.384180 0.036059 0.000000
0.000000

0.303752 31.136126 17.824314
2.184372 0.242780 33.828411 200.110916 4112.477539
0.000000 0.002337 0.005592 0.031214 0.000000 0.000000
0.000002 0.000000 0.000236
4.514766 0.779596 0.000000
764.299377 0.000000
0.000000 0.000000 0.000000 0.000000
0.000000 0.056197
11 0.015000 0.090000 0.028600
0.612000 0.580000 0.780000 0.530000 1.020000 6.700000 0.780000 0.780000
152999.984375 75.360001 0.084000
1.073000 0.050000 0.116600
3.661450 5.538696 0.037161 0.000000
0.000000

0.283740 28.905121 110.696655
2.234518 0.248351 34.630878 204.407898 4116.338379
0.000000 0.000763 0.001281 0.015607 0.000000 0.000000
0.000001 0.000000 0.000237
4.422510 0.779596 0.000000
764.299377 0.000000
0.000000 0.000000 0.000000 0.000000
0.000000 0.079246
11 0.015000 0.105000 0.028600
0.612000 0.580000 0.780000 0.530000 1.020000 6.700000 0.780000 0.780000
152999.984375 75.360001 0.084000
1.073000 0.050000 0.116600
3.727164 5.750633 0.038675 0.000000
0.000000

0.260656 26.209097 61.559853
1.155699 0.128449 17.590366 103.733223 2965.297607
0.000000 0.001286 0.001261 0.007804 0.000000 0.000000
0.000001 0.000000 0.000116
4.326440 0.649548 0.000000
764.299377 0.000000
0.000000 0.000000 0.000000 0.000000
0.000000 0.072243
11 0.015000 0.120000 0.018000
0.547000 0.580000 0.780000 0.490000 1.150000 6.700000 0.650000 0.650000
172500.000000 75.360001 0.084000
1.073000 0.050000 0.116600
2.762035 6.052665 0.027051 0.000000
0.000000

0.243204 24.323309 58.236744
1.124640 0.124995 17.201258 101.252266 2965.673584
0.000000 0.001208 0.001152 0.003902 0.000000 0.000000
0.000000 0.000000 0.000105
4.225830 0.649548 0.000000
764.299377 0.000000
0.000000 0.000000 0.000000 0.000000
0.000000 0.074945
11 0.015000 0.135000 0.018000
0.547000 0.580000 0.780000 0.490000 1.150000 6.700000 0.650000 0.650000
172500.000000 75.360001 0.084000
1.073000 0.050000 0.116600
2.763330 5.735487 0.025744 0.000000
0.000000

0.225702 22.433140 55.000488
1.096367 0.121852 16.844162 99.016312 2966.103760
0.000000 0.000996 0.000928 0.001951 0.000000 0.000000
0.000000 0.000000 0.000091
4.128177 0.649548 0.000000
764.299377 0.000000
0.000000 0.000000 0.000000 0.000000
0.000000 0.077282
11 0.015000 0.150000 0.018000
0.547000 0.580000 0.780000 0.490000 1.150000 6.700000 0.650000 0.650000
172500.000000 75.360001 0.084000
1.073000 0.050000 0.116600
2.764300 5.890262 0.026552 0.000000
0.000000

0.209623 39.380486 52.504185
1.018219 0.113165 15.929749 93.530899 2966.341797
0.000000 0.000429 0.000592 0.000975 0.000000 0.000000
0.000000 0.000000 0.000073
4.033775 0.649548 0.000000
764.299377 0.000000
0.000000 0.000000 0.000000 0.000000
0.000000 0.092606
11 0.015000 0.165000 0.018000
0.547000 0.580000 0.780000 0.490000 1.150000 6.700000 0.650000 0.650000
172500.000000 75.360001 0.084000
1.073000 0.050000 0.116600
2.765105 6.899644 0.031226 0.000000
0.000000

0.194325 36.626667 49.720318
0.997667 0.110880 15.650075 91.790848 2966.713867
0.000000 0.000307 0.000521 0.000488 0.000000 0.000000
0.000000 0.000000 0.000069
3.942899 0.649548 0.000000
764.299377 0.000000
0.000000 0.000000 0.000000 0.000000
0.000000 0.093951
11 0.015000 0.180000 0.018000
0.547000 0.580000 0.780000 0.490000 1.150000 6.700000 0.650000 0.650000
172500.000000 75.360001 0.084000
1.073000 0.050000 0.116600
2.766060 8.572657 0.038929 0.000000
0.000000

0.180455 34.053673 47.050568
0.978889 0.108792 15.393770 90.197578 2966.992920
0.000000 0.000129 0.000488 0.000244 0.000000 0.000000
0.000000 0.000000 0.000064
3.855797 0.649548 0.000000
764.299377 0.000000
0.000000 0.000000 0.000000 0.000000
0.000000 0.095852
11 0.015000 0.195000 0.018000
0.547000 0.580000 0.780000 0.490000 1.150000 6.700000 0.650000 0.650000
172500.000000 75.360001 0.084000
1.073000 0.050000 0.116600
2.766784 8.140481 0.037066 0.000000
0.000000

0.164983 31.300631 43.596287
0.962483 0.106968 15.156485 88.849365 2966.411377
0.000000 0.000077 0.000462 0.000122 0.000000 0.000000
0.000000 0.000000 0.000059
3.772834 0.650000 0.000000
764.299377 0.000000
0.000000 0.000000 0.000000 0.000000
0.000000 0.098043
11 0.015000 0.210000 0.018000
0.547000 0.580000 0.780000 0.490000 1.150000 6.700000 0.650000 0.650000
172500.000000 75.360001 0.084000
1.073000 0.050000 0.116600
2.764577 3.881415 0.017722 0.000000
0.000000

0.152826 29.040947 37.467152
0.585726 0.065096 9.178370 53.766254 1547.942627
0.000000 0.000000 0.000223 0.000061 0.000000 0.000000
0.000000 0.000000 0.000027
3.693548 0.650000 0.000000
764.299377 0.000000
0.000000 0.000000 0.000000 0.000000
0.000000 0.097490
11 0.015000 0.225000 0.009000
0.527000 0.580000 0.780000 0.490000 1.200000 6.700000 0.650000 0.650000
180000.015625 75.360001 0.084000
1.073000 0.050000 0.116600
1.442635 3.401530 0.014378 0.000000
0.000000

0.141356 26.936182 35.167446
0.571560 0.063521 8.972286 52.530807 1548.054321
0.000000 0.000000 0.000197 0.000030 0.000000 0.000000
0.000000 0.000000 0.000025
3.618116 0.650000 0.000000
764.299377 0.000000
0.000000 0.000000 0.000000 0.000000
0.000000 0.101879
11 0.015000 0.240000 0.009000
0.527000 0.580000 0.780000 0.490000 1.200000 6.700000 0.650000 0.650000
180000.015625 75.360001 0.084000
1.073000 0.050000 0.116600
1.442865 2.911333 0.012317 0.000000
0.000000

0.130829 24.977327 32.993038
0.557512 0.061959 8.783782 51.399879 1548.142334
0.000000 0.000000 0.000218 0.000015 0.000000 0.000000
0.000000 0.000000 0.000023
3.547383 0.650000 0.000000
764.299377 0.000000
0.000000 0.000000 0.000000 0.000000
0.000000 0.104560
11 0.015000 0.255000 0.009000
0.527000 0.580000 0.780000 0.490000 1.200000 6.700000 0.650000 0.650000
180000.015625 75.360001 0.084000
1.073000 0.050000 0.116600
1.443094 2.661061 0.011262 0.000000
0.000000

0.121193 23.176901 30.959251
0.544702 0.060536 8.609026 50.348568 1548.213745
0.000000 0.000000 0.000194 0.000008 0.000000 0.000000
0.000000 0.000000 0.000019
3.481487 0.650000 0.000000
764.299377 0.000000
0.000000 0.000000 0.000000 0.000000
0.000000 0.107550
11 0.015000 0.270000 0.009000
0.527000 0.580000 0.780000 0.490000 1.200000 6.700000 0.650000 0.650000
180000.015625 75.360001 0.084000
1.073000 0.050000 0.116600
1.443279 2.483641 0.010507 0.000000
0.000000

0.112254 21.511732 29.101892
0.533089 0.059245 8.443977 49.360096 1548.275635
0.000000 0.000000 0.000201 0.000004 0.000000 0.000000
0.000000 0.000000 0.000013
3.420538 0.650000 0.000000
764.299377 0.000000
0.000000 0.000000 0.000000 0.000000
0.000000 0.110826
11 0.015000 0.285000 0.009000
0.527000 0.580000 0.780000 0.490000 1.200000 6.700000 0.650000 0.650000
180000.015625 75.360001 0.084000
1.073000 0.050000 0.116600
1.443434 2.303969 0.009736 0.000000
0.000000

0.103952 19.966141 27.359215
0.522732 0.058093 8.291313 48.448681 1548.370728
0.000000 0.000000 0.000179 0.000002 0.000000 0.000000
0.000000 0.000000 0.000009
3.364622 0.650000 0.000000
764.299377 0.000000
0.000000 0.000000 0.000000 0.000000
0.000000 0.114032
11 0.015000 0.300000 0.009000
0.527000 0.580000 0.780000 0.490000 1.200000 6.700000 0.650000 0.650000
180000.015625 75.360001 0.084000
1.073000 0.050000 0.116600
1.443580 2.011603 0.008486 0.000000
0.000000

0.096237 18.539949 25.781548
0.513131 0.057026 8.147993 47.591248 1548.424805
0.000000 0.000000 0.000172 0.000001 0.000000 0.000000
0.000000 0.000000 0.000006
3.313799 0.650000 0.000000
764.299377 0.000000
0.000000 0.000000 0.000000 0.000000
0.000000 0.116599
11 0.015000 0.315000 0.009000
0.527000 0.580000 0.780000 0.490000 1.200000 6.700000 0.650000 0.650000
180000.015625 75.360001 0.084000
1.073000 0.050000 0.116600
1.443747 1.830597 0.007705 0.000000
0.000000

0.089067 17.204565 23.345749
0.411162 0.045694 6.522539 38.084335 1182.993042
0.000000 0.000000 0.000140 0.000000 0.000000 0.000000
0.000000 0.000000 0.000004
3.267493 0.650000 0.000000
764.299377 0.000000
0.000000 0.000000 0.000000 0.000000
0.000000 0.117639
11 0.015000 0.330000 0.006600
0.497000 0.580000 0.780000 0.490000 1.250000 6.700000 0.650000 0.650000
187499.984375 75.360001 0.084000
1.073000 0.050000 0.116600
1.102973 1.656593 0.006307 0.000000
0.000000

0.082420 15.965358 21.918036
0.403116 0.044799 6.402281 37.369453 1182.999146
0.000000 0.000000 0.000136 0.000000 0.000000 0.000000
0.000000 0.000000 0.000002
3.225825 0.650000 0.000000
764.299377 0.000000
0.000000 0.000000 0.000000 0.000000
0.000000 0.118316
11 0.015000 0.345000 0.006600
0.497000 0.580000 0.780000 0.490000 1.250000 6.700000 0.650000 0.650000
187499.984375 75.360001 0.084000
1.073000 0.050000 0.116600
1.103079 1.466477 0.005567 0.000000
0.000000

0.076267 14.815755 20.613388
0.395550 0.043958 6.289883 36.701935 1183.070923
0.000000 0.000000 0.000139 0.000000 0.000000 0.000000
0.000000 0.000000 0.000002
3.189409 0.650000 0.000000
764.299377 0.000000
0.000000 0.000000 0.000000 0.000000
0.000000 0.118008
11 0.015000 0.360000 0.006600
0.497000 0.580000 0.780000 0.490000 1.250000 6.700000 0.650000 0.650000
187499.984375 75.360001 0.084000
1.073000 0.050000 0.116600
1.103203 1.312423 0.004967 0.000000
0.000000

0.070574 13.745579 19.374752
0.388686 0.043196 6.186584 36.088783 1183.101929
0.000000 0.000000 0.000105 0.000000 0.000000 0.000000
0.000000 0.000000 0.000001
3.158211 0.650000 0.000000
764.299377 0.000000
0.000000 0.000000 0.000000 0.000000
0.000000 0.117046
11 0.015000 0.375000 0.006600
0.497000 0.580000 0.780000 0.490000 1.250000 6.700000 0.650000 0.650000
187499.984375 75.360001 0.084000
1.073000 0.050000 0.116600
1.103278 1.202537 0.004538 0.000000
0.000000

0.065309 12.751585 18.225105
0.382419 0.042499 6.090693 35.520081 1183.119385
0.000000 0.000000 0.000117 0.000000 0.000000 0.000000
0.000000 0.000000 0.000001
3.132175 0.650000 0.000000
764.299377 0.000000
0.000000 0.000000 0.000000 0.000000
0.000000 0.115543
11 0.015000 0.390000 0.006600
0.497000 0.580000 0.780000 0.490000 1.250000 6.700000 0.650000 0.650000
187499.984375 75.360001 0.084000
1.073000 0.050000 0.116600
1.103352 1.109517 0.004176 0.000000
0.000000

0.060439 11.829834 17.168346
0.376495 0.041841 6.001065 34.988777 1183.171021
0.000000 0.000000 0.000107 0.000000 0.000000 0.000000
0.000000 0.000000 0.000001
3.111228 0.650000 0.000000
764.299377 0.000000
0.000000 0.000000 0.000000 0.000000
0.000000 0.113329
11 0.015000 0.405000 0.006600
0.497000 0.580000 0.780000 0.490000 1.250000 6.700000 0.650000 0.650000
187499.984375 75.360001 0.084000
1.073000 0.050000 0.116600
1.103411 1.031804 0.003874 0.000000
0.000000

0.055932 10.976895 14.732702
0.219868 0.024434 3.488731 20.336382 591.632080
0.000000 0.000000 0.000059 0.000000 0.000000 0.000000
0.000000 0.000000 0.000000
3.095201 0.650000 0.000000
764.299377 0.000000
0.000000 0.000000 0.000000 0.000000
0.000000 0.110014
11 0.015000 0.420000 0.003300
0.487000 0.580000 0.780000 0.490000 1.250000 6.700000 0.650000 0.650000
187499.984375 75.360001 0.084000
1.073000 0.050000 0.116600
0.551735 0.838835 0.003081 0.000000
0.000000

0.051759 10.181770 13.761337
0.214980 0.023891 3.414223 19.897730 591.638733
0.000000 0.000000 0.000061 0.000000 0.000000 0.000000
0.000000 0.000000 0.000000
3.083952 0.650000 0.000000
764.299377 0.000000
0.000000 0.000000 0.000000 0.000000
0.000000 0.107053
11 0.015000 0.435000 0.003300
0.487000 0.580000 0.780000 0.490000 1.250000 6.700000 0.650000 0.650000
187499.984375 75.360001 0.084000
1.073000 0.050000 0.116600
0.551766 0.734969 0.002694 0.000000
0.000000

0.047899 9.443871 12.854929
0.210474 0.023390 3.345343 19.492479 591.663513
0.000000 0.000000 0.000052 0.000000 0.000000 0.000000
0.000000 0.000000 0.000000
3.077430 0.650000 0.000000
764.299377 0.000000
0.000000 0.000000 0.000000 0.000000
0.000000 0.103845
11 0.015000 0.450000 0.003300
0.487000 0.580000 0.780000 0.490000 1.250000 6.700000 0.650000 0.650000
187499.984375 75.360001 0.084000
1.073000 0.050000 0.116600
0.551794 0.652141 0.002387 0.000000
0.000000

0.044331 8.757695 12.012150
0.206268 0.022923 3.281587 19.117357 591.666748
0.000000 0.000000 0.000059 0.000000 0.000000 0.000000
0.000000 0.000000 0.000000
3.075498 0.650000 0.000000
764.299377 0.000000
0.000000 0.000000 0.000000 0.000000
0.000000 0.100399
11 0.015000 0.465000 0.003300
0.487000 0.580000 0.780000 0.490000 1.250000 6.700000 0.650000 0.650000
187499.984375 75.360001 0.084000
1.073000 0.050000 0.116600
0.551815 0.597634 0.002184 0.000000
0.000000

0.041030 8.123292 11.228023
0.202408 0.022494 3.222505 18.769770 591.679749
0.000000 0.000000 0.000058 0.000000 0.000000 0.000000
0.000000 0.000000 0.000000
3.078008 0.650000 0.000000
764.299377 0.000000
0.000000 0.000000 0.000000 0.000000
0.000000 0.096902
11 0.015000 0.480000 0.003300
0.487000 0.580000 0.780000 0.490000 1.250000 6.700000 0.650000 0.650000
187499.984375 75.360001 0.084000
1.073000 0.050000 0.116600
0.551844 0.552700 0.002017 0.000000
0.000000

0.037976 7.535090 10.507070
0.198855 0.022099 3.167422 18.445835 591.696106
0.000000 0.000000 0.000053 0.000000 0.000000 0.000000
0.000000 0.000000 0.000000
3.084802 0.650000 0.000000
764.299377 0.000000
0.000000 0.000000 0.000000 0.000000
0.000000 0.093424
11 0.015000 0.495000 0.003300
0.487000 0.580000 0.780000 0.490000 1.250000 6.700000 0.650000 0.650000
187499.984375 75.360001 0.084000
1.073000 0.050000 0.116600
0.551874 0.503004 0.001834 0.000000
0.000000

0.035150 6.989141 9.849997
0.196050 0.021787 3.115439 18.140112 591.704102
0.000000 0.000005 0.000279 0.000000 0.000000 0.000000
0.000000 0.000000 0.000004
3.095713 0.650000 0.000000
764.299377 0.000000
0.000000 0.000000 0.000000 0.000000
0.000000 0.090860
11 0.015000 0.510000 0.003300
0.487000 0.580000 0.780000 0.490000 1.250000 6.700000 0.650000 0.650000
187499.984375 75.360001 0.084000
1.073000 0.050000 0.116600
0.551896 0.449364 0.001637 0.000000
0.000000

0.032534 6.514888 8.868782
0.084055 0.009341 1.332340 7.756858 179.342163
0.000000 0.000000 0.000022 0.000000 0.000000 0.000000
0.000000 0.000000 0.000000
3.110570 0.650000 0.000000
764.299377 0.000000
0.000000 0.000000 0.000000 0.000000
0.000000 0.085227
11 0.015000 0.525000 0.001000
0.487000 0.580000 0.780000 0.490000 1.250000 6.700000 0.650000 0.650000
187499.984375 75.360001 0.084000
1.073000 0.050000 0.116600
0.167247 0.323595 0.001178 0.000000
0.000000

0.030113 6.035039 8.183475
0.081644 0.009073 1.294473 7.535323 179.339493
0.000000 0.000000 0.000021 0.000000 0.000000 0.000000
0.000000 0.000000 0.000000
3.129191 0.650000 0.000000
764.299377 0.000000
0.000000 0.000000 0.000000 0.000000
0.000000 0.081985
11 0.015000 0.540000 0.001000
0.487000 0.580000 0.780000 0.490000 1.250000 6.700000 0.650000 0.650000
187499.984375 75.360001 0.084000
1.073000 0.050000 0.116600
0.167252 0.289855 0.001054 0.000000
0.000000

0.027873 5.587994 7.548287
0.079419 0.008826 1.259392 7.330156 179.338684
0.000000 0.000000 0.000021 0.000000 0.000000 0.000000
0.000000 0.000000 0.000000
3.151394 0.650000 0.000000
764.299377 0.000000
0.000000 0.000000 0.000000 0.000000
0.000000 0.078838
11 0.015000 0.555000 0.001000
0.487000 0.580000 0.780000 0.490000 1.250000 6.700000 0.650000 0.650000
187499.984375 75.360001 0.084000
1.073000 0.050000 0.116600
0.167258 0.260002 0.000945 0.000000
0.000000

0.025801 5.179348 6.909014
0.077437 0.008606 1.229378 7.154583 179.343903
0.000000 0.000000 0.000021 0.000000 0.000000 0.000000
0.000000 0.000000 0.000000
3.176994 0.650000 0.000000
764.299377 0.000000
0.000000 0.000000 0.000000 0.000000
0.000000 0.075626
11 0.015000 0.570000 0.001000
0.487000 0.580000 0.780000 0.490000 1.250000 6.700000 0.650000 0.650000
187499.984375 75.360001 0.084000
1.073000 0.050000 0.116600
0.167262 0.225295 0.000818 0.000000
0.000000

0.023882 4.800584 6.363634
0.075583 0.008400 1.198786 6.975723 179.348312
0.000000 0.000000 0.000021 0.000000 0.000000 0.000000
0.000000 0.000000 0.000000
3.205806 0.650000 0.000000
764.299377 0.000000
0.000000 0.000000 0.000000 0.000000
0.000000 0.072713
11 0.015000 0.585000 0.001000
0.487000 0.580000 0.780000 0.490000 1.250000 6.700000 0.650000 0.650000
187499.984375 75.360001 0.084000
1.073000 0.050000 0.116600
0.167267 0.198507 0.000721 0.000000
0.000000

0.022108 4.450485 5.907516
0.073614 0.008181 1.167631 6.793664 179.349411
0.000000 0.000000 0.000022 0.000000 0.000000 0.000000
0.000000 0.000000 0.000000
3.237643 0.650000 0.000000
764.299377 0.000000
0.000000 0.000000 0.000000 0.000000
0.000000 0.069680
11 0.015000 0.600000 0.001000
0.487000 0.580000 0.780000 0.490000 1.250000 6.700000 0.650000 0.650000
187499.984375 75.360001 0.084000
1.073000 0.050000 0.116600
0.167272 0.181074 0.000657 0.000000
0.000000

0.020467 4.126454 5.474299
0.071816 0.007981 1.139126 6.627095 179.349945
0.000000 0.000000 0.000020 0.000000 0.000000 0.000000
0.000000 0.000000 0.000000
3.272317 0.650000 0.000000
764.299377 0.000000
0.000000 0.000000 0.000000 0.000000
0.000000 0.066675
11 0.015000 0.615000 0.001000
0.487000 0.580000 0.780000 0.490000 1.250000 6.700000 0.650000 0.650000
187499.984375 75.360001 0.084000
1.073000 0.050000 0.116600
0.167278 0.162156 0.000588 0.000000
0.000000

0.018947 3.826701 5.132090
0.069912 0.007769 1.109108 6.451794 179.354050
0.000000 0.000000 0.000018 0.000000 0.000000 0.000000
0.000000 0.000000 0.000000
3.309644 0.650000 0.000000
764.299377 0.000000
0.000000 0.000000 0.000000 0.000000
0.000000 0.063679
11 0.015000 0.630000 0.001000
0.487000 0.580000 0.780000 0.490000 1.250000 6.700000 0.650000 0.650000
187499.984375 75.360001 0.084000
1.073000 0.050000 0.116600
0.167282 0.147335 0.000534 0.000000
0.000000

0.017541 3.549022 4.698578
0.068504 0.007613 1.088027 6.328534 179.353653
0.000000 0.000000 0.000020 0.000000 0.000000 0.000000
0.000000 0.000000 0.000000
3.349441 0.650000 0.000000
764.299377 0.000000
0.000000 0.000000 0.000000 0.000000
0.000000 0.060641
11 0.015000 0.645000 0.001000
0.487000 0.580000 0.780000 0.490000 1.250000 6.700000 0.650000 0.650000
187499.984375 75.360001 0.084000
1.073000 0.050000 0.116600
0.167286 0.163702 0.000594 0.000000
0.000000

0.016245 3.293767 4.345951
0.067385 0.007489 1.065522 6.196977 179.354919
0.000000 0.000016 0.002340 0.000000 0.000000 0.000000
0.000000 0.000000 0.000005
3.391526 0.650000 0.000000
764.299377 0.000000
0.000000 0.000000 0.000000 0.000000
0.000000 0.058309
11 0.015000 0.660000 0.001000
0.487000 0.580000 0.780000 0.490000 1.250000 6.700000 0.650000 0.650000
187499.984375 75.360001 0.084000
1.073000 0.050000 0.116600
0.167296 0.171561 0.000622 0.000000
0.000000

0.015141 3.064241 4.061446
0.065835 0.007316 1.042367 6.058654 179.360535
0.000000 0.000484 0.005137 0.000000 0.000000 0.000000
0.000000 0.000000 0.000006
3.435722 0.650000 0.000000
764.299377 0.000000
0.000000 0.000000 0.000000 0.000000
0.000000 0.055472
11 0.015000 0.675000 0.001000
0.487000 0.580000 0.780000 0.490000 1.250000 6.700000 0.650000 0.650000
187499.984375 75.360001 0.084000
1.073000 0.050000 0.116600
0.167305 0.166789 0.000604 0.000000
0.000000

0.014181 2.854129 3.759790
0.064524 0.007171 1.023179 5.942238 179.366791
0.000000 0.003881 0.008709 0.000000 0.000000 0.000000
0.000000 0.000002 0.000004
3.481856 0.650000 0.000000
764.299377 0.000000
0.000000 0.000000 0.000000 0.000000
0.000000 0.062079
11 0.015000 0.690000 0.001000
0.487000 0.580000 0.780000 0.490000 1.250000 6.700000 0.650000 0.650000
187499.984375 75.360001 0.084000
1.073000 0.050000 0.116600
0.167320 0.163046 0.000591 0.000000
0.000000

0.013167 2.653577 3.543808
0.063111 0.007014 1.002037 5.815569 179.372192
0.000000 0.014702 0.011075 0.000000 0.000000 0.000000
0.000000 0.000007 0.000001
3.529756 0.650000 0.000000
764.299377 0.000000
0.000000 0.000000 0.000000 0.000000
0.000000 0.267851
11 0.015000 0.705000 0.001000
0.487000 0.580000 0.780000 0.490000 1.250000 6.700000 0.650000 0.650000
187499.984375 75.360001 0.084000
1.073000 0.050000 0.116600
0.167337 0.175392 0.000638 0.000000
0.000000

0.012279 2.477570 3.358706
0.061382 0.006821 0.982865 5.691674 179.377472
0.000000 0.018870 0.012745 0.000000 0.000000 0.000000
0.000000 0.000006 0.000000
3.579258 0.922247 0.000000
764.299377 0.000000
0.000000 0.000000 0.000000 0.000000
0.000000 0.224158
11 0.015000 0.720000 0.001000
0.487000 0.580000 0.780000 0.490000 1.250000 6.700000 0.650000 0.650000
187499.984375 75.360001 0.084000
1.073000 0.050000 0.116600
0.167377 0.183079 0.000942 0.000000
0.000000

0.012053 2.384522 3.266046
0.059528 0.006615 0.964770 5.538004 179.412537
0.000000 1.243985 0.017575 0.000000 0.000000 0.000000
0.000000 0.000000 0.000000
3.630200 1.000000 0.000000
764.299377 0.000000
0.000000 0.000000 0.000000 0.000000
0.000000 13.291599
11 0.015000 0.735000 0.001000
0.487000 0.580000 0.780000 0.490000 1.250000 6.700000 0.650000 0.650000
187499.984375 75.360001 0.084000
1.073000 0.050000 0.116600
0.167545 0.174666 0.000975 0.000000
0.000000

0.000000 0.232176 3.597759
0.050712 0.005635 0.855086 4.706317 179.608795
0.000000 1.228151 0.014455 0.000000 0.000000 0.000000
0.000000 0.000000 0.000000
3.677358 1.000000 0.000000
764.299377 0.000000
0.000000 0.000000 0.000000 0.000000
0.000000 0.651819
11 0.015000 0.750000 0.001000
0.487000 0.580000 0.780000 0.490000 1.250000 6.700000 0.650000 0.650000
187499.984375 75.360001 0.084000
1.073000 0.050000 0.116600
0.168358 0.089935 0.000501 0.000000
0.000000

0.000000 0.221153 3.442721
0.050272 0.005586 0.848850 4.664794 179.639587
0.000000 0.799673 0.013503 0.000000 0.000000 0.000000
0.000000 0.000000 0.000000
3.721501 1.000000 0.000000
764.299377 0.000000
0.000000 0.000000 0.000000 0.000000
0.000000 0.626443
11 0.015000 0.765000 0.001000
0.487000 0.580000 0.780000 0.490000 1.250000 6.700000 0.650000 0.650000
187499.984375 75.360001 0.084000
1.073000 0.050000 0.116600
0.168437 0.089016 0.000496 0.000000
0.000000

0.000000 0.205680 3.261227
0.049938 0.005549 0.843373 4.634224 179.643448
0.000000 0.397447 0.013153 0.000000 0.000000 0.000000
0.000000 0.000001 0.000000
3.766670 1.000000 0.000000
764.299377 0.000000
0.000000 0.000000 0.000000 0.000000
0.000000 0.637970
11 0.015000 0.780000 0.001000
0.487000 0.580000 0.780000 0.490000 1.250000 6.700000 0.650000 0.650000
187499.984375 75.360001 0.084000
1.073000 0.050000 0.116600
0.168450 0.088642 0.000494 0.000000
0.000000

0.000000 0.194785 3.180377
0.049611 0.005513 0.837956 4.604010 179.732498
0.000000 0.171343 0.012669 0.000000 0.000000 0.000000
0.000000 0.000001 0.000000
3.812884 1.000000 0.000000
764.299377 0.000000
0.000000 0.000000 0.000000 0.000000
0.000000 0.665367
11 0.015000 0.795000 0.001000
0.487000 0.580000 0.780000 0.490000 1.250000 6.700000 0.650000 0.650000
187499.984375 75.360001 0.084000
1.073000 0.050000 0.116600
0.168710 0.088195 0.000491 0.000000
0.000000

0.000000 0.181036 3.020405
0.049333 0.005482 0.833420 4.578636 179.735229
0.000000 0.071926 0.012208 0.000000 0.000000 0.000000
0.000000 0.000003 0.000000
3.860020 1.000000 0.000000
764.299377 0.000000
0.000000 0.000000 0.000000 0.000000
0.000000 0.773364
11 0.015000 0.810000 0.001000
0.487000 0.580000 0.780000 0.490000 1.250000 6.700000 0.650000 0.650000
187499.984375 75.360001 0.084000
1.073000 0.050000 0.116600
0.168721 0.088666 0.000494 0.000000
0.000000

0.000000 0.168383 2.873346
0.049074 0.005453 0.829200 4.555018 179.741043
0.000000 0.033857 0.012160 0.000000 0.000000 0.000000
0.000000 0.000007 0.000000
3.907963 1.000000 0.000000
764.299377 0.000000
0.000000 0.000000 0.000000 0.000000
0.000000 1.034538
11 0.015000 0.825000 0.001000
0.487000 0.580000 0.780000 0.490000 1.250000 6.700000 0.650000 0.650000
187499.984375 75.360001 0.084000
1.073000 0.050000 0.116600
0.168728 0.088280 0.000492 0.000000
0.000000

0.000000 0.156699 2.738009
0.048834 0.005426 0.825287 4.533104 179.746017
0.000000 0.035957 0.013424 0.000000 0.000000 0.000000
0.000000 0.000006 0.000000
3.956604 1.000000 0.000000
764.299377 0.000000
0.000000 0.000000 0.000000 0.000000
0.000000 1.796324
11 0.015000 0.840000 0.001000
0.487000 0.580000 0.780000 0.490000 1.250000 6.700000 0.650000 0.650000
187499.984375 75.360001 0.084000
1.073000 0.050000 0.116600
0.168742 0.088667 0.000494 0.000000
0.000000

0.000000 0.145594 2.610160
0.048614 0.005402 0.821718 4.513092 179.748611
0.000000 0.121655 0.016008 0.000000 0.000000 0.000000
0.000000 0.000002 0.000000
4.005839 1.000000 0.000000
764.299377 0.000000
0.000000 0.000000 0.000000 0.000000
0.000000 2.505748
11 0.015000 0.855000 0.001000
0.487000 0.580000 0.780000 0.490000 1.250000 6.700000 0.650000 0.650000
187499.984375 75.360001 0.084000
1.073000 0.050000 0.116600
0.168750 0.089555 0.000499 0.000000
0.000000

0.000000 0.000000 1.012036
0.045902 0.005101 0.777103 4.267682 179.861450
0.000000 0.351240 0.015175 0.000000 0.000000 0.000000
0.000000 0.000001 0.000000
4.055572 1.000000 0.000000
764.299377 0.000000
0.000000 0.000000 0.000000 0.000000
0.000000 1.054837
11 0.015000 0.870000 0.001000
0.487000 0.580000 0.780000 0.490000 1.250000 6.700000 0.650000 0.650000
187499.984375 75.360001 0.084000
1.073000 0.050000 0.116600
0.169065 0.085857 0.000478 0.000000
0.000000

0.000000 0.000000 1.014979
0.045904 0.005101 0.777198 4.267830 179.863464
0.000000 0.694876 0.015386 0.000000 0.000000 0.000000
0.000000 0.000000 0.000000
4.105711 1.000000 0.000000
764.299377 0.000000
0.000000 0.000000 0.000000 0.000000
0.000000 1.051650
11 0.015000 0.885000 0.001000
0.487000 0.580000 0.780000 0.490000 1.250000 6.700000 0.650000 0.650000
187499.984375 75.360001 0.084000
1.073000 0.050000 0.116600
0.169077 0.086017 0.000479 0.000000
0.000000

0.000000 0.000000 1.016254
0.045906 0.005101 0.777275 4.267882 179.865555
0.000000 1.011766 0.015374 0.000000 0.000000 0.000000
0.000000 0.000000 0.000000
4.156170 1.000000 0.000000
764.299377 0.000000
0.000000 0.000000 0.000000 0.000000
0.000000 1.050951
11 0.015000 0.900000 0.001000
0.487000 0.580000 0.780000 0.490000 1.250000 6.700000 0.650000 0.650000
187499.984375 75.360001 0.084000
1.073000 0.050000 0.116600
0.169081 0.085884 0.000478 0.000000
0.000000

0.000000 0.000000 1.017132
0.045907 0.005101 0.777344 4.267900 179.868866
0.000000 1.156006 0.015121 0.000000 0.000000 0.000000
0.000000 0.000000 0.000000
4.206870 1.000000 0.000000
764.299377 0.000000
0.000000 0.000000 0.000000 0.000000
0.000000 1.052187
11 0.015000 0.915000 0.001000
0.487000 0.580000 0.780000 0.490000 1.250000 6.700000 0.650000 0.650000
187499.984375 75.360001 0.084000
1.073000 0.050000 0.116600
0.169085 0.085939 0.000479 0.000000
0.000000

0.000000 0.000000 1.017935
0.045908 0.005101 0.777407 4.267891 179.870514
0.000000 1.085554 0.014869 0.000000 0.000000 0.000000
0.000000 0.000000 0.000000
4.257735 1.000000 0.000000
764.299377 0.000000
0.000000 0.000000 0.000000 0.000000
0.000000 1.053465
11 0.015000 0.930000 0.001000
0.487000 0.580000 0.780000 0.490000 1.250000 6.700000 0.650000 0.650000
187499.984375 75.360001 0.084000
1.073000 0.050000 0.116600
0.169087 0.085821 0.000478 0.000000
0.000000

0.000000 0.000000 1.018781
0.045909 0.005101 0.777472 4.267896 179.872147
0.000000 0.868257 0.014581 0.000000 0.000000 0.000000
0.000000 0.000000 0.000000
4.308695 1.000000 0.000000
764.299377 0.000000
0.000000 0.000000 0.000000 0.000000
0.000000 1.054897
11 0.015000 0.945000 0.001000
0.487000 0.580000 0.780000 0.490000 1.250000 6.700000 0.650000 0.650000
187499.984375 75.360001 0.084000
1.073000 0.050000 0.116600
0.169091 0.086018 0.000479 0.000000
0.000000

0.000000 0.000000 1.019723
0.045910 0.005102 0.777540 4.267917 179.874008
0.000000 0.610703 0.014395 0.000000 0.000000 0.000000
0.000000 0.000000 0.000000
4.359686 1.000000 0.000000
764.299377 0.000000
0.000000 0.000000 0.000000 0.000000
0.000000 1.055378
11 0.015000 0.960000 0.001000
0.487000 0.580000 0.780000 0.490000 1.250000 6.700000 0.650000 0.650000
187499.984375 75.360001 0.084000
1.073000 0.050000 0.116600
0.169095 0.085979 0.000479 0.000000
0.000000

0.000000 0.000000 1.022568
0.045913 0.005102 0.777632 4.268084 179.875763
0.000000 0.391165 0.014189 0.000000 0.000000 0.000000
0.000000 0.000001 0.000000
4.410646 1.000000 0.000000
764.299377 0.000000
0.000000 0.000000 0.000000 0.000000
0.000000 1.054952
11 0.015000 0.975000 0.001000
0.487000 0.580000 0.780000 0.490000 1.250000 6.700000 0.650000 0.650000
187499.984375 75.360001 0.084000
1.073000 0.050000 0.116600
0.169104 0.085952 0.000479 0.000000
0.000000

0.000000 0.000000 1.024350
0.045915 0.005102 0.777707 4.268157 179.878189
0.000000 0.238508 0.014019 0.000000 0.000000 0.000000
0.000000 0.000001 0.000000
4.461521 1.000000 0.000000
764.299377 0.000000
0.000000 0.000000 0.000000 0.000000
0.000000 1.054417
11 0.015000 0.990000 0.001000
0.487000 0.580000 0.780000 0.490000 1.250000 6.700000 0.650000 0.650000
187499.984375 75.360001 0.084000
1.073000 0.050000 0.116600
0.169110 0.085928 0.000479 0.000000
0.000000

0.000000 0.000000 1.025105
0.045916 0.005102 0.777767 4.268163 179.881317
0.000000 0.146215 0.013814 0.000000 0.000000 0.000000
0.000000 0.000002 0.000000
4.512257 1.000000 0.000000
764.299377 0.000000
0.000000 0.000000 0.000000 0.000000
0.000000 1.054253
11 0.015000 1.005000 0.001000
0.487000 0.580000 0.780000 0.490000 1.250000 6.700000 0.650000 0.650000
187499.984375 75.360001 0.084000
1.073000 0.050000 0.116600
0.169113 0.086105 0.000480 0.000000
0.000000

0.000000 0.000000 1.027281
0.045918 0.005102 0.777844 4.268265 179.883255
0.000000 0.094625 0.013657 0.000000 0.000000 0.000000
0.000000 0.000003 0.000000
4.562806 1.000000 0.000000
764.299377 0.000000
0.000000 0.000000 0.000000 0.000000
0.000000 1.053181
11 0.015000 1.020000 0.001000
0.487000 0.580000 0.780000 0.490000 1.250000 6.700000 0.650000 0.650000
187499.984375 75.360001 0.084000
1.073000 0.050000 0.116600
0.169122 0.085970 0.000479 0.000000
0.000000

0.000000 0.000000 1.028043
0.045919 0.005103 0.777906 4.268287 179.884842
0.000000 0.065590 0.013451 0.000000 0.000000 0.000000
0.000000 0.000005 0.000000
4.613125 1.000000 0.000000
764.299377 0.000000
0.000000 0.000000 0.000000 0.000000
0.000000 1.052999
11 0.015000 1.035000 0.001000
0.487000 0.580000 0.780000 0.490000 1.250000 6.700000 0.650000 0.650000
187499.984375 75.360001 0.084000
1.073000 0.050000 0.116600
0.169124 0.086217 0.000480 0.000000
0.000000

0.000000 0.000000 1.029040
0.045920 0.005103 0.777968 4.268313 179.886292
0.000000 0.047512 0.013212 0.000000 0.000000 0.000000
0.000000 0.000007 0.000000
4.663172 1.000000 0.000000
764.299377 0.000000
0.000000 0.000000 0.000000 0.000000
0.000000 1.052346
11 0.015000 1.050000 0.001000
0.487000 0.580000 0.780000 0.490000 1.250000 6.700000 0.650000 0.650000
187499.984375 75.360001 0.084000
1.073000 0.050000 0.116600
0.169129 0.086041 0.000479 0.000000
0.000000

0.000000 0.000000 1.029761
0.045921 0.005103 0.778021 4.268298 179.888107
0.000000 0.034630 0.012929 0.000000 0.000000 0.000000
0.000000 0.000009 0.000000
4.712911 1.000000 0.000000
764.299377 0.000000
0.000000 0.000000 0.000000 0.000000
0.000000 1.052400
11 0.015000 1.065000 0.001000
0.487000 0.580000 0.780000 0.490000 1.250000 6.700000 0.650000 0.650000
187499.984375 75.360001 0.084000
1.073000 0.050000 0.116600
0.169131 0.086245 0.000480 0.000000
0.000000

0.000000 0.000000 1.030639
0.045922 0.005103 0.778082 4.268318 179.889999
0.000000 0.024736 0.012614 0.000000 0.000000 0.000000
0.000000 0.000013 0.000001
4.762305 1.000000 0.000000
764.299377 0.000000
0.000000 0.000000 0.000000 0.000000
0.000000 1.051509
11 0.015000 1.080000 0.001000
0.487000 0.580000 0.780000 0.490000 1.250000 6.700000 0.650000 0.650000
187499.984375 75.360001 0.084000
1.073000 0.050000 0.116600
0.169133 0.086011 0.000479 0.000000
0.000000

0.000000 0.000000 1.033746
0.045925 0.005103 0.778165 4.268484 179.891754
0.000000 0.017164 0.012341 0.000000 0.000000 0.000000
0.000000 0.000017 0.000001
4.811326 1.000000 0.000000
764.299377 0.000000
0.000000 0.000000 0.000000 0.000000
0.000000 1.051202
11 0.015000 1.095000 0.001000
0.487000 0.580000 0.780000 0.490000 1.250000 6.700000 0.650000 0.650000
187499.984375 75.360001 0.084000
1.073000 0.050000 0.116600
0.169145 0.086377 0.000481 0.000000
0.000000

0.000000 0.000000 1.037626
0.045928 0.005104 0.778256 4.268676 179.895889
0.000000 0.011643 0.012006 0.000000 0.000000 0.000000
0.000000 0.000020 0.000002
4.859943 1.000000 0.000000
764.299377 0.000000
0.000000 0.000000 0.000000 0.000000
0.000000 1.049052
11 0.015000 1.110000 0.001000
0.487000 0.580000 0.780000 0.490000 1.250000 6.700000 0.650000 0.650000
187499.984375 75.360001 0.084000
1.073000 0.050000 0.116600
0.169159 0.085919 0.000479 0.000000
0.000000

0.000000 0.000000 1.038373
0.045929 0.005104 0.778307 4.268669 179.897156
0.000000 0.007879 0.011761 0.000000 0.000000 0.000000
0.000000 0.000020 0.000003
4.908132 1.000000 0.000000
764.299377 0.000000
0.000000 0.000000 0.000000 0.000000
0.000000 1.048828
11 0.015000 1.125000 0.001000
0.487000 0.580000 0.780000 0.490000 1.250000 6.700000 0.650000 0.650000
187499.984375 75.360001 0.084000
1.073000 0.050000 0.116600
0.169162 0.086224 0.000480 0.000000
0.000000

0.000000 0.000000 1.039101
0.045929 0.005104 0.778360 4.268669 179.898666
0.000000 0.005468 0.011559 0.000000 0.000000 0.000000
0.000000 0.000018 0.000004
4.955869 1.000000 0.000000
764.299377 0.000000
0.000000 0.000000 0.000000 0.000000
0.000000 1.048202
11 0.015000 1.140000 0.001000
0.487000 0.580000 0.780000 0.490000 1.250000 6.700000 0.650000 0.650000
187499.984375 75.360001 0.084000
1.073000 0.050000 0.116600
0.169166 0.086162 0.000480 0.000000
0.000000

0.000000 0.000000 1.039819
0.045931 0.005104 0.778416 4.268700 179.899963
0.000000 0.004013 0.011391 0.000000 0.000000 0.000000
0.000000 0.000017 0.000006
5.003132 1.000000 0.000000
764.299377 0.000000
0.000000 0.000000 0.000000 0.000000
0.000000 1.047812
11 0.015000 1.155000 0.001000
0.487000 0.580000 0.780000 0.490000 1.250000 6.700000 0.650000 0.650000
187499.984375 75.360001 0.084000
1.073000 0.050000 0.116600
0.169169 0.086261 0.000480 0.000000
0.000000

0.000000 0.000000 1.040937
0.045932 0.005104 0.778475 4.268732 179.901703
0.000000 0.003187 0.011328 0.000000 0.000000 0.000000
0.000000 0.000015 0.000007
5.049903 1.000000 0.000000
764.299377 0.000000
0.000000 0.000000 0.000000 0.000000
0.000000 1.047212
11 0.015000 1.170000 0.001000
0.487000 0.580000 0.780000 0.490000 1.250000 6.700000 0.650000 0.650000
187499.984375 75.360001 0.084000
1.073000 0.050000 0.116600
0.169171 0.086242 0.000480 0.000000
0.000000

0.000000 0.000000 1.042534
0.045933 0.005104 0.778536 4.268792 179.903625
0.000000 0.002737 0.011267 0.000000 0.000000 0.000000
0.000000 0.000014 0.000008
5.096166 1.000000 0.000000
764.299377 0.000000
0.000000 0.000000 0.000000 0.000000
0.000000 1.046251
11 0.015000 1.185000 0.001000
0.487000 0.580000 0.780000 0.490000 1.250000 6.700000 0.650000 0.650000
187499.984375 75.360001 0.084000
1.073000 0.050000 0.116600
0.169176 0.085988 0.000479 0.000000
0.000000

0.000000 0.000000 1.043224
0.045934 0.005104 0.778581 4.268760 179.905151
0.000000 0.002502 0.011232 0.000000 0.000000 0.000000
0.000000 0.000013 0.000009
5.141906 1.000000 0.000000
764.299377 0.000000
0.000000 0.000000 0.000000 0.000000
0.000000 1.046059
11 0.015000 1.200000 0.001000
0.487000 0.580000 0.780000 0.490000 1.250000 6.700000 0.650000 0.650000
187499.984375 75.360001 0.084000
1.073000 0.050000 0.116600
0.169180 0.086173 0.000480 0.000000
0.000000

0.000000 0.000000 1.043906
0.045935 0.005104 0.778633 4.268770 179.906281
0.000000 0.002381 0.011215 0.000000 0.000000 0.000000
0.000000 0.000013 0.000009
5.187109 1.000000 0.000000
764.299377 0.000000
0.000000 0.000000 0.000000 0.000000
0.000000 1.045278
11 0.015000 1.215000 0.001000
0.487000 0.580000 0.780000 0.490000 1.250000 6.700000 0.650000 0.650000
187499.984375 75.360001 0.084000
1.073000 0.050000 0.116600
0.169183 0.086128 0.000480 0.000000
0.000000

0.000000 0.000000 1.044577
0.045935 0.005104 0.778685 4.268780 179.908997
0.000000 0.002310 0.011130 0.000000 0.000000 0.000000
0.000000 0.000013 0.000010
5.231764 1.000000 0.000000
764.299377 0.000000
0.000000 0.000000 0.000000 0.000000
0.000000 1.044798
11 0.015000 1.230000 0.001000
0.487000 0.580000 0.780000 0.490000 1.250000 6.700000 0.650000 0.650000
187499.984375 75.360001 0.084000
1.073000 0.050000 0.116600
0.169185 0.086202 0.000480 0.000000
0.000000

0.000000 0.000000 1.045236
0.045937 0.005105 0.778738 4.268816 179.910629
0.000000 0.002271 0.011131 0.000000 0.000000 0.000000
0.000000 0.000013 0.000010
5.275861 1.000000 0.000000
764.299377 0.000000
0.000000 0.000000 0.000000 0.000000
0.000000 1.044362
11 0.015000 1.245000 0.001000
0.487000 0.580000 0.780000 0.490000 1.250000 6.700000 0.650000 0.650000
187499.984375 75.360001 0.084000
1.073000 0.050000 0.116600
0.169185 0.086282 0.000481 0.000000
0.000000

0.000000 0.000000 1.045888
0.045937 0.005105 0.778785 4.268816 179.912094
0.000000 0.002246 0.011091 0.000000 0.000000 0.000000
0.000000 0.000013 0.000010
5.319393 1.000000 0.000000
764.299377 0.000000
0.000000 0.000000 0.000000 0.000000
0.000000 1.044557
11 0.015000 1.260000 0.001000
0.487000 0.580000 0.780000 0.490000 1.250000 6.700000 0.650000 0.650000
187499.984375 75.360001 0.084000
1.073000 0.050000 0.116600
0.169191 0.086596 0.000482 0.000000
0.000000

0.000000 0.000000 1.046625
0.045938 0.005105 0.778835 4.268805 179.913345
0.000000 0.002231 0.011048 0.000000 0.000000 0.000000
0.000000 0.000013 0.000010
5.362352 1.000000 0.000000
764.299377 0.000000
0.000000 0.000000 0.000000 0.000000
0.000000 1.044002
11 0.015000 1.275000 0.001000
0.487000 0.580000 0.780000 0.490000 1.250000 6.700000 0.650000 0.650000
187499.984375 75.360001 0.084000
1.073000 0.050000 0.116600
0.169192 0.086550 0.000482 0.000000
0.000000

0.000000 0.000000 1.048010
0.045939 0.005105 0.778890 4.268865 179.914871
0.000000 0.002218 0.011017 0.000000 0.000000 0.000000
0.000000 0.000012 0.000011
5.404732 1.000000 0.000000
764.299377 0.000000
0.000000 0.000000 0.000000 0.000000
0.000000 1.043474
11 0.015000 1.290000 0.001000
0.487000 0.580000 0.780000 0.490000 1.250000 6.700000 0.650000 0.650000
187499.984375 75.360001 0.084000
1.073000 0.050000 0.116600
0.169198 0.086557 0.000482 0.000000
0.000000

0.000000 0.000000 1.049510
0.045941 0.005105 0.778944 4.268912 179.916824
0.000000 0.002208 0.011013 0.000000 0.000000 0.000000
0.000000 0.000012 0.000011
5.446527 1.000000 0.000000
764.299377 0.000000
0.000000 0.000000 0.000000 0.000000
0.000000 1.042530
11 0.015000 1.305000 0.001000
0.487000 0.580000 0.780000 0.490000 1.250000 6.700000 0.650000 0.650000
187499.984375 75.360001 0.084000
1.073000 0.050000 0.116600
0.169201 0.086448 0.000481 0.000000
0.000000

0.000000 0.000000 1.050378
0.045942 0.005105 0.778995 4.268933 179.917786
0.000000 0.002203 0.011004 0.000000 0.000000 0.000000
0.000000 0.000012 0.000011
5.487737 1.000000 0.000000
764.299377 0.000000
0.000000 0.000000 0.000000 0.000000
0.000000 1.042976
11 0.015000 1.320000 0.001000
0.487000 0.580000 0.780000 0.490000 1.250000 6.700000 0.650000 0.650000
187499.984375 75.360001 0.084000
1.073000 0.050000 0.116600
0.169205 0.086560 0.000482 0.000000
0.000000

0.000000 0.000000 1.051042
0.045942 0.005105 0.779038 4.268925 179.919113
0.000000 0.002193 0.010938 0.000000 0.000000 0.000000
0.000000 0.000012 0.000011
5.528356 1.000000 0.000000
764.299377 0.000000
0.000000 0.000000 0.000000 0.000000
0.000000 1.042637
11 0.015000 1.335000 0.001000
0.487000 0.580000 0.780000 0.490000 1.250000 6.700000 0.650000 0.650000
187499.984375 75.360001 0.084000
1.073000 0.050000 0.116600
0.169209 0.086475 0.000482 0.000000
0.000000

0.000000 0.000000 1.051646
0.045943 0.005105 0.779085 4.268929 179.922012
0.000000 0.002186 0.010935 0.000000 0.000000 0.000000
0.000000 0.000012 0.000011
5.568384 1.000000 0.000000
764.299377 0.000000
0.000000 0.000000 0.000000 0.000000
0.000000 1.042877
11 0.015000 1.350000 0.001000
0.487000 0.580000 0.780000 0.490000 1.250000 6.700000 0.650000 0.650000
187499.984375 75.360001 0.084000
1.073000 0.050000 0.116600
0.169209 0.086570 0.000482 0.000000
0.000000

0.000000 0.000000 1.052268
0.045943 0.005105 0.779130 4.268915 179.923477
0.000000 0.002181 0.010907 0.000000 0.000000 0.000000
0.000000 0.000012 0.000011
5.607819 1.000000 0.000000
764.299377 0.000000
0.000000 0.000000 0.000000 0.000000
0.000000 1.043365
11 0.015000 1.365000 0.001000
0.487000 0.580000 0.780000 0.490000 1.250000 6.700000 0.650000 0.650000
187499.984375 75.360001 0.084000
1.073000 0.050000 0.116600
0.169213 0.086675 0.000483 0.000000
0.000000

0.000000 0.000000 1.053141
0.045944 0.005105 0.779176 4.268932 179.925217
0.000000 0.002176 0.010880 0.000000 0.000000 0.000000
0.000000 0.000012 0.000012
5.646662 1.000000 0.000000
764.299377 0.000000
0.000000 0.000000 0.000000 0.000000
0.000000 1.044992
11 0.015000 1.380000 0.001000
0.487000 0.580000 0.780000 0.490000 1.250000 6.700000 0.650000 0.650000
187499.984375 75.360001 0.084000
1.073000 0.050000 0.116600
0.169215 0.086869 0.000484 0.000000
0.000000

0.000000 0.000000 1.056249
0.045946 0.005106 0.779240 4.269048 179.928055
0.000000 0.002174 0.010891 0.000000 0.000000 0.000000
0.000000 0.000012 0.000012
5.684913 1.000000 0.000000
764.299377 0.000000
0.000000 0.000000 0.000000 0.000000
0.000000 1.043012
11 0.015000 1.395000 0.001000
0.487000 0.580000 0.780000 0.490000 1.250000 6.700000 0.650000 0.650000
187499.984375 75.360001 0.084000
1.073000 0.050000 0.116600
0.169227 0.086627 0.000482 0.000000
0.000000

0.000000 0.000000 1.056983
0.045947 0.005106 0.779285 4.269063 179.929428
0.000000 0.002171 0.010841 0.000000 0.000000 0.000000
0.000000 0.000012 0.000012
5.722573 1.000000 0.000000
764.299377 0.000000
0.000000 0.000000 0.000000 0.000000
0.000000 1.044726
11 0.015000 1.410000 0.001000
0.487000 0.580000 0.780000 0.490000 1.250000 6.700000 0.650000 0.650000
187499.984375 75.360001 0.084000
1.073000 0.050000 0.116600
0.169229 0.086864 0.000484 0.000000
0.000000

0.000000 0.000000 1.058188
0.045948 0.005106 0.779336 4.269092 179.931335
0.000000 0.002169 0.010828 0.000000 0.000000 0.000000
0.000000 0.000012 0.000012
5.759644 1.000000 0.000000
764.299377 0.000000
0.000000 0.000000 0.000000 0.000000
0.000000 1.043380
11 0.015000 1.425000 0.001000
0.487000 0.580000 0.780000 0.490000 1.250000 6.700000 0.650000 0.650000
187499.984375 75.360001 0.084000
1.073000 0.050000 0.116600
0.169232 0.086603 0.000482 0.000000
0.000000

0.000000 0.000000 1.059070
0.045949 0.005106 0.779378 4.269091 179.933105
0.000000 0.002165 0.010791 0.000000 0.000000 0.000000
0.000000 0.000012 0.000012
5.796127 1.000000 0.000000
764.299377 0.000000
0.000000 0.000000 0.000000 0.000000
0.000000 1.047937
11 0.015000 1.440000 0.001000
0.487000 0.580000 0.780000 0.490000 1.250000 6.700000 0.650000 0.650000
187499.984375 75.360001 0.084000
1.073000 0.050000 0.116600
0.169236 0.086649 0.000483 0.000000
0.000000

0.000000 0.000000 1.059632
0.045949 0.005106 0.779420 4.269087 179.934525
0.000000 0.002164 0.010788 0.000000 0.000000 0.000000
0.000000 0.000012 0.000012
5.832026 1.000000 0.000000
764.299377 0.000000
0.000000 0.000000 0.000000 0.000000
0.000000 1.048064
11 0.015000 1.455000 0.001000
0.487000 0.580000 0.780000 0.490000 1.250000 6.700000 0.650000 0.650000
187499.984375 75.360001 0.084000
1.073000 0.050000 0.116600
0.169240 0.086602 0.000482 0.000000
0.000000

0.000000 0.000000 1.060187
0.045950 0.005106 0.779464 4.269094 179.935593
0.000000 0.002164 0.010772 0.000000 0.000000 0.000000
0.000000 0.000012 0.000012
5.867343 1.000000 0.000000
764.299377 0.000000
0.000000 0.000000 0.000000 0.000000
0.000000 1.050225
11 0.015000 1.470000 0.001000
0.487000 0.580000 0.780000 0.490000 1.250000 6.700000 0.650000 0.650000
187499.984375 75.360001 0.084000
1.073000 0.050000 0.116600
0.169240 0.086678 0.000483 0.000000
0.000000

0.000000 0.000000 1.060734
0.045951 0.005106 0.779505 4.269094 179.936737
0.000000 0.002169 0.010767 0.000000 0.000000 0.000000
0.000000 0.000012 0.000012
5.902082 1.000000 0.000000
764.299377 0.000000
0.000000 0.000000 0.000000 0.000000
0.000000 1.052823
11 0.015000 1.485000 0.001000
0.487000 0.580000 0.780000 0.490000 1.250000 6.700000 0.650000 0.650000
187499.984375 75.360001 0.084000
1.073000 0.050000 0.116600
0.169241 0.086767 0.000483 0.000000
0.000000

0.000000 0.000000 1.061274
0.045951 0.005106 0.779547 4.269098 179.938766
0.000000 0.002180 0.010773 0.000000 0.000000 0.000000
0.000000 0.000012 0.000013
5.936246 1.000000 0.000000
764.299377 0.000000
0.000000 0.000000 0.000000 0.000000
0.000000 1.060119
11 0.015000 1.500000 0.001000
0.487000 0.580000 0.780000 0.490000 1.250000 6.700000 0.650000 0.650000
187499.984375 75.360001 0.084000
1.073000 0.050000 0.116600
0.169243 0.087099 0.000485 0.000000
0.000000

0.000000 0.000000 1.062033
0.045952 0.005106 0.779588 4.269096 179.939835
0.000000 0.002198 0.010791 0.000000 0.000000 0.000000
0.000000 0.000013 0.000013
5.969839 1.000000 0.000000
764.299377 0.000000
0.000000 0.000000 0.000000 0.000000
0.000000 1.059519
11 0.015000 1.515000 0.001000
0.487000 0.580000 0.780000 0.490000 1.250000 6.700000 0.650000 0.650000
187499.984375 75.360001 0.084000
1.073000 0.050000 0.116600
0.169246 0.086838 0.000484 0.000000
0.000000

0.000000 0.000000 1.062692
0.045952 0.005106 0.779627 4.269087 179.940567
0.000000 0.002218 0.010785 0.000000 0.000000 0.000000
0.000000 0.000013 0.000013
6.002866 1.000000 0.000000
764.299377 0.000000
0.000000 0.000000 0.000000 0.000000
0.000000 1.064305
11 0.015000 1.530000 0.001000
0.487000 0.580000 0.780000 0.490000 1.250000 6.700000 0.650000 0.650000
187499.984375 75.360001 0.084000
1.073000 0.050000 0.116600
0.169251 0.086940 0.000484 0.000000
0.000000

0.000000 0.000000 1.069708
0.045957 0.005107 0.779728 4.269400 179.947830
0.000000 0.002247 0.010815 0.000000 0.000000 0.000000
0.000000 0.000013 0.000013
6.035330 1.000000 0.000000
764.299377 0.000000
0.000000 0.000000 0.000000 0.000000
0.000000 1.066275
11 0.015000 1.545000 0.001000
0.487000 0.580000 0.780000 0.490000 1.250000 6.700000 0.650000 0.650000
187499.984375 75.360001 0.084000
1.073000 0.050000 0.116600
0.169274 0.087022 0.000485 0.000000
0.000000

0.000000 0.000000 1.092960
0.045969 0.005108 0.779949 4.270391 179.978622
0.000000 0.002272 0.010774 0.000000 0.000000 0.000000
0.000000 0.000013 0.000013
6.067237 1.000000 0.000000
764.299377 0.000000
0.000000 0.000000 0.000000 0.000000
0.000000 1.060269
11 0.015000 1.560000 0.001000
0.487000 0.580000 0.780000 0.490000 1.250000 6.700000 0.650000 0.650000
187499.984375 75.360001 0.084000
1.073000 0.050000 0.116600
0.169354 0.086725 0.000483 0.000000
0.000000

0.000000 0.000000 1.093501
0.045969 0.005108 0.779987 4.270384 179.979645
0.000000 0.002303 0.010752 0.000000 0.000000 0.000000
0.000000 0.000013 0.000013
6.098592 1.000000 0.000000
764.299377 0.000000
0.000000 0.000000 0.000000 0.000000
0.000000 1.063367
11 0.015000 1.575000 0.001000
0.487000 0.580000 0.780000 0.490000 1.250000 6.700000 0.650000 0.650000
187499.984375 75.360001 0.084000
1.073000 0.050000 0.116600
0.169357 0.086805 0.000483 0.000000
0.000000

0.000000 0.000000 1.094048
0.045970 0.005108 0.780024 4.270370 179.980652
0.000000 0.002347 0.010782 0.000000 0.000000 0.000000
0.000000 0.000013 0.000012
6.129397 1.000000 0.000000
764.299377 0.000000
0.000000 0.000000 0.000000 0.000000
0.000000 1.066749
11 0.015000 1.590000 0.001000
0.487000 0.580000 0.780000 0.490000 1.250000 6.700000 0.650000 0.650000
187499.984375 75.360001 0.084000
1.073000 0.050000 0.116600
0.169358 0.086898 0.000484 0.000000
0.000000

0.000000 0.000000 1.094614
0.045970 0.005108 0.780062 4.270349 179.982010
0.000000 0.002407 0.010832 0.000000 0.000000 0.000000
0.000000 0.000014 0.000012
6.159660 1.000000 0.000000
764.299377 0.000000
0.000000 0.000000 0.000000 0.000000
0.000000 1.073118
11 0.015000 1.605000 0.001000
0.487000 0.580000 0.780000 0.490000 1.250000 6.700000 0.650000 0.650000
187499.984375 75.360001 0.084000
1.073000 0.050000 0.116600
0.169362 0.087154 0.000485 0.000000
0.000000

0.000000 0.000000 1.095457
0.045971 0.005108 0.780102 4.270363 179.983612
0.000000 0.002470 0.010787 0.000000 0.000000 0.000000
0.000000 0.000014 0.000012
6.189384 1.000000 0.000000
764.299377 0.000000
0.000000 0.000000 0.000000 0.000000
0.000000 1.070962
11 0.015000 1.620000 0.001000
0.487000 0.580000 0.780000 0.490000 1.250000 6.700000 0.650000 0.650000
187499.984375 75.360001 0.084000
1.073000 0.050000 0.116600
0.169364 0.086985 0.000484 0.000000
0.000000

0.000000 0.000000 1.110466
0.045978 0.005109 0.780245 4.270926 180.007736
0.000000 0.002535 0.010763 0.000000 0.000000 0.000000
0.000000 0.000014 0.000012
6.218575 1.000000 0.000000
764.299377 0.000000
0.000000 0.000000 0.000000 0.000000
0.000000 1.059192
11 0.015000 1.635000 0.001000
0.487000 0.580000 0.780000 0.490000 1.250000 6.700000 0.650000 0.650000
187499.984375 75.360001 0.084000
1.073000 0.050000 0.116600
0.169414 0.087004 0.000485 0.000000
0.000000

0.000000 0.000000 1.111331
0.045979 0.005109 0.780284 4.270935 180.009613
0.000000 0.002603 0.010767 0.000000 0.000000 0.000000
0.000000 0.000015 0.000012
6.247236 1.000000 0.000000
764.299377 0.000000
0.000000 0.000000 0.000000 0.000000
0.000000 1.059195
11 0.015000 1.650000 0.001000
0.487000 0.580000 0.780000 0.490000 1.250000 6.700000 0.650000 0.650000
187499.984375 75.360001 0.084000
1.073000 0.050000 0.116600
0.169418 0.086882 0.000484 0.000000
0.000000

0.000000 0.000000 1.111902
0.045979 0.005109 0.780322 4.270936 180.010880
0.000000 0.002671 0.010783 0.000000 0.000000 0.000000
0.000000 0.000015 0.000012
6.275374 1.000000 0.000000
764.299377 0.000000
0.000000 0.000000 0.000000 0.000000
0.000000 1.059918
11 0.015000 1.665000 0.001000
0.487000 0.580000 0.780000 0.490000 1.250000 6.700000 0.650000 0.650000
187499.984375 75.360001 0.084000
1.073000 0.050000 0.116600
0.169419 0.086969 0.000484 0.000000
0.000000

0.000000 0.000000 1.112479
0.045980 0.005109 0.780357 4.270925 180.012238
0.000000 0.002726 0.010745 0.000000 0.000000 0.000000
0.000000 0.000015 0.000012
6.302992 1.000000 0.000000
764.299377 0.000000
0.000000 0.000000 0.000000 0.000000
0.000000 1.062505
11 0.015000 1.680000 0.001000
0.487000 0.580000 0.780000 0.490000 1.250000 6.700000 0.650000 0.650000
187499.984375 75.360001 0.084000
1.073000 0.050000 0.116600
0.169422 0.087302 0.000486 0.000000
0.000000

0.000000 0.000000 1.113387
0.045980 0.005109 0.780393 4.270916 180.013916
0.000000 0.002769 0.010738 0.000000 0.000000 0.000000
0.000000 0.000015 0.000012
6.330096 1.000000 0.000000
764.299377 0.000000
0.000000 0.000000 0.000000 0.000000
0.000000 1.061355
11 0.015000 1.695000 0.001000
0.487000 0.580000 0.780000 0.490000 1.250000 6.700000 0.650000 0.650000
187499.984375 75.360001 0.084000
1.073000 0.050000 0.116600
0.169424 0.087072 0.000485 0.000000
0.000000

0.000000 0.000000 1.114851
0.045981 0.005110 0.780439 4.270960 180.016586
0.000000 0.002804 0.010746 0.000000 0.000000 0.000000
0.000000 0.000016 0.000012
6.356691 1.000000 0.000000
764.299377 0.000000
0.000000 0.000000 0.000000 0.000000
0.000000 1.062058
11 0.015000 1.710000 0.001000
0.487000 0.580000 0.780000 0.490000 1.250000 6.700000 0.650000 0.650000
187499.984375 75.360001 0.084000
1.073000 0.050000 0.116600
0.169429 0.087124 0.000485 0.000000
0.000000

0.000000 0.000000 1.115416
0.045982 0.005110 0.780472 4.270939 180.018097
0.000000 0.002850 0.010823 0.000000 0.000000 0.000000
0.000000 0.000016 0.000011
6.382782 1.000000 0.000000
764.299377 0.000000
0.000000 0.000000 0.000000 0.000000
0.000000 1.063031
11 0.015000 1.725000 0.001000
0.487000 0.580000 0.780000 0.490000 1.250000 6.700000 0.650000 0.650000
187499.984375 75.360001 0.084000
1.073000 0.050000 0.116600
0.169431 0.087232 0.000486 0.000000
0.000000

0.000000 0.000000 1.116603
0.045982 0.005110 0.780511 4.270946 180.020645
0.000000 0.002925 0.010896 0.000000 0.000000 0.000000
0.000000 0.000016 0.000011
6.408372 1.000000 0.000000
764.299377 0.000000
0.000000 0.000000 0.000000 0.000000
0.000000 1.062071
11 0.015000 1.740000 0.001000
0.487000 0.580000 0.780000 0.490000 1.250000 6.700000 0.650000 0.650000
187499.984375 75.360001 0.084000
1.073000 0.050000 0.116600
0.169435 0.087325 0.000486 0.000000
0.000000

0.000000 0.000000 1.126516
0.045987 0.005110 0.780606 4.271269 180.034256
0.000000 0.003064 0.011045 0.000000 0.000000 0.000000
0.000000 0.000017 0.000011
6.433468 1.000000 0.000000
764.299377 0.000000
0.000000 0.000000 0.000000 0.000000
0.000000 1.058686
11 0.015000 1.755000 0.001000
0.487000 0.580000 0.780000 0.490000 1.250000 6.700000 0.650000 0.650000
187499.984375 75.360001 0.084000
1.073000 0.050000 0.116600
0.169469 0.087232 0.000486 0.000000
0.000000

0.000000 0.000000 1.143861
0.045994 0.005111 0.780738 4.271790 180.047943
0.000000 0.003291 0.011072 0.000000 0.000000 0.000000
0.000000 0.000017 0.000010
6.458074 1.000000 0.000000
764.299377 0.000000
0.000000 0.000000 0.000000 0.000000
0.000000 1.057874
11 0.015000 1.770000 0.001000
0.487000 0.580000 0.780000 0.490000 1.250000 6.700000 0.650000 0.650000
187499.984375 75.360001 0.084000
1.073000 0.050000 0.116600
0.169526 0.087148 0.000485 0.000000
0.000000

0.000000 0.000000 1.148086
0.045995 0.005111 0.780792 4.271902 180.051758
0.000000 0.003699 0.011242 0.000000 0.000000 0.000000
0.000000 0.000019 0.000009
6.482193 1.000000 0.000000
764.299377 0.000000
0.000000 0.000000 0.000000 0.000000
0.000000 1.058008
11 0.015000 1.785000 0.001000
0.487000 0.580000 0.780000 0.490000 1.250000 6.700000 0.650000 0.650000
187499.984375 75.360001 0.084000
1.073000 0.050000 0.116600
0.169539 0.087457 0.000487 0.000000
0.000000

0.000000 0.000000 1.156128
0.045998 0.005112 0.780864 4.272094 180.055267
0.000000 0.004404 0.011370 0.000000 0.000000 0.000000
0.000000 0.000020 0.000008
6.505833 1.000000 0.000000
764.299377 0.000000
0.000000 0.000000 0.000000 0.000000
0.000000 1.056534
11 0.015000 1.800000 0.001000
0.487000 0.580000 0.780000 0.490000 1.250000 6.700000 0.650000 0.650000
187499.984375 75.360001 0.084000
1.073000 0.050000 0.116600
0.169566 0.087234 0.000486 0.000000
0.000000

0.000000 0.000000 1.157547
0.045999 0.005112 0.780899 4.272085 180.056961
0.000000 0.005602 0.011552 0.000000 0.000000 0.000000
0.000000 0.000022 0.000007
6.528994 1.000000 0.000000
764.299377 0.000000
0.000000 0.000000 0.000000 0.000000
0.000000 1.056592
11 0.015000 1.815000 0.001000
0.487000 0.580000 0.780000 0.490000 1.250000 6.700000 0.650000 0.650000
187499.984375 75.360001 0.084000
1.073000 0.050000 0.116600
0.169571 0.087320 0.000486 0.000000
0.000000

0.000000 0.000000 1.162737
0.046001 0.005112 0.780955 4.272195 180.059967
0.000000 0.007504 0.011689 0.000000 0.000000 0.000000
0.000000 0.000024 0.000005
6.551683 1.000000 0.000000
764.299377 0.000000
0.000000 0.000000 0.000000 0.000000
0.000000 1.056162
11 0.015000 1.830000 0.001000
0.487000 0.580000 0.780000 0.490000 1.250000 6.700000 0.650000 0.650000
187499.984375 75.360001 0.084000
1.073000 0.050000 0.116600
0.169587 0.087300 0.000486 0.000000
0.000000

0.000000 0.000000 1.163416
0.046001 0.005112 0.780989 4.272182 180.061005
0.000000 0.010277 0.011803 0.000000 0.000000 0.000000
0.000000 0.000026 0.000004
6.573903 1.000000 0.000000
764.299377 0.000000
0.000000 0.000000 0.000000 0.000000
0.000000 1.056311
11 0.015000 1.845000 0.001000
0.487000 0.580000 0.780000 0.490000 1.250000 6.700000 0.650000 0.650000
187499.984375 75.360001 0.084000
1.073000 0.050000 0.116600
0.169591 0.087387 0.000487 0.000000
0.000000

0.000000 0.000000 1.164288
0.046001 0.005112 0.781022 4.272175 180.062515
0.000000 0.013929 0.011923 0.000000 0.000000 0.000000
0.000000 0.000027 0.000003
6.595658 1.000000 0.000000
764.299377 0.000000
0.000000 0.000000 0.000000 0.000000
0.000000 1.056276
11 0.015000 1.860000 0.001000
0.487000 0.580000 0.780000 0.490000 1.250000 6.700000 0.650000 0.650000
187499.984375 75.360001 0.084000
1.073000 0.050000 0.116600
0.169593 0.087260 0.000486 0.000000
0.000000

0.000000 0.000000 1.165632
0.046002 0.005112 0.781060 4.272188 180.064178
0.000000 0.018206 0.011921 0.000000 0.000000 0.000000
0.000000 0.000025 0.000002
6.616952 1.000000 0.000000
764.299377 0.000000
0.000000 0.000000 0.000000 0.000000
0.000000 1.056327
11 0.015000 1.875000 0.001000
0.487000 0.580000 0.780000 0.490000 1.250000 6.700000 0.650000 0.650000
187499.984375 75.360001 0.084000
1.073000 0.050000 0.116600
0.169598 0.087396 0.000487 0.000000
0.000000

0.000000 0.000000 1.166491
0.046002 0.005112 0.781093 4.272188 180.065750
0.000000 0.022530 0.011897 0.000000 0.000000 0.000000
0.000000 0.000023 0.000001
6.637789 1.000000 0.000000
764.299377 0.000000
0.000000 0.000000 0.000000 0.000000
0.000000 1.056488
11 0.015000 1.890000 0.001000
0.487000 0.580000 0.780000 0.490000 1.250000 6.700000 0.650000 0.650000
187499.984375 75.360001 0.084000
1.073000 0.050000 0.116600
0.169599 0.087592 0.000488 0.000000
0.000000

0.000000 0.000000 1.167552
0.046003 0.005112 0.781127 4.272183 180.067474
0.000000 0.026171 0.011870 0.000000 0.000000 0.000000
0.000000 0.000021 0.000001
6.658172 1.000000 0.000000
764.299377 0.000000
0.000000 0.000000 0.000000 0.000000
0.000000 1.056353
11 0.015000 1.905000 0.001000
0.487000 0.580000 0.780000 0.490000 1.250000 6.700000 0.650000 0.650000
187499.984375 75.360001 0.084000
1.073000 0.050000 0.116600
0.169604 0.087293 0.000486 0.000000
0.000000

0.000000 0.000000 1.168369
0.046003 0.005112 0.781159 4.272170 180.068863
0.000000 0.028465 0.011813 0.000000 0.000000 0.000000
0.000000 0.000019 0.000001
6.678104 1.000000 0.000000
764.299377 0.000000
0.000000 0.000000 0.000000 0.000000
0.000000 1.056383
11 0.015000 1.920000 0.001000
0.487000 0.580000 0.780000 0.490000 1.250000 6.700000 0.650000 0.650000
187499.984375 75.360001 0.084000
1.073000 0.050000 0.116600
0.169606 0.087287 0.000486 0.000000
0.000000

0.000000 0.000000 1.168975
0.046003 0.005112 0.781190 4.272141 180.070129
0.000000 0.029011 0.011723 0.000000 0.000000 0.000000
0.000000 0.000019 0.000001
6.697590 1.000000 0.000000
764.299377 0.000000
0.000000 0.000000 0.000000 0.000000
0.000000 1.056487
11 0.015000 1.935000 0.001000
0.487000 0.580000 0.780000 0.490000 1.250000 6.700000 0.650000 0.650000
187499.984375 75.360001 0.084000
1.073000 0.050000 0.116600
0.169607 0.087372 0.000487 0.000000
0.000000

0.000000 0.000000 1.169580
0.046004 0.005112 0.781222 4.272138 180.071442
0.000000 0.027759 0.011621 0.000000 0.000000 0.000000
0.000000 0.000020 0.000001
6.716633 1.000000 0.000000
764.299377 0.000000
0.000000 0.000000 0.000000 0.000000
0.000000 1.057128
11 0.015000 1.950000 0.001000
0.487000 0.580000 0.780000 0.490000 1.250000 6.700000 0.650000 0.650000
187499.984375 75.360001 0.084000
1.073000 0.050000 0.116600
0.169610 0.087687 0.000488 0.000000
0.000000

0.000000 0.000000 1.170676
0.046004 0.005112 0.781255 4.272134 180.073364
0.000000 0.024994 0.011412 0.000000 0.000000 0.000000
0.000000 0.000022 0.000001
6.735235 1.000000 0.000000
764.299377 0.000000
0.000000 0.000000 0.000000 0.000000
0.000000 1.056751
11 0.015000 1.965000 0.001000
0.487000 0.580000 0.780000 0.490000 1.250000 6.700000 0.650000 0.650000
187499.984375 75.360001 0.084000
1.073000 0.050000 0.116600
0.169614 0.087580 0.000488 0.000000
0.000000

0.000000 0.000000 1.175688
0.046006 0.005112 0.781305 4.272225 180.076996
0.000000 0.021247 0.011182 0.000000 0.000000 0.000000
0.000000 0.000024 0.000002
6.753399 1.000000 0.000000
764.299377 0.000000
0.000000 0.000000 0.000000 0.000000
0.000000 1.056183
11 0.015000 1.980000 0.001000
0.487000 0.580000 0.780000 0.490000 1.250000 6.700000 0.650000 0.650000
187499.984375 75.360001 0.084000
1.073000 0.050000 0.116600
0.169628 0.087610 0.000488 0.000000
0.000000

0.000000 0.000000 1.177538
0.046006 0.005112 0.781341 4.272243 180.079453
0.000000 0.062079 0.011722 0.000000 0.000000 0.000000
0.000000 0.000010 0.000000
6.771130 1.000000 0.000000
764.299377 0.000000
0.000000 0.000000 0.000000 0.000000
0.000000 1.055798
11 0.015000 1.995000 0.001000
0.487000 0.580000 0.780000 0.490000 1.250000 6.700000 0.650000 0.650000
187499.984375 75.360001 0.084000
1.073000 0.050000 0.116600
0.169636 0.087715 0.000489 0.000000
0.000000
1.000000
2.000000
0.321000 0.000000
0.000000
0
-0.720000
0 0
0.000000
1
0.000000
1.000000
1.000000
1.000000
0.000000 0.000000 0.000000
0.000000 0.000000
0.000000 0.000000 0.000000 0.000000 0.000000 0.000000 0.000000
0.000000 0.000000 0.000000 0.000000 0.000000 0.000000 0.000000
605
2.000000
1
C:\Kingsite\dnd\Ohio1.spf
-1.000000 -1.000000
0.000000
48
48
10.000000
103
