11
Clay
0.580000 0.612000 0.084000 0.780000 0.530000 1.000000 0.000000 0.000000
1.020000 6.700000 1 0.028600 0.500000 0.050000 0.010000 0.027000 0.963000
0.000000 0.015000 2.000000 152999.984375 75.360001 133
0.103800 3.528000 4.728100 0.000000 1
8.234000 8.234000 10.000000 5.000000 25.000000 100.000000
0.000000 0.000000 0.026063 0.000000 46.382038 68.624405
500.000000 0.000000 0.000000

0.124202 125.370911 304.597778
2.223753 0.247150 37.737923 230.678909 4006.462891
0.000000 0.131551 0.012842 0.687120 0.000000 0.000000
0.000001 0.000000 0.000001
-0.176576 0.000010 71.318954
764.299377 0.000000
1.258122 0.000000 0.000000 0.000000
0.000000 0.029293
11 0.015000 0.015000 0.028600
0.612000 0.580000 0.780000 0.530000 1.020000 6.700000 0.780000 0.780000
152999.984375 75.360001 0.084000
1.073000 0.050000 0.116600
3.705706 25.716507 0.002356 0.000000
0.000000

0.121969 14.157763 16.384937
0.994136 0.110486 17.394882 104.829666 4190.440430
0.000000 0.000075 0.017196 0.499431 0.000000 0.000000
0.000001 0.000000 0.000001
-0.122828 0.000010 71.318954
764.299377 0.000000
0.151467 0.000000 0.000000 0.000000
0.000000 0.018421
11 0.015000 0.030000 0.028600
0.612000 0.580000 0.780000 0.530000 1.020000 6.700000 0.780000 0.780000
152999.984375 75.360001 0.084000
1.073000 0.050000 0.116600
3.884662 4.551910 0.000003 0.000000
0.000000

0.114445 12.177515 9.935899
0.981246 0.109052 17.086832 102.244583 4191.405273
0.000000 0.002723 0.024001 0.249715 0.000000 0.000000
0.000001 0.000000 0.000001
-0.083153 0.000010 71.318954
764.299377 0.000000
0.132556 0.000000 0.000000 0.000000
0.000000 0.018285
11 0.015000 0.045000 0.028600
0.612000 0.580000 0.780000 0.530000 1.020000 6.700000 0.780000 0.780000
152999.984375 75.360001 0.084000
1.073000 0.050000 0.116600
3.889827 3.475271 0.000001 0.000000
0.000000

0.107550 11.305767 9.552923
0.987133 0.109705 17.115831 101.887115 4192.143066
0.000000 0.003279 0.022630 0.124858 0.000000 0.000000
0.000001 0.000000 0.000001
-0.040788 0.000010 71.318954
764.299377 0.000000
0.121057 0.000000 0.000000 0.000000
0.000000 0.021425
11 0.015000 0.060000 0.028600
0.612000 0.580000 0.780000 0.530000 1.020000 6.700000 0.780000 0.780000
152999.984375 75.360001 0.084000
1.073000 0.050000 0.116600
3.893613 3.049354 0.000001 0.000000
0.000000

0.100703 10.487241 9.158741
0.992892 0.110344 17.117550 101.527367 4192.697754
0.000000 0.003610 0.020924 0.062429 0.000000 0.000000
0.000001 0.000000 0.000001
0.000000 0.013176 70.109421
764.299377 0.000000
0.109601 0.000000 0.000000 0.000000
0.000000 0.026324
11 0.015000 0.075000 0.028600
0.612000 0.580000 0.780000 0.530000 1.020000 6.700000 0.780000 0.780000
152999.984375 75.360001 0.084000
1.073000 0.050000 0.116600
3.896234 2.880186 0.000326 0.000000
0.000000

0.093537 9.655889 8.773997
0.999996 0.111134 17.115259 101.236580 4193.163086
0.000000 0.003818 0.019030 0.031214 0.000000 0.000000
0.000001 0.000000 0.000001
0.000000 0.160887 56.549519
764.299377 0.000000
0.098280 0.000000 0.000000 0.000000
0.000000 0.033408
11 0.015000 0.090000 0.028600
0.612000 0.580000 0.780000 0.530000 1.020000 6.700000 0.780000 0.780000
152999.984375 75.360001 0.084000
1.073000 0.050000 0.116600
3.898604 2.973600 0.004101 0.000000
0.000000

0.087128 8.933129 44.910492
1.043066 0.115923 17.655287 104.206505 4197.452637
0.000000 0.003409 0.015477 0.015607 0.000000 0.000000
0.000001 0.000000 0.000001
0.000000 0.316754 42.240917
764.299377 0.000000
0.090051 0.000000 0.000000 0.000000
0.000000 0.050001
11 0.015000 0.105000 0.028600
0.612000 0.580000 0.780000 0.530000 1.020000 6.700000 0.780000 0.780000
152999.984375 75.360001 0.084000
1.073000 0.050000 0.116600
3.952745 2.562353 0.006957 0.000000
0.000000

0.081059 8.272605 38.450195
0.768865 0.085450 12.885272 75.544235 2981.754883
0.000000 0.003470 0.010816 0.007804 0.000000 0.000000
0.000000 0.000000 0.000001
0.000000 0.429263 17.827278
764.299377 0.000000
0.056783 0.000000 0.000000 0.000000
0.000000 0.063792
11 0.015000 0.120000 0.018000
0.547000 0.580000 0.780000 0.490000 1.150000 6.700000 0.650000 0.650000
172500.000000 75.360001 0.084000
1.073000 0.050000 0.116600
2.813346 2.888795 0.008427 0.000000
0.000000

0.076531 7.797280 37.400028
0.773729 0.085992 12.852920 75.168015 2981.926270
0.000000 0.003740 0.009199 0.003902 0.000000 0.000000
0.000000 0.000000 0.000001
0.000000 0.606759 3.263733
764.299377 0.000000
0.047011 0.000000 0.000000 0.000000
0.000000 0.082477
11 0.015000 0.135000 0.018000
0.547000 0.580000 0.780000 0.490000 1.150000 6.700000 0.650000 0.650000
172500.000000 75.360001 0.084000
1.073000 0.050000 0.116600
2.813813 2.327858 0.009598 0.000000
0.000000

0.070797 7.171383 36.310303
0.778616 0.086534 12.831496 74.908623 2982.069092
0.000000 0.004129 0.007572 0.001951 0.000000 0.000000
0.000000 0.000003 0.000001
0.282836 0.646536 0.000000
764.299377 0.000000
0.037425 0.000000 0.000000 0.000000
0.000000 0.103163
11 0.015000 0.150000 0.018000
0.547000 0.580000 0.780000 0.490000 1.150000 6.700000 0.650000 0.650000
172500.000000 75.360001 0.084000
1.073000 0.050000 0.116600
2.814158 2.120611 0.009316 0.000000
0.000000

0.065776 10.845538 35.327515
0.766865 0.085228 12.611298 73.555748 2982.164307
0.000000 0.004067 0.006076 0.000975 0.000000 0.000000
0.000000 0.000003 0.000002
0.353613 0.646536 0.000000
764.299377 0.000000
0.027435 0.000000 0.000000 0.000000
0.000000 0.134332
11 0.015000 0.165000 0.018000
0.547000 0.580000 0.780000 0.490000 1.150000 6.700000 0.650000 0.650000
172500.000000 75.360001 0.084000
1.073000 0.050000 0.116600
2.814399 2.127775 0.009348 0.000000
0.000000

0.060836 10.064349 34.467514
0.774927 0.086124 12.598448 73.376945 2982.321777
0.000000 0.004043 0.004683 0.000488 0.000000 0.000000
0.000000 0.000004 0.000002
0.426568 0.646536 0.000000
764.299377 0.000000
0.015956 0.000000 0.000000 0.000000
0.000000 0.168088
11 0.015000 0.180000 0.018000
0.547000 0.580000 0.780000 0.490000 1.150000 6.700000 0.650000 0.650000
172500.000000 75.360001 0.084000
1.073000 0.050000 0.116600
2.814744 2.167916 0.009524 0.000000
0.000000

0.056745 9.361916 33.647316
0.778296 0.086498 12.582767 73.203186 2982.409424
0.000000 0.004003 0.003739 0.000244 0.000000 0.000000
0.000000 0.000004 0.000003
0.502371 0.646536 0.000000
764.299377 0.000000
0.009788 0.000000 0.000000 0.000000
0.000000 0.205314
11 0.015000 0.195000 0.018000
0.547000 0.580000 0.780000 0.490000 1.150000 6.700000 0.650000 0.650000
172500.000000 75.360001 0.084000
1.073000 0.050000 0.116600
2.814985 2.029328 0.008927 0.000000
0.000000

0.050392 8.530332 32.139359
0.783975 0.087132 12.506322 73.263870 2982.044678
0.000000 0.003876 0.003016 0.000122 0.000000 0.000000
0.000000 0.000005 0.000004
0.583078 0.650000 0.000000
764.299377 0.000000
0.003853 0.000000 0.000000 0.000000
0.000000 0.239880
11 0.015000 0.210000 0.018000
0.547000 0.580000 0.780000 0.490000 1.150000 6.700000 0.650000 0.650000
172500.000000 75.360001 0.084000
1.073000 0.050000 0.116600
2.813612 1.796492 0.007998 0.000000
0.000000

0.046629 7.908778 21.296011
0.422123 0.046919 6.650072 38.927731 1555.895996
0.000000 0.003620 0.001937 0.000061 0.000000 0.000000
0.000000 0.000005 0.000003
0.662558 0.650000 0.000000
764.299377 0.000000
0.000000 0.000000 0.000000 0.000000
0.000000 0.262791
11 0.015000 0.225000 0.009000
0.527000 0.580000 0.780000 0.490000 1.200000 6.700000 0.650000 0.650000
180000.015625 75.360001 0.084000
1.073000 0.050000 0.116600
1.468054 1.164281 0.004792 0.000000
0.000000

0.043113 7.334282 20.586819
0.420377 0.046725 6.633934 38.805767 1555.933960
0.000000 0.003205 0.001809 0.000030 0.000000 0.000000
0.000000 0.000006 0.000004
0.738072 0.650000 0.000000
764.299377 0.000000
0.000000 0.000000 0.000000 0.000000
0.000000 0.274389
11 0.015000 0.240000 0.009000
0.527000 0.580000 0.780000 0.490000 1.200000 6.700000 0.650000 0.650000
180000.015625 75.360001 0.084000
1.073000 0.050000 0.116600
1.468133 1.080690 0.004445 0.000000
0.000000

0.039928 6.804628 19.929937
0.418758 0.046544 6.619128 38.690937 1555.952026
0.000000 0.002719 0.001806 0.000015 0.000000 0.000000
0.000000 0.000006 0.000005
0.815512 0.650000 0.000000
764.299377 0.000000
0.000000 0.000000 0.000000 0.000000
0.000000 0.274768
11 0.015000 0.255000 0.009000
0.527000 0.580000 0.780000 0.490000 1.200000 6.700000 0.650000 0.650000
180000.015625 75.360001 0.084000
1.073000 0.050000 0.116600
1.468212 1.030483 0.004237 0.000000
0.000000

0.036951 6.311610 19.318096
0.417363 0.046390 6.605402 38.585640 1555.982666
0.000000 0.002226 0.001773 0.000008 0.000000 0.000000
0.000000 0.000005 0.000006
0.894781 0.650000 0.000000
764.299377 0.000000
0.000000 0.000000 0.000000 0.000000
0.000000 0.266156
11 0.015000 0.270000 0.009000
0.527000 0.580000 0.780000 0.490000 1.200000 6.700000 0.650000 0.650000
180000.015625 75.360001 0.084000
1.073000 0.050000 0.116600
1.468296 0.992711 0.004080 0.000000
0.000000

0.034203 5.854010 18.750082
0.416136 0.046254 6.592444 38.487370 1556.020020
0.000000 0.001792 0.001858 0.000004 0.000000 0.000000
0.000000 0.000004 0.000008
0.975776 0.650000 0.000000
764.299377 0.000000
0.000000 0.000000 0.000000 0.000000
0.000000 0.251607
11 0.015000 0.285000 0.009000
0.527000 0.580000 0.780000 0.490000 1.200000 6.700000 0.650000 0.650000
180000.015625 75.360001 0.084000
1.073000 0.050000 0.116600
1.468345 0.957185 0.003933 0.000000
0.000000

0.031648 5.428662 18.216965
0.415144 0.046144 6.579980 38.398800 1556.059448
0.000000 0.001438 0.001906 0.000002 0.000000 0.000000
0.000000 0.000003 0.000010
1.058391 0.650000 0.000000
764.299377 0.000000
0.000000 0.000000 0.000000 0.000000
0.000000 0.234445
11 0.015000 0.300000 0.009000
0.527000 0.580000 0.780000 0.490000 1.200000 6.700000 0.650000 0.650000
180000.015625 75.360001 0.084000
1.073000 0.050000 0.116600
1.468406 0.885678 0.003637 0.000000
0.000000

0.029281 5.034319 17.725014
0.414297 0.046051 6.568764 38.315411 1556.069580
0.000000 0.001176 0.001971 0.000001 0.000000 0.000000
0.000000 0.000001 0.000013
1.142519 0.650000 0.000000
764.299377 0.000000
0.000000 0.000000 0.000000 0.000000
0.000000 0.217213
11 0.015000 0.315000 0.009000
0.527000 0.580000 0.780000 0.490000 1.200000 6.700000 0.650000 0.650000
180000.015625 75.360001 0.084000
1.073000 0.050000 0.116600
1.468445 0.851812 0.003497 0.000000
0.000000

0.027096 4.668763 14.641267
0.319232 0.035485 5.047968 29.431240 1188.731689
0.000000 0.000999 0.002185 0.000000 0.000000 0.000000
0.000000 0.000001 0.000009
1.229193 0.650000 0.000000
764.299377 0.000000
0.000000 0.000000 0.000000 0.000000
0.000000 0.200791
11 0.015000 0.330000 0.006600
0.497000 0.580000 0.780000 0.490000 1.250000 6.700000 0.650000 0.650000
187499.984375 75.360001 0.084000
1.073000 0.050000 0.116600
1.121771 0.700241 0.002599 0.000000
0.000000

0.025282 4.339930 14.220233
0.318441 0.035397 5.038470 29.354383 1188.738892
0.000000 0.000876 0.002095 0.000000 0.000000 0.000000
0.000000 0.000000 0.000011
1.318363 0.650000 0.000000
764.299377 0.000000
0.000000 0.000000 0.000000 0.000000
0.000000 0.186784
11 0.015000 0.345000 0.006600
0.497000 0.580000 0.780000 0.490000 1.250000 6.700000 0.650000 0.650000
187499.984375 75.360001 0.084000
1.073000 0.050000 0.116600
1.121816 0.658621 0.002444 0.000000
0.000000

0.023380 4.023499 13.815669
0.317755 0.035322 5.029007 29.291468 1188.744019
0.000000 0.000829 0.002160 0.000000 0.000000 0.000000
0.000000 0.000000 0.000012
1.408741 0.650000 0.000000
764.299377 0.000000
0.000000 0.000000 0.000000 0.000000
0.000000 0.174939
11 0.015000 0.360000 0.006600
0.497000 0.580000 0.780000 0.490000 1.250000 6.700000 0.650000 0.650000
187499.984375 75.360001 0.084000
1.073000 0.050000 0.116600
1.121839 0.638148 0.002368 0.000000
0.000000

0.021643 3.731283 13.444281
0.317095 0.035249 5.020406 29.231428 1188.764526
0.000000 0.000828 0.002238 0.000000 0.000000 0.000000
0.000000 0.000000 0.000013
1.500210 0.650000 0.000000
764.299377 0.000000
0.000000 0.000000 0.000000 0.000000
0.000000 0.165136
11 0.015000 0.375000 0.006600
0.497000 0.580000 0.780000 0.490000 1.250000 6.700000 0.650000 0.650000
187499.984375 75.360001 0.084000
1.073000 0.050000 0.116600
1.121864 0.616643 0.002287 0.000000
0.000000

0.020034 3.460347 13.099023
0.316475 0.035181 5.012623 29.175707 1188.759521
0.000000 0.000862 0.002361 0.000000 0.000000 0.000000
0.000000 0.000000 0.000013
1.592654 0.650000 0.000000
764.299377 0.000000
0.000000 0.000000 0.000000 0.000000
0.000000 0.157086
11 0.015000 0.390000 0.006600
0.497000 0.580000 0.780000 0.490000 1.250000 6.700000 0.650000 0.650000
187499.984375 75.360001 0.084000
1.073000 0.050000 0.116600
1.121888 0.601078 0.002229 0.000000
0.000000

0.018524 3.207676 12.775704
0.315900 0.035118 5.004909 29.125792 1188.777954
0.000000 0.000922 0.002524 0.000000 0.000000 0.000000
0.000000 0.000000 0.000014
1.685957 0.650000 0.000000
764.299377 0.000000
0.000000 0.000000 0.000000 0.000000
0.000000 0.150471
11 0.015000 0.405000 0.006600
0.497000 0.580000 0.780000 0.490000 1.250000 6.700000 0.650000 0.650000
187499.984375 75.360001 0.084000
1.073000 0.050000 0.116600
1.121904 0.589972 0.002188 0.000000
0.000000

0.017132 2.973592 8.201372
0.162585 0.018075 2.549947 14.837486 594.392822
0.000000 0.000990 0.003689 0.000000 0.000000 0.000000
0.000000 0.000002 0.000005
1.780440 0.650000 0.000000
764.299377 0.000000
0.000000 0.000000 0.000000 0.000000
0.000000 0.143063
11 0.015000 0.420000 0.003300
0.487000 0.580000 0.780000 0.490000 1.250000 6.700000 0.650000 0.650000
187499.984375 75.360001 0.084000
1.073000 0.050000 0.116600
0.560963 0.348778 0.001265 0.000000
0.000000

0.015864 2.757476 7.920267
0.162036 0.018014 2.542928 14.794422 594.390503
0.000000 0.001060 0.003884 0.000000 0.000000 0.000000
0.000000 0.000002 0.000006
1.875989 0.650000 0.000000
764.299377 0.000000
0.000000 0.000000 0.000000 0.000000
0.000000 0.137232
11 0.015000 0.435000 0.003300
0.487000 0.580000 0.780000 0.490000 1.250000 6.700000 0.650000 0.650000
187499.984375 75.360001 0.084000
1.073000 0.050000 0.116600
0.560971 0.330781 0.001200 0.000000
0.000000

0.014666 2.556170 7.660721
0.161518 0.017957 2.536652 14.754387 594.402649
0.000000 0.001125 0.004076 0.000000 0.000000 0.000000
0.000000 0.000002 0.000006
1.972058 0.650000 0.000000
764.299377 0.000000
0.000000 0.000000 0.000000 0.000000
0.000000 0.131368
11 0.015000 0.450000 0.003300
0.487000 0.580000 0.780000 0.490000 1.250000 6.700000 0.650000 0.650000
187499.984375 75.360001 0.084000
1.073000 0.050000 0.116600
0.560979 0.319146 0.001157 0.000000
0.000000

0.013559 2.369560 7.419858
0.161031 0.017903 2.530827 14.717208 594.399963
0.000000 0.001190 0.004392 0.000000 0.000000 0.000000
0.000000 0.000002 0.000006
2.068539 0.650000 0.000000
764.299377 0.000000
0.000000 0.000000 0.000000 0.000000
0.000000 0.125404
11 0.015000 0.465000 0.003300
0.487000 0.580000 0.780000 0.490000 1.250000 6.700000 0.650000 0.650000
187499.984375 75.360001 0.084000
1.073000 0.050000 0.116600
0.560990 0.310480 0.001126 0.000000
0.000000

0.012537 2.196612 7.196225
0.160572 0.017852 2.525405 14.682753 594.399353
0.000000 0.001251 0.004694 0.000000 0.000000 0.000000
0.000000 0.000003 0.000006
2.165329 0.650000 0.000000
764.299377 0.000000
0.000000 0.000000 0.000000 0.000000
0.000000 0.119414
11 0.015000 0.480000 0.003300
0.487000 0.580000 0.780000 0.490000 1.250000 6.700000 0.650000 0.650000
187499.984375 75.360001 0.084000
1.073000 0.050000 0.116600
0.561000 0.304265 0.001103 0.000000
0.000000

0.011674 2.040479 6.992543
0.160124 0.017803 2.520712 14.648077 594.408691
0.000000 0.001286 0.004576 0.000000 0.000000 0.000000
0.000000 0.000003 0.000007
2.262326 0.650000 0.000000
764.299377 0.000000
0.000000 0.000000 0.000000 0.000000
0.000000 0.113556
11 0.015000 0.495000 0.003300
0.487000 0.580000 0.780000 0.490000 1.250000 6.700000 0.650000 0.650000
187499.984375 75.360001 0.084000
1.073000 0.050000 0.116600
0.561014 0.295829 0.001073 0.000000
0.000000

0.010813 1.892445 6.800509
0.159716 0.017758 2.516132 14.618004 594.415405
0.000000 0.001321 0.004570 0.000000 0.000000 0.000000
0.000000 0.000003 0.000007
2.359434 0.650000 0.000000
764.299377 0.000000
0.000000 0.000000 0.000000 0.000000
0.000000 0.107971
11 0.015000 0.510000 0.003300
0.487000 0.580000 0.780000 0.490000 1.250000 6.700000 0.650000 0.650000
187499.984375 75.360001 0.084000
1.073000 0.050000 0.116600
0.561025 0.291167 0.001056 0.000000
0.000000

0.009999 1.754270 3.638664
0.052641 0.005853 0.802769 4.663404 180.132462
0.000000 0.001143 0.001736 0.000000 0.000000 0.000000
0.000000 0.000002 0.000001
2.456558 0.650000 0.000000
764.299377 0.000000
0.000000 0.000000 0.000000 0.000000
0.000000 0.100795
11 0.015000 0.525000 0.001000
0.487000 0.580000 0.780000 0.490000 1.250000 6.700000 0.650000 0.650000
187499.984375 75.360001 0.084000
1.073000 0.050000 0.116600
0.170008 0.122355 0.000443 0.000000
0.000000

0.009246 1.626179 3.466170
0.052277 0.005812 0.798812 4.639917 180.134171
0.000000 0.001090 0.002091 0.000000 0.000000 0.000000
0.000000 0.000002 0.000001
2.553609 0.650000 0.000000
764.299377 0.000000
0.000000 0.000000 0.000000 0.000000
0.000000 0.095051
11 0.015000 0.540000 0.001000
0.487000 0.580000 0.780000 0.490000 1.250000 6.700000 0.650000 0.650000
187499.984375 75.360001 0.084000
1.073000 0.050000 0.116600
0.170010 0.114328 0.000414 0.000000
0.000000

0.008552 1.507461 3.307699
0.051928 0.005774 0.795033 4.617566 180.134583
0.000000 0.000998 0.002506 0.000000 0.000000 0.000000
0.000000 0.000002 0.000001
2.650501 0.650000 0.000000
764.299377 0.000000
0.000000 0.000000 0.000000 0.000000
0.000000 0.089194
11 0.015000 0.555000 0.001000
0.487000 0.580000 0.780000 0.490000 1.250000 6.700000 0.650000 0.650000
187499.984375 75.360001 0.084000
1.073000 0.050000 0.116600
0.170012 0.107998 0.000391 0.000000
0.000000

0.007909 1.397411 3.163107
0.051592 0.005736 0.791375 4.595977 180.134979
0.000000 0.000883 0.002955 0.000000 0.000000 0.000000
0.000000 0.000002 0.000001
2.747153 0.650000 0.000000
764.299377 0.000000
0.000000 0.000000 0.000000 0.000000
0.000000 0.083292
11 0.015000 0.570000 0.001000
0.487000 0.580000 0.780000 0.490000 1.250000 6.700000 0.650000 0.650000
187499.984375 75.360001 0.084000
1.073000 0.050000 0.116600
0.170012 0.103093 0.000373 0.000000
0.000000

0.007316 1.295401 3.028940
0.051275 0.005701 0.787975 4.575940 180.138641
0.000000 0.000761 0.003325 0.000000 0.000000 0.000000
0.000000 0.000002 0.000002
2.843488 0.650000 0.000000
764.299377 0.000000
0.000000 0.000000 0.000000 0.000000
0.000000 0.077473
11 0.015000 0.585000 0.001000
0.487000 0.580000 0.780000 0.490000 1.250000 6.700000 0.650000 0.650000
187499.984375 75.360001 0.084000
1.073000 0.050000 0.116600
0.170015 0.099544 0.000360 0.000000
0.000000

0.006768 1.200882 2.904491
0.050978 0.005668 0.784819 4.557326 180.139221
0.000000 0.000650 0.003740 0.000000 0.000000 0.000000
0.000000 0.000001 0.000002
2.939433 0.650000 0.000000
764.299377 0.000000
0.000000 0.000000 0.000000 0.000000
0.000000 0.071897
11 0.015000 0.600000 0.001000
0.487000 0.580000 0.780000 0.490000 1.250000 6.700000 0.650000 0.650000
187499.984375 75.360001 0.084000
1.073000 0.050000 0.116600
0.170015 0.096911 0.000351 0.000000
0.000000

0.006266 1.113523 2.789211
0.050698 0.005637 0.781888 4.539863 180.139801
0.000000 0.000558 0.004102 0.000000 0.000000 0.000000
0.000000 0.000001 0.000002
3.034920 0.650000 0.000000
764.299377 0.000000
0.000000 0.000000 0.000000 0.000000
0.000000 0.066707
11 0.015000 0.615000 0.001000
0.487000 0.580000 0.780000 0.490000 1.250000 6.700000 0.650000 0.650000
187499.984375 75.360001 0.084000
1.073000 0.050000 0.116600
0.170016 0.092416 0.000335 0.000000
0.000000

0.005797 1.032327 2.682114
0.050436 0.005608 0.779163 4.523787 180.141525
0.000000 0.000490 0.004393 0.000000 0.000000 0.000000
0.000000 0.000001 0.000003
3.129884 0.650000 0.000000
764.299377 0.000000
0.000000 0.000000 0.000000 0.000000
0.000000 0.061992
11 0.015000 0.630000 0.001000
0.487000 0.580000 0.780000 0.490000 1.250000 6.700000 0.650000 0.650000
187499.984375 75.360001 0.084000
1.073000 0.050000 0.116600
0.170019 0.090502 0.000328 0.000000
0.000000

0.005364 0.957050 2.582761
0.050190 0.005581 0.776632 4.508857 180.143463
0.000000 0.000448 0.004759 0.000000 0.000000 0.000000
0.000000 0.000001 0.000003
3.224268 0.650000 0.000000
764.299377 0.000000
0.000000 0.000000 0.000000 0.000000
0.000000 0.057784
11 0.015000 0.645000 0.001000
0.487000 0.580000 0.780000 0.490000 1.250000 6.700000 0.650000 0.650000
187499.984375 75.360001 0.084000
1.073000 0.050000 0.116600
0.170018 0.089118 0.000323 0.000000
0.000000

0.004963 0.887269 2.490585
0.049959 0.005555 0.774280 4.494982 180.143799
0.000000 0.000433 0.005234 0.000000 0.000000 0.000000
0.000000 0.000000 0.000003
3.318015 0.650000 0.000000
764.299377 0.000000
0.000000 0.000000 0.000000 0.000000
0.000000 0.054065
11 0.015000 0.660000 0.001000
0.487000 0.580000 0.780000 0.490000 1.250000 6.700000 0.650000 0.650000
187499.984375 75.360001 0.084000
1.073000 0.050000 0.116600
0.170021 0.088135 0.000319 0.000000
0.000000

0.004592 0.822583 2.405081
0.049742 0.005531 0.772097 4.482092 180.144394
0.000000 0.000456 0.005852 0.000000 0.000000 0.000000
0.000000 0.000001 0.000003
3.411074 0.650000 0.000000
764.299377 0.000000
0.000000 0.000000 0.000000 0.000000
0.000000 0.050806
11 0.015000 0.675000 0.001000
0.487000 0.580000 0.780000 0.490000 1.250000 6.700000 0.650000 0.650000
187499.984375 75.360001 0.084000
1.073000 0.050000 0.116600
0.170020 0.087940 0.000318 0.000000
0.000000

0.004251 0.762686 2.325825
0.049539 0.005509 0.770073 4.470083 180.146317
0.000000 0.000587 0.006529 0.000000 0.000000 0.000000
0.000000 0.000001 0.000003
3.503400 0.650000 0.000000
764.299377 0.000000
0.000000 0.000000 0.000000 0.000000
0.000000 0.048114
11 0.015000 0.690000 0.001000
0.487000 0.580000 0.780000 0.490000 1.250000 6.700000 0.650000 0.650000
187499.984375 75.360001 0.084000
1.073000 0.050000 0.116600
0.170022 0.088344 0.000320 0.000000
0.000000

0.003945 0.707696 2.252764
0.049347 0.005488 0.768226 4.458588 180.148285
0.000000 0.009131 0.007190 0.000000 0.000000 0.000000
0.000000 0.000004 0.000000
3.594949 0.650000 0.000000
764.299377 0.000000
0.000000 0.000000 0.000000 0.000000
0.000000 0.046265
11 0.015000 0.705000 0.001000
0.487000 0.580000 0.780000 0.490000 1.250000 6.700000 0.650000 0.650000
187499.984375 75.360001 0.084000
1.073000 0.050000 0.116600
0.170023 0.087567 0.000317 0.000000
0.000000

0.003669 0.657082 2.185363
0.049166 0.005468 0.766548 4.447664 180.149048
0.000000 0.043160 0.007824 0.000000 0.000000 0.000000
0.000000 0.000001 0.000000
3.685682 0.650000 0.000000
764.299377 0.000000
0.000000 0.000000 0.000000 0.000000
0.000000 0.100301
11 0.015000 0.720000 0.001000
0.487000 0.580000 0.780000 0.490000 1.250000 6.700000 0.650000 0.650000
187499.984375 75.360001 0.084000
1.073000 0.050000 0.116600
0.170026 0.088986 0.000322 0.000000
0.000000

0.003506 0.615001 2.127445
0.048761 0.005422 0.765446 4.434614 180.150742
0.000000 0.522111 0.009005 0.000000 0.000000 0.000000
0.000000 0.000000 0.000000
3.770595 0.826608 0.000000
764.299377 0.000000
0.000000 0.000000 0.000000 0.000000
0.000000 1.873733
11 0.015000 0.735000 0.001000
0.487000 0.580000 0.780000 0.490000 1.250000 6.700000 0.650000 0.650000
187499.984375 75.360001 0.084000
1.073000 0.050000 0.116600
0.170035 0.089411 0.000412 0.000000
0.000000

0.000000 0.072083 2.086184
0.047248 0.005252 0.762273 4.394597 180.155029
0.000000 0.674917 0.008637 0.000000 0.000000 0.000000
0.000000 0.000000 0.000000
3.846513 1.000000 0.000000
764.299377 0.000000
0.000000 0.000000 0.000000 0.000000
0.000000 1.560447
11 0.015000 0.750000 0.001000
0.487000 0.580000 0.780000 0.490000 1.250000 6.700000 0.650000 0.650000
187499.984375 75.360001 0.084000
1.073000 0.050000 0.116600
0.170069 0.085361 0.000475 0.000000
0.000000

0.000000 0.066920 2.031549
0.047175 0.005244 0.761308 4.388314 180.158096
0.000000 1.878244 0.009327 0.000000 0.000000 0.000000
0.000000 0.000000 0.000000
3.918111 1.000000 0.000000
764.299377 0.000000
0.000000 0.000000 0.000000 0.000000
0.000000 3.828387
11 0.015000 0.765000 0.001000
0.487000 0.580000 0.780000 0.490000 1.250000 6.700000 0.650000 0.650000
187499.984375 75.360001 0.084000
1.073000 0.050000 0.116600
0.170070 0.085460 0.000476 0.000000
0.000000

0.000000 0.062181 1.981351
0.047107 0.005236 0.760494 4.382314 180.158798
0.000000 1.754000 0.016392 0.000000 0.000000 0.000000
0.000000 0.000000 0.000000
3.988657 1.000000 0.000000
764.299377 0.000000
0.000000 0.000000 0.000000 0.000000
0.000000 2.144445
11 0.015000 0.780000 0.001000
0.487000 0.580000 0.780000 0.490000 1.250000 6.700000 0.650000 0.650000
187499.984375 75.360001 0.084000
1.073000 0.050000 0.116600
0.170073 0.085108 0.000474 0.000000
0.000000

0.000000 0.074056 2.068885
0.046835 0.005206 0.780924 4.329249 180.245392
0.000000 0.775366 0.010871 0.000000 0.000000 0.000000
0.000000 0.000000 0.000000
4.058135 1.000000 0.000000
764.299377 0.000000
0.000000 0.000000 0.000000 0.000000
0.000000 0.322760
11 0.015000 0.795000 0.001000
0.487000 0.580000 0.780000 0.490000 1.250000 6.700000 0.650000 0.650000
187499.984375 75.360001 0.084000
1.073000 0.050000 0.116600
0.170327 0.084672 0.000472 0.000000
0.000000

0.000000 0.068704 2.021903
0.046792 0.005201 0.780341 4.325774 180.245743
0.000000 0.232400 0.010980 0.000000 0.000000 0.000000
0.000000 0.000001 0.000000
4.126530 1.000000 0.000000
764.299377 0.000000
0.000000 0.000000 0.000000 0.000000
0.000000 0.325646
11 0.015000 0.810000 0.001000
0.487000 0.580000 0.780000 0.490000 1.250000 6.700000 0.650000 0.650000
187499.984375 75.360001 0.084000
1.073000 0.050000 0.116600
0.170330 0.084795 0.000472 0.000000
0.000000

0.000000 0.063895 1.979620
0.046749 0.005196 0.780008 4.322069 180.246277
0.000000 0.066001 0.010779 0.000000 0.000000 0.000000
0.000000 0.000003 0.000000
4.193832 1.000000 0.000000
764.299377 0.000000
0.000000 0.000000 0.000000 0.000000
0.000000 0.315749
11 0.015000 0.825000 0.001000
0.487000 0.580000 0.780000 0.490000 1.250000 6.700000 0.650000 0.650000
187499.984375 75.360001 0.084000
1.073000 0.050000 0.116600
0.170331 0.084643 0.000471 0.000000
0.000000

0.000000 0.059619 1.942177
0.046707 0.005192 0.780010 4.318009 180.249023
0.000000 0.022883 0.010184 0.000000 0.000000 0.000000
0.000000 0.000008 0.000000
4.260037 1.000000 0.000000
764.299377 0.000000
0.000000 0.000000 0.000000 0.000000
0.000000 0.301261
11 0.015000 0.840000 0.001000
0.487000 0.580000 0.780000 0.490000 1.250000 6.700000 0.650000 0.650000
187499.984375 75.360001 0.084000
1.073000 0.050000 0.116600
0.170339 0.084572 0.000471 0.000000
0.000000

0.000000 0.055363 1.905080
0.046672 0.005188 0.779635 4.315101 180.249649
0.000000 0.013571 0.010315 0.000000 0.000000 0.000000
0.000000 0.000012 0.000001
4.325140 1.000000 0.000000
764.299377 0.000000
0.000000 0.000000 0.000000 0.000000
0.000000 0.301080
11 0.015000 0.855000 0.001000
0.487000 0.580000 0.780000 0.490000 1.250000 6.700000 0.650000 0.650000
187499.984375 75.360001 0.084000
1.073000 0.050000 0.116600
0.170341 0.084670 0.000472 0.000000
0.000000

0.000000 0.000000 1.419515
0.046191 0.005134 0.773422 4.280403 180.250092
0.000000 0.012097 0.012238 0.000000 0.000000 0.000000
0.000000 0.000013 0.000001
4.389141 1.000000 0.000000
764.299377 0.000000
0.000000 0.000000 0.000000 0.000000
0.000000 0.267937
11 0.015000 0.870000 0.001000
0.487000 0.580000 0.780000 0.490000 1.250000 6.700000 0.650000 0.650000
187499.984375 75.360001 0.084000
1.073000 0.050000 0.116600
0.170340 0.084588 0.000471 0.000000
0.000000

0.000000 0.000000 1.422657
0.046192 0.005134 0.774199 4.279457 180.250580
0.000000 0.008912 0.011750 0.000000 0.000000 0.000000
0.000000 0.000015 0.000001
4.452042 1.000000 0.000000
764.299377 0.000000
0.000000 0.000000 0.000000 0.000000
0.000000 0.259078
11 0.015000 0.885000 0.001000
0.487000 0.580000 0.780000 0.490000 1.250000 6.700000 0.650000 0.650000
187499.984375 75.360001 0.084000
1.073000 0.050000 0.116600
0.170350 0.084751 0.000472 0.000000
0.000000

0.000000 0.000000 1.423473
0.046194 0.005135 0.774380 4.279243 180.251266
0.000000 0.005853 0.011334 0.000000 0.000000 0.000000
0.000000 0.000014 0.000002
4.513850 1.000000 0.000000
764.299377 0.000000
0.000000 0.000000 0.000000 0.000000
0.000000 0.256314
11 0.015000 0.900000 0.001000
0.487000 0.580000 0.780000 0.490000 1.250000 6.700000 0.650000 0.650000
187499.984375 75.360001 0.084000
1.073000 0.050000 0.116600
0.170351 0.084620 0.000471 0.000000
0.000000

0.000000 0.000000 1.423750
0.046196 0.005135 0.774424 4.279187 180.253296
0.000000 0.010061 0.012290 0.000000 0.000000 0.000000
0.000000 0.000015 0.000001
4.574570 1.000000 0.000000
764.299377 0.000000
0.000000 0.000000 0.000000 0.000000
0.000000 0.258597
11 0.015000 0.915000 0.001000
0.487000 0.580000 0.780000 0.490000 1.250000 6.700000 0.650000 0.650000
187499.984375 75.360001 0.084000
1.073000 0.050000 0.116600
0.170353 0.084678 0.000472 0.000000
0.000000

0.000000 0.000000 1.423934
0.046198 0.005135 0.774447 4.279152 180.253723
0.000000 0.040837 0.013082 0.000000 0.000000 0.000000
0.000000 0.000005 0.000000
4.634213 1.000000 0.000000
764.299377 0.000000
0.000000 0.000000 0.000000 0.000000
0.000000 0.257027
11 0.015000 0.930000 0.001000
0.487000 0.580000 0.780000 0.490000 1.250000 6.700000 0.650000 0.650000
187499.984375 75.360001 0.084000
1.073000 0.050000 0.116600
0.170353 0.084563 0.000471 0.000000
0.000000

0.000000 0.000000 1.424191
0.046199 0.005135 0.774488 4.279081 180.253891
0.000000 0.076180 0.013271 0.000000 0.000000 0.000000
0.000000 0.000003 0.000000
4.692789 1.000000 0.000000
764.299377 0.000000
0.000000 0.000000 0.000000 0.000000
0.000000 0.261668
11 0.015000 0.945000 0.001000
0.487000 0.580000 0.780000 0.490000 1.250000 6.700000 0.650000 0.650000
187499.984375 75.360001 0.084000
1.073000 0.050000 0.116600
0.170354 0.084762 0.000472 0.000000
0.000000

0.000000 0.000000 1.424600
0.046201 0.005135 0.774570 4.278980 180.254395
0.000000 0.078496 0.013257 0.000000 0.000000 0.000000
0.000000 0.000003 0.000000
4.750311 1.000000 0.000000
764.299377 0.000000
0.000000 0.000000 0.000000 0.000000
0.000000 0.262468
11 0.015000 0.960000 0.001000
0.487000 0.580000 0.780000 0.490000 1.250000 6.700000 0.650000 0.650000
187499.984375 75.360001 0.084000
1.073000 0.050000 0.116600
0.170355 0.084726 0.000472 0.000000
0.000000

0.000000 0.000000 1.427677
0.046202 0.005136 0.775340 4.278068 180.254623
0.000000 0.052177 0.013010 0.000000 0.000000 0.000000
0.000000 0.000004 0.000000
4.806794 1.000000 0.000000
764.299377 0.000000
0.000000 0.000000 0.000000 0.000000
0.000000 0.256756
11 0.015000 0.975000 0.001000
0.487000 0.580000 0.780000 0.490000 1.250000 6.700000 0.650000 0.650000
187499.984375 75.360001 0.084000
1.073000 0.050000 0.116600
0.170363 0.084701 0.000472 0.000000
0.000000

0.000000 0.000000 1.429277
0.046204 0.005136 0.775730 4.277593 180.255615
0.000000 0.032321 0.012817 0.000000 0.000000 0.000000
0.000000 0.000007 0.000000
4.862253 1.000000 0.000000
764.299377 0.000000
0.000000 0.000000 0.000000 0.000000
0.000000 0.254382
11 0.015000 0.990000 0.001000
0.487000 0.580000 0.780000 0.490000 1.250000 6.700000 0.650000 0.650000
187499.984375 75.360001 0.084000
1.073000 0.050000 0.116600
0.170366 0.084679 0.000472 0.000000
0.000000

0.000000 0.000000 1.429456
0.046205 0.005136 0.775757 4.277544 180.257401
0.000000 0.025800 0.012917 0.000000 0.000000 0.000000
0.000000 0.000008 0.000000
4.916703 1.000000 0.000000
764.299377 0.000000
0.000000 0.000000 0.000000 0.000000
0.000000 0.258855
11 0.015000 1.005000 0.001000
0.487000 0.580000 0.780000 0.490000 1.250000 6.700000 0.650000 0.650000
187499.984375 75.360001 0.084000
1.073000 0.050000 0.116600
0.170368 0.084858 0.000473 0.000000
0.000000

0.000000 0.000000 1.431630
0.046206 0.005136 0.776296 4.276890 180.258102
0.000000 0.017691 0.012447 0.000000 0.000000 0.000000
0.000000 0.000011 0.000001
4.970164 1.000000 0.000000
764.299377 0.000000
0.000000 0.000000 0.000000 0.000000
0.000000 0.252505
11 0.015000 1.020000 0.001000
0.487000 0.580000 0.780000 0.490000 1.250000 6.700000 0.650000 0.650000
187499.984375 75.360001 0.084000
1.073000 0.050000 0.116600
0.170373 0.084726 0.000472 0.000000
0.000000

0.000000 0.000000 1.431840
0.046208 0.005136 0.776337 4.276845 180.258392
0.000000 0.014390 0.012588 0.000000 0.000000 0.000000
0.000000 0.000014 0.000001
5.022653 1.000000 0.000000
764.299377 0.000000
0.000000 0.000000 0.000000 0.000000
0.000000 0.258042
11 0.015000 1.035000 0.001000
0.487000 0.580000 0.780000 0.490000 1.250000 6.700000 0.650000 0.650000
187499.984375 75.360001 0.084000
1.073000 0.050000 0.116600
0.170373 0.084975 0.000473 0.000000
0.000000

0.000000 0.000000 1.432388
0.046209 0.005136 0.776466 4.276691 180.258698
0.000000 0.012498 0.012414 0.000000 0.000000 0.000000
0.000000 0.000015 0.000001
5.074187 1.000000 0.000000
764.299377 0.000000
0.000000 0.000000 0.000000 0.000000
0.000000 0.258086
11 0.015000 1.050000 0.001000
0.487000 0.580000 0.780000 0.490000 1.250000 6.700000 0.650000 0.650000
187499.984375 75.360001 0.084000
1.073000 0.050000 0.116600
0.170376 0.084800 0.000472 0.000000
0.000000

0.000000 0.000000 1.432562
0.046210 0.005137 0.776494 4.276627 180.259354
0.000000 0.013192 0.012570 0.000000 0.000000 0.000000
0.000000 0.000015 0.000001
5.124787 1.000000 0.000000
764.299377 0.000000
0.000000 0.000000 0.000000 0.000000
0.000000 0.266714
11 0.015000 1.065000 0.001000
0.487000 0.580000 0.780000 0.490000 1.250000 6.700000 0.650000 0.650000
187499.984375 75.360001 0.084000
1.073000 0.050000 0.116600
0.170376 0.085008 0.000473 0.000000
0.000000

0.000000 0.000000 1.432966
0.046212 0.005137 0.776589 4.276520 180.259720
0.000000 0.016812 0.012862 0.000000 0.000000 0.000000
0.000000 0.000012 0.000001
5.174473 1.000000 0.000000
764.299377 0.000000
0.000000 0.000000 0.000000 0.000000
0.000000 0.264028
11 0.015000 1.080000 0.001000
0.487000 0.580000 0.780000 0.490000 1.250000 6.700000 0.650000 0.650000
187499.984375 75.360001 0.084000
1.073000 0.050000 0.116600
0.170376 0.084775 0.000472 0.000000
0.000000

0.000000 0.000000 1.436478
0.046212 0.005137 0.777161 4.275752 180.260574
0.000000 0.020353 0.013064 0.000000 0.000000 0.000000
0.000000 0.000011 0.000000
5.223264 1.000000 0.000000
764.299377 0.000000
0.000000 0.000000 0.000000 0.000000
0.000000 0.266591
11 0.015000 1.095000 0.001000
0.487000 0.580000 0.780000 0.490000 1.250000 6.700000 0.650000 0.650000
187499.984375 75.360001 0.084000
1.073000 0.050000 0.116600
0.170386 0.085143 0.000474 0.000000
0.000000

0.000000 0.000000 1.441067
0.046212 0.005137 0.777615 4.275027 180.263443
0.000000 0.014592 0.012364 0.000000 0.000000 0.000000
0.000000 0.000015 0.000001
5.271181 1.000000 0.000000
764.299377 0.000000
0.000000 0.000000 0.000000 0.000000
0.000000 0.246841
11 0.015000 1.110000 0.001000
0.487000 0.580000 0.780000 0.490000 1.250000 6.700000 0.650000 0.650000
187499.984375 75.360001 0.084000
1.073000 0.050000 0.116600
0.170398 0.084687 0.000472 0.000000
0.000000

0.000000 0.000000 1.441317
0.046213 0.005137 0.777657 4.274954 180.263565
0.000000 0.013717 0.012698 0.000000 0.000000 0.000000
0.000000 0.000015 0.000001
5.318243 1.000000 0.000000
764.299377 0.000000
0.000000 0.000000 0.000000 0.000000
0.000000 0.252016
11 0.015000 1.125000 0.001000
0.487000 0.580000 0.780000 0.490000 1.250000 6.700000 0.650000 0.650000
187499.984375 75.360001 0.084000
1.073000 0.050000 0.116600
0.170399 0.084994 0.000473 0.000000
0.000000

0.000000 0.000000 1.441546
0.046215 0.005137 0.777701 4.274894 180.263641
0.000000 0.015224 0.012773 0.000000 0.000000 0.000000
0.000000 0.000014 0.000001
5.364469 1.000000 0.000000
764.299377 0.000000
0.000000 0.000000 0.000000 0.000000
0.000000 0.252456
11 0.015000 1.140000 0.001000
0.487000 0.580000 0.780000 0.490000 1.250000 6.700000 0.650000 0.650000
187499.984375 75.360001 0.084000
1.073000 0.050000 0.116600
0.170399 0.084934 0.000473 0.000000
0.000000

0.000000 0.000000 1.441767
0.046216 0.005137 0.777746 4.274849 180.263916
0.000000 0.017247 0.012792 0.000000 0.000000 0.000000
0.000000 0.000013 0.000001
5.409880 1.000000 0.000000
764.299377 0.000000
0.000000 0.000000 0.000000 0.000000
0.000000 0.255373
11 0.015000 1.155000 0.001000
0.487000 0.580000 0.780000 0.490000 1.250000 6.700000 0.650000 0.650000
187499.984375 75.360001 0.084000
1.073000 0.050000 0.116600
0.170401 0.085035 0.000474 0.000000
0.000000

0.000000 0.000000 1.442554
0.046217 0.005137 0.777785 4.274757 180.264587
0.000000 0.014011 0.012430 0.000000 0.000000 0.000000
0.000000 0.000016 0.000001
5.454494 1.000000 0.000000
764.299377 0.000000
0.000000 0.000000 0.000000 0.000000
0.000000 0.255603
11 0.015000 1.170000 0.001000
0.487000 0.580000 0.780000 0.490000 1.250000 6.700000 0.650000 0.650000
187499.984375 75.360001 0.084000
1.073000 0.050000 0.116600
0.170402 0.085019 0.000473 0.000000
0.000000

0.000000 0.000000 1.444012
0.046218 0.005138 0.777814 4.274630 180.265244
0.000000 0.011078 0.012262 0.000000 0.000000 0.000000
0.000000 0.000018 0.000002
5.498333 1.000000 0.000000
764.299377 0.000000
0.000000 0.000000 0.000000 0.000000
0.000000 0.251115
11 0.015000 1.185000 0.001000
0.487000 0.580000 0.780000 0.490000 1.250000 6.700000 0.650000 0.650000
187499.984375 75.360001 0.084000
1.073000 0.050000 0.116600
0.170405 0.084767 0.000472 0.000000
0.000000

0.000000 0.000000 1.444225
0.046219 0.005138 0.777856 4.274559 180.265472
0.000000 0.012506 0.012565 0.000000 0.000000 0.000000
0.000000 0.000017 0.000001
5.541414 1.000000 0.000000
764.299377 0.000000
0.000000 0.000000 0.000000 0.000000
0.000000 0.255970
11 0.015000 1.200000 0.001000
0.487000 0.580000 0.780000 0.490000 1.250000 6.700000 0.650000 0.650000
187499.984375 75.360001 0.084000
1.073000 0.050000 0.116600
0.170406 0.084953 0.000473 0.000000
0.000000

0.000000 0.000000 1.444430
0.046220 0.005138 0.777900 4.274511 180.265533
0.000000 0.014100 0.012537 0.000000 0.000000 0.000000
0.000000 0.000016 0.000001
5.583755 1.000000 0.000000
764.299377 0.000000
0.000000 0.000000 0.000000 0.000000
0.000000 0.254099
11 0.015000 1.215000 0.001000
0.487000 0.580000 0.780000 0.490000 1.250000 6.700000 0.650000 0.650000
187499.984375 75.360001 0.084000
1.073000 0.050000 0.116600
0.170407 0.084910 0.000473 0.000000
0.000000

0.000000 0.000000 1.444627
0.046221 0.005138 0.777941 4.274463 180.267365
0.000000 0.016989 0.012642 0.000000 0.000000 0.000000
0.000000 0.000014 0.000001
5.625376 1.000000 0.000000
764.299377 0.000000
0.000000 0.000000 0.000000 0.000000
0.000000 0.255469
11 0.015000 1.230000 0.001000
0.487000 0.580000 0.780000 0.490000 1.250000 6.700000 0.650000 0.650000
187499.984375 75.360001 0.084000
1.073000 0.050000 0.116600
0.170407 0.084985 0.000473 0.000000
0.000000

0.000000 0.000000 1.444820
0.046222 0.005138 0.777983 4.274408 180.267715
0.000000 0.022703 0.012845 0.000000 0.000000 0.000000
0.000000 0.000011 0.000000
5.666292 1.000000 0.000000
764.299377 0.000000
0.000000 0.000000 0.000000 0.000000
0.000000 0.257244
11 0.015000 1.245000 0.001000
0.487000 0.580000 0.780000 0.490000 1.250000 6.700000 0.650000 0.650000
187499.984375 75.360001 0.084000
1.073000 0.050000 0.116600
0.170407 0.085068 0.000474 0.000000
0.000000

0.000000 0.000000 1.445005
0.046223 0.005138 0.778024 4.274354 180.268097
0.000000 0.035050 0.013043 0.000000 0.000000 0.000000
0.000000 0.000008 0.000000
5.706522 1.000000 0.000000
764.299377 0.000000
0.000000 0.000000 0.000000 0.000000
0.000000 0.266135
11 0.015000 1.260000 0.001000
0.487000 0.580000 0.780000 0.490000 1.250000 6.700000 0.650000 0.650000
187499.984375 75.360001 0.084000
1.073000 0.050000 0.116600
0.170409 0.085383 0.000476 0.000000
0.000000

0.000000 0.000000 1.445318
0.046224 0.005138 0.778062 4.274296 180.268341
0.000000 0.033358 0.012893 0.000000 0.000000 0.000000
0.000000 0.000008 0.000000
5.746082 1.000000 0.000000
764.299377 0.000000
0.000000 0.000000 0.000000 0.000000
0.000000 0.266279
11 0.015000 1.275000 0.001000
0.487000 0.580000 0.780000 0.490000 1.250000 6.700000 0.650000 0.650000
187499.984375 75.360001 0.084000
1.073000 0.050000 0.116600
0.170410 0.085340 0.000475 0.000000
0.000000

0.000000 0.000000 1.446533
0.046225 0.005138 0.778093 4.274201 180.268723
0.000000 0.024297 0.012601 0.000000 0.000000 0.000000
0.000000 0.000011 0.000000
5.784988 1.000000 0.000000
764.299377 0.000000
0.000000 0.000000 0.000000 0.000000
0.000000 0.265933
11 0.015000 1.290000 0.001000
0.487000 0.580000 0.780000 0.490000 1.250000 6.700000 0.650000 0.650000
187499.984375 75.360001 0.084000
1.073000 0.050000 0.116600
0.170412 0.085347 0.000475 0.000000
0.000000

0.000000 0.000000 1.447910
0.046226 0.005138 0.778121 4.274080 180.269653
0.000000 0.015778 0.012158 0.000000 0.000000 0.000000
0.000000 0.000016 0.000001
5.823256 1.000000 0.000000
764.299377 0.000000
0.000000 0.000000 0.000000 0.000000
0.000000 0.260791
11 0.015000 1.305000 0.001000
0.487000 0.580000 0.780000 0.490000 1.250000 6.700000 0.650000 0.650000
187499.984375 75.360001 0.084000
1.073000 0.050000 0.116600
0.170415 0.085241 0.000475 0.000000
0.000000

0.000000 0.000000 1.448424
0.046227 0.005139 0.778157 4.274015 180.269943
0.000000 0.016405 0.012522 0.000000 0.000000 0.000000
0.000000 0.000016 0.000001
5.860901 1.000000 0.000000
764.299377 0.000000
0.000000 0.000000 0.000000 0.000000
0.000000 0.272031
11 0.015000 1.320000 0.001000
0.487000 0.580000 0.780000 0.490000 1.250000 6.700000 0.650000 0.650000
187499.984375 75.360001 0.084000
1.073000 0.050000 0.116600
0.170417 0.085355 0.000475 0.000000
0.000000

0.000000 0.000000 1.448659
0.046227 0.005139 0.778195 4.273955 180.270096
0.000000 0.020267 0.012625 0.000000 0.000000 0.000000
0.000000 0.000013 0.000001
5.897938 1.000000 0.000000
764.299377 0.000000
0.000000 0.000000 0.000000 0.000000
0.000000 0.274296
11 0.015000 1.335000 0.001000
0.487000 0.580000 0.780000 0.490000 1.250000 6.700000 0.650000 0.650000
187499.984375 75.360001 0.084000
1.073000 0.050000 0.116600
0.170419 0.085270 0.000475 0.000000
0.000000

0.000000 0.000000 1.448822
0.046228 0.005139 0.778232 4.273901 180.271744
0.000000 0.027245 0.012757 0.000000 0.000000 0.000000
0.000000 0.000010 0.000000
5.934380 1.000000 0.000000
764.299377 0.000000
0.000000 0.000000 0.000000 0.000000
0.000000 0.283249
11 0.015000 1.350000 0.001000
0.487000 0.580000 0.780000 0.490000 1.250000 6.700000 0.650000 0.650000
187499.984375 75.360001 0.084000
1.073000 0.050000 0.116600
0.170418 0.085367 0.000475 0.000000
0.000000

0.000000 0.000000 1.449015
0.046229 0.005139 0.778270 4.273849 180.271973
0.000000 0.039500 0.012921 0.000000 0.000000 0.000000
0.000000 0.000007 0.000000
5.970242 1.000000 0.000000
764.299377 0.000000
0.000000 0.000000 0.000000 0.000000
0.000000 0.295142
11 0.015000 1.365000 0.001000
0.487000 0.580000 0.780000 0.490000 1.250000 6.700000 0.650000 0.650000
187499.984375 75.360001 0.084000
1.073000 0.050000 0.116600
0.170419 0.085475 0.000476 0.000000
0.000000

0.000000 0.000000 1.449562
0.046230 0.005139 0.778302 4.273772 180.272369
0.000000 0.053347 0.013148 0.000000 0.000000 0.000000
0.000000 0.000006 0.000000
6.005535 1.000000 0.000000
764.299377 0.000000
0.000000 0.000000 0.000000 0.000000
0.000000 0.320834
11 0.015000 1.380000 0.001000
0.487000 0.580000 0.780000 0.490000 1.250000 6.700000 0.650000 0.650000
187499.984375 75.360001 0.084000
1.073000 0.050000 0.116600
0.170421 0.085672 0.000477 0.000000
0.000000

0.000000 0.000000 1.453182
0.046229 0.005139 0.778304 4.273525 180.274200
0.000000 0.045494 0.012829 0.000000 0.000000 0.000000
0.000000 0.000007 0.000000
6.040274 1.000000 0.000000
764.299377 0.000000
0.000000 0.000000 0.000000 0.000000
0.000000 0.300697
11 0.015000 1.395000 0.001000
0.487000 0.580000 0.780000 0.490000 1.250000 6.700000 0.650000 0.650000
187499.984375 75.360001 0.084000
1.073000 0.050000 0.116600
0.170430 0.085431 0.000476 0.000000
0.000000

0.000000 0.000000 1.453545
0.046230 0.005139 0.778342 4.273474 180.274689
0.000000 0.045672 0.012932 0.000000 0.000000 0.000000
0.000000 0.000007 0.000000
6.074469 1.000000 0.000000
764.299377 0.000000
0.000000 0.000000 0.000000 0.000000
0.000000 0.327462
11 0.015000 1.410000 0.001000
0.487000 0.580000 0.780000 0.490000 1.250000 6.700000 0.650000 0.650000
187499.984375 75.360001 0.084000
1.073000 0.050000 0.116600
0.170431 0.085669 0.000477 0.000000
0.000000

0.000000 0.000000 1.454565
0.046231 0.005139 0.778369 4.273383 180.275360
0.000000 0.048193 0.012914 0.000000 0.000000 0.000000
0.000000 0.000006 0.000000
6.108132 1.000000 0.000000
764.299377 0.000000
0.000000 0.000000 0.000000 0.000000
0.000000 0.316335
11 0.015000 1.425000 0.001000
0.487000 0.580000 0.780000 0.490000 1.250000 6.700000 0.650000 0.650000
187499.984375 75.360001 0.084000
1.073000 0.050000 0.116600
0.170432 0.085409 0.000476 0.000000
0.000000

0.000000 0.000000 1.455141
0.046231 0.005139 0.778400 4.273295 180.275818
0.000000 0.076708 0.013118 0.000000 0.000000 0.000000
0.000000 0.000004 0.000000
6.141274 1.000000 0.000000
764.299377 0.000000
0.000000 0.000000 0.000000 0.000000
0.000000 0.380160
11 0.015000 1.440000 0.001000
0.487000 0.580000 0.780000 0.490000 1.250000 6.700000 0.650000 0.650000
187499.984375 75.360001 0.084000
1.073000 0.050000 0.116600
0.170435 0.085457 0.000476 0.000000
0.000000

0.000000 0.000000 1.455282
0.046232 0.005139 0.778437 4.273256 180.275986
0.000000 0.101350 0.013150 0.000000 0.000000 0.000000
0.000000 0.000003 0.000000
6.173907 1.000000 0.000000
764.299377 0.000000
0.000000 0.000000 0.000000 0.000000
0.000000 0.387812
11 0.015000 1.455000 0.001000
0.487000 0.580000 0.780000 0.490000 1.250000 6.700000 0.650000 0.650000
187499.984375 75.360001 0.084000
1.073000 0.050000 0.116600
0.170436 0.085411 0.000476 0.000000
0.000000

0.000000 0.000000 1.455421
0.046233 0.005139 0.778470 4.273199 180.276230
0.000000 0.134680 0.013147 0.000000 0.000000 0.000000
0.000000 0.000002 0.000000
6.206039 1.000000 0.000000
764.299377 0.000000
0.000000 0.000000 0.000000 0.000000
0.000000 0.423511
11 0.015000 1.470000 0.001000
0.487000 0.580000 0.780000 0.490000 1.250000 6.700000 0.650000 0.650000
187499.984375 75.360001 0.084000
1.073000 0.050000 0.116600
0.170436 0.085490 0.000476 0.000000
0.000000

0.000000 0.000000 1.455551
0.046234 0.005139 0.778508 4.273157 180.276596
0.000000 0.193088 0.013182 0.000000 0.000000 0.000000
0.000000 0.000002 0.000000
6.237681 1.000000 0.000000
764.299377 0.000000
0.000000 0.000000 0.000000 0.000000
0.000000 0.467103
11 0.015000 1.485000 0.001000
0.487000 0.580000 0.780000 0.490000 1.250000 6.700000 0.650000 0.650000
187499.984375 75.360001 0.084000
1.073000 0.050000 0.116600
0.170436 0.085580 0.000477 0.000000
0.000000

0.000000 0.000000 1.455683
0.046235 0.005140 0.778543 4.273119 180.277618
0.000000 0.312464 0.013273 0.000000 0.000000 0.000000
0.000000 0.000001 0.000000
6.268842 1.000000 0.000000
764.299377 0.000000
0.000000 0.000000 0.000000 0.000000
0.000000 0.588058
11 0.015000 1.500000 0.001000
0.487000 0.580000 0.780000 0.490000 1.250000 6.700000 0.650000 0.650000
187499.984375 75.360001 0.084000
1.073000 0.050000 0.116600
0.170435 0.085913 0.000478 0.000000
0.000000

0.000000 0.000000 1.456116
0.046235 0.005140 0.778576 4.273057 180.277634
0.000000 0.386717 0.013240 0.000000 0.000000 0.000000
0.000000 0.000001 0.000000
6.299532 1.000000 0.000000
764.299377 0.000000
0.000000 0.000000 0.000000 0.000000
0.000000 0.584787
11 0.015000 1.515000 0.001000
0.487000 0.580000 0.780000 0.490000 1.250000 6.700000 0.650000 0.650000
187499.984375 75.360001 0.084000
1.073000 0.050000 0.116600
0.170437 0.085654 0.000477 0.000000
0.000000

0.000000 0.000000 1.456416
0.046236 0.005140 0.778608 4.272999 180.277618
0.000000 0.491149 0.013920 0.000000 0.000000 0.000000
0.000000 0.000001 0.000000
6.329757 1.000000 0.000000
764.299377 0.000000
0.000000 0.000000 0.000000 0.000000
0.000000 0.675564
11 0.015000 1.530000 0.001000
0.487000 0.580000 0.780000 0.490000 1.250000 6.700000 0.650000 0.650000
187499.984375 75.360001 0.084000
1.073000 0.050000 0.116600
0.170439 0.085757 0.000478 0.000000
0.000000

0.000000 0.000000 1.465433
0.046233 0.005139 0.778553 4.272462 180.283585
0.000000 0.391549 0.014774 0.000000 0.000000 0.000000
0.000000 0.000001 0.000000
6.359528 1.000000 0.000000
764.299377 0.000000
0.000000 0.000000 0.000000 0.000000
0.000000 0.712255
11 0.015000 1.545000 0.001000
0.487000 0.580000 0.780000 0.490000 1.250000 6.700000 0.650000 0.650000
187499.984375 75.360001 0.084000
1.073000 0.050000 0.116600
0.170462 0.085841 0.000478 0.000000
0.000000

0.000000 0.000000 1.496680
0.046220 0.005138 0.778253 4.270579 180.313614
0.000000 0.204026 0.013104 0.000000 0.000000 0.000000
0.000000 0.000002 0.000000
6.388850 1.000000 0.000000
764.299377 0.000000
0.000000 0.000000 0.000000 0.000000
0.000000 0.586466
11 0.015000 1.560000 0.001000
0.487000 0.580000 0.780000 0.490000 1.250000 6.700000 0.650000 0.650000
187499.984375 75.360001 0.084000
1.073000 0.050000 0.116600
0.170541 0.085545 0.000476 0.000000
0.000000

0.000000 0.000000 1.496816
0.046221 0.005138 0.778286 4.270532 180.313660
0.000000 0.125121 0.013156 0.000000 0.000000 0.000000
0.000000 0.000003 0.000000
6.417733 1.000000 0.000000
764.299377 0.000000
0.000000 0.000000 0.000000 0.000000
0.000000 0.646482
11 0.015000 1.575000 0.001000
0.487000 0.580000 0.780000 0.490000 1.250000 6.700000 0.650000 0.650000
187499.984375 75.360001 0.084000
1.073000 0.050000 0.116600
0.170542 0.085627 0.000477 0.000000
0.000000

0.000000 0.000000 1.496966
0.046222 0.005138 0.778320 4.270488 180.313980
0.000000 0.134275 0.013248 0.000000 0.000000 0.000000
0.000000 0.000003 0.000000
6.446184 1.000000 0.000000
764.299377 0.000000
0.000000 0.000000 0.000000 0.000000
0.000000 0.715578
11 0.015000 1.590000 0.001000
0.487000 0.580000 0.780000 0.490000 1.250000 6.700000 0.650000 0.650000
187499.984375 75.360001 0.084000
1.073000 0.050000 0.116600
0.170542 0.085722 0.000477 0.000000
0.000000

0.000000 0.000000 1.497147
0.046222 0.005138 0.778351 4.270440 180.314392
0.000000 0.208966 0.013700 0.000000 0.000000 0.000000
0.000000 0.000002 0.000000
6.474208 1.000000 0.000000
764.299377 0.000000
0.000000 0.000000 0.000000 0.000000
0.000000 0.852633
11 0.015000 1.605000 0.001000
0.487000 0.580000 0.780000 0.490000 1.250000 6.700000 0.650000 0.650000
187499.984375 75.360001 0.084000
1.073000 0.050000 0.116600
0.170543 0.085978 0.000479 0.000000
0.000000

0.000000 0.000000 1.497713
0.046223 0.005138 0.778381 4.270379 180.315063
0.000000 0.302761 0.014329 0.000000 0.000000 0.000000
0.000000 0.000001 0.000000
6.501814 1.000000 0.000000
764.299377 0.000000
0.000000 0.000000 0.000000 0.000000
0.000000 0.813486
11 0.015000 1.620000 0.001000
0.487000 0.580000 0.780000 0.490000 1.250000 6.700000 0.650000 0.650000
187499.984375 75.360001 0.084000
1.073000 0.050000 0.116600
0.170545 0.085811 0.000478 0.000000
0.000000

0.000000 0.000000 1.517642
0.046214 0.005137 0.778190 4.269113 180.338364
0.000000 0.482912 0.013424 0.000000 0.000000 0.000000
0.000000 0.000001 0.000000
6.529006 1.000000 0.000000
764.299377 0.000000
0.000000 0.000000 0.000000 0.000000
0.000000 0.583238
11 0.015000 1.635000 0.001000
0.487000 0.580000 0.780000 0.490000 1.250000 6.700000 0.650000 0.650000
187499.984375 75.360001 0.084000
1.073000 0.050000 0.116600
0.170594 0.085830 0.000478 0.000000
0.000000

0.000000 0.000000 1.518235
0.046215 0.005137 0.778218 4.269039 180.339264
0.000000 0.667526 0.013422 0.000000 0.000000 0.000000
0.000000 0.000001 0.000000
6.555791 1.000000 0.000000
764.299377 0.000000
0.000000 0.000000 0.000000 0.000000
0.000000 0.588832
11 0.015000 1.650000 0.001000
0.487000 0.580000 0.780000 0.490000 1.250000 6.700000 0.650000 0.650000
187499.984375 75.360001 0.084000
1.073000 0.050000 0.116600
0.170595 0.085711 0.000477 0.000000
0.000000

0.000000 0.000000 1.518439
0.046215 0.005137 0.778251 4.269001 180.339432
0.000000 0.955800 0.013499 0.000000 0.000000 0.000000
0.000000 0.000000 0.000000
6.582176 1.000000 0.000000
764.299377 0.000000
0.000000 0.000000 0.000000 0.000000
0.000000 0.606976
11 0.015000 1.665000 0.001000
0.487000 0.580000 0.780000 0.490000 1.250000 6.700000 0.650000 0.650000
187499.984375 75.360001 0.084000
1.073000 0.050000 0.116600
0.170596 0.085800 0.000478 0.000000
0.000000

0.000000 0.000000 1.518644
0.046216 0.005138 0.778282 4.268952 180.339706
0.000000 1.696527 0.013735 0.000000 0.000000 0.000000
0.000000 0.000000 0.000000
6.608165 1.000000 0.000000
764.299377 0.000000
0.000000 0.000000 0.000000 0.000000
0.000000 0.658573
11 0.015000 1.680000 0.001000
0.487000 0.580000 0.780000 0.490000 1.250000 6.700000 0.650000 0.650000
187499.984375 75.360001 0.084000
1.073000 0.050000 0.116600
0.170597 0.086133 0.000480 0.000000
0.000000

0.000000 0.000000 1.519312
0.046216 0.005138 0.778306 4.268862 180.340500
0.000000 2.586794 0.013862 0.000000 0.000000 0.000000
0.000000 0.000000 0.000000
6.633764 1.000000 0.000000
764.299377 0.000000
0.000000 0.000000 0.000000 0.000000
0.000000 0.644384
11 0.015000 1.695000 0.001000
0.487000 0.580000 0.780000 0.490000 1.250000 6.700000 0.650000 0.650000
187499.984375 75.360001 0.084000
1.073000 0.050000 0.116600
0.170598 0.085905 0.000478 0.000000
0.000000

0.000000 0.000000 1.520740
0.046216 0.005138 0.778324 4.268748 180.342133
0.000000 3.894307 0.014119 0.000000 0.000000 0.000000
0.000000 0.000000 0.000000
6.658978 1.000000 0.000000
764.299377 0.000000
0.000000 0.000000 0.000000 0.000000
0.000000 0.662974
11 0.015000 1.710000 0.001000
0.487000 0.580000 0.780000 0.490000 1.250000 6.700000 0.650000 0.650000
187499.984375 75.360001 0.084000
1.073000 0.050000 0.116600
0.170602 0.085958 0.000479 0.000000
0.000000

0.000000 0.000000 1.520946
0.046216 0.005138 0.778352 4.268686 180.342712
0.000000 7.559522 0.015277 0.000000 0.000000 0.000000
0.000000 0.000000 0.000000
6.683811 1.000000 0.000000
764.299377 0.000000
0.000000 0.000000 0.000000 0.000000
0.000000 0.688916
11 0.015000 1.725000 0.001000
0.487000 0.580000 0.780000 0.490000 1.250000 6.700000 0.650000 0.650000
187499.984375 75.360001 0.084000
1.073000 0.050000 0.116600
0.170602 0.086068 0.000479 0.000000
0.000000

0.000000 0.000000 1.522004
0.046217 0.005138 0.778373 4.268588 180.343994
0.000000 20.502752 0.018049 0.000000 0.000000 0.000000
0.000000 0.000000 0.000000
6.708269 1.000000 0.000000
764.299377 0.000000
0.000000 0.000000 0.000000 0.000000
0.000000 0.683198
11 0.015000 1.740000 0.001000
0.487000 0.580000 0.780000 0.490000 1.250000 6.700000 0.650000 0.650000
187499.984375 75.360001 0.084000
1.073000 0.050000 0.116600
0.170605 0.086162 0.000480 0.000000
0.000000

0.000000 0.000000 1.534953
0.046211 0.005137 0.778256 4.267728 180.356583
0.000000 30.465406 0.017877 0.000000 0.000000 0.000000
0.000000 0.000000 0.000000
6.732357 1.000000 0.000000
764.299377 0.000000
0.000000 0.000000 0.000000 0.000000
0.000000 0.628781
11 0.015000 1.755000 0.001000
0.487000 0.580000 0.780000 0.490000 1.250000 6.700000 0.650000 0.650000
187499.984375 75.360001 0.084000
1.073000 0.050000 0.116600
0.170637 0.086070 0.000479 0.000000
0.000000

0.000000 0.000000 1.558021
0.046200 0.005136 0.778006 4.266153 180.369431
0.000000 18.310549 0.014330 0.000000 0.000000 0.000000
0.000000 0.000000 0.000000
6.756079 1.000000 0.000000
764.299377 0.000000
0.000000 0.000000 0.000000 0.000000
0.000000 0.611191
11 0.015000 1.770000 0.001000
0.487000 0.580000 0.780000 0.490000 1.250000 6.700000 0.650000 0.650000
187499.984375 75.360001 0.084000
1.073000 0.050000 0.116600
0.170694 0.085987 0.000479 0.000000
0.000000

0.000000 0.000000 1.563213
0.046198 0.005136 0.777974 4.265768 180.372375
0.000000 6.350297 0.012892 0.000000 0.000000 0.000000
0.000000 0.000000 0.000000
6.779438 1.000000 0.000000
764.299377 0.000000
0.000000 0.000000 0.000000 0.000000
0.000000 0.618760
11 0.015000 1.785000 0.001000
0.487000 0.580000 0.780000 0.490000 1.250000 6.700000 0.650000 0.650000
187499.984375 75.360001 0.084000
1.073000 0.050000 0.116600
0.170706 0.086296 0.000481 0.000000
0.000000

0.000000 0.000000 1.573600
0.046193 0.005135 0.777874 4.265016 180.375122
0.000000 1.517668 0.011943 0.000000 0.000000 0.000000
0.000000 0.000000 0.000000
6.802440 1.000000 0.000000
764.299377 0.000000
0.000000 0.000000 0.000000 0.000000
0.000000 0.589951
11 0.015000 1.800000 0.001000
0.487000 0.580000 0.780000 0.490000 1.250000 6.700000 0.650000 0.650000
187499.984375 75.360001 0.084000
1.073000 0.050000 0.116600
0.170731 0.086076 0.000479 0.000000
0.000000

0.000000 0.000000 1.574971
0.046192 0.005135 0.777886 4.264877 180.375687
0.000000 0.282617 0.011910 0.000000 0.000000 0.000000
0.000000 0.000002 0.000000
6.825087 1.000000 0.000000
764.299377 0.000000
0.000000 0.000000 0.000000 0.000000
0.000000 0.591283
11 0.015000 1.815000 0.001000
0.487000 0.580000 0.780000 0.490000 1.250000 6.700000 0.650000 0.650000
187499.984375 75.360001 0.084000
1.073000 0.050000 0.116600
0.170735 0.086162 0.000480 0.000000
0.000000

0.000000 0.000000 1.581471
0.046189 0.005135 0.777836 4.264396 180.377609
0.000000 0.050357 0.011472 0.000000 0.000000 0.000000
0.000000 0.000009 0.000000
6.847383 1.000000 0.000000
764.299377 0.000000
0.000000 0.000000 0.000000 0.000000
0.000000 0.579172
11 0.015000 1.830000 0.001000
0.487000 0.580000 0.780000 0.490000 1.250000 6.700000 0.650000 0.650000
187499.984375 75.360001 0.084000
1.073000 0.050000 0.116600
0.170750 0.086145 0.000480 0.000000
0.000000

0.000000 0.000000 1.581841
0.046190 0.005135 0.777863 4.264343 180.377930
0.000000 0.017860 0.011729 0.000000 0.000000 0.000000
0.000000 0.000020 0.000001
6.869333 1.000000 0.000000
764.299377 0.000000
0.000000 0.000000 0.000000 0.000000
0.000000 0.580998
11 0.015000 1.845000 0.001000
0.487000 0.580000 0.780000 0.490000 1.250000 6.700000 0.650000 0.650000
187499.984375 75.360001 0.084000
1.073000 0.050000 0.116600
0.170752 0.086233 0.000480 0.000000
0.000000

0.000000 0.000000 1.582478
0.046190 0.005135 0.777886 4.264265 180.378845
0.000000 0.016253 0.011806 0.000000 0.000000 0.000000
0.000000 0.000021 0.000002
6.890938 1.000000 0.000000
764.299377 0.000000
0.000000 0.000000 0.000000 0.000000
0.000000 0.580059
11 0.015000 1.860000 0.001000
0.487000 0.580000 0.780000 0.490000 1.250000 6.700000 0.650000 0.650000
187499.984375 75.360001 0.084000
1.073000 0.050000 0.116600
0.170753 0.086106 0.000480 0.000000
0.000000

0.000000 0.000000 1.583755
0.046190 0.005135 0.777901 4.264141 180.379532
0.000000 0.025956 0.012299 0.000000 0.000000 0.000000
0.000000 0.000014 0.000001
6.912203 1.000000 0.000000
764.299377 0.000000
0.000000 0.000000 0.000000 0.000000
0.000000 0.580717
11 0.015000 1.875000 0.001000
0.487000 0.580000 0.780000 0.490000 1.250000 6.700000 0.650000 0.650000
187499.984375 75.360001 0.084000
1.073000 0.050000 0.116600
0.170756 0.086243 0.000480 0.000000
0.000000

0.000000 0.000000 1.584384
0.046190 0.005135 0.777923 4.264071 180.379822
0.000000 0.046575 0.012605 0.000000 0.000000 0.000000
0.000000 0.000008 0.000000
6.933130 1.000000 0.000000
764.299377 0.000000
0.000000 0.000000 0.000000 0.000000
0.000000 0.584565
11 0.015000 1.890000 0.001000
0.487000 0.580000 0.780000 0.490000 1.250000 6.700000 0.650000 0.650000
187499.984375 75.360001 0.084000
1.073000 0.050000 0.116600
0.170757 0.086441 0.000481 0.000000
0.000000

0.000000 0.000000 1.585281
0.046190 0.005135 0.777943 4.263968 180.380447
0.000000 0.063310 0.012681 0.000000 0.000000 0.000000
0.000000 0.000006 0.000000
6.953723 1.000000 0.000000
764.299377 0.000000
0.000000 0.000000 0.000000 0.000000
0.000000 0.584066
11 0.015000 1.905000 0.001000
0.487000 0.580000 0.780000 0.490000 1.250000 6.700000 0.650000 0.650000
187499.984375 75.360001 0.084000
1.073000 0.050000 0.116600
0.170760 0.086143 0.000480 0.000000
0.000000

0.000000 0.000000 1.585854
0.046190 0.005135 0.777966 4.263890 180.381180
0.000000 0.084601 0.012738 0.000000 0.000000 0.000000
0.000000 0.000005 0.000000
6.973983 1.000000 0.000000
764.299377 0.000000
0.000000 0.000000 0.000000 0.000000
0.000000 0.586953
11 0.015000 1.920000 0.001000
0.487000 0.580000 0.780000 0.490000 1.250000 6.700000 0.650000 0.650000
187499.984375 75.360001 0.084000
1.073000 0.050000 0.116600
0.170761 0.086138 0.000480 0.000000
0.000000

0.000000 0.000000 1.586142
0.046190 0.005135 0.777992 4.263837 180.381622
0.000000 0.121707 0.012820 0.000000 0.000000 0.000000
0.000000 0.000003 0.000000
6.993915 1.000000 0.000000
764.299377 0.000000
0.000000 0.000000 0.000000 0.000000
0.000000 0.591503
11 0.015000 1.935000 0.001000
0.487000 0.580000 0.780000 0.490000 1.250000 6.700000 0.650000 0.650000
187499.984375 75.360001 0.084000
1.073000 0.050000 0.116600
0.170761 0.086225 0.000480 0.000000
0.000000

0.000000 0.000000 1.586428
0.046191 0.005135 0.778020 4.263794 180.382095
0.000000 0.203865 0.012914 0.000000 0.000000 0.000000
0.000000 0.000002 0.000000
7.013519 1.000000 0.000000
764.299377 0.000000
0.000000 0.000000 0.000000 0.000000
0.000000 0.605474
11 0.015000 1.950000 0.001000
0.487000 0.580000 0.780000 0.490000 1.250000 6.700000 0.650000 0.650000
187499.984375 75.360001 0.084000
1.073000 0.050000 0.116600
0.170763 0.086541 0.000482 0.000000
0.000000

0.000000 0.000000 1.587388
0.046190 0.005135 0.778036 4.263686 180.382935
0.000000 0.257237 0.012909 0.000000 0.000000 0.000000
0.000000 0.000002 0.000000
7.032800 1.000000 0.000000
764.299377 0.000000
0.000000 0.000000 0.000000 0.000000
0.000000 0.602036
11 0.015000 1.965000 0.001000
0.487000 0.580000 0.780000 0.490000 1.250000 6.700000 0.650000 0.650000
187499.984375 75.360001 0.084000
1.073000 0.050000 0.116600
0.170765 0.086436 0.000481 0.000000
0.000000

0.000000 0.000000 1.593659
0.046187 0.005134 0.777985 4.263215 180.385529
0.000000 0.346367 0.012885 0.000000 0.000000 0.000000
0.000000 0.000001 0.000000
7.051759 1.000000 0.000000
764.299377 0.000000
0.000000 0.000000 0.000000 0.000000
0.000000 0.591462
11 0.015000 1.980000 0.001000
0.487000 0.580000 0.780000 0.490000 1.250000 6.700000 0.650000 0.650000
187499.984375 75.360001 0.084000
1.073000 0.050000 0.116600
0.170779 0.086466 0.000482 0.000000
0.000000

0.000000 0.000000 1.595642
0.046187 0.005134 0.777990 4.263043 180.386841
0.000000 0.620158 0.012840 0.000000 0.000000 0.000000
0.000000 0.000001 0.000000
7.070398 1.000000 0.000000
764.299377 0.000000
0.000000 0.000000 0.000000 0.000000
0.000000 0.592990
11 0.015000 1.995000 0.001000
0.487000 0.580000 0.780000 0.490000 1.250000 6.700000 0.650000 0.650000
187499.984375 75.360001 0.084000
1.073000 0.050000 0.116600
0.170784 0.086573 0.000482 0.000000
0.000000
1.000000
2.000000
0.321000 0.000000
0.000000
0
-0.735000
0 0
0.000000
1
0.000000
1.000000
1.000000
1.000000
0.000000 0.000000 0.000000
0.000000 0.000000
0.000000 0.000000 0.000000 0.000000 0.000000 0.000000 0.000000
0.000000 0.000000 0.000000 0.000000 0.000000 0.000000 0.000000
605
2.000000
1
C:\Kingsite\dnd\Ohio1.spf
-1.000000 -1.000000
0.000000
49
49
10.000000
102
