11
Clay
0.580000 0.612000 0.084000 0.780000 0.530000 1.000000 0.000000 0.000000
1.020000 6.700000 1 0.028600 0.500000 0.050000 0.010000 0.027000 0.963000
0.000000 0.015000 2.000000 152999.984375 75.360001 133
0.103800 3.528000 4.728100 0.000000 1
8.234000 8.234000 10.000000 5.000000 25.000000 100.000000
0.000000 0.000000 0.009037 0.000000 146.502426 216.757141
500.000000 0.000000 0.000000

0.000422 294.244843 527.452881
1.614602 0.179420 16.437435 149.942978 4109.979004
0.000000 0.000000 0.019243 0.979817 0.000000 0.000000
0.000012 0.000079 0.000528
1.111276 0.780000 0.000000
764.299377 0.000000
1.949192 0.000000 0.000000 0.000000
0.000000 0.005341
11 0.015000 0.015000 0.028600
0.612000 0.580000 0.780000 0.530000 1.020000 6.700000 0.780000 0.780000
152999.984375 75.360001 0.084000
1.073000 0.050000 0.116600
3.751324 5.044559 0.033732 0.000000
0.000000

0.000667 6.974444 62.370926
1.394923 0.155007 15.751387 137.416718 4155.826172
0.000000 0.000000 0.009623 0.489983 0.000000 0.000000
0.000014 0.000023 0.000237
1.118886 0.780000 0.000000
764.299377 0.000000
0.289251 0.000000 0.000000 0.000000
0.000000 0.013901
11 0.015000 0.030000 0.028600
0.612000 0.580000 0.780000 0.530000 1.020000 6.700000 0.780000 0.780000
152999.984375 75.360001 0.084000
1.073000 0.050000 0.116600
3.798760 7.210459 0.048254 0.000000
0.000000

0.000847 5.273025 56.880131
1.395107 0.155027 16.101490 137.150757 4156.348145
0.000000 0.000000 0.004813 0.245040 0.000000 0.000000
0.000014 0.000027 0.000228
1.124519 0.780000 0.000000
764.299377 0.000000
0.226912 0.000000 0.000000 0.000000
0.000000 0.029532
11 0.015000 0.045000 0.028600
0.612000 0.580000 0.780000 0.530000 1.020000 6.700000 0.780000 0.780000
152999.984375 75.360001 0.084000
1.073000 0.050000 0.116600
3.802280 9.655873 0.064759 0.000000
0.000000

0.000996 4.914695 54.160103
1.395529 0.155073 16.344261 136.967178 4156.741699
0.000000 0.000000 0.002409 0.122646 0.000000 0.000000
0.000014 0.000025 0.000225
1.130669 0.780000 0.000000
764.299377 0.000000
0.192084 0.000000 0.000000 0.000000
0.000000 0.047502
11 0.015000 0.060000 0.028600
0.612000 0.580000 0.780000 0.530000 1.020000 6.700000 0.780000 0.780000
152999.984375 75.360001 0.084000
1.073000 0.050000 0.116600
3.804683 12.198538 0.082170 0.000000
0.000000

0.001120 4.576981 51.580650
1.395585 0.155079 16.521675 136.807846 4157.013672
0.000000 0.000000 0.001207 0.061417 0.000000 0.000000
0.000014 0.000024 0.000222
1.137429 0.780000 0.000000
764.299377 0.000000
0.157575 0.000000 0.000000 0.000000
0.000000 0.063254
11 0.015000 0.075000 0.028600
0.612000 0.580000 0.780000 0.530000 1.020000 6.700000 0.780000 0.780000
152999.984375 75.360001 0.084000
1.073000 0.050000 0.116600
3.806441 13.983350 0.094882 0.000000
0.000000

0.001231 4.260244 49.201015
1.395449 0.155064 16.661463 136.664398 4157.257324
0.000000 0.000000 0.000604 0.030740 0.000000 0.000000
0.000013 0.000031 0.000228
1.144889 0.780000 0.000000
764.299377 0.000000
0.133166 0.000000 0.000000 0.000000
0.000000 0.073601
11 0.015000 0.090000 0.028600
0.612000 0.580000 0.780000 0.530000 1.020000 6.700000 0.780000 0.780000
152999.984375 75.360001 0.084000
1.073000 0.050000 0.116600
3.807834 8.006270 0.054865 0.000000
0.000000

0.006761 5.109936 84.002182
1.406094 0.156246 21.671598 132.781143 4160.020996
0.000000 0.000000 0.000305 0.015485 0.000000 0.000000
0.000013 0.000028 0.000234
1.153134 0.780000 0.000000
764.299377 0.000000
0.123222 0.000000 0.000000 0.000000
0.000000 0.078173
11 0.015000 0.105000 0.028600
0.612000 0.580000 0.780000 0.530000 1.020000 6.700000 0.780000 0.780000
152999.984375 75.360001 0.084000
1.073000 0.050000 0.116600
3.851169 6.424318 0.044505 0.000000
0.000000

0.006854 3.864232 62.680058
0.850636 0.094524 13.532789 79.528343 2977.633301
0.000000 0.001306 0.002952 0.007804 0.000000 0.000000
0.000006 0.000037 0.000055
1.162894 0.650000 0.000000
764.299377 0.000000
0.000000 0.000000 0.000000 0.000000
0.000000 0.089947
11 0.015000 0.120000 0.018000
0.547000 0.580000 0.780000 0.490000 1.150000 6.700000 0.650000 0.650000
172500.000000 75.360001 0.084000
1.073000 0.050000 0.116600
2.801084 3.956701 0.018558 0.000000
0.000000

0.006706 3.581871 59.650333
0.843973 0.093783 13.449399 78.909981 2977.879150
0.000000 0.001715 0.003684 0.003902 0.000000 0.000000
0.000006 0.000035 0.000053
1.174306 0.650000 0.000000
764.299377 0.000000
0.000000 0.000000 0.000000 0.000000
0.000000 0.088024
11 0.015000 0.135000 0.018000
0.547000 0.580000 0.780000 0.490000 1.150000 6.700000 0.650000 0.650000
172500.000000 75.360001 0.084000
1.073000 0.050000 0.116600
2.801720 3.252847 0.015385 0.000000
0.000000

0.006420 3.316926 56.753769
0.838000 0.093120 13.375634 78.355392 2978.109619
0.000000 0.002176 0.004454 0.001951 0.000000 0.000000
0.000005 0.000034 0.000049
1.186702 0.650000 0.000000
764.299377 0.000000
0.000000 0.000000 0.000000 0.000000
0.000000 0.085703
11 0.015000 0.150000 0.018000
0.547000 0.580000 0.780000 0.490000 1.150000 6.700000 0.650000 0.650000
172500.000000 75.360001 0.084000
1.073000 0.050000 0.116600
2.802234 3.021279 0.014332 0.000000
0.000000

0.006236 9.184729 54.111042
0.817554 0.090848 13.079226 76.463821 2978.269043
0.000000 0.002347 0.004561 0.000975 0.000000 0.000000
0.000005 0.000031 0.000046
1.200152 0.650000 0.000000
764.299377 0.000000
0.000000 0.000000 0.000000 0.000000
0.000000 0.086287
11 0.015000 0.165000 0.018000
0.547000 0.580000 0.780000 0.490000 1.150000 6.700000 0.650000 0.650000
172500.000000 75.360001 0.084000
1.073000 0.050000 0.116600
2.802691 2.816439 0.013333 0.000000
0.000000

0.006003 8.582416 51.696018
0.813137 0.090357 13.031496 76.046379 2978.504639
0.000000 0.002406 0.004576 0.000488 0.000000 0.000000
0.000005 0.000029 0.000043
1.214723 0.650000 0.000000
764.299377 0.000000
0.000000 0.000000 0.000000 0.000000
0.000000 0.088019
11 0.015000 0.180000 0.018000
0.547000 0.580000 0.780000 0.490000 1.150000 6.700000 0.650000 0.650000
172500.000000 75.360001 0.084000
1.073000 0.050000 0.116600
2.803238 2.733296 0.012867 0.000000
0.000000

0.005736 8.007714 49.401855
0.809108 0.089909 12.981566 75.672287 2978.627197
0.000000 0.002359 0.004488 0.000244 0.000000 0.000000
0.000004 0.000027 0.000040
1.230473 0.650000 0.000000
764.299377 0.000000
0.000000 0.000000 0.000000 0.000000
0.000000 0.092508
11 0.015000 0.195000 0.018000
0.547000 0.580000 0.780000 0.490000 1.150000 6.700000 0.650000 0.650000
172500.000000 75.360001 0.084000
1.073000 0.050000 0.116600
2.803592 2.480069 0.011588 0.000000
0.000000

0.004627 7.216166 46.374500
0.806854 0.089659 12.900769 75.530479 2978.124023
0.000000 0.003256 0.005851 0.000122 0.000000 0.000000
0.000003 0.000019 0.000034
1.247294 0.650000 0.000000
764.299377 0.000000
0.000000 0.000000 0.000000 0.000000
0.000000 0.098229
11 0.015000 0.210000 0.018000
0.547000 0.580000 0.780000 0.490000 1.150000 6.700000 0.650000 0.650000
172500.000000 75.360001 0.084000
1.073000 0.050000 0.116600
2.801750 2.281856 0.010576 0.000000
0.000000

0.004358 6.710858 36.000473
0.439574 0.048846 7.019718 41.066093 1553.886597
0.000000 0.004905 0.007546 0.000061 0.000000 0.000000
0.000001 0.000010 0.000004
1.265405 0.650000 0.000000
764.299377 0.000000
0.000000 0.000000 0.000000 0.000000
0.000000 0.103556
11 0.015000 0.225000 0.009000
0.527000 0.580000 0.780000 0.490000 1.200000 6.700000 0.650000 0.650000
180000.015625 75.360001 0.084000
1.073000 0.050000 0.116600
1.461910 1.591828 0.006768 0.000000
0.000000

0.004095 6.240463 34.105495
0.436438 0.048498 6.975893 40.779667 1553.948853
0.000000 0.003920 0.006555 0.000030 0.000000 0.000000
0.000001 0.000010 0.000003
1.285047 0.650000 0.000000
764.299377 0.000000
0.000000 0.000000 0.000000 0.000000
0.000000 0.106148
11 0.015000 0.240000 0.009000
0.527000 0.580000 0.780000 0.490000 1.200000 6.700000 0.650000 0.650000
180000.015625 75.360001 0.084000
1.073000 0.050000 0.116600
1.462027 1.297477 0.005475 0.000000
0.000000

0.003847 5.801600 32.344261
0.433552 0.048177 6.935272 40.516205 1553.986938
0.000000 0.003027 0.005674 0.000015 0.000000 0.000000
0.000001 0.000009 0.000004
1.306101 0.650000 0.000000
764.299377 0.000000
0.000000 0.000000 0.000000 0.000000
0.000000 0.107705
11 0.015000 0.255000 0.009000
0.527000 0.580000 0.780000 0.490000 1.200000 6.700000 0.650000 0.650000
180000.015625 75.360001 0.084000
1.073000 0.050000 0.116600
1.462147 1.207086 0.005060 0.000000
0.000000

0.003589 5.387266 30.701202
0.430915 0.047884 6.896853 40.277023 1554.021362
0.000000 0.002431 0.004937 0.000008 0.000000 0.000000
0.000001 0.000009 0.000004
1.328593 0.650000 0.000000
764.299377 0.000000
0.000000 0.000000 0.000000 0.000000
0.000000 0.109304
11 0.015000 0.270000 0.009000
0.527000 0.580000 0.780000 0.490000 1.200000 6.700000 0.650000 0.650000
180000.015625 75.360001 0.084000
1.073000 0.050000 0.116600
1.462254 1.118503 0.004662 0.000000
0.000000

0.003357 5.003343 29.178017
0.428465 0.047612 6.861876 40.053722 1554.073730
0.000000 0.001978 0.004341 0.000004 0.000000 0.000000
0.000001 0.000009 0.000005
1.352545 0.650000 0.000000
764.299377 0.000000
0.000000 0.000000 0.000000 0.000000
0.000000 0.111935
11 0.015000 0.285000 0.009000
0.527000 0.580000 0.780000 0.490000 1.200000 6.700000 0.650000 0.650000
180000.015625 75.360001 0.084000
1.073000 0.050000 0.116600
1.462324 1.051695 0.004364 0.000000
0.000000

0.003134 4.645818 27.759727
0.426207 0.047361 6.829488 39.848145 1554.129028
0.000000 0.003403 0.004748 0.000002 0.000000 0.000000
0.000000 0.000009 0.000007
1.377972 0.650000 0.000000
764.299377 0.000000
0.000000 0.000000 0.000000 0.000000
0.000000 0.116349
11 0.015000 0.300000 0.009000
0.527000 0.580000 0.780000 0.490000 1.200000 6.700000 0.650000 0.650000
180000.015625 75.360001 0.084000
1.073000 0.050000 0.116600
1.462411 0.961291 0.003975 0.000000
0.000000

0.002927 4.315094 26.448675
0.424102 0.047127 6.799476 39.656048 1554.143066
0.000000 0.002934 0.004907 0.000001 0.000000 0.000000
0.000000 0.000009 0.000008
1.404882 0.650000 0.000000
764.299377 0.000000
0.000000 0.000000 0.000000 0.000000
0.000000 0.123009
11 0.015000 0.315000 0.009000
0.527000 0.580000 0.780000 0.490000 1.200000 6.700000 0.650000 0.650000
180000.015625 75.360001 0.084000
1.073000 0.050000 0.116600
1.462473 0.913164 0.003767 0.000000
0.000000

0.002753 4.013592 23.052399
0.328327 0.036484 5.263616 30.676048 1187.295898
0.000000 0.002623 0.005312 0.000000 0.000000 0.000000
0.000000 0.000008 0.000005
1.433656 0.650000 0.000000
764.299377 0.000000
0.000000 0.000000 0.000000 0.000000
0.000000 0.132003
11 0.015000 0.330000 0.006600
0.497000 0.580000 0.780000 0.490000 1.250000 6.700000 0.650000 0.650000
187499.984375 75.360001 0.084000
1.073000 0.050000 0.116600
1.117236 0.762770 0.002845 0.000000
0.000000

0.002593 3.732814 21.925306
0.326498 0.036281 5.237203 30.509123 1187.307861
0.000000 0.002531 0.005218 0.000000 0.000000 0.000000
0.000000 0.000008 0.000005
1.464337 0.650000 0.000000
764.299377 0.000000
0.000000 0.000000 0.000000 0.000000
0.000000 0.143575
11 0.015000 0.345000 0.006600
0.497000 0.580000 0.780000 0.490000 1.250000 6.700000 0.650000 0.650000
187499.984375 75.360001 0.084000
1.073000 0.050000 0.116600
1.117298 0.714388 0.002660 0.000000
0.000000

0.002464 3.484669 20.896828
0.324720 0.036084 5.215075 30.342653 1187.337158
0.000000 0.002497 0.003749 0.000000 0.000000 0.000000
0.000000 0.000008 0.000005
1.496526 0.650000 0.000000
764.299377 0.000000
0.000000 0.000000 0.000000 0.000000
0.000000 0.157655
11 0.015000 0.360000 0.006600
0.497000 0.580000 0.780000 0.490000 1.250000 6.700000 0.650000 0.650000
187499.984375 75.360001 0.084000
1.073000 0.050000 0.116600
1.117377 0.678985 0.002526 0.000000
0.000000

0.002295 3.234545 19.914089
0.323201 0.035915 5.192810 30.204618 1187.361084
0.000000 0.002624 0.003881 0.000000 0.000000 0.000000
0.000000 0.000008 0.000005
1.530208 0.650000 0.000000
764.299377 0.000000
0.000000 0.000000 0.000000 0.000000
0.000000 0.174128
11 0.015000 0.375000 0.006600
0.497000 0.580000 0.780000 0.490000 1.250000 6.700000 0.650000 0.650000
187499.984375 75.360001 0.084000
1.073000 0.050000 0.116600
1.117416 0.650394 0.002417 0.000000
0.000000

0.002139 3.002497 19.002262
0.321793 0.035758 5.172332 30.076605 1187.360352
0.000000 0.002824 0.003970 0.000000 0.000000 0.000000
0.000000 0.000009 0.000005
1.565365 0.650000 0.000000
764.299377 0.000000
0.000000 0.000000 0.000000 0.000000
0.000000 0.192744
11 0.015000 0.390000 0.006600
0.497000 0.580000 0.780000 0.490000 1.250000 6.700000 0.650000 0.650000
187499.984375 75.360001 0.084000
1.073000 0.050000 0.116600
1.117456 0.629386 0.002337 0.000000
0.000000

0.001989 2.785869 18.153475
0.320498 0.035615 5.153494 29.958824 1187.394531
0.000000 0.003109 0.004236 0.000000 0.000000 0.000000
0.000000 0.000010 0.000005
1.601971 0.650000 0.000000
764.299377 0.000000
0.000000 0.000000 0.000000 0.000000
0.000000 0.213201
11 0.015000 0.405000 0.006600
0.497000 0.580000 0.780000 0.490000 1.250000 6.700000 0.650000 0.650000
187499.984375 75.360001 0.084000
1.073000 0.050000 0.116600
1.117485 0.615225 0.002283 0.000000
0.000000

0.001852 2.585602 13.787741
0.167524 0.018616 2.688002 15.621845 593.704773
0.000000 0.003296 0.003122 0.000000 0.000000 0.000000
0.000000 0.000006 0.000001
1.640175 0.650000 0.000000
764.299377 0.000000
0.000000 0.000000 0.000000 0.000000
0.000000 0.234948
11 0.015000 0.420000 0.003300
0.487000 0.580000 0.780000 0.490000 1.250000 6.700000 0.650000 0.650000
187499.984375 75.360001 0.084000
1.073000 0.050000 0.116600
0.558755 0.381664 0.001387 0.000000
0.000000

0.001726 2.400444 13.055011
0.166396 0.018490 2.671248 15.519806 593.704590
0.000000 0.003621 0.003310 0.000000 0.000000 0.000000
0.000000 0.000006 0.000001
1.679936 0.650000 0.000000
764.299377 0.000000
0.000000 0.000000 0.000000 0.000000
0.000000 0.258582
11 0.015000 0.435000 0.003300
0.487000 0.580000 0.780000 0.490000 1.250000 6.700000 0.650000 0.650000
187499.984375 75.360001 0.084000
1.073000 0.050000 0.116600
0.558771 0.356542 0.001295 0.000000
0.000000

0.001602 2.226514 12.374099
0.165361 0.018375 2.655645 15.426481 593.723755
0.000000 0.004108 0.003774 0.000000 0.000000 0.000000
0.000000 0.000006 0.000001
1.721043 0.650000 0.000000
764.299377 0.000000
0.000000 0.000000 0.000000 0.000000
0.000000 0.285164
11 0.015000 0.450000 0.003300
0.487000 0.580000 0.780000 0.490000 1.250000 6.700000 0.650000 0.650000
187499.984375 75.360001 0.084000
1.073000 0.050000 0.116600
0.558786 0.340424 0.001236 0.000000
0.000000

0.001485 2.064799 11.741929
0.164402 0.018269 2.641115 15.340175 593.722229
0.000000 0.004981 0.004274 0.000000 0.000000 0.000000
0.000000 0.000005 0.000001
1.763459 0.650000 0.000000
764.299377 0.000000
0.000000 0.000000 0.000000 0.000000
0.000000 0.317357
11 0.015000 0.465000 0.003300
0.487000 0.580000 0.780000 0.490000 1.250000 6.700000 0.650000 0.650000
187499.984375 75.360001 0.084000
1.073000 0.050000 0.116600
0.558797 0.329412 0.001196 0.000000
0.000000

0.001379 1.915437 11.156246
0.163509 0.018170 2.627764 15.259599 593.722717
0.000000 0.006605 0.004742 0.000000 0.000000 0.000000
0.000000 0.000005 0.000001
1.807143 0.650000 0.000000
764.299377 0.000000
0.000000 0.000000 0.000000 0.000000
0.000000 0.359609
11 0.015000 0.480000 0.003300
0.487000 0.580000 0.780000 0.490000 1.250000 6.700000 0.650000 0.650000
187499.984375 75.360001 0.084000
1.073000 0.050000 0.116600
0.558811 0.317258 0.001151 0.000000
0.000000

0.001289 1.778801 10.615790
0.162672 0.018077 2.615187 15.183977 593.739746
0.000000 0.009547 0.005111 0.000000 0.000000 0.000000
0.000000 0.000005 0.000000
1.852056 0.650000 0.000000
764.299377 0.000000
0.000000 0.000000 0.000000 0.000000
0.000000 0.418636
11 0.015000 0.495000 0.003300
0.487000 0.580000 0.780000 0.490000 1.250000 6.700000 0.650000 0.650000
187499.984375 75.360001 0.084000
1.073000 0.050000 0.116600
0.558833 0.306437 0.001112 0.000000
0.000000

0.001198 1.650243 10.111768
0.161904 0.017991 2.603650 15.114782 593.744019
0.000000 0.014744 0.005539 0.000000 0.000000 0.000000
0.000000 0.000004 0.000000
1.898152 0.650000 0.000000
764.299377 0.000000
0.000000 0.000000 0.000000 0.000000
0.000000 0.504297
11 0.015000 0.510000 0.003300
0.487000 0.580000 0.780000 0.490000 1.250000 6.700000 0.650000 0.650000
187499.984375 75.360001 0.084000
1.073000 0.050000 0.116600
0.558841 0.300402 0.001089 0.000000
0.000000

0.001111 1.530480 7.222819
0.055064 0.006119 0.879445 5.104847 179.931671
0.000000 0.023421 0.000579 0.000000 0.000000 0.000000
0.000000 0.000000 0.000000
1.945389 0.650000 0.000000
764.299377 0.000000
0.000000 0.000000 0.000000 0.000000
0.000000 0.628530
11 0.015000 0.525000 0.001000
0.487000 0.580000 0.780000 0.490000 1.250000 6.700000 0.650000 0.650000
187499.984375 75.360001 0.084000
1.073000 0.050000 0.116600
0.169348 0.139641 0.000506 0.000000
0.000000

0.001031 1.419544 6.758548
0.054499 0.006056 0.870975 5.054907 179.933807
0.000000 0.037586 0.000565 0.000000 0.000000 0.000000
0.000000 0.000000 0.000000
1.993719 0.650000 0.000000
764.299377 0.000000
0.000000 0.000000 0.000000 0.000000
0.000000 0.806632
11 0.015000 0.540000 0.001000
0.487000 0.580000 0.780000 0.490000 1.250000 6.700000 0.650000 0.650000
187499.984375 75.360001 0.084000
1.073000 0.050000 0.116600
0.169351 0.127522 0.000462 0.000000
0.000000

0.000956 1.316479 6.325824
0.053983 0.005999 0.863227 5.009294 179.934647
0.000000 0.060993 0.000575 0.000000 0.000000 0.000000
0.000000 0.000000 0.000000
2.043099 0.650000 0.000000
764.299377 0.000000
0.000000 0.000000 0.000000 0.000000
0.000000 1.056159
11 0.015000 0.555000 0.001000
0.487000 0.580000 0.780000 0.490000 1.250000 6.700000 0.650000 0.650000
187499.984375 75.360001 0.084000
1.073000 0.050000 0.116600
0.169353 0.119482 0.000433 0.000000
0.000000

0.000886 1.220864 5.936095
0.053461 0.005941 0.855362 4.963048 179.936890
0.000000 0.102389 0.000596 0.000000 0.000000 0.000000
0.000000 0.000000 0.000000
2.093480 0.650000 0.000000
764.299377 0.000000
0.000000 0.000000 0.000000 0.000000
0.000000 1.404739
11 0.015000 0.570000 0.001000
0.487000 0.580000 0.780000 0.490000 1.250000 6.700000 0.650000 0.650000
187499.984375 75.360001 0.084000
1.073000 0.050000 0.116600
0.169355 0.113333 0.000411 0.000000
0.000000

0.000823 1.132447 5.575121
0.052975 0.005887 0.848046 4.919860 179.940796
0.000000 0.162870 0.000615 0.000000 0.000000 0.000000
0.000000 0.000000 0.000000
2.145566 0.650000 0.000000
764.299377 0.000000
0.000000 0.000000 0.000000 0.000000
0.000000 1.846642
11 0.015000 0.585000 0.001000
0.487000 0.580000 0.780000 0.490000 1.250000 6.700000 0.650000 0.650000
187499.984375 75.360001 0.084000
1.073000 0.050000 0.116600
0.169358 0.108129 0.000392 0.000000
0.000000

0.000769 1.052876 5.267974
0.052421 0.005825 0.839810 4.869648 179.941879
0.000000 0.283824 0.000017 0.000000 0.000000 0.000000
0.000000 0.000000 0.000000
2.201885 0.650000 0.000000
764.299377 0.000000
0.000000 0.000000 0.000000 0.000000
0.000000 2.472508
11 0.015000 0.600000 0.001000
0.487000 0.580000 0.780000 0.490000 1.250000 6.700000 0.650000 0.650000
187499.984375 75.360001 0.084000
1.073000 0.050000 0.116600
0.169361 0.103238 0.000374 0.000000
0.000000

0.000714 0.976454 4.956125
0.052007 0.005779 0.833563 4.832993 179.942749
0.000000 0.441404 0.000022 0.000000 0.000000 0.000000
0.000000 0.000000 0.000000
2.261828 0.650000 0.000000
764.299377 0.000000
0.000000 0.000000 0.000000 0.000000
0.000000 3.314751
11 0.015000 0.615000 0.001000
0.487000 0.580000 0.780000 0.490000 1.250000 6.700000 0.650000 0.650000
187499.984375 75.360001 0.084000
1.073000 0.050000 0.116600
0.169364 0.097813 0.000354 0.000000
0.000000

0.000661 0.905462 4.670640
0.051610 0.005735 0.827548 4.797730 179.945923
0.000000 0.829402 0.000243 0.000000 0.000000 0.000000
0.000000 0.000000 0.000000
2.322522 0.650000 0.000000
764.299377 0.000000
0.000000 0.000000 0.000000 0.000000
0.000000 4.785038
11 0.015000 0.630000 0.001000
0.487000 0.580000 0.780000 0.490000 1.250000 6.700000 0.650000 0.650000
187499.984375 75.360001 0.084000
1.073000 0.050000 0.116600
0.169366 0.095172 0.000345 0.000000
0.000000

0.000613 0.839633 4.412351
0.051217 0.005692 0.821585 4.762791 179.947327
0.000000 0.608184 0.000678 0.000000 0.000000 0.000000
0.000000 0.000000 0.000002
2.383921 0.632818 0.000000
764.299377 0.000000
0.000000 0.000000 0.000000 0.000000
0.000000 5.258007
11 0.015000 0.645000 0.001000
0.487000 0.580000 0.780000 0.490000 1.250000 6.700000 0.650000 0.650000
187499.984375 75.360001 0.084000
1.073000 0.050000 0.116600
0.169367 0.094316 0.000333 0.000000
0.000000

0.000569 0.778869 4.173110
0.050805 0.005646 0.816094 4.730174 179.947372
0.000000 0.000112 0.001109 0.000000 0.000000 0.000000
0.000000 0.000000 0.000003
2.445979 0.490000 0.000000
764.299377 0.000000
0.000000 0.000000 0.000000 0.000000
0.000000 1.025749
11 0.015000 0.660000 0.001000
0.487000 0.580000 0.780000 0.490000 1.250000 6.700000 0.650000 0.650000
187499.984375 75.360001 0.084000
1.073000 0.050000 0.116600
0.169370 0.097851 0.000267 0.000000
0.000000

0.000528 0.722382 3.951035
0.050467 0.005608 0.810980 4.699957 179.947906
0.000000 0.000539 0.002267 0.000000 0.000000 0.000000
0.000000 0.000001 0.000002
2.508649 0.490000 0.000000
764.299377 0.000000
0.000000 0.000000 0.000000 0.000000
0.000000 1.010689
11 0.015000 0.675000 0.001000
0.487000 0.580000 0.780000 0.490000 1.250000 6.700000 0.650000 0.650000
187499.984375 75.360001 0.084000
1.073000 0.050000 0.116600
0.169370 0.093087 0.000254 0.000000
0.000000

0.000490 0.670015 3.745085
0.050154 0.005573 0.806234 4.671897 179.951508
0.000000 0.006301 0.005048 0.000000 0.000000 0.000000
0.000000 0.000002 0.000000
2.571888 0.490000 0.000000
764.299377 0.000000
0.000000 0.000000 0.000000 0.000000
0.000000 1.274792
11 0.015000 0.690000 0.001000
0.487000 0.580000 0.780000 0.490000 1.250000 6.700000 0.650000 0.650000
187499.984375 75.360001 0.084000
1.073000 0.050000 0.116600
0.169372 0.099546 0.000272 0.000000
0.000000

0.000458 0.622302 3.555224
0.049859 0.005541 0.801918 4.645278 179.954407
0.000000 0.032702 0.006649 0.000000 0.000000 0.000000
0.000000 0.000001 0.000000
2.635652 0.490000 0.000000
764.299377 0.000000
0.000000 0.000000 0.000000 0.000000
0.000000 1.153645
11 0.015000 0.705000 0.001000
0.487000 0.580000 0.780000 0.490000 1.250000 6.700000 0.650000 0.650000
187499.984375 75.360001 0.084000
1.073000 0.050000 0.116600
0.169376 0.096442 0.000263 0.000000
0.000000

0.000435 0.579570 3.381386
0.049577 0.005509 0.798211 4.619406 179.955536
0.000000 32.696323 0.012439 0.000000 0.000000 0.000000
0.000000 0.000000 0.000000
2.699897 0.490000 0.000000
764.299377 0.000000
0.000000 0.000000 0.000000 0.000000
0.000000 1.250996
11 0.015000 0.720000 0.001000
0.487000 0.580000 0.780000 0.490000 1.250000 6.700000 0.650000 0.650000
187499.984375 75.360001 0.084000
1.073000 0.050000 0.116600
0.169385 0.096695 0.000264 0.000000
0.000000

0.000432 0.544040 3.226471
0.049296 0.005478 0.794988 4.592902 179.959137
0.000000 34.947845 0.017027 0.000000 0.000000 0.000000
0.000000 0.000000 0.000000
2.764582 0.490000 0.000000
764.299377 0.000000
0.000000 0.000000 0.000000 0.000000
0.000000 2.328036
11 0.015000 0.735000 0.001000
0.487000 0.580000 0.780000 0.490000 1.250000 6.700000 0.650000 0.650000
187499.984375 75.360001 0.084000
1.073000 0.050000 0.116600
0.169406 0.096240 0.000263 0.000000
0.000000

0.000000 0.240511 3.141535
0.047812 0.005313 0.783292 4.448774 179.985870
0.000000 5.864414 0.013917 0.000000 0.000000 0.000000
0.000000 0.000000 0.000000
2.829668 0.490000 0.000000
764.299377 0.000000
0.000000 0.000000 0.000000 0.000000
0.000000 1.626224
11 0.015000 0.750000 0.001000
0.487000 0.580000 0.780000 0.490000 1.250000 6.700000 0.650000 0.650000
187499.984375 75.360001 0.084000
1.073000 0.050000 0.116600
0.169551 0.086119 0.000235 0.000000
0.000000

0.000000 0.223918 3.008655
0.047676 0.005298 0.783447 4.434473 179.997757
0.000000 0.945548 0.013260 0.000000 0.000000 0.000000
0.000000 0.000000 0.000000
2.895111 0.490000 0.000000
764.299377 0.000000
0.000000 0.000000 0.000000 0.000000
0.000000 2.205047
11 0.015000 0.765000 0.001000
0.487000 0.580000 0.780000 0.490000 1.250000 6.700000 0.650000 0.650000
187499.984375 75.360001 0.084000
1.073000 0.050000 0.116600
0.169575 0.086196 0.000235 0.000000
0.000000

0.000000 0.207792 2.877242
0.047561 0.005285 0.782000 4.424089 179.999802
0.000000 0.680482 0.014171 0.000000 0.000000 0.000000
0.000000 0.000000 0.000000
2.960876 0.490000 0.000000
764.299377 0.000000
0.000000 0.000000 0.000000 0.000000
0.000000 1.801632
11 0.015000 0.780000 0.001000
0.487000 0.580000 0.780000 0.490000 1.250000 6.700000 0.650000 0.650000
187499.984375 75.360001 0.084000
1.073000 0.050000 0.116600
0.169581 0.085840 0.000234 0.000000
0.000000

0.000000 0.202822 2.872296
0.047309 0.005257 0.777946 4.400217 180.086868
0.000000 0.673389 0.013380 0.000000 0.000000 0.000000
0.000000 0.000000 0.000000
3.026923 0.490000 0.000000
764.299377 0.000000
0.000000 0.000000 0.000000 0.000000
0.000000 0.986812
11 0.015000 0.795000 0.001000
0.487000 0.580000 0.780000 0.490000 1.250000 6.700000 0.650000 0.650000
187499.984375 75.360001 0.084000
1.073000 0.050000 0.116600
0.169836 0.085402 0.000233 0.000000
0.000000

0.000000 0.188117 2.755219
0.047223 0.005248 0.776780 4.392684 180.087814
0.000000 0.515278 0.013369 0.000000 0.000000 0.000000
0.000000 0.000000 0.000000
3.093217 0.490000 0.000000
764.299377 0.000000
0.000000 0.000000 0.000000 0.000000
0.000000 0.981619
11 0.015000 0.810000 0.001000
0.487000 0.580000 0.780000 0.490000 1.250000 6.700000 0.650000 0.650000
187499.984375 75.360001 0.084000
1.073000 0.050000 0.116600
0.169841 0.085524 0.000233 0.000000
0.000000

0.000000 0.174616 2.648254
0.047141 0.005239 0.775771 4.385382 180.090378
0.000000 0.309183 0.013219 0.000000 0.000000 0.000000
0.000000 0.000000 0.000000
3.159719 0.490000 0.000000
764.299377 0.000000
0.000000 0.000000 0.000000 0.000000
0.000000 0.967735
11 0.015000 0.825000 0.001000
0.487000 0.580000 0.780000 0.490000 1.250000 6.700000 0.650000 0.650000
187499.984375 75.360001 0.084000
1.073000 0.050000 0.116600
0.169843 0.085369 0.000233 0.000000
0.000000

0.000000 0.162172 2.550168
0.047064 0.005230 0.774727 4.378570 180.093674
0.000000 0.154624 0.012949 0.000000 0.000000 0.000000
0.000000 0.000000 0.000000
3.226397 0.490000 0.000000
764.299377 0.000000
0.000000 0.000000 0.000000 0.000000
0.000000 0.951843
11 0.015000 0.840000 0.001000
0.487000 0.580000 0.780000 0.490000 1.250000 6.700000 0.650000 0.650000
187499.984375 75.360001 0.084000
1.073000 0.050000 0.116600
0.169853 0.085296 0.000233 0.000000
0.000000

0.000000 0.150484 2.457549
0.046994 0.005222 0.773900 4.372378 180.095245
0.000000 0.069774 0.012527 0.000000 0.000000 0.000000
0.000000 0.000000 0.000000
3.293215 0.490000 0.000000
764.299377 0.000000
0.000000 0.000000 0.000000 0.000000
0.000000 0.945155
11 0.015000 0.855000 0.001000
0.487000 0.580000 0.780000 0.490000 1.250000 6.700000 0.650000 0.650000
187499.984375 75.360001 0.084000
1.073000 0.050000 0.116600
0.169857 0.085393 0.000233 0.000000
0.000000

0.000000 0.000000 1.306675
0.046015 0.005113 0.777372 4.279569 180.152634
0.000000 0.029323 0.013482 0.000000 0.000000 0.000000
0.000000 0.000004 0.000000
3.349323 1.000000 0.000000
764.299377 0.000000
0.000000 0.000000 0.000000 0.000000
0.000000 0.743314
11 0.015000 0.870000 0.001000
0.487000 0.580000 0.780000 0.490000 1.250000 6.700000 0.650000 0.650000
187499.984375 75.360001 0.084000
1.073000 0.050000 0.116600
0.170027 0.084899 0.000473 0.000000
0.000000

0.000000 0.000000 1.309796
0.046015 0.005113 0.777428 4.279436 180.153656
0.000000 0.015413 0.012925 0.000000 0.000000 0.000000
0.000000 0.000007 0.000000
3.397722 1.000000 0.000000
764.299377 0.000000
0.000000 0.000000 0.000000 0.000000
0.000000 0.736738
11 0.015000 0.885000 0.001000
0.487000 0.580000 0.780000 0.490000 1.250000 6.700000 0.650000 0.650000
187499.984375 75.360001 0.084000
1.073000 0.050000 0.116600
0.170037 0.085062 0.000474 0.000000
0.000000

0.000000 0.000000 1.310773
0.046015 0.005113 0.777491 4.279366 180.154526
0.000000 0.010208 0.012495 0.000000 0.000000 0.000000
0.000000 0.000010 0.000001
3.446191 1.000000 0.000000
764.299377 0.000000
0.000000 0.000000 0.000000 0.000000
0.000000 0.734275
11 0.015000 0.900000 0.001000
0.487000 0.580000 0.780000 0.490000 1.250000 6.700000 0.650000 0.650000
187499.984375 75.360001 0.084000
1.073000 0.050000 0.116600
0.170039 0.084930 0.000473 0.000000
0.000000

0.000000 0.000000 1.311250
0.046016 0.005113 0.777555 4.279305 180.156891
0.000000 0.009101 0.012627 0.000000 0.000000 0.000000
0.000000 0.000011 0.000001
3.494704 1.000000 0.000000
764.299377 0.000000
0.000000 0.000000 0.000000 0.000000
0.000000 0.735294
11 0.015000 0.915000 0.001000
0.487000 0.580000 0.780000 0.490000 1.250000 6.700000 0.650000 0.650000
187499.984375 75.360001 0.084000
1.073000 0.050000 0.116600
0.170042 0.084988 0.000473 0.000000
0.000000

0.000000 0.000000 1.311638
0.046016 0.005113 0.777616 4.279226 180.157669
0.000000 0.012536 0.013095 0.000000 0.000000 0.000000
0.000000 0.000009 0.000000
3.543234 1.000000 0.000000
764.299377 0.000000
0.000000 0.000000 0.000000 0.000000
0.000000 0.733649
11 0.015000 0.930000 0.001000
0.487000 0.580000 0.780000 0.490000 1.250000 6.700000 0.650000 0.650000
187499.984375 75.360001 0.084000
1.073000 0.050000 0.116600
0.170042 0.084872 0.000473 0.000000
0.000000

0.000000 0.000000 1.312092
0.046016 0.005113 0.777674 4.279143 180.158066
0.000000 0.021463 0.013519 0.000000 0.000000 0.000000
0.000000 0.000006 0.000000
3.591756 1.000000 0.000000
764.299377 0.000000
0.000000 0.000000 0.000000 0.000000
0.000000 0.736310
11 0.015000 0.945000 0.001000
0.487000 0.580000 0.780000 0.490000 1.250000 6.700000 0.650000 0.650000
187499.984375 75.360001 0.084000
1.073000 0.050000 0.116600
0.170044 0.085070 0.000474 0.000000
0.000000

0.000000 0.000000 1.312682
0.046017 0.005113 0.777734 4.279069 180.159058
0.000000 0.031371 0.013753 0.000000 0.000000 0.000000
0.000000 0.000004 0.000000
3.640248 1.000000 0.000000
764.299377 0.000000
0.000000 0.000000 0.000000 0.000000
0.000000 0.736330
11 0.015000 0.960000 0.001000
0.487000 0.580000 0.780000 0.490000 1.250000 6.700000 0.650000 0.650000
187499.984375 75.360001 0.084000
1.073000 0.050000 0.116600
0.170046 0.085034 0.000474 0.000000
0.000000

0.000000 0.000000 1.315727
0.046017 0.005113 0.777788 4.278975 180.159760
0.000000 0.035148 0.013662 0.000000 0.000000 0.000000
0.000000 0.000004 0.000000
3.688685 1.000000 0.000000
764.299377 0.000000
0.000000 0.000000 0.000000 0.000000
0.000000 0.731955
11 0.015000 0.975000 0.001000
0.487000 0.580000 0.780000 0.490000 1.250000 6.700000 0.650000 0.650000
187499.984375 75.360001 0.084000
1.073000 0.050000 0.116600
0.170054 0.085008 0.000473 0.000000
0.000000

0.000000 0.000000 1.317412
0.046017 0.005113 0.777842 4.278884 180.161072
0.000000 0.031852 0.013539 0.000000 0.000000 0.000000
0.000000 0.000004 0.000000
3.737046 1.000000 0.000000
764.299377 0.000000
0.000000 0.000000 0.000000 0.000000
0.000000 0.729846
11 0.015000 0.990000 0.001000
0.487000 0.580000 0.780000 0.490000 1.250000 6.700000 0.650000 0.650000
187499.984375 75.360001 0.084000
1.073000 0.050000 0.116600
0.170058 0.084986 0.000473 0.000000
0.000000

0.000000 0.000000 1.317783
0.046017 0.005113 0.777898 4.278814 180.163208
0.000000 0.025919 0.013420 0.000000 0.000000 0.000000
0.000000 0.000006 0.000000
3.785310 1.000000 0.000000
764.299377 0.000000
0.000000 0.000000 0.000000 0.000000
0.000000 0.732440
11 0.015000 1.005000 0.001000
0.487000 0.580000 0.780000 0.490000 1.250000 6.700000 0.650000 0.650000
187499.984375 75.360001 0.084000
1.073000 0.050000 0.116600
0.170060 0.085164 0.000474 0.000000
0.000000

0.000000 0.000000 1.319992
0.046017 0.005113 0.777950 4.278708 180.164108
0.000000 0.020072 0.013108 0.000000 0.000000 0.000000
0.000000 0.000007 0.000000
3.833457 1.000000 0.000000
764.299377 0.000000
0.000000 0.000000 0.000000 0.000000
0.000000 0.727610
11 0.015000 1.020000 0.001000
0.487000 0.580000 0.780000 0.490000 1.250000 6.700000 0.650000 0.650000
187499.984375 75.360001 0.084000
1.073000 0.050000 0.116600
0.170066 0.085031 0.000474 0.000000
0.000000

0.000000 0.000000 1.320386
0.046018 0.005113 0.778005 4.278656 180.164780
0.000000 0.015944 0.012962 0.000000 0.000000 0.000000
0.000000 0.000009 0.000000
3.881466 1.000000 0.000000
764.299377 0.000000
0.000000 0.000000 0.000000 0.000000
0.000000 0.730961
11 0.015000 1.035000 0.001000
0.487000 0.580000 0.780000 0.490000 1.250000 6.700000 0.650000 0.650000
187499.984375 75.360001 0.084000
1.073000 0.050000 0.116600
0.170067 0.085279 0.000475 0.000000
0.000000

0.000000 0.000000 1.321091
0.046018 0.005114 0.778062 4.278592 180.165359
0.000000 0.013145 0.012745 0.000000 0.000000 0.000000
0.000000 0.000011 0.000001
3.929319 1.000000 0.000000
764.299377 0.000000
0.000000 0.000000 0.000000 0.000000
0.000000 0.730522
11 0.015000 1.050000 0.001000
0.487000 0.580000 0.780000 0.490000 1.250000 6.700000 0.650000 0.650000
187499.984375 75.360001 0.084000
1.073000 0.050000 0.116600
0.170070 0.085104 0.000474 0.000000
0.000000

0.000000 0.000000 1.321449
0.046018 0.005114 0.778113 4.278511 180.166428
0.000000 0.011789 0.012650 0.000000 0.000000 0.000000
0.000000 0.000012 0.000001
3.976998 1.000000 0.000000
764.299377 0.000000
0.000000 0.000000 0.000000 0.000000
0.000000 0.736005
11 0.015000 1.065000 0.001000
0.487000 0.580000 0.780000 0.490000 1.250000 6.700000 0.650000 0.650000
187499.984375 75.360001 0.084000
1.073000 0.050000 0.116600
0.170071 0.085311 0.000475 0.000000
0.000000

0.000000 0.000000 1.322017
0.046019 0.005114 0.778169 4.278452 180.167282
0.000000 0.011731 0.012727 0.000000 0.000000 0.000000
0.000000 0.000012 0.000001
4.024485 1.000000 0.000000
764.299377 0.000000
0.000000 0.000000 0.000000 0.000000
0.000000 0.733688
11 0.015000 1.080000 0.001000
0.487000 0.580000 0.780000 0.490000 1.250000 6.700000 0.650000 0.650000
187499.984375 75.360001 0.084000
1.073000 0.050000 0.116600
0.170071 0.085078 0.000474 0.000000
0.000000

0.000000 0.000000 1.325451
0.046018 0.005114 0.778209 4.278324 180.168427
0.000000 0.012582 0.012780 0.000000 0.000000 0.000000
0.000000 0.000012 0.000001
4.071762 1.000000 0.000000
764.299377 0.000000
0.000000 0.000000 0.000000 0.000000
0.000000 0.735116
11 0.015000 1.095000 0.001000
0.487000 0.580000 0.780000 0.490000 1.250000 6.700000 0.650000 0.650000
187499.984375 75.360001 0.084000
1.073000 0.050000 0.116600
0.170082 0.085445 0.000476 0.000000
0.000000

0.000000 0.000000 1.329877
0.046018 0.005114 0.778243 4.278157 180.171692
0.000000 0.012581 0.012568 0.000000 0.000000 0.000000
0.000000 0.000012 0.000001
4.118814 1.000000 0.000000
764.299377 0.000000
0.000000 0.000000 0.000000 0.000000
0.000000 0.721128
11 0.015000 1.110000 0.001000
0.487000 0.580000 0.780000 0.490000 1.250000 6.700000 0.650000 0.650000
187499.984375 75.360001 0.084000
1.073000 0.050000 0.116600
0.170094 0.084989 0.000473 0.000000
0.000000

0.000000 0.000000 1.330299
0.046018 0.005114 0.778293 4.278080 180.172150
0.000000 0.012344 0.012650 0.000000 0.000000 0.000000
0.000000 0.000013 0.000001
4.165625 1.000000 0.000000
764.299377 0.000000
0.000000 0.000000 0.000000 0.000000
0.000000 0.724286
11 0.015000 1.125000 0.001000
0.487000 0.580000 0.780000 0.490000 1.250000 6.700000 0.650000 0.650000
187499.984375 75.360001 0.084000
1.073000 0.050000 0.116600
0.170096 0.085295 0.000475 0.000000
0.000000

0.000000 0.000000 1.330697
0.046018 0.005114 0.778346 4.278014 180.172562
0.000000 0.012020 0.012620 0.000000 0.000000 0.000000
0.000000 0.000013 0.000001
4.212180 1.000000 0.000000
764.299377 0.000000
0.000000 0.000000 0.000000 0.000000
0.000000 0.724150
11 0.015000 1.140000 0.001000
0.487000 0.580000 0.780000 0.490000 1.250000 6.700000 0.650000 0.650000
187499.984375 75.360001 0.084000
1.073000 0.050000 0.116600
0.170097 0.085235 0.000475 0.000000
0.000000

0.000000 0.000000 1.331089
0.046019 0.005114 0.778399 4.277963 180.173111
0.000000 0.012157 0.012636 0.000000 0.000000 0.000000
0.000000 0.000013 0.000001
4.258462 1.000000 0.000000
764.299377 0.000000
0.000000 0.000000 0.000000 0.000000
0.000000 0.725737
11 0.015000 1.155000 0.001000
0.487000 0.580000 0.780000 0.490000 1.250000 6.700000 0.650000 0.650000
187499.984375 75.360001 0.084000
1.073000 0.050000 0.116600
0.170099 0.085336 0.000475 0.000000
0.000000

0.000000 0.000000 1.331999
0.046019 0.005114 0.778447 4.277890 180.173950
0.000000 0.011966 0.012491 0.000000 0.000000 0.000000
0.000000 0.000014 0.000001
4.304460 1.000000 0.000000
764.299377 0.000000
0.000000 0.000000 0.000000 0.000000
0.000000 0.725479
11 0.015000 1.170000 0.001000
0.487000 0.580000 0.780000 0.490000 1.250000 6.700000 0.650000 0.650000
187499.984375 75.360001 0.084000
1.073000 0.050000 0.116600
0.170100 0.085318 0.000475 0.000000
0.000000

0.000000 0.000000 1.333528
0.046019 0.005114 0.778490 4.277795 180.175049
0.000000 0.011319 0.012361 0.000000 0.000000 0.000000
0.000000 0.000015 0.000001
4.350159 1.000000 0.000000
764.299377 0.000000
0.000000 0.000000 0.000000 0.000000
0.000000 0.721973
11 0.015000 1.185000 0.001000
0.487000 0.580000 0.780000 0.490000 1.250000 6.700000 0.650000 0.650000
187499.984375 75.360001 0.084000
1.073000 0.050000 0.116600
0.170104 0.085066 0.000474 0.000000
0.000000

0.000000 0.000000 1.333907
0.046019 0.005114 0.778537 4.277714 180.175720
0.000000 0.010892 0.012406 0.000000 0.000000 0.000000
0.000000 0.000015 0.000001
4.395546 1.000000 0.000000
764.299377 0.000000
0.000000 0.000000 0.000000 0.000000
0.000000 0.724914
11 0.015000 1.200000 0.001000
0.487000 0.580000 0.780000 0.490000 1.250000 6.700000 0.650000 0.650000
187499.984375 75.360001 0.084000
1.073000 0.050000 0.116600
0.170106 0.085252 0.000475 0.000000
0.000000

0.000000 0.000000 1.334275
0.046019 0.005114 0.778588 4.277662 180.176147
0.000000 0.010804 0.012348 0.000000 0.000000 0.000000
0.000000 0.000015 0.000001
4.440608 1.000000 0.000000
764.299377 0.000000
0.000000 0.000000 0.000000 0.000000
0.000000 0.723188
11 0.015000 1.215000 0.001000
0.487000 0.580000 0.780000 0.490000 1.250000 6.700000 0.650000 0.650000
187499.984375 75.360001 0.084000
1.073000 0.050000 0.116600
0.170107 0.085208 0.000475 0.000000
0.000000

0.000000 0.000000 1.334637
0.046020 0.005114 0.778637 4.277611 180.178177
0.000000 0.011359 0.012424 0.000000 0.000000 0.000000
0.000000 0.000015 0.000001
4.485332 1.000000 0.000000
764.299377 0.000000
0.000000 0.000000 0.000000 0.000000
0.000000 0.723722
11 0.015000 1.230000 0.001000
0.487000 0.580000 0.780000 0.490000 1.250000 6.700000 0.650000 0.650000
187499.984375 75.360001 0.084000
1.073000 0.050000 0.116600
0.170108 0.085283 0.000475 0.000000
0.000000

0.000000 0.000000 1.334990
0.046020 0.005114 0.778686 4.277556 180.178970
0.000000 0.012677 0.012514 0.000000 0.000000 0.000000
0.000000 0.000014 0.000001
4.529708 1.000000 0.000000
764.299377 0.000000
0.000000 0.000000 0.000000 0.000000
0.000000 0.724539
11 0.015000 1.245000 0.001000
0.487000 0.580000 0.780000 0.490000 1.250000 6.700000 0.650000 0.650000
187499.984375 75.360001 0.084000
1.073000 0.050000 0.116600
0.170108 0.085366 0.000475 0.000000
0.000000

0.000000 0.000000 1.335338
0.046021 0.005114 0.778734 4.277507 180.179581
0.000000 0.015436 0.012670 0.000000 0.000000 0.000000
0.000000 0.000013 0.000001
4.573724 1.000000 0.000000
764.299377 0.000000
0.000000 0.000000 0.000000 0.000000
0.000000 0.730277
11 0.015000 1.260000 0.001000
0.487000 0.580000 0.780000 0.490000 1.250000 6.700000 0.650000 0.650000
187499.984375 75.360001 0.084000
1.073000 0.050000 0.116600
0.170111 0.085680 0.000477 0.000000
0.000000

0.000000 0.000000 1.335800
0.046021 0.005114 0.778781 4.277441 180.180038
0.000000 0.018076 0.012729 0.000000 0.000000 0.000000
0.000000 0.000011 0.000001
4.617369 1.000000 0.000000
764.299377 0.000000
0.000000 0.000000 0.000000 0.000000
0.000000 0.729967
11 0.015000 1.275000 0.001000
0.487000 0.580000 0.780000 0.490000 1.250000 6.700000 0.650000 0.650000
187499.984375 75.360001 0.084000
1.073000 0.050000 0.116600
0.170112 0.085636 0.000477 0.000000
0.000000

0.000000 0.000000 1.337096
0.046021 0.005114 0.778825 4.277359 180.180710
0.000000 0.018607 0.012632 0.000000 0.000000 0.000000
0.000000 0.000011 0.000001
4.660633 1.000000 0.000000
764.299377 0.000000
0.000000 0.000000 0.000000 0.000000
0.000000 0.729346
11 0.015000 1.290000 0.001000
0.487000 0.580000 0.780000 0.490000 1.250000 6.700000 0.650000 0.650000
187499.984375 75.360001 0.084000
1.073000 0.050000 0.116600
0.170115 0.085643 0.000477 0.000000
0.000000

0.000000 0.000000 1.338539
0.046021 0.005114 0.778865 4.277268 180.181976
0.000000 0.016702 0.012406 0.000000 0.000000 0.000000
0.000000 0.000012 0.000001
4.703504 1.000000 0.000000
764.299377 0.000000
0.000000 0.000000 0.000000 0.000000
0.000000 0.725417
11 0.015000 1.305000 0.001000
0.487000 0.580000 0.780000 0.490000 1.250000 6.700000 0.650000 0.650000
187499.984375 75.360001 0.084000
1.073000 0.050000 0.116600
0.170118 0.085537 0.000476 0.000000
0.000000

0.000000 0.000000 1.339185
0.046021 0.005114 0.778910 4.277208 180.182602
0.000000 0.014702 0.012401 0.000000 0.000000 0.000000
0.000000 0.000014 0.000001
4.745973 1.000000 0.000000
764.299377 0.000000
0.000000 0.000000 0.000000 0.000000
0.000000 0.732766
11 0.015000 1.320000 0.001000
0.487000 0.580000 0.780000 0.490000 1.250000 6.700000 0.650000 0.650000
187499.984375 75.360001 0.084000
1.073000 0.050000 0.116600
0.170120 0.085649 0.000477 0.000000
0.000000

0.000000 0.000000 1.339571
0.046021 0.005114 0.778954 4.277143 180.183136
0.000000 0.013778 0.012372 0.000000 0.000000 0.000000
0.000000 0.000015 0.000001
4.788032 1.000000 0.000000
764.299377 0.000000
0.000000 0.000000 0.000000 0.000000
0.000000 0.733903
11 0.015000 1.335000 0.001000
0.487000 0.580000 0.780000 0.490000 1.250000 6.700000 0.650000 0.650000
187499.984375 75.360001 0.084000
1.073000 0.050000 0.116600
0.170123 0.085565 0.000477 0.000000
0.000000

0.000000 0.000000 1.339888
0.046022 0.005114 0.779000 4.277083 180.185043
0.000000 0.014564 0.012428 0.000000 0.000000 0.000000
0.000000 0.000015 0.000001
4.829670 1.000000 0.000000
764.299377 0.000000
0.000000 0.000000 0.000000 0.000000
0.000000 0.739616
11 0.015000 1.350000 0.001000
0.487000 0.580000 0.780000 0.490000 1.250000 6.700000 0.650000 0.650000
187499.984375 75.360001 0.084000
1.073000 0.050000 0.116600
0.170122 0.085661 0.000477 0.000000
0.000000

0.000000 0.000000 1.340232
0.046022 0.005114 0.779045 4.277021 180.185715
0.000000 0.017298 0.012561 0.000000 0.000000 0.000000
0.000000 0.000013 0.000001
4.870882 1.000000 0.000000
764.299377 0.000000
0.000000 0.000000 0.000000 0.000000
0.000000 0.747292
11 0.015000 1.365000 0.001000
0.487000 0.580000 0.780000 0.490000 1.250000 6.700000 0.650000 0.650000
187499.984375 75.360001 0.084000
1.073000 0.050000 0.116600
0.170124 0.085768 0.000478 0.000000
0.000000

0.000000 0.000000 1.340903
0.046022 0.005114 0.779087 4.276948 180.186584
0.000000 0.021919 0.012770 0.000000 0.000000 0.000000
0.000000 0.000011 0.000000
4.911656 1.000000 0.000000
764.299377 0.000000
0.000000 0.000000 0.000000 0.000000
0.000000 0.764179
11 0.015000 1.380000 0.001000
0.487000 0.580000 0.780000 0.490000 1.250000 6.700000 0.650000 0.650000
187499.984375 75.360001 0.084000
1.073000 0.050000 0.116600
0.170126 0.085965 0.000479 0.000000
0.000000

0.000000 0.000000 1.344416
0.046021 0.005114 0.779110 4.276782 180.188705
0.000000 0.025164 0.012708 0.000000 0.000000 0.000000
0.000000 0.000010 0.000000
4.951987 1.000000 0.000000
764.299377 0.000000
0.000000 0.000000 0.000000 0.000000
0.000000 0.750354
11 0.015000 1.395000 0.001000
0.487000 0.580000 0.780000 0.490000 1.250000 6.700000 0.650000 0.650000
187499.984375 75.360001 0.084000
1.073000 0.050000 0.116600
0.170136 0.085724 0.000477 0.000000
0.000000

0.000000 0.000000 1.344914
0.046021 0.005114 0.779155 4.276731 180.189514
0.000000 0.026611 0.012769 0.000000 0.000000 0.000000
0.000000 0.000009 0.000000
4.991865 1.000000 0.000000
764.299377 0.000000
0.000000 0.000000 0.000000 0.000000
0.000000 0.767904
11 0.015000 1.410000 0.001000
0.487000 0.580000 0.780000 0.490000 1.250000 6.700000 0.650000 0.650000
187499.984375 75.360001 0.084000
1.073000 0.050000 0.116600
0.170137 0.085961 0.000479 0.000000
0.000000

0.000000 0.000000 1.346019
0.046021 0.005114 0.779195 4.276652 180.190475
0.000000 0.027130 0.012705 0.000000 0.000000 0.000000
0.000000 0.000009 0.000000
5.031284 1.000000 0.000000
764.299377 0.000000
0.000000 0.000000 0.000000 0.000000
0.000000 0.760102
11 0.015000 1.425000 0.001000
0.487000 0.580000 0.780000 0.490000 1.250000 6.700000 0.650000 0.650000
187499.984375 75.360001 0.084000
1.073000 0.050000 0.116600
0.170139 0.085701 0.000477 0.000000
0.000000

0.000000 0.000000 1.346714
0.046021 0.005114 0.779233 4.276573 180.191391
0.000000 0.030715 0.012839 0.000000 0.000000 0.000000
0.000000 0.000008 0.000000
5.070237 1.000000 0.000000
764.299377 0.000000
0.000000 0.000000 0.000000 0.000000
0.000000 0.801658
11 0.015000 1.440000 0.001000
0.487000 0.580000 0.780000 0.490000 1.250000 6.700000 0.650000 0.650000
187499.984375 75.360001 0.084000
1.073000 0.050000 0.116600
0.170142 0.085748 0.000478 0.000000
0.000000

0.000000 0.000000 1.347003
0.046022 0.005114 0.779278 4.276520 180.191971
0.000000 0.038364 0.012912 0.000000 0.000000 0.000000
0.000000 0.000007 0.000000
5.108718 1.000000 0.000000
764.299377 0.000000
0.000000 0.000000 0.000000 0.000000
0.000000 0.806187
11 0.015000 1.455000 0.001000
0.487000 0.580000 0.780000 0.490000 1.250000 6.700000 0.650000 0.650000
187499.984375 75.360001 0.084000
1.073000 0.050000 0.116600
0.170144 0.085702 0.000477 0.000000
0.000000

0.000000 0.000000 1.347290
0.046022 0.005114 0.779320 4.276463 180.192429
0.000000 0.049903 0.013008 0.000000 0.000000 0.000000
0.000000 0.000005 0.000000
5.146721 1.000000 0.000000
764.299377 0.000000
0.000000 0.000000 0.000000 0.000000
0.000000 0.828467
11 0.015000 1.470000 0.001000
0.487000 0.580000 0.780000 0.490000 1.250000 6.700000 0.650000 0.650000
187499.984375 75.360001 0.084000
1.073000 0.050000 0.116600
0.170144 0.085780 0.000478 0.000000
0.000000

0.000000 0.000000 1.347569
0.046022 0.005114 0.779364 4.276414 180.193039
0.000000 0.066805 0.013103 0.000000 0.000000 0.000000
0.000000 0.000004 0.000000
5.184239 1.000000 0.000000
764.299377 0.000000
0.000000 0.000000 0.000000 0.000000
0.000000 0.855129
11 0.015000 1.485000 0.001000
0.487000 0.580000 0.780000 0.490000 1.250000 6.700000 0.650000 0.650000
187499.984375 75.360001 0.084000
1.073000 0.050000 0.116600
0.170144 0.085870 0.000478 0.000000
0.000000

0.000000 0.000000 1.347846
0.046022 0.005114 0.779406 4.276371 180.194305
0.000000 0.095882 0.013238 0.000000 0.000000 0.000000
0.000000 0.000003 0.000000
5.221268 1.000000 0.000000
764.299377 0.000000
0.000000 0.000000 0.000000 0.000000
0.000000 0.926309
11 0.015000 1.500000 0.001000
0.487000 0.580000 0.780000 0.490000 1.250000 6.700000 0.650000 0.650000
187499.984375 75.360001 0.084000
1.073000 0.050000 0.116600
0.170144 0.086202 0.000480 0.000000
0.000000

0.000000 0.000000 1.348403
0.046022 0.005114 0.779447 4.276309 180.194824
0.000000 0.133650 0.013265 0.000000 0.000000 0.000000
0.000000 0.000002 0.000000
5.257802 1.000000 0.000000
764.299377 0.000000
0.000000 0.000000 0.000000 0.000000
0.000000 0.924077
11 0.015000 1.515000 0.001000
0.487000 0.580000 0.780000 0.490000 1.250000 6.700000 0.650000 0.650000
187499.984375 75.360001 0.084000
1.073000 0.050000 0.116600
0.170146 0.085943 0.000479 0.000000
0.000000

0.000000 0.000000 1.348836
0.046022 0.005114 0.779486 4.276243 180.194809
0.000000 0.176896 0.013494 0.000000 0.000000 0.000000
0.000000 0.000002 0.000000
5.293836 1.000000 0.000000
764.299377 0.000000
0.000000 0.000000 0.000000 0.000000
0.000000 0.974416
11 0.015000 1.530000 0.001000
0.487000 0.580000 0.780000 0.490000 1.250000 6.700000 0.650000 0.650000
187499.984375 75.360001 0.084000
1.073000 0.050000 0.116600
0.170149 0.086046 0.000479 0.000000
0.000000

0.000000 0.000000 1.357340
0.046020 0.005114 0.779480 4.275930 180.201019
0.000000 0.202061 0.013766 0.000000 0.000000 0.000000
0.000000 0.000002 0.000000
5.329366 1.000000 0.000000
764.299377 0.000000
0.000000 0.000000 0.000000 0.000000
0.000000 0.994152
11 0.015000 1.545000 0.001000
0.487000 0.580000 0.780000 0.490000 1.250000 6.700000 0.650000 0.650000
187499.984375 75.360001 0.084000
1.073000 0.050000 0.116600
0.170172 0.086129 0.000480 0.000000
0.000000

0.000000 0.000000 1.386438
0.046010 0.005113 0.779329 4.274830 180.231262
0.000000 0.185649 0.013200 0.000000 0.000000 0.000000
0.000000 0.000002 0.000000
5.364387 1.000000 0.000000
764.299377 0.000000
0.000000 0.000000 0.000000 0.000000
0.000000 0.925332
11 0.015000 1.560000 0.001000
0.487000 0.580000 0.780000 0.490000 1.250000 6.700000 0.650000 0.650000
187499.984375 75.360001 0.084000
1.073000 0.050000 0.116600
0.170251 0.085833 0.000478 0.000000
0.000000

0.000000 0.000000 1.386721
0.046010 0.005113 0.779370 4.274772 180.231583
0.000000 0.143402 0.013155 0.000000 0.000000 0.000000
0.000000 0.000002 0.000000
5.398894 1.000000 0.000000
764.299377 0.000000
0.000000 0.000000 0.000000 0.000000
0.000000 0.958848
11 0.015000 1.575000 0.001000
0.487000 0.580000 0.780000 0.490000 1.250000 6.700000 0.650000 0.650000
187499.984375 75.360001 0.084000
1.073000 0.050000 0.116600
0.170253 0.085915 0.000478 0.000000
0.000000

0.000000 0.000000 1.387014
0.046011 0.005113 0.779408 4.274719 180.232300
0.000000 0.105230 0.013073 0.000000 0.000000 0.000000
0.000000 0.000003 0.000000
5.432885 1.000000 0.000000
764.299377 0.000000
0.000000 0.000000 0.000000 0.000000
0.000000 0.996137
11 0.015000 1.590000 0.001000
0.487000 0.580000 0.780000 0.490000 1.250000 6.700000 0.650000 0.650000
187499.984375 75.360001 0.084000
1.073000 0.050000 0.116600
0.170253 0.086009 0.000479 0.000000
0.000000

0.000000 0.000000 1.387336
0.046011 0.005113 0.779449 4.274662 180.233002
0.000000 0.091973 0.013132 0.000000 0.000000 0.000000
0.000000 0.000003 0.000000
5.466355 1.000000 0.000000
764.299377 0.000000
0.000000 0.000000 0.000000 0.000000
0.000000 1.066395
11 0.015000 1.605000 0.001000
0.487000 0.580000 0.780000 0.490000 1.250000 6.700000 0.650000 0.650000
187499.984375 75.360001 0.084000
1.073000 0.050000 0.116600
0.170255 0.086265 0.000480 0.000000
0.000000

0.000000 0.000000 1.388014
0.046011 0.005113 0.779488 4.274608 180.233963
0.000000 0.105968 0.013353 0.000000 0.000000 0.000000
0.000000 0.000003 0.000000
5.499303 1.000000 0.000000
764.299377 0.000000
0.000000 0.000000 0.000000 0.000000
0.000000 1.046495
11 0.015000 1.620000 0.001000
0.487000 0.580000 0.780000 0.490000 1.250000 6.700000 0.650000 0.650000
187499.984375 75.360001 0.084000
1.073000 0.050000 0.116600
0.170257 0.086097 0.000480 0.000000
0.000000

0.000000 0.000000 1.406637
0.046004 0.005112 0.779394 4.273836 180.257568
0.000000 0.146801 0.013115 0.000000 0.000000 0.000000
0.000000 0.000002 0.000000
5.531724 1.000000 0.000000
764.299377 0.000000
0.000000 0.000000 0.000000 0.000000
0.000000 0.922650
11 0.015000 1.635000 0.001000
0.487000 0.580000 0.780000 0.490000 1.250000 6.700000 0.650000 0.650000
187499.984375 75.360001 0.084000
1.073000 0.050000 0.116600
0.170307 0.086116 0.000480 0.000000
0.000000

0.000000 0.000000 1.407340
0.046004 0.005112 0.779429 4.273765 180.258759
0.000000 0.211655 0.013169 0.000000 0.000000 0.000000
0.000000 0.000002 0.000000
5.563616 1.000000 0.000000
764.299377 0.000000
0.000000 0.000000 0.000000 0.000000
0.000000 0.925517
11 0.015000 1.650000 0.001000
0.487000 0.580000 0.780000 0.490000 1.250000 6.700000 0.650000 0.650000
187499.984375 75.360001 0.084000
1.073000 0.050000 0.116600
0.170308 0.085996 0.000479 0.000000
0.000000

0.000000 0.000000 1.407681
0.046004 0.005112 0.779470 4.273721 180.259399
0.000000 0.302560 0.013172 0.000000 0.000000 0.000000
0.000000 0.000001 0.000000
5.594977 1.000000 0.000000
764.299377 0.000000
0.000000 0.000000 0.000000 0.000000
0.000000 0.935477
11 0.015000 1.665000 0.001000
0.487000 0.580000 0.780000 0.490000 1.250000 6.700000 0.650000 0.650000
187499.984375 75.360001 0.084000
1.073000 0.050000 0.116600
0.170309 0.086085 0.000479 0.000000
0.000000

0.000000 0.000000 1.408023
0.046004 0.005112 0.779508 4.273662 180.259995
0.000000 0.466200 0.013288 0.000000 0.000000 0.000000
0.000000 0.000001 0.000000
5.625804 1.000000 0.000000
764.299377 0.000000
0.000000 0.000000 0.000000 0.000000
0.000000 0.963851
11 0.015000 1.680000 0.001000
0.487000 0.580000 0.780000 0.490000 1.250000 6.700000 0.650000 0.650000
187499.984375 75.360001 0.084000
1.073000 0.050000 0.116600
0.170311 0.086418 0.000481 0.000000
0.000000

0.000000 0.000000 1.408792
0.046004 0.005112 0.779540 4.273575 180.261017
0.000000 0.734784 0.013385 0.000000 0.000000 0.000000
0.000000 0.000000 0.000000
5.656097 1.000000 0.000000
764.299377 0.000000
0.000000 0.000000 0.000000 0.000000
0.000000 0.955474
11 0.015000 1.695000 0.001000
0.487000 0.580000 0.780000 0.490000 1.250000 6.700000 0.650000 0.650000
187499.984375 75.360001 0.084000
1.073000 0.050000 0.116600
0.170312 0.086189 0.000480 0.000000
0.000000

0.000000 0.000000 1.410267
0.046004 0.005112 0.779572 4.273494 180.262924
0.000000 1.135533 0.013496 0.000000 0.000000 0.000000
0.000000 0.000000 0.000000
5.685853 1.000000 0.000000
764.299377 0.000000
0.000000 0.000000 0.000000 0.000000
0.000000 0.965102
11 0.015000 1.710000 0.001000
0.487000 0.580000 0.780000 0.490000 1.250000 6.700000 0.650000 0.650000
187499.984375 75.360001 0.084000
1.073000 0.050000 0.116600
0.170316 0.086242 0.000480 0.000000
0.000000

0.000000 0.000000 1.410607
0.046004 0.005112 0.779606 4.273427 180.263763
0.000000 1.907251 0.013933 0.000000 0.000000 0.000000
0.000000 0.000000 0.000000
5.715070 1.000000 0.000000
764.299377 0.000000
0.000000 0.000000 0.000000 0.000000
0.000000 0.978159
11 0.015000 1.725000 0.001000
0.487000 0.580000 0.780000 0.490000 1.250000 6.700000 0.650000 0.650000
187499.984375 75.360001 0.084000
1.073000 0.050000 0.116600
0.170317 0.086351 0.000481 0.000000
0.000000

0.000000 0.000000 1.411737
0.046004 0.005112 0.779637 4.273344 180.265594
0.000000 4.131818 0.015055 0.000000 0.000000 0.000000
0.000000 0.000000 0.000000
5.743749 1.000000 0.000000
764.299377 0.000000
0.000000 0.000000 0.000000 0.000000
0.000000 0.972479
11 0.015000 1.740000 0.001000
0.487000 0.580000 0.780000 0.490000 1.250000 6.700000 0.650000 0.650000
187499.984375 75.360001 0.084000
1.073000 0.050000 0.116600
0.170320 0.086445 0.000481 0.000000
0.000000

0.000000 0.000000 1.423898
0.045999 0.005112 0.779584 4.272792 180.278534
0.000000 7.867926 0.015323 0.000000 0.000000 0.000000
0.000000 0.000000 0.000000
5.771888 1.000000 0.000000
764.299377 0.000000
0.000000 0.000000 0.000000 0.000000
0.000000 0.939455
11 0.015000 1.755000 0.001000
0.487000 0.580000 0.780000 0.490000 1.250000 6.700000 0.650000 0.650000
187499.984375 75.360001 0.084000
1.073000 0.050000 0.116600
0.170353 0.086353 0.000481 0.000000
0.000000

0.000000 0.000000 1.445447
0.045990 0.005110 0.779446 4.271775 180.291580
0.000000 10.044840 0.014417 0.000000 0.000000 0.000000
0.000000 0.000000 0.000000
5.799486 1.000000 0.000000
764.299377 0.000000
0.000000 0.000000 0.000000 0.000000
0.000000 0.928728
11 0.015000 1.770000 0.001000
0.487000 0.580000 0.780000 0.490000 1.250000 6.700000 0.650000 0.650000
187499.984375 75.360001 0.084000
1.073000 0.050000 0.116600
0.170410 0.086270 0.000480 0.000000
0.000000

0.000000 0.000000 1.450414
0.045988 0.005110 0.779443 4.271514 180.294724
0.000000 8.917884 0.013857 0.000000 0.000000 0.000000
0.000000 0.000000 0.000000
5.826543 1.000000 0.000000
764.299377 0.000000
0.000000 0.000000 0.000000 0.000000
0.000000 0.934124
11 0.015000 1.785000 0.001000
0.487000 0.580000 0.780000 0.490000 1.250000 6.700000 0.650000 0.650000
187499.984375 75.360001 0.084000
1.073000 0.050000 0.116600
0.170422 0.086578 0.000482 0.000000
0.000000

0.000000 0.000000 1.460202
0.045983 0.005110 0.779397 4.271009 180.297806
0.000000 5.914047 0.013157 0.000000 0.000000 0.000000
0.000000 0.000000 0.000000
5.853059 1.000000 0.000000
764.299377 0.000000
0.000000 0.000000 0.000000 0.000000
0.000000 0.920543
11 0.015000 1.800000 0.001000
0.487000 0.580000 0.780000 0.490000 1.250000 6.700000 0.650000 0.650000
187499.984375 75.360001 0.084000
1.073000 0.050000 0.116600
0.170448 0.086357 0.000481 0.000000
0.000000

0.000000 0.000000 1.461625
0.045983 0.005110 0.779420 4.270884 180.298752
0.000000 3.098984 0.012788 0.000000 0.000000 0.000000
0.000000 0.000000 0.000000
5.879033 1.000000 0.000000
764.299377 0.000000
0.000000 0.000000 0.000000 0.000000
0.000000 0.923464
11 0.015000 1.815000 0.001000
0.487000 0.580000 0.780000 0.490000 1.250000 6.700000 0.650000 0.650000
187499.984375 75.360001 0.084000
1.073000 0.050000 0.116600
0.170452 0.086444 0.000481 0.000000
0.000000

0.000000 0.000000 1.467807
0.045980 0.005109 0.779404 4.270552 180.301071
0.000000 1.338401 0.012436 0.000000 0.000000 0.000000
0.000000 0.000000 0.000000
5.904466 1.000000 0.000000
764.299377 0.000000
0.000000 0.000000 0.000000 0.000000
0.000000 0.917960
11 0.015000 1.830000 0.001000
0.487000 0.580000 0.780000 0.490000 1.250000 6.700000 0.650000 0.650000
187499.984375 75.360001 0.084000
1.073000 0.050000 0.116600
0.170467 0.086426 0.000481 0.000000
0.000000

0.000000 0.000000 1.468301
0.045980 0.005109 0.779440 4.270494 180.301636
0.000000 0.494128 0.012320 0.000000 0.000000 0.000000
0.000000 0.000001 0.000000
5.929359 1.000000 0.000000
764.299377 0.000000
0.000000 0.000000 0.000000 0.000000
0.000000 0.919488
11 0.015000 1.845000 0.001000
0.487000 0.580000 0.780000 0.490000 1.250000 6.700000 0.650000 0.650000
187499.984375 75.360001 0.084000
1.073000 0.050000 0.116600
0.170470 0.086513 0.000482 0.000000
0.000000

0.000000 0.000000 1.469039
0.045980 0.005109 0.779471 4.270419 180.302719
0.000000 0.163287 0.012150 0.000000 0.000000 0.000000
0.000000 0.000002 0.000000
5.953713 1.000000 0.000000
764.299377 0.000000
0.000000 0.000000 0.000000 0.000000
0.000000 0.919005
11 0.015000 1.860000 0.001000
0.487000 0.580000 0.780000 0.490000 1.250000 6.700000 0.650000 0.650000
187499.984375 75.360001 0.084000
1.073000 0.050000 0.116600
0.170471 0.086387 0.000481 0.000000
0.000000

0.000000 0.000000 1.470373
0.045979 0.005109 0.779497 4.270317 180.303680
0.000000 0.054456 0.011966 0.000000 0.000000 0.000000
0.000000 0.000007 0.000000
5.977529 1.000000 0.000000
764.299377 0.000000
0.000000 0.000000 0.000000 0.000000
0.000000 0.919284
11 0.015000 1.875000 0.001000
0.487000 0.580000 0.780000 0.490000 1.250000 6.700000 0.650000 0.650000
187499.984375 75.360001 0.084000
1.073000 0.050000 0.116600
0.170475 0.086523 0.000482 0.000000
0.000000

0.000000 0.000000 1.471104
0.045979 0.005109 0.779529 4.270243 180.304306
0.000000 0.026764 0.011703 0.000000 0.000000 0.000000
0.000000 0.000013 0.000001
6.000808 1.000000 0.000000
764.299377 0.000000
0.000000 0.000000 0.000000 0.000000
0.000000 0.921323
11 0.015000 1.890000 0.001000
0.487000 0.580000 0.780000 0.490000 1.250000 6.700000 0.650000 0.650000
187499.984375 75.360001 0.084000
1.073000 0.050000 0.116600
0.170476 0.086720 0.000483 0.000000
0.000000

0.000000 0.000000 1.472085
0.045979 0.005109 0.779557 4.270154 180.305420
0.000000 0.025400 0.011683 0.000000 0.000000 0.000000
0.000000 0.000014 0.000001
6.023550 1.000000 0.000000
764.299377 0.000000
0.000000 0.000000 0.000000 0.000000
0.000000 0.920847
11 0.015000 1.905000 0.001000
0.487000 0.580000 0.780000 0.490000 1.250000 6.700000 0.650000 0.650000
187499.984375 75.360001 0.084000
1.073000 0.050000 0.116600
0.170479 0.086422 0.000481 0.000000
0.000000

0.000000 0.000000 1.472763
0.045978 0.005109 0.779587 4.270075 180.306335
0.000000 0.031901 0.011803 0.000000 0.000000 0.000000
0.000000 0.000011 0.000000
6.045758 1.000000 0.000000
764.299377 0.000000
0.000000 0.000000 0.000000 0.000000
0.000000 0.922311
11 0.015000 1.920000 0.001000
0.487000 0.580000 0.780000 0.490000 1.250000 6.700000 0.650000 0.650000
187499.984375 75.360001 0.084000
1.073000 0.050000 0.116600
0.170481 0.086417 0.000481 0.000000
0.000000

0.000000 0.000000 1.473175
0.045978 0.005109 0.779621 4.270013 180.307053
0.000000 0.042884 0.011968 0.000000 0.000000 0.000000
0.000000 0.000009 0.000000
6.067434 1.000000 0.000000
764.299377 0.000000
0.000000 0.000000 0.000000 0.000000
0.000000 0.924718
11 0.015000 1.935000 0.001000
0.487000 0.580000 0.780000 0.490000 1.250000 6.700000 0.650000 0.650000
187499.984375 75.360001 0.084000
1.073000 0.050000 0.116600
0.170481 0.086503 0.000482 0.000000
0.000000

0.000000 0.000000 1.473588
0.045978 0.005109 0.779656 4.269968 180.307800
0.000000 0.062340 0.012083 0.000000 0.000000 0.000000
0.000000 0.000006 0.000000
6.088579 1.000000 0.000000
764.299377 0.000000
0.000000 0.000000 0.000000 0.000000
0.000000 0.932504
11 0.015000 1.950000 0.001000
0.487000 0.580000 0.780000 0.490000 1.250000 6.700000 0.650000 0.650000
187499.984375 75.360001 0.084000
1.073000 0.050000 0.116600
0.170483 0.086819 0.000484 0.000000
0.000000

0.000000 0.000000 1.474625
0.045978 0.005109 0.779682 4.269869 180.308899
0.000000 0.088241 0.012192 0.000000 0.000000 0.000000
0.000000 0.000004 0.000000
6.109196 1.000000 0.000000
764.299377 0.000000
0.000000 0.000000 0.000000 0.000000
0.000000 0.930349
11 0.015000 1.965000 0.001000
0.487000 0.580000 0.780000 0.490000 1.250000 6.700000 0.650000 0.650000
187499.984375 75.360001 0.084000
1.073000 0.050000 0.116600
0.170486 0.086713 0.000483 0.000000
0.000000

0.000000 0.000000 1.480593
0.045975 0.005109 0.779664 4.269531 180.311874
0.000000 0.119869 0.012242 0.000000 0.000000 0.000000
0.000000 0.000003 0.000000
6.129288 1.000000 0.000000
764.299377 0.000000
0.000000 0.000000 0.000000 0.000000
0.000000 0.924257
11 0.015000 1.980000 0.001000
0.487000 0.580000 0.780000 0.490000 1.250000 6.700000 0.650000 0.650000
187499.984375 75.360001 0.084000
1.073000 0.050000 0.116600
0.170500 0.086744 0.000483 0.000000
0.000000

0.000000 0.000000 1.482580
0.045974 0.005109 0.779683 4.269390 180.313644
0.000000 0.525084 0.012382 0.000000 0.000000 0.000000
0.000000 0.000001 0.000000
6.148857 1.000000 0.000000
764.299377 0.000000
0.000000 0.000000 0.000000 0.000000
0.000000 0.924634
11 0.015000 1.995000 0.001000
0.487000 0.580000 0.780000 0.490000 1.250000 6.700000 0.650000 0.650000
187499.984375 75.360001 0.084000
1.073000 0.050000 0.116600
0.170505 0.086850 0.000484 0.000000
0.000000
1.000000
2.000000
0.321000 0.000000
0.000000
0
-0.870000
0 0
0.000000
1
0.000000
1.000000
1.000000
1.000000
0.000000 0.000000 0.000000
0.000000 0.000000
0.000000 0.000000 0.000000 0.000000 0.000000 0.000000 0.000000
0.000000 0.000000 0.000000 0.000000 0.000000 0.000000 0.000000
240
2.000000
1
C:\Kingsite\dnd\Ohio1.spf
-1.000000 -1.000000
0.000000
58
58
10.000000
106
