11
Clay
0.580000 0.612000 0.084000 0.780000 0.530000 1.000000 0.000000 0.000000
1.020000 6.700000 1 0.028600 0.500000 0.050000 0.010000 0.027000 0.963000
0.000000 0.015000 2.000000 152999.984375 75.360001 133
0.103800 3.528000 4.728100 0.000000 1
8.234000 8.234000 10.000000 5.000000 25.000000 100.000000
0.000000 0.000000 0.000066 0.000000 139.001846 205.659668
500.000000 0.000000 0.000000

0.000293 249.574615 491.383331
3.135174 0.348434 41.642082 450.614502 3919.781494
0.000000 0.009318 0.018523 0.946907 0.000000 0.000000
0.000001 0.000000 0.000005
-2.366468 0.000010 71.089813
764.299377 0.000000
2.370800 0.000000 0.000000 0.000000
0.000000 0.425612
11 0.015000 0.015000 0.028600
0.612000 0.580000 0.780000 0.530000 1.020000 6.700000 0.780000 0.780000
152999.984375 75.360001 0.084000
1.073000 0.050000 0.116600
3.189785 28.834717 0.013779 0.000000
0.000000

0.000507 5.557808 69.506027
2.768397 0.307667 41.592983 423.639832 3924.839844
0.000000 0.033968 0.211516 0.499431 0.000000 0.000000
0.000008 0.000000 0.000008
-2.314535 0.000010 71.089813
764.299377 0.000000
2.014043 0.000000 0.000000 0.000000
0.000000 0.108081
11 0.015000 0.030000 0.028600
0.612000 0.580000 0.780000 0.530000 1.020000 6.700000 0.780000 0.780000
152999.984375 75.360001 0.084000
1.073000 0.050000 0.116600
3.201026 6.907580 0.000190 0.000000
0.000000

0.000680 4.182880 64.923042
2.788238 0.309868 42.928391 423.208923 3925.116943
0.000000 0.035503 0.208590 0.249715 0.000000 0.000000
0.000008 0.000000 0.000007
-2.271423 0.000010 71.089813
764.299377 0.000000
1.961660 0.000000 0.000000 0.000000
0.000000 0.071878
11 0.015000 0.045000 0.028600
0.612000 0.580000 0.780000 0.530000 1.020000 6.700000 0.780000 0.780000
152999.984375 75.360001 0.084000
1.073000 0.050000 0.116600
3.205062 6.521676 0.000160 0.000000
0.000000

0.000828 3.905357 62.789856
2.809990 0.312283 43.853222 422.924133 3925.260498
0.000000 0.035131 0.203720 0.124858 0.000000 0.000000
0.000008 0.000000 0.000007
-2.220984 0.000010 71.089813
764.299377 0.000000
1.906367 0.000000 0.000000 0.000000
0.000000 0.061323
11 0.015000 0.060000 0.028600
0.612000 0.580000 0.780000 0.530000 1.020000 6.700000 0.780000 0.780000
152999.984375 75.360001 0.084000
1.073000 0.050000 0.116600
3.207786 6.226622 0.000140 0.000000
0.000000

0.000958 3.638686 60.707134
2.834042 0.314961 44.552631 422.692719 3925.417969
0.000000 0.033920 0.198418 0.062429 0.000000 0.000000
0.000007 0.000000 0.000007
-2.163283 0.000010 71.089813
764.299377 0.000000
1.848337 0.000000 0.000000 0.000000
0.000000 0.061122
11 0.015000 0.075000 0.028600
0.612000 0.580000 0.780000 0.530000 1.020000 6.700000 0.780000 0.780000
152999.984375 75.360001 0.084000
1.073000 0.050000 0.116600
3.209818 6.118867 0.000134 0.000000
0.000000

0.001078 3.387119 58.787762
2.860030 0.317857 45.117832 422.492584 3925.493652
0.000000 0.032312 0.192669 0.031214 0.000000 0.000000
0.000007 0.000000 0.000007
-2.098417 0.000010 71.089813
764.299377 0.000000
1.787795 0.000000 0.000000 0.000000
0.000000 0.063287
11 0.015000 0.090000 0.028600
0.612000 0.580000 0.780000 0.530000 1.020000 6.700000 0.780000 0.780000
152999.984375 75.360001 0.084000
1.073000 0.050000 0.116600
3.211442 5.735411 0.000112 0.000000
0.000000

0.011712 5.549674 135.629425
2.986736 0.331944 67.438126 414.907257 3923.713135
0.000000 0.030743 0.190593 0.015607 0.000000 0.000000
0.000007 0.000000 0.000007
-2.026513 0.000010 71.089813
764.299377 0.000000
1.781936 0.000000 0.000000 0.000000
0.000000 0.106084
11 0.015000 0.105000 0.028600
0.612000 0.580000 0.780000 0.530000 1.020000 6.700000 0.780000 0.780000
152999.984375 75.360001 0.084000
1.073000 0.050000 0.116600
3.264199 5.954673 0.000126 0.000000
0.000000

0.011670 3.365389 94.114601
1.176212 0.130726 27.000965 160.009811 2938.927002
0.000000 0.006621 0.069341 0.007804 0.000000 0.000000
0.000002 0.000000 0.000002
-1.940333 0.000010 52.821133
764.299377 0.000000
0.600886 0.000000 0.000000 0.000000
0.000000 0.099550
11 0.015000 0.120000 0.018000
0.547000 0.580000 0.780000 0.490000 1.150000 6.700000 0.650000 0.650000
172500.000000 75.360001 0.084000
1.073000 0.050000 0.116600
2.675531 7.649025 0.000142 0.000000
0.000000

0.011399 3.117914 88.220581
1.139501 0.126646 25.887793 153.092209 2939.565430
0.000000 0.005769 0.064434 0.003902 0.000000 0.000000
0.000002 0.000000 0.000002
-1.838994 0.000010 52.821133
764.299377 0.000000
0.559736 0.000000 0.000000 0.000000
0.000000 0.088253
11 0.015000 0.135000 0.018000
0.547000 0.580000 0.780000 0.490000 1.150000 6.700000 0.650000 0.650000
172500.000000 75.360001 0.084000
1.073000 0.050000 0.116600
2.678085 7.618001 0.000141 0.000000
0.000000

0.010965 2.886463 82.564034
1.114638 0.123884 24.845480 146.704941 2940.298828
0.000000 0.005328 0.058967 0.001951 0.000000 0.000000
0.000001 0.000000 0.000002
-1.731660 0.000010 52.821133
764.299377 0.000000
0.511464 0.000000 0.000000 0.000000
0.000000 0.083728
11 0.015000 0.150000 0.018000
0.547000 0.580000 0.780000 0.490000 1.150000 6.700000 0.650000 0.650000
172500.000000 75.360001 0.084000
1.073000 0.050000 0.116600
2.680341 7.648954 0.000143 0.000000
0.000000

0.010622 18.185131 78.344727
1.245679 0.248869 24.311255 143.294662 2940.788086
0.000000 0.000139 0.027670 0.000975 0.000000 0.000000
0.000001 0.000000 0.000002
-1.618585 0.000010 52.821133
764.299377 0.000000
0.219173 0.000000 0.000000 0.000000
0.000000 0.115436
11 0.015000 0.165000 0.018000
0.547000 0.580000 0.780000 0.490000 1.150000 6.700000 0.650000 0.650000
172500.000000 75.360001 0.084000
1.073000 0.050000 0.116600
2.682315 8.056259 0.000167 0.000000
0.000000

0.010750 17.297918 73.676109
1.221447 0.232660 23.397743 137.400314 2941.483154
0.000000 0.000163 0.024299 0.000488 0.000000 0.000000
0.000001 0.000000 0.000002
-1.500044 0.000010 52.821133
764.299377 0.000000
0.190102 0.000000 0.000000 0.000000
0.000000 0.116607
11 0.015000 0.180000 0.018000
0.547000 0.580000 0.780000 0.490000 1.150000 6.700000 0.650000 0.650000
172500.000000 75.360001 0.084000
1.073000 0.050000 0.116600
2.684558 8.536471 0.000199 0.000000
0.000000

0.010949 16.463997 69.171783
1.201123 0.216660 22.560963 131.932007 2942.066895
0.000000 0.000202 0.021194 0.000244 0.000000 0.000000
0.000001 0.000000 0.000001
-1.376333 0.000010 52.821136
764.299377 0.000000
0.163455 0.000000 0.000000 0.000000
0.000000 0.122230
11 0.015000 0.195000 0.018000
0.547000 0.580000 0.780000 0.490000 1.150000 6.700000 0.650000 0.650000
172500.000000 75.360001 0.084000
1.073000 0.050000 0.116600
2.686393 9.085962 0.000241 0.000000
0.000000

0.008205 14.376884 62.568134
1.183942 0.201767 21.584206 127.345612 2940.616455
0.000000 0.000327 0.018819 0.000122 0.000000 0.000000
0.000001 0.000000 0.000001
-1.248033 0.000010 53.332493
764.299377 0.000000
0.139047 0.000000 0.000000 0.000000
0.000000 0.115586
11 0.015000 0.210000 0.018000
0.547000 0.580000 0.780000 0.490000 1.150000 6.700000 0.650000 0.650000
172500.000000 75.360001 0.084000
1.073000 0.050000 0.116600
2.681685 6.928183 0.000107 0.000000
0.000000

0.007753 13.156703 58.940552
0.878069 0.140790 15.601846 91.976097 1535.431763
0.000000 0.000715 0.014817 0.000061 0.000000 0.000000
0.000000 0.000000 0.000000
-1.113266 0.000010 51.382496
764.299377 0.000000
0.087355 0.000000 0.000000 0.000000
0.000000 0.112959
11 0.015000 0.225000 0.009000
0.527000 0.580000 0.780000 0.490000 1.200000 6.700000 0.650000 0.650000
180000.015625 75.360001 0.084000
1.073000 0.050000 0.116600
1.399676 6.643111 0.000080 0.000000
0.000000

0.007296 12.216947 54.620312
0.856993 0.128908 14.910032 87.838547 1535.505615
0.000000 0.000925 0.013168 0.000030 0.000000 0.000000
0.000000 0.000000 0.000000
-0.971928 0.000010 51.382496
764.299377 0.000000
0.070431 0.000000 0.000000 0.000000
0.000000 0.109942
11 0.015000 0.240000 0.009000
0.527000 0.580000 0.780000 0.490000 1.200000 6.700000 0.650000 0.650000
180000.015625 75.360001 0.084000
1.073000 0.050000 0.116600
1.400160 5.959869 0.000058 0.000000
0.000000

0.006892 11.357445 50.684906
0.837761 0.117141 14.265028 83.969498 1535.618652
0.000000 0.001211 0.011686 0.000015 0.000000 0.000000
0.000000 0.000000 0.000000
-0.826641 0.000010 51.382496
764.299377 0.000000
0.055009 0.000000 0.000000 0.000000
0.000000 0.107685
11 0.015000 0.255000 0.009000
0.527000 0.580000 0.780000 0.490000 1.200000 6.700000 0.650000 0.650000
180000.015625 75.360001 0.084000
1.073000 0.050000 0.116600
1.400626 5.378185 0.000042 0.000000
0.000000

0.006481 10.591107 47.070999
0.818310 0.107950 13.659237 80.352448 1535.658813
0.000000 0.001598 0.010520 0.000008 0.000000 0.000000
0.000000 0.000000 0.000000
-0.677768 0.000010 51.382496
764.299377 0.000000
0.040974 0.000000 0.000000 0.000000
0.000000 0.106609
11 0.015000 0.270000 0.009000
0.527000 0.580000 0.780000 0.490000 1.200000 6.700000 0.650000 0.650000
180000.015625 75.360001 0.084000
1.073000 0.050000 0.116600
1.401026 4.977881 0.000033 0.000000
0.000000

0.006117 9.885054 43.797997
0.800400 0.099400 13.093949 76.963409 1535.747192
0.000000 0.001752 0.008740 0.000004 0.000000 0.000000
0.000000 0.000000 0.000001
-0.525678 0.000010 51.382496
764.299377 0.000000
0.028180 0.000000 0.000000 0.000000
0.000000 0.106564
11 0.015000 0.285000 0.009000
0.527000 0.580000 0.780000 0.490000 1.200000 6.700000 0.650000 0.650000
180000.015625 75.360001 0.084000
1.073000 0.050000 0.116600
1.401383 4.499408 0.000024 0.000000
0.000000

0.005874 9.273425 40.796745
0.782322 0.091266 12.574734 73.792076 1535.864136
0.000000 0.002082 0.007229 0.000002 0.000000 0.000000
0.000000 0.000000 0.000001
-0.370740 0.000010 51.382496
764.299377 0.000000
0.016460 0.000000 0.000000 0.000000
0.000000 0.103411
11 0.015000 0.300000 0.009000
0.527000 0.580000 0.780000 0.490000 1.200000 6.700000 0.650000 0.650000
180000.015625 75.360001 0.084000
1.073000 0.050000 0.116600
1.401762 3.981474 0.000017 0.000000
0.000000

0.005504 8.636643 37.960491
0.766421 0.085204 12.087547 70.898140 1535.910645
0.000000 0.002637 0.005422 0.000001 0.000000 0.000000
0.000000 0.000000 0.000000
-0.213323 0.000010 51.382496
764.299377 0.000000
0.005484 0.000000 0.000000 0.000000
0.000000 0.103110
11 0.015000 0.315000 0.009000
0.527000 0.580000 0.780000 0.490000 1.200000 6.700000 0.650000 0.650000
180000.015625 75.360001 0.084000
1.073000 0.050000 0.116600
1.402131 3.608181 0.000013 0.000000
0.000000

0.005166 8.047708 35.615662
0.659507 0.073327 10.259999 60.145012 1173.668823
0.000000 0.002588 0.005222 0.000000 0.000000 0.000000
0.000000 0.000000 0.000001
-0.050686 0.000010 48.457500
764.299377 0.000000
0.000000 0.000000 0.000000 0.000000
0.000000 0.105148
11 0.015000 0.330000 0.006600
0.497000 0.580000 0.780000 0.490000 1.250000 6.700000 0.650000 0.650000
187499.984375 75.360001 0.084000
1.073000 0.050000 0.116600
1.071308 3.406170 0.000334 0.000000
0.000000

0.004823 7.491711 33.105072
0.633775 0.070471 9.841034 57.669624 1173.692505
0.000000 0.002754 0.005656 0.000000 0.000000 0.000000
0.000000 0.000002 0.000002
0.089292 0.650000 0.000000
764.299377 0.000000
0.000000 0.000000 0.000000 0.000000
0.000000 0.104140
11 0.015000 0.345000 0.006600
0.497000 0.580000 0.780000 0.490000 1.250000 6.700000 0.650000 0.650000
187499.984375 75.360001 0.084000
1.073000 0.050000 0.116600
1.071559 3.068675 0.011601 0.000000
0.000000

0.004503 6.971406 30.776955
0.608855 0.067703 9.452672 55.375351 1173.741943
0.000000 0.003149 0.006526 0.000000 0.000000 0.000000
0.000000 0.000004 0.000002
0.240244 0.650000 0.000000
764.299377 0.000000
0.000000 0.000000 0.000000 0.000000
0.000000 0.101928
11 0.015000 0.360000 0.006600
0.497000 0.580000 0.780000 0.490000 1.250000 6.700000 0.650000 0.650000
187499.984375 75.360001 0.084000
1.073000 0.050000 0.116600
1.071816 2.809467 0.010600 0.000000
0.000000

0.004196 6.480456 28.543152
0.585981 0.065162 9.093875 53.259972 1173.775757
0.000000 0.003158 0.006558 0.000000 0.000000 0.000000
0.000000 0.000004 0.000002
0.392434 0.650000 0.000000
764.299377 0.000000
0.000000 0.000000 0.000000 0.000000
0.000000 0.100087
11 0.015000 0.375000 0.006600
0.497000 0.580000 0.780000 0.490000 1.250000 6.700000 0.650000 0.650000
187499.984375 75.360001 0.084000
1.073000 0.050000 0.116600
1.071975 2.515350 0.009468 0.000000
0.000000

0.003921 6.031174 26.478790
0.564894 0.062820 8.761463 51.293610 1173.803711
0.000000 0.002447 0.005148 0.000000 0.000000 0.000000
0.000000 0.000004 0.000004
0.545535 0.650000 0.000000
764.299377 0.000000
0.000000 0.000000 0.000000 0.000000
0.000000 0.098828
11 0.015000 0.390000 0.006600
0.497000 0.580000 0.780000 0.490000 1.250000 6.700000 0.650000 0.650000
187499.984375 75.360001 0.084000
1.073000 0.050000 0.116600
1.072149 2.281828 0.008574 0.000000
0.000000

0.003655 5.605851 24.560324
0.545396 0.060656 8.452321 49.470394 1173.823364
0.000000 0.002420 0.005192 0.000000 0.000000 0.000000
0.000000 0.000005 0.000004
0.699231 0.650000 0.000000
764.299377 0.000000
0.000000 0.000000 0.000000 0.000000
0.000000 0.097943
11 0.015000 0.405000 0.006600
0.497000 0.580000 0.780000 0.490000 1.250000 6.700000 0.650000 0.650000
187499.984375 75.360001 0.084000
1.073000 0.050000 0.116600
1.072291 2.104690 0.007897 0.000000
0.000000

0.003402 5.206925 24.318607
0.384951 0.042814 5.872088 34.362282 587.271667
0.000000 0.001604 0.005933 0.000000 0.000000 0.000000
0.000000 0.000003 0.000002
0.853931 0.650000 0.000000
764.299377 0.000000
0.000000 0.000000 0.000000 0.000000
0.000000 0.098702
11 0.015000 0.420000 0.003300
0.487000 0.580000 0.780000 0.490000 1.250000 6.700000 0.650000 0.650000
187499.984375 75.360001 0.084000
1.073000 0.050000 0.116600
0.536206 1.875187 0.006882 0.000000
0.000000

0.003166 4.837131 22.176497
0.369487 0.041097 5.630161 32.940231 587.257812
0.000000 0.001413 0.005059 0.000000 0.000000 0.000000
0.000000 0.000003 0.000003
1.009360 0.650000 0.000000
764.299377 0.000000
0.000000 0.000000 0.000000 0.000000
0.000000 0.097506
11 0.015000 0.435000 0.003300
0.487000 0.580000 0.780000 0.490000 1.250000 6.700000 0.650000 0.650000
187499.984375 75.360001 0.084000
1.073000 0.050000 0.116600
0.536268 1.665988 0.006105 0.000000
0.000000

0.002949 4.494084 20.342993
0.354559 0.039439 5.397362 31.571239 587.258667
0.000000 0.001307 0.004325 0.000000 0.000000 0.000000
0.000000 0.000003 0.000003
1.164538 0.650000 0.000000
764.299377 0.000000
0.000000 0.000000 0.000000 0.000000
0.000000 0.096837
11 0.015000 0.450000 0.003300
0.487000 0.580000 0.780000 0.490000 1.250000 6.700000 0.650000 0.650000
187499.984375 75.360001 0.084000
1.073000 0.050000 0.116600
0.536328 1.510918 0.005530 0.000000
0.000000

0.002745 4.175445 18.714924
0.340395 0.037866 5.177443 30.278574 587.260010
0.000000 0.001422 0.004124 0.000000 0.000000 0.000000
0.000000 0.000003 0.000004
1.319219 0.650000 0.000000
764.299377 0.000000
0.000000 0.000000 0.000000 0.000000
0.000000 0.096739
11 0.015000 0.465000 0.003300
0.487000 0.580000 0.780000 0.490000 1.250000 6.700000 0.650000 0.650000
187499.984375 75.360001 0.084000
1.073000 0.050000 0.116600
0.536377 1.374171 0.005024 0.000000
0.000000

0.002554 3.880315 17.248190
0.327057 0.036385 4.971302 29.067513 587.255127
0.000000 0.001837 0.004426 0.000000 0.000000 0.000000
0.000000 0.000004 0.000003
1.473175 0.650000 0.000000
764.299377 0.000000
0.000000 0.000000 0.000000 0.000000
0.000000 0.097373
11 0.015000 0.480000 0.003300
0.487000 0.580000 0.780000 0.490000 1.250000 6.700000 0.650000 0.650000
187499.984375 75.360001 0.084000
1.073000 0.050000 0.116600
0.536440 1.246352 0.004552 0.000000
0.000000

0.002376 3.604542 15.906485
0.314546 0.034995 4.779043 27.938627 587.249573
0.000000 0.002721 0.005239 0.000000 0.000000 0.000000
0.000000 0.000005 0.000003
1.626200 0.650000 0.000000
764.299377 0.000000
0.000000 0.000000 0.000000 0.000000
0.000000 0.098948
11 0.015000 0.495000 0.003300
0.487000 0.580000 0.780000 0.490000 1.250000 6.700000 0.650000 0.650000
187499.984375 75.360001 0.084000
1.073000 0.050000 0.116600
0.536498 1.144731 0.004178 0.000000
0.000000

0.002210 3.347933 14.672246
0.302827 0.033693 4.599972 26.887547 587.256042
0.000000 0.004178 0.006016 0.000000 0.000000 0.000000
0.000000 0.000006 0.000002
1.778104 0.650000 0.000000
764.299377 0.000000
0.000000 0.000000 0.000000 0.000000
0.000000 0.101830
11 0.015000 0.510000 0.003300
0.487000 0.580000 0.780000 0.490000 1.250000 6.700000 0.650000 0.650000
187499.984375 75.360001 0.084000
1.073000 0.050000 0.116600
0.536543 1.043085 0.003804 0.000000
0.000000

0.002057 3.112260 18.702675
0.181192 0.020160 2.605165 15.224913 178.207794
0.000000 0.003947 0.000919 0.000000 0.000000 0.000000
0.000000 0.000003 0.000000
1.928718 0.650000 0.000000
764.299377 0.000000
0.000000 0.000000 0.000000 0.000000
0.000000 0.114257
11 0.015000 0.525000 0.001000
0.487000 0.580000 0.780000 0.490000 1.250000 6.700000 0.650000 0.650000
187499.984375 75.360001 0.084000
1.073000 0.050000 0.116600
0.162602 0.897379 0.003269 0.000000
0.000000

0.001916 2.890473 17.037130
0.172705 0.019217 2.482841 14.507710 178.198044
0.000000 0.007925 0.000942 0.000000 0.000000 0.000000
0.000000 0.000002 0.000000
2.077893 0.650000 0.000000
764.299377 0.000000
0.000000 0.000000 0.000000 0.000000
0.000000 0.120631
11 0.015000 0.540000 0.001000
0.487000 0.580000 0.780000 0.490000 1.250000 6.700000 0.650000 0.650000
187499.984375 75.360001 0.084000
1.073000 0.050000 0.116600
0.162615 0.780087 0.002839 0.000000
0.000000

0.001806 2.692739 15.734541
0.164064 0.018257 2.355334 13.760673 178.179932
0.000000 0.014666 0.000814 0.000000 0.000000 0.000000
0.000000 0.000001 0.000000
2.225497 0.650000 0.000000
764.299377 0.000000
0.000000 0.000000 0.000000 0.000000
0.000000 0.131173
11 0.015000 0.555000 0.001000
0.487000 0.580000 0.780000 0.490000 1.250000 6.700000 0.650000 0.650000
187499.984375 75.360001 0.084000
1.073000 0.050000 0.116600
0.162631 0.691590 0.002515 0.000000
0.000000

0.001677 2.499618 14.204980
0.156878 0.017458 2.255248 13.174467 178.168365
0.000000 0.025820 0.000710 0.000000 0.000000 0.000000
0.000000 0.000001 0.000000
2.371418 0.650000 0.000000
764.299377 0.000000
0.000000 0.000000 0.000000 0.000000
0.000000 0.146341
11 0.015000 0.570000 0.001000
0.487000 0.580000 0.780000 0.490000 1.250000 6.700000 0.650000 0.650000
187499.984375 75.360001 0.084000
1.073000 0.050000 0.116600
0.162641 0.613849 0.002231 0.000000
0.000000

0.001557 2.320427 13.033409
0.149495 0.016637 2.149167 12.553467 178.163956
0.000000 0.043865 0.000732 0.000000 0.000000 0.000000
0.000000 0.000001 0.000000
2.515559 0.650000 0.000000
764.299377 0.000000
0.000000 0.000000 0.000000 0.000000
0.000000 0.169573
11 0.015000 0.585000 0.001000
0.487000 0.580000 0.780000 0.490000 1.250000 6.700000 0.650000 0.650000
187499.984375 75.360001 0.084000
1.073000 0.050000 0.116600
0.162651 0.545077 0.001980 0.000000
0.000000

0.001446 2.153881 12.172775
0.142045 0.015809 2.039237 11.910200 178.151794
0.000000 0.072976 0.000737 0.000000 0.000000 0.000000
0.000000 0.000000 0.000000
2.657840 0.650000 0.000000
764.299377 0.000000
0.000000 0.000000 0.000000 0.000000
0.000000 0.203831
11 0.015000 0.600000 0.001000
0.487000 0.580000 0.780000 0.490000 1.250000 6.700000 0.650000 0.650000
187499.984375 75.360001 0.084000
1.073000 0.050000 0.116600
0.162661 0.484654 0.001760 0.000000
0.000000

0.001342 1.999163 11.000285
0.136037 0.015141 1.957008 11.428905 178.135040
0.000000 0.120007 0.000726 0.000000 0.000000 0.000000
0.000000 0.000000 0.000000
2.798198 0.650000 0.000000
764.299377 0.000000
0.000000 0.000000 0.000000 0.000000
0.000000 0.251853
11 0.015000 0.615000 0.001000
0.487000 0.580000 0.780000 0.490000 1.250000 6.700000 0.650000 0.650000
187499.984375 75.360001 0.084000
1.073000 0.050000 0.116600
0.162673 0.435410 0.001580 0.000000
0.000000

0.001246 1.855378 9.759044
0.130806 0.014559 1.888991 11.030755 178.131866
0.000000 0.196422 0.000739 0.000000 0.000000 0.000000
0.000000 0.000000 0.000000
2.936585 0.650000 0.000000
764.299377 0.000000
0.000000 0.000000 0.000000 0.000000
0.000000 0.319746
11 0.015000 0.630000 0.001000
0.487000 0.580000 0.780000 0.490000 1.250000 6.700000 0.650000 0.650000
187499.984375 75.360001 0.084000
1.073000 0.050000 0.116600
0.162681 0.394044 0.001430 0.000000
0.000000

0.001157 1.722047 8.220874
0.126888 0.014124 1.846812 10.783510 178.130585
0.000000 0.320380 0.000757 0.000000 0.000000 0.000000
0.000000 0.000000 0.000000
3.072965 0.650000 0.000000
764.299377 0.000000
0.000000 0.000000 0.000000 0.000000
0.000000 0.414844
11 0.015000 0.645000 0.001000
0.487000 0.580000 0.780000 0.490000 1.250000 6.700000 0.650000 0.650000
187499.984375 75.360001 0.084000
1.073000 0.050000 0.116600
0.162688 0.494084 0.001794 0.000000
0.000000

0.001085 1.603803 6.984593
0.122710 0.013660 1.797157 10.492730 178.128174
0.000000 0.524513 0.000774 0.000000 0.000000 0.000000
0.000000 0.000000 0.000000
3.207316 0.650000 0.000000
764.299377 0.000000
0.000000 0.000000 0.000000 0.000000
0.000000 0.549954
11 0.015000 0.660000 0.001000
0.487000 0.580000 0.780000 0.490000 1.250000 6.700000 0.650000 0.650000
187499.984375 75.360001 0.084000
1.073000 0.050000 0.116600
0.162714 0.564851 0.002052 0.000000
0.000000

0.001041 1.503600 6.296743
0.117683 0.013101 1.727253 10.079593 178.128433
0.000000 0.854680 0.001032 0.000000 0.000000 0.000000
0.000000 0.000000 0.000000
3.339630 0.650000 0.000000
764.299377 0.000000
0.000000 0.000000 0.000000 0.000000
0.000000 0.741708
11 0.015000 0.675000 0.001000
0.487000 0.580000 0.780000 0.490000 1.250000 6.700000 0.650000 0.650000
187499.984375 75.360001 0.084000
1.073000 0.050000 0.116600
0.162753 0.619754 0.002253 0.000000
0.000000

0.000967 1.400077 5.817102
0.112570 0.012532 1.653460 9.647681 178.123276
0.000000 1.384650 0.015097 0.000000 0.000000 0.000000
0.000000 0.000000 0.000000
3.469906 0.650000 0.000000
764.299377 0.000000
0.000000 0.000000 0.000000 0.000000
0.000000 1.006625
11 0.015000 0.690000 0.001000
0.487000 0.580000 0.780000 0.490000 1.250000 6.700000 0.650000 0.650000
187499.984375 75.360001 0.084000
1.073000 0.050000 0.116600
0.162792 0.520004 0.001889 0.000000
0.000000

0.000901 1.303376 5.403239
0.107747 0.011996 1.583795 9.238952 178.124771
0.000000 2.473290 0.015469 0.000000 0.000000 0.000000
0.000000 0.000000 0.000000
3.598156 0.650000 0.000000
764.299377 0.000000
0.000000 0.000000 0.000000 0.000000
0.000000 1.373777
11 0.015000 0.705000 0.001000
0.487000 0.580000 0.780000 0.490000 1.250000 6.700000 0.650000 0.650000
187499.984375 75.360001 0.084000
1.073000 0.050000 0.116600
0.162830 0.520191 0.001889 0.000000
0.000000

0.000846 1.217822 5.058793
0.103230 0.011493 1.518365 8.852183 178.127747
0.000000 4.849738 0.015628 0.000000 0.000000 0.000000
0.000000 0.000000 0.000000
3.724400 0.650000 0.000000
764.299377 0.000000
0.000000 0.000000 0.000000 0.000000
0.000000 1.885363
11 0.015000 0.720000 0.001000
0.487000 0.580000 0.780000 0.490000 1.250000 6.700000 0.650000 0.650000
187499.984375 75.360001 0.084000
1.073000 0.050000 0.116600
0.162912 0.579524 0.002106 0.000000
0.000000

0.000818 1.162511 4.821977
0.099185 0.011044 1.459226 8.491743 178.170059
0.000000 10.871723 0.017452 0.000000 0.000000 0.000000
0.000000 0.000000 0.000000
3.848665 0.650000 0.000000
764.299377 0.000000
0.000000 0.000000 0.000000 0.000000
0.000000 2.816616
11 0.015000 0.735000 0.001000
0.487000 0.580000 0.780000 0.490000 1.250000 6.700000 0.650000 0.650000
187499.984375 75.360001 0.084000
1.073000 0.050000 0.116600
0.163206 0.495374 0.001799 0.000000
0.000000

0.000000 0.347166 5.720546
0.069254 0.007711 1.022019 5.847111 178.642929
0.000000 19.008678 0.014019 0.000000 0.000000 0.000000
0.000000 0.000000 0.000000
3.970985 0.650000 0.000000
764.299377 0.000000
0.000000 0.000000 0.000000 0.000000
0.000000 4.154912
11 0.015000 0.750000 0.001000
0.487000 0.580000 0.780000 0.490000 1.250000 6.700000 0.650000 0.650000
187499.984375 75.360001 0.084000
1.073000 0.050000 0.116600
0.165405 0.106777 0.000387 0.000000
0.000000

0.000000 0.342333 5.546302
0.067449 0.007510 0.996890 5.679860 178.751785
0.000000 34.259411 0.013349 0.000000 0.000000 0.000000
0.000000 0.000000 0.000000
4.091402 0.650000 0.000000
764.299377 0.000000
0.000000 0.000000 0.000000 0.000000
0.000000 6.347122
11 0.015000 0.765000 0.001000
0.487000 0.580000 0.780000 0.490000 1.250000 6.700000 0.650000 0.650000
187499.984375 75.360001 0.084000
1.073000 0.050000 0.116600
0.165700 0.109113 0.000395 0.000000
0.000000

0.000000 0.319282 5.196126
0.065884 0.007336 0.976982 5.563497 178.764023
0.000000 24.811947 0.013124 0.000000 0.000000 0.000000
0.000000 0.000000 0.000000
4.210703 0.632212 0.000000
764.299377 0.000000
0.000000 0.000000 0.000000 0.000000
0.000000 6.840392
11 0.015000 0.780000 0.001000
0.487000 0.580000 0.780000 0.490000 1.250000 6.700000 0.650000 0.650000
187499.984375 75.360001 0.084000
1.073000 0.050000 0.116600
0.165738 0.098912 0.000348 0.000000
0.000000

0.000000 0.300757 4.939193
0.063955 0.007120 0.960205 5.464978 178.874634
0.000000 0.409297 0.012729 0.000000 0.000000 0.000000
0.000000 0.000000 0.000000
4.335592 0.490000 0.000000
764.299377 0.000000
0.000000 0.000000 0.000000 0.000000
0.000000 1.613399
11 0.015000 0.795000 0.001000
0.487000 0.580000 0.780000 0.490000 1.250000 6.700000 0.650000 0.650000
187499.984375 75.360001 0.084000
1.073000 0.050000 0.116600
0.166050 0.095464 0.000261 0.000000
0.000000

0.000000 0.279500 4.621737
0.062671 0.006978 0.943462 5.368351 178.881134
0.000000 0.201411 0.012301 0.000000 0.000000 0.000000
0.000000 0.000000 0.000000
4.466276 0.490000 0.000000
764.299377 0.000000
0.000000 0.000000 0.000000 0.000000
0.000000 1.595805
11 0.015000 0.810000 0.001000
0.487000 0.580000 0.780000 0.490000 1.250000 6.700000 0.650000 0.650000
187499.984375 75.360001 0.084000
1.073000 0.050000 0.116600
0.166068 0.095736 0.000261 0.000000
0.000000

0.000000 0.259749 4.327576
0.061476 0.006845 0.927990 5.279005 178.889862
0.000000 0.092606 0.011648 0.000000 0.000000 0.000000
0.000000 0.000000 0.000000
4.595394 0.490000 0.000000
764.299377 0.000000
0.000000 0.000000 0.000000 0.000000
0.000000 1.585339
11 0.015000 0.825000 0.001000
0.487000 0.580000 0.780000 0.490000 1.250000 6.700000 0.650000 0.650000
187499.984375 75.360001 0.084000
1.073000 0.050000 0.116600
0.166084 0.094319 0.000257 0.000000
0.000000

0.000000 0.241345 4.054482
0.060365 0.006721 0.913678 5.196612 178.897354
0.000000 0.042833 0.010737 0.000000 0.000000 0.000000
0.000000 0.000001 0.000000
4.723006 0.490000 0.000000
764.299377 0.000000
0.000000 0.000000 0.000000 0.000000
0.000000 1.589837
11 0.015000 0.840000 0.001000
0.487000 0.580000 0.780000 0.490000 1.250000 6.700000 0.650000 0.650000
187499.984375 75.360001 0.084000
1.073000 0.050000 0.116600
0.166103 0.094450 0.000258 0.000000
0.000000

0.000000 0.224514 3.802946
0.059325 0.006606 0.900333 5.119575 178.902802
0.000000 0.021105 0.009633 0.000000 0.000000 0.000000
0.000000 0.000002 0.000000
4.849174 0.490000 0.000000
764.299377 0.000000
0.000000 0.000000 0.000000 0.000000
0.000000 1.595515
11 0.015000 0.855000 0.001000
0.487000 0.580000 0.780000 0.490000 1.250000 6.700000 0.650000 0.650000
187499.984375 75.360001 0.084000
1.073000 0.050000 0.116600
0.166123 0.100354 0.000274 0.000000
0.000000

0.000000 0.000000 0.562248
0.045101 0.005016 0.755136 4.174256 179.171539
0.000000 0.018316 0.014395 0.000000 0.000000 0.000000
0.000000 0.000012 0.000001
4.953792 1.000000 0.000000
764.299377 0.000000
0.000000 0.000000 0.000000 0.000000
0.000000 1.106256
11 0.015000 0.870000 0.001000
0.487000 0.580000 0.780000 0.490000 1.250000 6.700000 0.650000 0.650000
187499.984375 75.360001 0.084000
1.073000 0.050000 0.116600
0.166873 0.088039 0.000490 0.000000
0.000000

0.000000 0.000000 0.564572
0.045115 0.005018 0.755360 4.175062 179.176193
0.000000 0.014254 0.014283 0.000000 0.000000 0.000000
0.000000 0.000015 0.000001
5.042219 1.000000 0.000000
764.299377 0.000000
0.000000 0.000000 0.000000 0.000000
0.000000 1.105564
11 0.015000 0.885000 0.001000
0.487000 0.580000 0.780000 0.490000 1.250000 6.700000 0.650000 0.650000
187499.984375 75.360001 0.084000
1.073000 0.050000 0.116600
0.166888 0.088191 0.000491 0.000000
0.000000

0.000000 0.000000 0.565958
0.045124 0.005019 0.755523 4.175542 179.181396
0.000000 0.012641 0.014263 0.000000 0.000000 0.000000
0.000000 0.000016 0.000001
5.129066 1.000000 0.000000
764.299377 0.000000
0.000000 0.000000 0.000000 0.000000
0.000000 1.104910
11 0.015000 0.900000 0.001000
0.487000 0.580000 0.780000 0.490000 1.250000 6.700000 0.650000 0.650000
187499.984375 75.360001 0.084000
1.073000 0.050000 0.116600
0.166897 0.088056 0.000490 0.000000
0.000000

0.000000 0.000000 0.567118
0.045133 0.005020 0.755672 4.175930 179.187485
0.000000 0.012401 0.014288 0.000000 0.000000 0.000000
0.000000 0.000016 0.000001
5.214386 1.000000 0.000000
764.299377 0.000000
0.000000 0.000000 0.000000 0.000000
0.000000 1.104258
11 0.015000 0.915000 0.001000
0.487000 0.580000 0.780000 0.490000 1.250000 6.700000 0.650000 0.650000
187499.984375 75.360001 0.084000
1.073000 0.050000 0.116600
0.166905 0.088106 0.000491 0.000000
0.000000

0.000000 0.000000 0.568225
0.045141 0.005021 0.755810 4.176282 179.191910
0.000000 0.013191 0.014275 0.000000 0.000000 0.000000
0.000000 0.000016 0.000001
5.298230 1.000000 0.000000
764.299377 0.000000
0.000000 0.000000 0.000000 0.000000
0.000000 1.103602
11 0.015000 0.930000 0.001000
0.487000 0.580000 0.780000 0.490000 1.250000 6.700000 0.650000 0.650000
187499.984375 75.360001 0.084000
1.073000 0.050000 0.116600
0.166911 0.087984 0.000490 0.000000
0.000000

0.000000 0.000000 0.569347
0.045149 0.005022 0.755947 4.176633 179.196381
0.000000 0.014959 0.014351 0.000000 0.000000 0.000000
0.000000 0.000016 0.000001
5.380648 1.000000 0.000000
764.299377 0.000000
0.000000 0.000000 0.000000 0.000000
0.000000 1.102980
11 0.015000 0.945000 0.001000
0.487000 0.580000 0.780000 0.490000 1.250000 6.700000 0.650000 0.650000
187499.984375 75.360001 0.084000
1.073000 0.050000 0.116600
0.166920 0.088177 0.000491 0.000000
0.000000

0.000000 0.000000 0.570516
0.045157 0.005023 0.756093 4.177028 179.200699
0.000000 0.017695 0.014410 0.000000 0.000000 0.000000
0.000000 0.000014 0.000001
5.461688 1.000000 0.000000
764.299377 0.000000
0.000000 0.000000 0.000000 0.000000
0.000000 1.102406
11 0.015000 0.960000 0.001000
0.487000 0.580000 0.780000 0.490000 1.250000 6.700000 0.650000 0.650000
187499.984375 75.360001 0.084000
1.073000 0.050000 0.116600
0.166929 0.088135 0.000491 0.000000
0.000000

0.000000 0.000000 0.572742
0.045171 0.005024 0.756309 4.177823 179.205292
0.000000 0.021137 0.014435 0.000000 0.000000 0.000000
0.000000 0.000013 0.000001
5.541393 1.000000 0.000000
764.299377 0.000000
0.000000 0.000000 0.000000 0.000000
0.000000 1.101943
11 0.015000 0.975000 0.001000
0.487000 0.580000 0.780000 0.490000 1.250000 6.700000 0.650000 0.650000
187499.984375 75.360001 0.084000
1.073000 0.050000 0.116600
0.166941 0.088102 0.000491 0.000000
0.000000

0.000000 0.000000 0.574369
0.045181 0.005026 0.756480 4.178375 179.210510
0.000000 0.024853 0.014452 0.000000 0.000000 0.000000
0.000000 0.000011 0.000001
5.619809 1.000000 0.000000
764.299377 0.000000
0.000000 0.000000 0.000000 0.000000
0.000000 1.101462
11 0.015000 0.990000 0.001000
0.487000 0.580000 0.780000 0.490000 1.250000 6.700000 0.650000 0.650000
187499.984375 75.360001 0.084000
1.073000 0.050000 0.116600
0.166952 0.088075 0.000491 0.000000
0.000000

0.000000 0.000000 0.575412
0.045188 0.005026 0.756612 4.178715 179.216476
0.000000 0.028211 0.014453 0.000000 0.000000 0.000000
0.000000 0.000011 0.000000
5.696973 1.000000 0.000000
764.299377 0.000000
0.000000 0.000000 0.000000 0.000000
0.000000 1.100925
11 0.015000 1.005000 0.001000
0.487000 0.580000 0.780000 0.490000 1.250000 6.700000 0.650000 0.650000
187499.984375 75.360001 0.084000
1.073000 0.050000 0.116600
0.166958 0.088250 0.000492 0.000000
0.000000

0.000000 0.000000 0.577247
0.045199 0.005028 0.756794 4.179333 179.220337
0.000000 0.030507 0.014392 0.000000 0.000000 0.000000
0.000000 0.000010 0.000000
5.772924 1.000000 0.000000
764.299377 0.000000
0.000000 0.000000 0.000000 0.000000
0.000000 1.100448
11 0.015000 1.020000 0.001000
0.487000 0.580000 0.780000 0.490000 1.250000 6.700000 0.650000 0.650000
187499.984375 75.360001 0.084000
1.073000 0.050000 0.116600
0.166971 0.088109 0.000491 0.000000
0.000000

0.000000 0.000000 0.578280
0.045207 0.005029 0.756924 4.179670 179.224365
0.000000 0.031377 0.014381 0.000000 0.000000 0.000000
0.000000 0.000010 0.000000
5.847696 1.000000 0.000000
764.299377 0.000000
0.000000 0.000000 0.000000 0.000000
0.000000 1.099906
11 0.015000 1.035000 0.001000
0.487000 0.580000 0.780000 0.490000 1.250000 6.700000 0.650000 0.650000
187499.984375 75.360001 0.084000
1.073000 0.050000 0.116600
0.166976 0.088352 0.000492 0.000000
0.000000

0.000000 0.000000 0.579441
0.045214 0.005029 0.757059 4.180052 179.228470
0.000000 0.030639 0.014292 0.000000 0.000000 0.000000
0.000000 0.000010 0.000000
5.921321 1.000000 0.000000
764.299377 0.000000
0.000000 0.000000 0.000000 0.000000
0.000000 1.099363
11 0.015000 1.050000 0.001000
0.487000 0.580000 0.780000 0.490000 1.250000 6.700000 0.650000 0.650000
187499.984375 75.360001 0.084000
1.073000 0.050000 0.116600
0.166985 0.088172 0.000491 0.000000
0.000000

0.000000 0.000000 0.580439
0.045221 0.005030 0.757179 4.180340 179.232468
0.000000 0.028599 0.014236 0.000000 0.000000 0.000000
0.000000 0.000011 0.000000
5.993828 1.000000 0.000000
764.299377 0.000000
0.000000 0.000000 0.000000 0.000000
0.000000 1.098821
11 0.015000 1.065000 0.001000
0.487000 0.580000 0.780000 0.490000 1.250000 6.700000 0.650000 0.650000
187499.984375 75.360001 0.084000
1.073000 0.050000 0.116600
0.166990 0.088374 0.000492 0.000000
0.000000

0.000000 0.000000 0.581520
0.045229 0.005031 0.757309 4.180693 179.236710
0.000000 0.025640 0.014088 0.000000 0.000000 0.000000
0.000000 0.000013 0.000001
6.065244 1.000000 0.000000
764.299377 0.000000
0.000000 0.000000 0.000000 0.000000
0.000000 1.098268
11 0.015000 1.080000 0.001000
0.487000 0.580000 0.780000 0.490000 1.250000 6.700000 0.650000 0.650000
187499.984375 75.360001 0.084000
1.073000 0.050000 0.116600
0.166997 0.088136 0.000491 0.000000
0.000000

0.000000 0.000000 0.583851
0.045241 0.005033 0.757519 4.181486 179.241119
0.000000 0.022368 0.013985 0.000000 0.000000 0.000000
0.000000 0.000014 0.000001
6.135592 1.000000 0.000000
764.299377 0.000000
0.000000 0.000000 0.000000 0.000000
0.000000 1.097816
11 0.015000 1.095000 0.001000
0.487000 0.580000 0.780000 0.490000 1.250000 6.700000 0.650000 0.650000
187499.984375 75.360001 0.084000
1.073000 0.050000 0.116600
0.167012 0.088497 0.000493 0.000000
0.000000

0.000000 0.000000 0.586619
0.045256 0.005034 0.757753 4.182437 179.247620
0.000000 0.019143 0.013842 0.000000 0.000000 0.000000
0.000000 0.000016 0.000001
6.204893 1.000000 0.000000
764.299377 0.000000
0.000000 0.000000 0.000000 0.000000
0.000000 1.097390
11 0.015000 1.110000 0.001000
0.487000 0.580000 0.780000 0.490000 1.250000 6.700000 0.650000 0.650000
187499.984375 75.360001 0.084000
1.073000 0.050000 0.116600
0.167030 0.088038 0.000490 0.000000
0.000000

0.000000 0.000000 0.587612
0.045262 0.005035 0.757872 4.182731 179.250946
0.000000 0.016339 0.013672 0.000000 0.000000 0.000000
0.000000 0.000018 0.000001
6.273167 1.000000 0.000000
764.299377 0.000000
0.000000 0.000000 0.000000 0.000000
0.000000 1.096853
11 0.015000 1.125000 0.001000
0.487000 0.580000 0.780000 0.490000 1.250000 6.700000 0.650000 0.650000
187499.984375 75.360001 0.084000
1.073000 0.050000 0.116600
0.167035 0.088338 0.000492 0.000000
0.000000

0.000000 0.000000 0.588587
0.045269 0.005036 0.757989 4.183030 179.254745
0.000000 0.014065 0.013555 0.000000 0.000000 0.000000
0.000000 0.000020 0.000002
6.340430 1.000000 0.000000
764.299377 0.000000
0.000000 0.000000 0.000000 0.000000
0.000000 1.096326
11 0.015000 1.140000 0.001000
0.487000 0.580000 0.780000 0.490000 1.250000 6.700000 0.650000 0.650000
187499.984375 75.360001 0.084000
1.073000 0.050000 0.116600
0.167043 0.088273 0.000492 0.000000
0.000000

0.000000 0.000000 0.589551
0.045276 0.005037 0.758108 4.183348 179.258301
0.000000 0.012340 0.013426 0.000000 0.000000 0.000000
0.000000 0.000020 0.000002
6.406698 1.000000 0.000000
764.299377 0.000000
0.000000 0.000000 0.000000 0.000000
0.000000 1.095801
11 0.015000 1.155000 0.001000
0.487000 0.580000 0.780000 0.490000 1.250000 6.700000 0.650000 0.650000
187499.984375 75.360001 0.084000
1.073000 0.050000 0.116600
0.167051 0.088368 0.000492 0.000000
0.000000

0.000000 0.000000 0.590738
0.045283 0.005037 0.758237 4.183716 179.262207
0.000000 0.011144 0.013359 0.000000 0.000000 0.000000
0.000000 0.000020 0.000002
6.471982 1.000000 0.000000
764.299377 0.000000
0.000000 0.000000 0.000000 0.000000
0.000000 1.095302
11 0.015000 1.170000 0.001000
0.487000 0.580000 0.780000 0.490000 1.250000 6.700000 0.650000 0.650000
187499.984375 75.360001 0.084000
1.073000 0.050000 0.116600
0.167056 0.088344 0.000492 0.000000
0.000000

0.000000 0.000000 0.592190
0.045291 0.005038 0.758382 4.184175 179.266403
0.000000 0.010271 0.013257 0.000000 0.000000 0.000000
0.000000 0.000020 0.000003
6.536294 1.000000 0.000000
764.299377 0.000000
0.000000 0.000000 0.000000 0.000000
0.000000 1.094833
11 0.015000 1.185000 0.001000
0.487000 0.580000 0.780000 0.490000 1.250000 6.700000 0.650000 0.650000
187499.984375 75.360001 0.084000
1.073000 0.050000 0.116600
0.167063 0.088088 0.000491 0.000000
0.000000

0.000000 0.000000 0.593123
0.045297 0.005039 0.758488 4.184427 179.269989
0.000000 0.009736 0.013210 0.000000 0.000000 0.000000
0.000000 0.000020 0.000003
6.599643 1.000000 0.000000
764.299377 0.000000
0.000000 0.000000 0.000000 0.000000
0.000000 1.094336
11 0.015000 1.200000 0.001000
0.487000 0.580000 0.780000 0.490000 1.250000 6.700000 0.650000 0.650000
187499.984375 75.360001 0.084000
1.073000 0.050000 0.116600
0.167072 0.088271 0.000492 0.000000
0.000000

0.000000 0.000000 0.594047
0.045303 0.005040 0.758599 4.184711 179.272690
0.000000 0.009371 0.013162 0.000000 0.000000 0.000000
0.000000 0.000020 0.000003
6.662035 1.000000 0.000000
764.299377 0.000000
0.000000 0.000000 0.000000 0.000000
0.000000 1.093854
11 0.015000 1.215000 0.001000
0.487000 0.580000 0.780000 0.490000 1.250000 6.700000 0.650000 0.650000
187499.984375 75.360001 0.084000
1.073000 0.050000 0.116600
0.167078 0.088221 0.000491 0.000000
0.000000

0.000000 0.000000 0.594958
0.045309 0.005040 0.758712 4.185010 179.277664
0.000000 0.009139 0.013125 0.000000 0.000000 0.000000
0.000000 0.000020 0.000003
6.723479 1.000000 0.000000
764.299377 0.000000
0.000000 0.000000 0.000000 0.000000
0.000000 1.093373
11 0.015000 1.230000 0.001000
0.487000 0.580000 0.780000 0.490000 1.250000 6.700000 0.650000 0.650000
187499.984375 75.360001 0.084000
1.073000 0.050000 0.116600
0.167083 0.088293 0.000492 0.000000
0.000000

0.000000 0.000000 0.595859
0.045315 0.005041 0.758821 4.185293 179.280930
0.000000 0.008975 0.013063 0.000000 0.000000 0.000000
0.000000 0.000020 0.000003
6.783978 1.000000 0.000000
764.299377 0.000000
0.000000 0.000000 0.000000 0.000000
0.000000 1.092908
11 0.015000 1.245000 0.001000
0.487000 0.580000 0.780000 0.490000 1.250000 6.700000 0.650000 0.650000
187499.984375 75.360001 0.084000
1.073000 0.050000 0.116600
0.167086 0.088370 0.000492 0.000000
0.000000

0.000000 0.000000 0.596751
0.045321 0.005042 0.758927 4.185546 179.284637
0.000000 0.008864 0.013030 0.000000 0.000000 0.000000
0.000000 0.000020 0.000003
6.843536 1.000000 0.000000
764.299377 0.000000
0.000000 0.000000 0.000000 0.000000
0.000000 1.092441
11 0.015000 1.260000 0.001000
0.487000 0.580000 0.780000 0.490000 1.250000 6.700000 0.650000 0.650000
187499.984375 75.360001 0.084000
1.073000 0.050000 0.116600
0.167095 0.088679 0.000494 0.000000
0.000000

0.000000 0.000000 0.597687
0.045326 0.005042 0.759033 4.185817 179.288193
0.000000 0.008791 0.013007 0.000000 0.000000 0.000000
0.000000 0.000020 0.000003
6.902157 1.000000 0.000000
764.299377 0.000000
0.000000 0.000000 0.000000 0.000000
0.000000 1.091987
11 0.015000 1.275000 0.001000
0.487000 0.580000 0.780000 0.490000 1.250000 6.700000 0.650000 0.650000
187499.984375 75.360001 0.084000
1.073000 0.050000 0.116600
0.167099 0.088630 0.000494 0.000000
0.000000

0.000000 0.000000 0.598991
0.045334 0.005043 0.759165 4.186229 179.291885
0.000000 0.008716 0.012965 0.000000 0.000000 0.000000
0.000000 0.000020 0.000003
6.959841 1.000000 0.000000
764.299377 0.000000
0.000000 0.000000 0.000000 0.000000
0.000000 1.091572
11 0.015000 1.290000 0.001000
0.487000 0.580000 0.780000 0.490000 1.250000 6.700000 0.650000 0.650000
187499.984375 75.360001 0.084000
1.073000 0.050000 0.116600
0.167109 0.088636 0.000494 0.000000
0.000000

0.000000 0.000000 0.600354
0.045341 0.005044 0.759301 4.186669 179.296005
0.000000 0.008673 0.012919 0.000000 0.000000 0.000000
0.000000 0.000020 0.000003
7.016591 1.000000 0.000000
764.299377 0.000000
0.000000 0.000000 0.000000 0.000000
0.000000 1.091157
11 0.015000 1.305000 0.001000
0.487000 0.580000 0.780000 0.490000 1.250000 6.700000 0.650000 0.650000
187499.984375 75.360001 0.084000
1.073000 0.050000 0.116600
0.167115 0.088522 0.000493 0.000000
0.000000

0.000000 0.000000 0.601352
0.045347 0.005045 0.759412 4.186963 179.298843
0.000000 0.008598 0.012874 0.000000 0.000000 0.000000
0.000000 0.000021 0.000003
7.072406 1.000000 0.000000
764.299377 0.000000
0.000000 0.000000 0.000000 0.000000
0.000000 1.090732
11 0.015000 1.320000 0.001000
0.487000 0.580000 0.780000 0.490000 1.250000 6.700000 0.650000 0.650000
187499.984375 75.360001 0.084000
1.073000 0.050000 0.116600
0.167122 0.088632 0.000494 0.000000
0.000000

0.000000 0.000000 0.602231
0.045353 0.005046 0.759514 4.187219 179.302383
0.000000 0.008560 0.012838 0.000000 0.000000 0.000000
0.000000 0.000021 0.000004
7.127287 1.000000 0.000000
764.299377 0.000000
0.000000 0.000000 0.000000 0.000000
0.000000 1.090309
11 0.015000 1.335000 0.001000
0.487000 0.580000 0.780000 0.490000 1.250000 6.700000 0.650000 0.650000
187499.984375 75.360001 0.084000
1.073000 0.050000 0.116600
0.167130 0.088544 0.000493 0.000000
0.000000

0.000000 0.000000 0.603071
0.045357 0.005046 0.759612 4.187452 179.306946
0.000000 0.008521 0.012815 0.000000 0.000000 0.000000
0.000000 0.000021 0.000004
7.181232 1.000000 0.000000
764.299377 0.000000
0.000000 0.000000 0.000000 0.000000
0.000000 1.089886
11 0.015000 1.350000 0.001000
0.487000 0.580000 0.780000 0.490000 1.250000 6.700000 0.650000 0.650000
187499.984375 75.360001 0.084000
1.073000 0.050000 0.116600
0.167131 0.088635 0.000494 0.000000
0.000000

0.000000 0.000000 0.603918
0.045362 0.005047 0.759710 4.187688 179.310852
0.000000 0.008482 0.012777 0.000000 0.000000 0.000000
0.000000 0.000021 0.000004
7.234241 1.000000 0.000000
764.299377 0.000000
0.000000 0.000000 0.000000 0.000000
0.000000 1.089475
11 0.015000 1.365000 0.001000
0.487000 0.580000 0.780000 0.490000 1.250000 6.700000 0.650000 0.650000
187499.984375 75.360001 0.084000
1.073000 0.050000 0.116600
0.167139 0.088738 0.000494 0.000000
0.000000

0.000000 0.000000 0.604905
0.045368 0.005047 0.759818 4.187992 179.314423
0.000000 0.008491 0.012787 0.000000 0.000000 0.000000
0.000000 0.000021 0.000004
7.286313 1.000000 0.000000
764.299377 0.000000
0.000000 0.000000 0.000000 0.000000
0.000000 1.089092
11 0.015000 1.380000 0.001000
0.487000 0.580000 0.780000 0.490000 1.250000 6.700000 0.650000 0.650000
187499.984375 75.360001 0.084000
1.073000 0.050000 0.116600
0.167143 0.088929 0.000495 0.000000
0.000000

0.000000 0.000000 0.607172
0.045379 0.005049 0.760001 4.188704 179.319199
0.000000 0.008445 0.012737 0.000000 0.000000 0.000000
0.000000 0.000021 0.000004
7.337446 1.000000 0.000000
764.299377 0.000000
0.000000 0.000000 0.000000 0.000000
0.000000 1.088783
11 0.015000 1.395000 0.001000
0.487000 0.580000 0.780000 0.490000 1.250000 6.700000 0.650000 0.650000
187499.984375 75.360001 0.084000
1.073000 0.050000 0.116600
0.167158 0.088682 0.000494 0.000000
0.000000

0.000000 0.000000 0.608073
0.045384 0.005049 0.760101 4.188956 179.322693
0.000000 0.008362 0.012667 0.000000 0.000000 0.000000
0.000000 0.000021 0.000004
7.387639 1.000000 0.000000
764.299377 0.000000
0.000000 0.000000 0.000000 0.000000
0.000000 1.088402
11 0.015000 1.410000 0.001000
0.487000 0.580000 0.780000 0.490000 1.250000 6.700000 0.650000 0.650000
187499.984375 75.360001 0.084000
1.073000 0.050000 0.116600
0.167164 0.088919 0.000495 0.000000
0.000000

0.000000 0.000000 0.609240
0.045390 0.005050 0.760217 4.189287 179.326462
0.000000 0.008338 0.012632 0.000000 0.000000 0.000000
0.000000 0.000021 0.000004
7.436889 1.000000 0.000000
764.299377 0.000000
0.000000 0.000000 0.000000 0.000000
0.000000 1.088040
11 0.015000 1.425000 0.001000
0.487000 0.580000 0.780000 0.490000 1.250000 6.700000 0.650000 0.650000
187499.984375 75.360001 0.084000
1.073000 0.050000 0.116600
0.167170 0.088655 0.000494 0.000000
0.000000

0.000000 0.000000 0.610220
0.045395 0.005050 0.760318 4.189559 179.330032
0.000000 0.008317 0.012625 0.000000 0.000000 0.000000
0.000000 0.000021 0.000004
7.485196 1.000000 0.000000
764.299377 0.000000
0.000000 0.000000 0.000000 0.000000
0.000000 1.087693
11 0.015000 1.440000 0.001000
0.487000 0.580000 0.780000 0.490000 1.250000 6.700000 0.650000 0.650000
187499.984375 75.360001 0.084000
1.073000 0.050000 0.116600
0.167175 0.088698 0.000494 0.000000
0.000000

0.000000 0.000000 0.611010
0.045400 0.005051 0.760410 4.189778 179.333160
0.000000 0.008312 0.012597 0.000000 0.000000 0.000000
0.000000 0.000021 0.000004
7.532557 1.000000 0.000000
764.299377 0.000000
0.000000 0.000000 0.000000 0.000000
0.000000 1.087325
11 0.015000 1.455000 0.001000
0.487000 0.580000 0.780000 0.490000 1.250000 6.700000 0.650000 0.650000
187499.984375 75.360001 0.084000
1.073000 0.050000 0.116600
0.167184 0.088649 0.000494 0.000000
0.000000

0.000000 0.000000 0.611795
0.045404 0.005051 0.760504 4.190006 179.335815
0.000000 0.008316 0.012581 0.000000 0.000000 0.000000
0.000000 0.000021 0.000004
7.578970 1.000000 0.000000
764.299377 0.000000
0.000000 0.000000 0.000000 0.000000
0.000000 1.086969
11 0.015000 1.470000 0.001000
0.487000 0.580000 0.780000 0.490000 1.250000 6.700000 0.650000 0.650000
187499.984375 75.360001 0.084000
1.073000 0.050000 0.116600
0.167186 0.088721 0.000494 0.000000
0.000000

0.000000 0.000000 0.612570
0.045409 0.005052 0.760596 4.190240 179.338882
0.000000 0.008275 0.012569 0.000000 0.000000 0.000000
0.000000 0.000022 0.000004
7.624435 1.000000 0.000000
764.299377 0.000000
0.000000 0.000000 0.000000 0.000000
0.000000 1.086629
11 0.015000 1.485000 0.001000
0.487000 0.580000 0.780000 0.490000 1.250000 6.700000 0.650000 0.650000
187499.984375 75.360001 0.084000
1.073000 0.050000 0.116600
0.167190 0.088806 0.000495 0.000000
0.000000

0.000000 0.000000 0.613338
0.045413 0.005052 0.760686 4.190451 179.342926
0.000000 0.008238 0.012530 0.000000 0.000000 0.000000
0.000000 0.000022 0.000004
7.668950 1.000000 0.000000
764.299377 0.000000
0.000000 0.000000 0.000000 0.000000
0.000000 1.086300
11 0.015000 1.500000 0.001000
0.487000 0.580000 0.780000 0.490000 1.250000 6.700000 0.650000 0.650000
187499.984375 75.360001 0.084000
1.073000 0.050000 0.116600
0.167194 0.089137 0.000496 0.000000
0.000000

0.000000 0.000000 0.614230
0.045418 0.005053 0.760783 4.190708 179.345917
0.000000 0.008221 0.012490 0.000000 0.000000 0.000000
0.000000 0.000022 0.000004
7.712512 1.000000 0.000000
764.299377 0.000000
0.000000 0.000000 0.000000 0.000000
0.000000 1.085960
11 0.015000 1.515000 0.001000
0.487000 0.580000 0.780000 0.490000 1.250000 6.700000 0.650000 0.650000
187499.984375 75.360001 0.084000
1.073000 0.050000 0.116600
0.167199 0.088873 0.000495 0.000000
0.000000

0.000000 0.000000 0.615058
0.045422 0.005054 0.760875 4.190929 179.348587
0.000000 0.008160 0.012452 0.000000 0.000000 0.000000
0.000000 0.000022 0.000004
7.755122 1.000000 0.000000
764.299377 0.000000
0.000000 0.000000 0.000000 0.000000
0.000000 1.085637
11 0.015000 1.530000 0.001000
0.487000 0.580000 0.780000 0.490000 1.250000 6.700000 0.650000 0.650000
187499.984375 75.360001 0.084000
1.073000 0.050000 0.116600
0.167208 0.088972 0.000496 0.000000
0.000000

0.000000 0.000000 0.619570
0.045441 0.005056 0.761176 4.192312 179.357590
0.000000 0.008121 0.012409 0.000000 0.000000 0.000000
0.000000 0.000022 0.000004
7.796778 1.000000 0.000000
764.299377 0.000000
0.000000 0.000000 0.000000 0.000000
0.000000 1.085558
11 0.015000 1.545000 0.001000
0.487000 0.580000 0.780000 0.490000 1.250000 6.700000 0.650000 0.650000
187499.984375 75.360001 0.084000
1.073000 0.050000 0.116600
0.167234 0.089052 0.000496 0.000000
0.000000

0.000000 0.000000 0.633493
0.045496 0.005062 0.761999 4.196576 179.390167
0.000000 0.008046 0.012362 0.000000 0.000000 0.000000
0.000000 0.000022 0.000004
7.837479 1.000000 0.000000
764.299377 0.000000
0.000000 0.000000 0.000000 0.000000
0.000000 1.086094
11 0.015000 1.560000 0.001000
0.487000 0.580000 0.780000 0.490000 1.250000 6.700000 0.650000 0.650000
187499.984375 75.360001 0.084000
1.073000 0.050000 0.116600
0.167314 0.088753 0.000494 0.000000
0.000000

0.000000 0.000000 0.634257
0.045500 0.005062 0.762083 4.196757 179.393295
0.000000 0.008013 0.012319 0.000000 0.000000 0.000000
0.000000 0.000022 0.000004
7.877225 1.000000 0.000000
764.299377 0.000000
0.000000 0.000000 0.000000 0.000000
0.000000 1.085782
11 0.015000 1.575000 0.001000
0.487000 0.580000 0.780000 0.490000 1.250000 6.700000 0.650000 0.650000
187499.984375 75.360001 0.084000
1.073000 0.050000 0.116600
0.167320 0.088830 0.000495 0.000000
0.000000

0.000000 0.000000 0.635023
0.045504 0.005063 0.762170 4.196969 179.396484
0.000000 0.007943 0.012255 0.000000 0.000000 0.000000
0.000000 0.000022 0.000004
7.916016 1.000000 0.000000
764.299377 0.000000
0.000000 0.000000 0.000000 0.000000
0.000000 1.085483
11 0.015000 1.590000 0.001000
0.487000 0.580000 0.780000 0.490000 1.250000 6.700000 0.650000 0.650000
187499.984375 75.360001 0.084000
1.073000 0.050000 0.116600
0.167325 0.088922 0.000495 0.000000
0.000000

0.000000 0.000000 0.635795
0.045508 0.005063 0.762253 4.197149 179.399551
0.000000 0.007927 0.012241 0.000000 0.000000 0.000000
0.000000 0.000022 0.000005
7.953852 1.000000 0.000000
764.299377 0.000000
0.000000 0.000000 0.000000 0.000000
0.000000 1.085194
11 0.015000 1.605000 0.001000
0.487000 0.580000 0.780000 0.490000 1.250000 6.700000 0.650000 0.650000
187499.984375 75.360001 0.084000
1.073000 0.050000 0.116600
0.167330 0.089174 0.000497 0.000000
0.000000

0.000000 0.000000 0.636726
0.045512 0.005064 0.762346 4.197390 179.402847
0.000000 0.007894 0.012210 0.000000 0.000000 0.000000
0.000000 0.000022 0.000005
7.990733 1.000000 0.000000
764.299377 0.000000
0.000000 0.000000 0.000000 0.000000
0.000000 1.084895
11 0.015000 1.620000 0.001000
0.487000 0.580000 0.780000 0.490000 1.250000 6.700000 0.650000 0.650000
187499.984375 75.360001 0.084000
1.073000 0.050000 0.116600
0.167335 0.089002 0.000496 0.000000
0.000000

0.000000 0.000000 0.645897
0.045548 0.005068 0.762886 4.200105 179.428787
0.000000 0.007825 0.012156 0.000000 0.000000 0.000000
0.000000 0.000022 0.000005
8.026660 1.000000 0.000000
764.299377 0.000000
0.000000 0.000000 0.000000 0.000000
0.000000 1.085111
11 0.015000 1.635000 0.001000
0.487000 0.580000 0.780000 0.490000 1.250000 6.700000 0.650000 0.650000
187499.984375 75.360001 0.084000
1.073000 0.050000 0.116600
0.167388 0.089020 0.000496 0.000000
0.000000

0.000000 0.000000 0.646840
0.045552 0.005068 0.762982 4.200360 179.433075
0.000000 0.007797 0.012152 0.000000 0.000000 0.000000
0.000000 0.000022 0.000005
8.061633 1.000000 0.000000
764.299377 0.000000
0.000000 0.000000 0.000000 0.000000
0.000000 1.084829
11 0.015000 1.650000 0.001000
0.487000 0.580000 0.780000 0.490000 1.250000 6.700000 0.650000 0.650000
187499.984375 75.360001 0.084000
1.073000 0.050000 0.116600
0.167393 0.088895 0.000495 0.000000
0.000000

0.000000 0.000000 0.647611
0.045556 0.005069 0.763062 4.200553 179.436188
0.000000 0.007756 0.012077 0.000000 0.000000 0.000000
0.000000 0.000022 0.000005
8.095656 1.000000 0.000000
764.299377 0.000000
0.000000 0.000000 0.000000 0.000000
0.000000 1.084544
11 0.015000 1.665000 0.001000
0.487000 0.580000 0.780000 0.490000 1.250000 6.700000 0.650000 0.650000
187499.984375 75.360001 0.084000
1.073000 0.050000 0.116600
0.167397 0.088980 0.000496 0.000000
0.000000

0.000000 0.000000 0.648383
0.045560 0.005069 0.763149 4.200770 179.439255
0.000000 0.007723 0.012037 0.000000 0.000000 0.000000
0.000000 0.000022 0.000005
8.128727 1.000000 0.000000
764.299377 0.000000
0.000000 0.000000 0.000000 0.000000
0.000000 1.084264
11 0.015000 1.680000 0.001000
0.487000 0.580000 0.780000 0.490000 1.250000 6.700000 0.650000 0.650000
187499.984375 75.360001 0.084000
1.073000 0.050000 0.116600
0.167402 0.089309 0.000497 0.000000
0.000000

0.000000 0.000000 0.649344
0.045564 0.005069 0.763234 4.200984 179.442825
0.000000 0.007681 0.011978 0.000000 0.000000 0.000000
0.000000 0.000022 0.000005
8.160849 1.000000 0.000000
764.299377 0.000000
0.000000 0.000000 0.000000 0.000000
0.000000 1.083997
11 0.015000 1.695000 0.001000
0.487000 0.580000 0.780000 0.490000 1.250000 6.700000 0.650000 0.650000
187499.984375 75.360001 0.084000
1.073000 0.050000 0.116600
0.167406 0.089078 0.000496 0.000000
0.000000

0.000000 0.000000 0.650629
0.045569 0.005070 0.763347 4.201343 179.447433
0.000000 0.007657 0.011975 0.000000 0.000000 0.000000
0.000000 0.000022 0.000005
8.192021 1.000000 0.000000
764.299377 0.000000
0.000000 0.000000 0.000000 0.000000
0.000000 1.083764
11 0.015000 1.710000 0.001000
0.487000 0.580000 0.780000 0.490000 1.250000 6.700000 0.650000 0.650000
187499.984375 75.360001 0.084000
1.073000 0.050000 0.116600
0.167416 0.089126 0.000496 0.000000
0.000000

0.000000 0.000000 0.651387
0.045573 0.005070 0.763426 4.201523 179.450851
0.000000 0.007604 0.011954 0.000000 0.000000 0.000000
0.000000 0.000022 0.000005
8.222249 1.000000 0.000000
764.299377 0.000000
0.000000 0.000000 0.000000 0.000000
0.000000 1.083492
11 0.015000 1.725000 0.001000
0.487000 0.580000 0.780000 0.490000 1.250000 6.700000 0.650000 0.650000
187499.984375 75.360001 0.084000
1.073000 0.050000 0.116600
0.167419 0.089233 0.000497 0.000000
0.000000

0.000000 0.000000 0.652504
0.045577 0.005071 0.763524 4.201812 179.455124
0.000000 0.007579 0.011894 0.000000 0.000000 0.000000
0.000000 0.000022 0.000005
8.251534 1.000000 0.000000
764.299377 0.000000
0.000000 0.000000 0.000000 0.000000
0.000000 1.083255
11 0.015000 1.740000 0.001000
0.487000 0.580000 0.780000 0.490000 1.250000 6.700000 0.650000 0.650000
187499.984375 75.360001 0.084000
1.073000 0.050000 0.116600
0.167425 0.089322 0.000497 0.000000
0.000000

0.000000 0.000000 0.658722
0.045601 0.005074 0.763891 4.203579 179.470291
0.000000 0.007534 0.011857 0.000000 0.000000 0.000000
0.000000 0.000022 0.000005
8.279876 1.000000 0.000000
764.299377 0.000000
0.000000 0.000000 0.000000 0.000000
0.000000 1.083347
11 0.015000 1.755000 0.001000
0.487000 0.580000 0.780000 0.490000 1.250000 6.700000 0.650000 0.650000
187499.984375 75.360001 0.084000
1.073000 0.050000 0.116600
0.167461 0.089229 0.000497 0.000000
0.000000

0.000000 0.000000 0.669294
0.045640 0.005078 0.764474 4.206534 179.485855
0.000000 0.007472 0.011815 0.000000 0.000000 0.000000
0.000000 0.000022 0.000005
8.307280 1.000000 0.000000
764.299377 0.000000
0.000000 0.000000 0.000000 0.000000
0.000000 1.083735
11 0.015000 1.770000 0.001000
0.487000 0.580000 0.780000 0.490000 1.250000 6.700000 0.650000 0.650000
187499.984375 75.360001 0.084000
1.073000 0.050000 0.116600
0.167521 0.089143 0.000496 0.000000
0.000000

0.000000 0.000000 0.672193
0.045650 0.005079 0.764661 4.207314 179.491318
0.000000 0.007427 0.011767 0.000000 0.000000 0.000000
0.000000 0.000022 0.000005
8.333748 1.000000 0.000000
764.299377 0.000000
0.000000 0.000000 0.000000 0.000000
0.000000 1.083621
11 0.015000 1.785000 0.001000
0.487000 0.580000 0.780000 0.490000 1.250000 6.700000 0.650000 0.650000
187499.984375 75.360001 0.084000
1.073000 0.050000 0.116600
0.167534 0.089451 0.000498 0.000000
0.000000

0.000000 0.000000 0.677330
0.045669 0.005081 0.764957 4.208686 179.496933
0.000000 0.007394 0.011736 0.000000 0.000000 0.000000
0.000000 0.000022 0.000005
8.359283 1.000000 0.000000
764.299377 0.000000
0.000000 0.000000 0.000000 0.000000
0.000000 1.083653
11 0.015000 1.800000 0.001000
0.487000 0.580000 0.780000 0.490000 1.250000 6.700000 0.650000 0.650000
187499.984375 75.360001 0.084000
1.073000 0.050000 0.116600
0.167564 0.089226 0.000497 0.000000
0.000000

0.000000 0.000000 0.678589
0.045674 0.005082 0.765058 4.208992 179.500366
0.000000 0.007357 0.011689 0.000000 0.000000 0.000000
0.000000 0.000022 0.000005
8.383889 1.000000 0.000000
764.299377 0.000000
0.000000 0.000000 0.000000 0.000000
0.000000 1.083450
11 0.015000 1.815000 0.001000
0.487000 0.580000 0.780000 0.490000 1.250000 6.700000 0.650000 0.650000
187499.984375 75.360001 0.084000
1.073000 0.050000 0.116600
0.167572 0.089309 0.000497 0.000000
0.000000

0.000000 0.000000 0.682055
0.045686 0.005083 0.765269 4.209906 179.505081
0.000000 0.007297 0.011633 0.000000 0.000000 0.000000
0.000000 0.000022 0.000005
8.407570 1.000000 0.000000
764.299377 0.000000
0.000000 0.000000 0.000000 0.000000
0.000000 1.083385
11 0.015000 1.830000 0.001000
0.487000 0.580000 0.780000 0.490000 1.250000 6.700000 0.650000 0.650000
187499.984375 75.360001 0.084000
1.073000 0.050000 0.116600
0.167589 0.089287 0.000497 0.000000
0.000000

0.000000 0.000000 0.682876
0.045689 0.005083 0.765345 4.210077 179.507751
0.000000 0.007264 0.011586 0.000000 0.000000 0.000000
0.000000 0.000022 0.000005
8.430326 1.000000 0.000000
764.299377 0.000000
0.000000 0.000000 0.000000 0.000000
0.000000 1.083149
11 0.015000 1.845000 0.001000
0.487000 0.580000 0.780000 0.490000 1.250000 6.700000 0.650000 0.650000
187499.984375 75.360001 0.084000
1.073000 0.050000 0.116600
0.167595 0.089372 0.000498 0.000000
0.000000

0.000000 0.000000 0.683809
0.045693 0.005084 0.765431 4.210310 179.510910
0.000000 0.007273 0.011577 0.000000 0.000000 0.000000
0.000000 0.000022 0.000005
8.452165 1.000000 0.000000
764.299377 0.000000
0.000000 0.000000 0.000000 0.000000
0.000000 1.082925
11 0.015000 1.860000 0.001000
0.487000 0.580000 0.780000 0.490000 1.250000 6.700000 0.650000 0.650000
187499.984375 75.360001 0.084000
1.073000 0.050000 0.116600
0.167601 0.089241 0.000497 0.000000
0.000000

0.000000 0.000000 0.685015
0.045697 0.005084 0.765526 4.210588 179.514328
0.000000 0.007252 0.011558 0.000000 0.000000 0.000000
0.000000 0.000022 0.000005
8.473088 1.000000 0.000000
764.299377 0.000000
0.000000 0.000000 0.000000 0.000000
0.000000 1.082729
11 0.015000 1.875000 0.001000
0.487000 0.580000 0.780000 0.490000 1.250000 6.700000 0.650000 0.650000
187499.984375 75.360001 0.084000
1.073000 0.050000 0.116600
0.167608 0.089375 0.000498 0.000000
0.000000

0.000000 0.000000 0.685937
0.045701 0.005085 0.765611 4.210813 179.517670
0.000000 0.007214 0.011507 0.000000 0.000000 0.000000
0.000000 0.000022 0.000005
8.493100 1.000000 0.000000
764.299377 0.000000
0.000000 0.000000 0.000000 0.000000
0.000000 1.082517
11 0.015000 1.890000 0.001000
0.487000 0.580000 0.780000 0.490000 1.250000 6.700000 0.650000 0.650000
187499.984375 75.360001 0.084000
1.073000 0.050000 0.116600
0.167610 0.089569 0.000499 0.000000
0.000000

0.000000 0.000000 0.686972
0.045705 0.005085 0.765701 4.211066 179.521286
0.000000 0.007185 0.011481 0.000000 0.000000 0.000000
0.000000 0.000022 0.000006
8.512205 1.000000 0.000000
764.299377 0.000000
0.000000 0.000000 0.000000 0.000000
0.000000 1.082327
11 0.015000 1.905000 0.001000
0.487000 0.580000 0.780000 0.490000 1.250000 6.700000 0.650000 0.650000
187499.984375 75.360001 0.084000
1.073000 0.050000 0.116600
0.167619 0.089269 0.000497 0.000000
0.000000

0.000000 0.000000 0.687864
0.045708 0.005086 0.765783 4.211282 179.524628
0.000000 0.007116 0.011396 0.000000 0.000000 0.000000
0.000000 0.000022 0.000006
8.530408 1.000000 0.000000
764.299377 0.000000
0.000000 0.000000 0.000000 0.000000
0.000000 1.082119
11 0.015000 1.920000 0.001000
0.487000 0.580000 0.780000 0.490000 1.250000 6.700000 0.650000 0.650000
187499.984375 75.360001 0.084000
1.073000 0.050000 0.116600
0.167622 0.089260 0.000497 0.000000
0.000000

0.000000 0.000000 0.688631
0.045711 0.005086 0.765854 4.211433 179.528030
0.000000 0.007103 0.011356 0.000000 0.000000 0.000000
0.000000 0.000022 0.000006
8.547712 1.000000 0.000000
764.299377 0.000000
0.000000 0.000000 0.000000 0.000000
0.000000 1.081912
11 0.015000 1.935000 0.001000
0.487000 0.580000 0.780000 0.490000 1.250000 6.700000 0.650000 0.650000
187499.984375 75.360001 0.084000
1.073000 0.050000 0.116600
0.167625 0.089344 0.000498 0.000000
0.000000

0.000000 0.000000 0.689393
0.045714 0.005086 0.765927 4.211615 179.531158
0.000000 0.007086 0.011346 0.000000 0.000000 0.000000
0.000000 0.000022 0.000006
8.564123 1.000000 0.000000
764.299377 0.000000
0.000000 0.000000 0.000000 0.000000
0.000000 1.081719
11 0.015000 1.950000 0.001000
0.487000 0.580000 0.780000 0.490000 1.250000 6.700000 0.650000 0.650000
187499.984375 75.360001 0.084000
1.073000 0.050000 0.116600
0.167629 0.089656 0.000499 0.000000
0.000000

0.000000 0.000000 0.690444
0.045717 0.005087 0.766013 4.211838 179.534973
0.000000 0.007055 0.011315 0.000000 0.000000 0.000000
0.000000 0.000022 0.000006
8.579643 1.000000 0.000000
764.299377 0.000000
0.000000 0.000000 0.000000 0.000000
0.000000 1.081545
11 0.015000 1.965000 0.001000
0.487000 0.580000 0.780000 0.490000 1.250000 6.700000 0.650000 0.650000
187499.984375 75.360001 0.084000
1.073000 0.050000 0.116600
0.167637 0.089545 0.000499 0.000000
0.000000

0.000000 0.000000 0.693805
0.045729 0.005088 0.766212 4.212692 179.540390
0.000000 0.007006 0.011249 0.000000 0.000000 0.000000
0.000000 0.000022 0.000006
8.594280 1.000000 0.000000
764.299377 0.000000
0.000000 0.000000 0.000000 0.000000
0.000000 1.081528
11 0.015000 1.980000 0.001000
0.487000 0.580000 0.780000 0.490000 1.250000 6.700000 0.650000 0.650000
187499.984375 75.360001 0.084000
1.073000 0.050000 0.116600
0.167652 0.089574 0.000499 0.000000
0.000000

0.000000 0.000000 0.695298
0.045734 0.005088 0.766320 4.213045 179.544586
0.000000 0.011186 0.011564 0.000000 0.000000 0.000000
0.000000 0.000025 0.000004
8.608040 1.000000 0.000000
764.299377 0.000000
0.000000 0.000000 0.000000 0.000000
0.000000 1.081369
11 0.015000 1.995000 0.001000
0.487000 0.580000 0.780000 0.490000 1.250000 6.700000 0.650000 0.650000
187499.984375 75.360001 0.084000
1.073000 0.050000 0.116600
0.167661 0.089679 0.000499 0.000000
0.000000
1.000000
2.000000
0.321000 0.000000
0.000000
0
-0.870000
0 0
0.000000
1
0.000000
1.000000
1.000000
1.000000
0.000000 0.000000 0.000000
0.000000 0.000000
0.000000 0.000000 0.000000 0.000000 0.000000 0.000000 0.000000
0.000000 0.000000 0.000000 0.000000 0.000000 0.000000 0.000000
240
2.000000
1
C:\Kingsite\dnd\Ohio1.spf
-1.000000 -1.000000
0.000000
58
58
10.000000
99
