11
Clay
0.580000 0.612000 0.084000 0.780000 0.530000 1.000000 0.000000 0.000000
1.020000 6.700000 1 0.028600 0.500000 0.050000 0.010000 0.027000 0.963000
0.000000 0.015000 2.000000 152999.984375 75.360001 133
0.103800 3.528000 4.728100 0.000000 1
8.234000 8.234000 10.000000 5.000000 25.000000 100.000000
0.000000 0.000000 0.003029 0.000000 161.990128 239.671982
500.000000 0.000000 0.000000

0.001307 310.207397 601.806152
2.760845 0.306833 32.919346 307.410248 4086.489502
0.000000 0.026248 0.013750 0.728623 0.000000 0.000000
0.000000 0.000000 0.000000
-0.011434 0.000010 71.523117
764.299377 0.000000
0.821890 0.000000 0.000000 0.000000
0.000000 0.297309
11 0.015000 0.015000 0.028600
0.612000 0.580000 0.780000 0.530000 1.020000 6.700000 0.780000 0.780000
152999.984375 75.360001 0.084000
1.073000 0.050000 0.116600
3.565907 3.798610 0.000000 0.000000
0.000000

0.002073 7.626017 92.919205
2.274544 0.252792 31.503229 280.670563 4092.474121
0.000000 0.003338 0.044902 0.499431 0.000000 0.000000
0.000000 0.000000 0.000000
0.000000 0.235176 49.933998
764.299377 0.000000
0.648367 0.000000 0.000000 0.000000
0.000000 0.027772
11 0.015000 0.030000 0.028600
0.612000 0.580000 0.780000 0.530000 1.020000 6.700000 0.780000 0.780000
152999.984375 75.360001 0.084000
1.073000 0.050000 0.116600
3.577106 5.714896 0.011520 0.000000
0.000000

0.002649 5.877707 87.168358
2.301118 0.255758 32.236073 279.985901 4092.908203
0.000000 0.003646 0.065513 0.249715 0.000000 0.000000
0.000000 0.000000 0.000000
0.000000 0.598199 16.608433
764.299377 0.000000
0.620839 0.000000 0.000000 0.000000
0.000000 0.036326
11 0.015000 0.045000 0.028600
0.612000 0.580000 0.780000 0.530000 1.020000 6.700000 0.780000 0.780000
152999.984375 75.360001 0.084000
1.073000 0.050000 0.116600
3.580627 7.619379 0.039894 0.000000
0.000000

0.003115 5.529638 84.449883
2.330295 0.259017 32.725708 279.521332 4093.153564
0.000000 0.004594 0.068005 0.124858 0.000000 0.000000
0.000000 0.000007 0.000010
0.191958 0.779119 0.000000
764.299377 0.000000
0.592778 0.000000 0.000000 0.000000
0.000000 0.041954
11 0.015000 0.060000 0.028600
0.612000 0.580000 0.780000 0.530000 1.020000 6.700000 0.780000 0.780000
152999.984375 75.360001 0.084000
1.073000 0.050000 0.116600
3.582940 8.830670 0.062416 0.000000
0.000000

0.003518 5.200861 81.839882
2.363755 0.262742 33.101807 279.139374 4093.381104
0.000000 0.004785 0.065968 0.062429 0.000000 0.000000
0.000000 0.000012 0.000019
0.255198 0.779119 0.000000
764.299377 0.000000
0.555909 0.000000 0.000000 0.000000
0.000000 0.044105
11 0.015000 0.075000 0.028600
0.612000 0.580000 0.780000 0.530000 1.020000 6.700000 0.780000 0.780000
152999.984375 75.360001 0.084000
1.073000 0.050000 0.116600
3.584713 9.930971 0.072783 0.000000
0.000000

0.003867 4.894941 79.364639
2.409948 0.267879 33.389458 278.825043 4093.519043
0.000000 0.004517 0.060192 0.031214 0.000000 0.000000
0.000000 0.000009 0.000025
0.314709 0.779119 0.000000
764.299377 0.000000
0.504054 0.000000 0.000000 0.000000
0.000000 0.059306
11 0.015000 0.090000 0.028600
0.612000 0.580000 0.780000 0.530000 1.020000 6.700000 0.780000 0.780000
152999.984375 75.360001 0.084000
1.073000 0.050000 0.116600
3.586072 9.078691 0.066099 0.000000
0.000000

0.023058 8.986843 172.625778
2.475521 0.275166 43.750359 266.970428 4094.382324
0.000000 0.003107 0.051517 0.015607 0.000000 0.000000
0.000000 0.000001 0.000035
0.374712 0.779119 0.000000
764.299377 0.000000
0.444442 0.000000 0.000000 0.000000
0.000000 0.107885
11 0.015000 0.105000 0.028600
0.612000 0.580000 0.780000 0.530000 1.020000 6.700000 0.780000 0.780000
152999.984375 75.360001 0.084000
1.073000 0.050000 0.116600
3.629940 5.956163 0.042108 0.000000
0.000000

0.021532 4.830989 85.681473
1.082282 0.120303 19.272530 113.381836 2961.389648
0.000000 0.001801 0.019670 0.007804 0.000000 0.000000
0.000000 0.000004 0.000006
0.439395 0.649015 0.000000
764.299377 0.000000
0.168084 0.000000 0.000000 0.000000
0.000000 0.101749
11 0.015000 0.120000 0.018000
0.547000 0.580000 0.780000 0.490000 1.150000 6.700000 0.650000 0.650000
172500.000000 75.360001 0.084000
1.073000 0.050000 0.116600
2.749886 6.669413 0.031127 0.000000
0.000000

0.021203 4.495246 80.589478
1.073286 0.119306 18.766935 110.136902 2961.878906
0.000000 0.001279 0.016427 0.003902 0.000000 0.000000
0.000000 0.000002 0.000008
0.509358 0.649015 0.000000
764.299377 0.000000
0.139726 0.000000 0.000000 0.000000
0.000000 0.115560
11 0.015000 0.135000 0.018000
0.547000 0.580000 0.780000 0.490000 1.150000 6.700000 0.650000 0.650000
172500.000000 75.360001 0.084000
1.073000 0.050000 0.116600
2.751428 6.057210 0.028121 0.000000
0.000000

0.020813 4.192943 75.761238
1.066101 0.118510 18.300352 107.125099 2962.367432
0.000000 0.000810 0.013255 0.001951 0.000000 0.000000
0.000000 0.000000 0.000010
0.579778 0.649015 0.000000
764.299377 0.000000
0.112705 0.000000 0.000000 0.000000
0.000000 0.127584
11 0.015000 0.150000 0.018000
0.547000 0.580000 0.780000 0.490000 1.150000 6.700000 0.650000 0.650000
172500.000000 75.360001 0.084000
1.073000 0.050000 0.116600
2.752664 6.054092 0.028107 0.000000
0.000000

0.020287 24.568600 71.848801
1.038421 0.115435 17.343246 101.300102 2962.680664
0.000000 0.000207 0.009433 0.000975 0.000000 0.000000
0.000000 0.000000 0.000011
0.650646 0.649015 0.000000
764.299377 0.000000
0.083088 0.000000 0.000000 0.000000
0.000000 0.162203
11 0.015000 0.165000 0.018000
0.547000 0.580000 0.780000 0.490000 1.150000 6.700000 0.650000 0.650000
172500.000000 75.360001 0.084000
1.073000 0.050000 0.116600
2.753704 6.485122 0.030223 0.000000
0.000000

0.019217 22.982708 67.592110
1.028539 0.114345 16.950043 98.906189 2963.078857
0.000000 0.000000 0.007750 0.000488 0.000000 0.000000
0.000000 0.000000 0.000000
0.721955 0.649015 0.000000
764.299377 0.000000
0.068913 0.000000 0.000000 0.000000
0.000000 0.169691
11 0.015000 0.180000 0.018000
0.547000 0.580000 0.780000 0.490000 1.150000 6.700000 0.650000 0.650000
172500.000000 75.360001 0.084000
1.073000 0.050000 0.116600
2.754760 8.079354 0.038185 0.000000
0.000000

0.018205 21.426382 63.527851
1.016735 0.113037 16.594080 96.741180 2963.404297
0.000000 0.000000 0.006011 0.000244 0.000000 0.000000
0.000000 0.000000 0.000000
0.793695 0.649015 0.000000
764.299377 0.000000
0.055085 0.000000 0.000000 0.000000
0.000000 0.171105
11 0.015000 0.195000 0.018000
0.547000 0.580000 0.780000 0.490000 1.150000 6.700000 0.650000 0.650000
172500.000000 75.360001 0.084000
1.073000 0.050000 0.116600
2.755581 7.940762 0.037485 0.000000
0.000000

0.015571 19.388597 58.635979
1.006495 0.111901 16.239735 94.962456 2962.713623
0.000000 0.000000 0.004444 0.000122 0.000000 0.000000
0.000000 0.000000 0.000000
0.865831 0.650000 0.000000
764.299377 0.000000
0.041985 0.000000 0.000000 0.000000
0.000000 0.168285
11 0.015000 0.210000 0.018000
0.547000 0.580000 0.780000 0.490000 1.150000 6.700000 0.650000 0.650000
172500.000000 75.360001 0.084000
1.073000 0.050000 0.116600
2.753057 4.201395 0.019226 0.000000
0.000000

0.014664 17.932653 52.002293
0.648611 0.072113 10.234056 59.800571 1546.072510
0.000000 0.000000 0.001619 0.000061 0.000000 0.000000
0.000000 0.000000 0.000000
0.938973 0.650000 0.000000
764.299377 0.000000
0.018915 0.000000 0.000000 0.000000
0.000000 0.163383
11 0.015000 0.225000 0.009000
0.527000 0.580000 0.780000 0.490000 1.200000 6.700000 0.650000 0.650000
180000.015625 75.360001 0.084000
1.073000 0.050000 0.116600
1.436665 3.718776 0.015626 0.000000
0.000000

0.013778 16.688995 48.579353
0.636862 0.073092 9.948696 58.091522 1546.182495
0.000000 0.000000 0.000072 0.000030 0.000000 0.000000
0.000000 0.000000 0.000000
1.013158 0.650000 0.000000
764.299377 0.000000
0.004260 0.000000 0.000000 0.000000
0.000000 0.154539
11 0.015000 0.240000 0.009000
0.527000 0.580000 0.780000 0.490000 1.200000 6.700000 0.650000 0.650000
180000.015625 75.360001 0.084000
1.073000 0.050000 0.116600
1.436937 3.206658 0.013418 0.000000
0.000000

0.012897 15.517673 45.389332
0.619621 0.069880 9.683577 56.514198 1546.289551
0.000000 0.000000 0.000074 0.000015 0.000000 0.000000
0.000000 0.000000 0.000000
1.087742 0.650000 0.000000
764.299377 0.000000
0.002222 0.000000 0.000000 0.000000
0.000000 0.147076
11 0.015000 0.255000 0.009000
0.527000 0.580000 0.780000 0.490000 1.200000 6.700000 0.650000 0.650000
180000.015625 75.360001 0.084000
1.073000 0.050000 0.116600
1.437191 2.954879 0.012340 0.000000
0.000000

0.012088 14.421493 42.415112
0.608901 0.067710 9.438229 55.052921 1546.379517
0.000000 0.000000 0.000076 0.000008 0.000000 0.000000
0.000000 0.000000 0.000000
1.162712 0.650000 0.000000
764.299377 0.000000
0.000000 0.000000 0.000000 0.000000
0.000000 0.147328
11 0.015000 0.270000 0.009000
0.527000 0.580000 0.780000 0.490000 1.200000 6.700000 0.650000 0.650000
180000.015625 75.360001 0.084000
1.073000 0.050000 0.116600
1.437401 2.721802 0.011344 0.000000
0.000000

0.011284 13.414009 39.669659
0.593511 0.066002 9.207889 53.690456 1546.458252
0.000000 0.000000 0.000063 0.000004 0.000000 0.000000
0.000000 0.000000 0.000000
1.238053 0.650000 0.000000
764.299377 0.000000
0.000000 0.000000 0.000000 0.000000
0.000000 0.141957
11 0.015000 0.285000 0.009000
0.527000 0.580000 0.780000 0.490000 1.200000 6.700000 0.650000 0.650000
180000.015625 75.360001 0.084000
1.073000 0.050000 0.116600
1.437579 2.542115 0.010580 0.000000
0.000000

0.010540 12.468775 37.099758
0.579747 0.064474 8.996270 52.435879 1546.536987
0.000000 0.000000 0.000096 0.000002 0.000000 0.000000
0.000000 0.000000 0.000000
1.313753 0.650000 0.000000
764.299377 0.000000
0.000000 0.000000 0.000000 0.000000
0.000000 0.137653
11 0.015000 0.300000 0.009000
0.527000 0.580000 0.780000 0.490000 1.200000 6.700000 0.650000 0.650000
180000.015625 75.360001 0.084000
1.073000 0.050000 0.116600
1.437743 2.276722 0.009455 0.000000
0.000000

0.010014 11.650486 34.821846
0.566715 0.063027 8.798282 51.221161 1546.618774
0.000000 0.000000 0.000098 0.000001 0.000000 0.000000
0.000000 0.000000 0.000000
1.389796 0.650000 0.000000
764.299377 0.000000
0.000000 0.000000 0.000000 0.000000
0.000000 0.133307
11 0.015000 0.315000 0.009000
0.527000 0.580000 0.780000 0.490000 1.200000 6.700000 0.650000 0.650000
180000.015625 75.360001 0.084000
1.073000 0.050000 0.116600
1.437972 2.065894 0.008565 0.000000
0.000000

0.009362 10.810282 31.893744
0.462396 0.051427 7.133296 41.509293 1181.618042
0.000000 0.000000 0.000072 0.000000 0.000000 0.000000
0.000000 0.000000 0.000000
1.467184 0.650000 0.000000
764.299377 0.000000
0.000000 0.000000 0.000000 0.000000
0.000000 0.128516
11 0.015000 0.330000 0.006600
0.497000 0.580000 0.780000 0.490000 1.250000 6.700000 0.650000 0.650000
187499.984375 75.360001 0.084000
1.073000 0.050000 0.116600
1.098584 1.914648 0.007174 0.000000
0.000000

0.008759 10.046237 29.797693
0.451906 0.050262 6.967386 40.523628 1181.635376
0.000000 0.000000 0.000066 0.000000 0.000000 0.000000
0.000000 0.000000 0.000000
1.545939 0.650000 0.000000
764.299377 0.000000
0.000000 0.000000 0.000000 0.000000
0.000000 0.124015
11 0.015000 0.345000 0.006600
0.497000 0.580000 0.780000 0.490000 1.250000 6.700000 0.650000 0.650000
187499.984375 75.360001 0.084000
1.073000 0.050000 0.116600
1.098712 1.708777 0.006392 0.000000
0.000000

0.008189 9.336353 27.883232
0.442477 0.049216 6.811986 39.601196 1181.712891
0.000000 0.000000 0.000068 0.000000 0.000000 0.000000
0.000000 0.000000 0.000000
1.624994 0.650000 0.000000
764.299377 0.000000
0.000000 0.000000 0.000000 0.000000
0.000000 0.120199
11 0.015000 0.360000 0.006600
0.497000 0.580000 0.780000 0.490000 1.250000 6.700000 0.650000 0.650000
187499.984375 75.360001 0.084000
1.073000 0.050000 0.116600
1.098858 1.542590 0.005763 0.000000
0.000000

0.007625 8.662407 26.059805
0.433201 0.048187 6.669601 38.762383 1181.747192
0.000000 0.000000 0.000070 0.000000 0.000000 0.000000
0.000000 0.000000 0.000000
1.704334 0.650000 0.000000
764.299377 0.000000
0.000000 0.000000 0.000000 0.000000
0.000000 0.115324
11 0.015000 0.375000 0.006600
0.497000 0.580000 0.780000 0.490000 1.250000 6.700000 0.650000 0.650000
187499.984375 75.360001 0.084000
1.073000 0.050000 0.116600
1.098939 1.412483 0.005272 0.000000
0.000000

0.007103 8.036804 24.366512
0.425115 0.047290 6.537660 37.984177 1181.780884
0.000000 0.000000 0.000071 0.000000 0.000000 0.000000
0.000000 0.000000 0.000000
1.783940 0.650000 0.000000
764.299377 0.000000
0.000000 0.000000 0.000000 0.000000
0.000000 0.111581
11 0.015000 0.390000 0.006600
0.497000 0.580000 0.780000 0.490000 1.250000 6.700000 0.650000 0.650000
187499.984375 75.360001 0.084000
1.073000 0.050000 0.116600
1.099021 1.292689 0.004820 0.000000
0.000000

0.006605 7.461015 22.805065
0.417106 0.046402 6.414014 37.257557 1181.832642
0.000000 0.000000 0.000073 0.000000 0.000000 0.000000
0.000000 0.000000 0.000000
1.863794 0.650000 0.000000
764.299377 0.000000
0.000000 0.000000 0.000000 0.000000
0.000000 0.107344
11 0.015000 0.405000 0.006600
0.497000 0.580000 0.780000 0.490000 1.250000 6.700000 0.650000 0.650000
187499.984375 75.360001 0.084000
1.073000 0.050000 0.116600
1.099097 1.193360 0.004446 0.000000
0.000000

0.006143 6.901080 20.471189
0.256181 0.028501 3.873365 22.494785 590.980469
0.000000 0.000000 0.000047 0.000000 0.000000 0.000000
0.000000 0.000000 0.000000
1.944245 0.650000 0.000000
764.299377 0.000000
0.000000 0.000000 0.000000 0.000000
0.000000 0.098659
11 0.015000 0.420000 0.003300
0.487000 0.580000 0.780000 0.490000 1.250000 6.700000 0.650000 0.650000
187499.984375 75.360001 0.084000
1.073000 0.050000 0.116600
0.549584 0.997677 0.003637 0.000000
0.000000

0.005704 6.399401 19.021387
0.249865 0.027799 3.772097 21.903324 590.992615
0.000000 0.000000 0.000040 0.000000 0.000000 0.000000
0.000000 0.000000 0.000000
2.025278 0.650000 0.000000
764.299377 0.000000
0.000000 0.000000 0.000000 0.000000
0.000000 0.095302
11 0.015000 0.435000 0.003300
0.487000 0.580000 0.780000 0.490000 1.250000 6.700000 0.650000 0.650000
187499.984375 75.360001 0.084000
1.073000 0.050000 0.116600
0.549617 0.878074 0.003198 0.000000
0.000000

0.005298 5.936532 17.666210
0.243563 0.027100 3.678695 21.357334 591.008362
0.000000 0.000000 0.000045 0.000000 0.000000 0.000000
0.000000 0.000000 0.000000
2.106500 0.650000 0.000000
764.299377 0.000000
0.000000 0.000000 0.000000 0.000000
0.000000 0.091370
11 0.015000 0.450000 0.003300
0.487000 0.580000 0.780000 0.490000 1.250000 6.700000 0.650000 0.650000
187499.984375 75.360001 0.084000
1.073000 0.050000 0.116600
0.549646 0.779385 0.002836 0.000000
0.000000

0.004918 5.506959 16.412319
0.238030 0.026485 3.591649 20.849163 591.012512
0.000000 0.000000 0.000054 0.000000 0.000000 0.000000
0.000000 0.000000 0.000000
2.187894 0.650000 0.000000
764.299377 0.000000
0.000000 0.000000 0.000000 0.000000
0.000000 0.088189
11 0.015000 0.465000 0.003300
0.487000 0.580000 0.780000 0.490000 1.250000 6.700000 0.650000 0.650000
187499.984375 75.360001 0.084000
1.073000 0.050000 0.116600
0.549673 0.708148 0.002576 0.000000
0.000000

0.004560 5.106829 15.267618
0.232551 0.025877 3.509845 20.372616 591.032288
0.000000 0.000000 0.000051 0.000000 0.000000 0.000000
0.000000 0.000000 0.000000
2.269439 0.650000 0.000000
764.299377 0.000000
0.000000 0.000000 0.000000 0.000000
0.000000 0.084626
11 0.015000 0.480000 0.003300
0.487000 0.580000 0.780000 0.490000 1.250000 6.700000 0.650000 0.650000
187499.984375 75.360001 0.084000
1.073000 0.050000 0.116600
0.549701 0.648508 0.002358 0.000000
0.000000

0.004234 4.737666 14.209726
0.227692 0.025337 3.433943 19.929094 591.049255
0.000000 0.000000 0.000048 0.000000 0.000000 0.000000
0.000000 0.000000 0.000000
2.351116 0.650000 0.000000
764.299377 0.000000
0.000000 0.000000 0.000000 0.000000
0.000000 0.081570
11 0.015000 0.495000 0.003300
0.487000 0.580000 0.780000 0.490000 1.250000 6.700000 0.650000 0.650000
187499.984375 75.360001 0.084000
1.073000 0.050000 0.116600
0.549735 0.588140 0.002137 0.000000
0.000000

0.003932 4.393611 13.238750
0.222894 0.024805 3.362954 19.514200 591.057190
0.000000 0.000000 0.000049 0.000000 0.000000 0.000000
0.000000 0.000000 0.000000
2.432906 0.650000 0.000000
764.299377 0.000000
0.000000 0.000000 0.000000 0.000000
0.000000 0.078179
11 0.015000 0.510000 0.003300
0.487000 0.580000 0.780000 0.490000 1.250000 6.700000 0.650000 0.650000
187499.984375 75.360001 0.084000
1.073000 0.050000 0.116600
0.549762 0.527351 0.001916 0.000000
0.000000

0.003650 4.110062 12.666214
0.106400 0.011841 1.546255 8.971638 179.162155
0.000000 0.000000 0.000021 0.000000 0.000000 0.000000
0.000000 0.000000 0.000000
2.514788 0.650000 0.000000
764.299377 0.000000
0.000000 0.000000 0.000000 0.000000
0.000000 0.068390
11 0.015000 0.525000 0.001000
0.487000 0.580000 0.780000 0.490000 1.250000 6.700000 0.650000 0.650000
187499.984375 75.360001 0.084000
1.073000 0.050000 0.116600
0.166601 0.406305 0.001474 0.000000
0.000000

0.003385 3.806935 11.680129
0.103033 0.011467 1.493351 8.663859 179.158554
0.000000 0.000000 0.000021 0.000000 0.000000 0.000000
0.000000 0.000000 0.000000
2.596744 0.650000 0.000000
764.299377 0.000000
0.000000 0.000000 0.000000 0.000000
0.000000 0.065582
11 0.015000 0.540000 0.001000
0.487000 0.580000 0.780000 0.490000 1.250000 6.700000 0.650000 0.650000
187499.984375 75.360001 0.084000
1.073000 0.050000 0.116600
0.166606 0.356917 0.001295 0.000000
0.000000

0.003143 3.525335 10.778346
0.099528 0.011077 1.443635 8.374232 179.158356
0.000000 0.000000 0.000019 0.000000 0.000000 0.000000
0.000000 0.000000 0.000000
2.678752 0.650000 0.000000
764.299377 0.000000
0.000000 0.000000 0.000000 0.000000
0.000000 0.062308
11 0.015000 0.555000 0.001000
0.487000 0.580000 0.780000 0.490000 1.250000 6.700000 0.650000 0.650000
187499.984375 75.360001 0.084000
1.073000 0.050000 0.116600
0.166613 0.313144 0.001136 0.000000
0.000000

0.002910 3.264743 9.882249
0.096539 0.010745 1.400698 8.124995 179.161865
0.000000 0.000000 0.000020 0.000000 0.000000 0.000000
0.000000 0.000000 0.000000
2.760793 0.650000 0.000000
764.299377 0.000000
0.000000 0.000000 0.000000 0.000000
0.000000 0.059249
11 0.015000 0.570000 0.001000
0.487000 0.580000 0.780000 0.490000 1.250000 6.700000 0.650000 0.650000
187499.984375 75.360001 0.084000
1.073000 0.050000 0.116600
0.166617 0.272774 0.000989 0.000000
0.000000

0.002701 3.025375 9.096251
0.093614 0.010420 1.358327 7.878278 179.166153
0.000000 0.000000 0.000024 0.000000 0.000000 0.000000
0.000000 0.000000 0.000000
2.842848 0.650000 0.000000
764.299377 0.000000
0.000000 0.000000 0.000000 0.000000
0.000000 0.056299
11 0.015000 0.585000 0.001000
0.487000 0.580000 0.780000 0.490000 1.250000 6.700000 0.650000 0.650000
187499.984375 75.360001 0.084000
1.073000 0.050000 0.116600
0.166622 0.240490 0.000872 0.000000
0.000000

0.002506 2.804397 8.415496
0.090602 0.010085 1.316378 7.634144 179.167206
0.000000 0.000000 0.000022 0.000000 0.000000 0.000000
0.000000 0.000000 0.000000
2.924895 0.650000 0.000000
764.299377 0.000000
0.000000 0.000000 0.000000 0.000000
0.000000 0.053204
11 0.015000 0.600000 0.001000
0.487000 0.580000 0.780000 0.490000 1.250000 6.700000 0.650000 0.650000
187499.984375 75.360001 0.084000
1.073000 0.050000 0.116600
0.166629 0.217435 0.000788 0.000000
0.000000

0.002325 2.600566 7.772530
0.087961 0.009791 1.277888 7.410156 179.166763
0.000000 0.000000 0.000024 0.000000 0.000000 0.000000
0.000000 0.000000 0.000000
3.006915 0.650000 0.000000
764.299377 0.000000
0.000000 0.000000 0.000000 0.000000
0.000000 0.050428
11 0.015000 0.615000 0.001000
0.487000 0.580000 0.780000 0.490000 1.250000 6.700000 0.650000 0.650000
187499.984375 75.360001 0.084000
1.073000 0.050000 0.116600
0.166635 0.194160 0.000703 0.000000
0.000000

0.002157 2.410903 7.234663
0.085225 0.009487 1.238805 7.182801 179.170578
0.000000 0.000000 0.000020 0.000000 0.000000 0.000000
0.000000 0.000000 0.000000
3.088887 0.650000 0.000000
764.299377 0.000000
0.000000 0.000000 0.000000 0.000000
0.000000 0.047637
11 0.015000 0.630000 0.001000
0.487000 0.580000 0.780000 0.490000 1.250000 6.700000 0.650000 0.650000
187499.984375 75.360001 0.084000
1.073000 0.050000 0.116600
0.166640 0.175305 0.000635 0.000000
0.000000

0.002001 2.235435 6.612903
0.083138 0.009255 1.209573 7.012713 179.170242
0.000000 0.000000 0.000020 0.000000 0.000000 0.000000
0.000000 0.000000 0.000000
3.170793 0.650000 0.000000
764.299377 0.000000
0.000000 0.000000 0.000000 0.000000
0.000000 0.045038
11 0.015000 0.645000 0.001000
0.487000 0.580000 0.780000 0.490000 1.250000 6.700000 0.650000 0.650000
187499.984375 75.360001 0.084000
1.073000 0.050000 0.116600
0.166644 0.184647 0.000669 0.000000
0.000000

0.001857 2.073876 6.004813
0.081267 0.009047 1.184367 6.865943 179.172470
0.000000 0.000000 0.000019 0.000000 0.000000 0.000000
0.000000 0.000000 0.000000
3.252611 0.650000 0.000000
764.299377 0.000000
0.000000 0.000000 0.000000 0.000000
0.000000 0.042538
11 0.015000 0.660000 0.001000
0.487000 0.580000 0.780000 0.490000 1.250000 6.700000 0.650000 0.650000
187499.984375 75.360001 0.084000
1.073000 0.050000 0.116600
0.166655 0.205536 0.000745 0.000000
0.000000

0.001737 1.930146 5.538416
0.082964 0.009236 1.154630 6.692360 179.176804
0.000000 0.000001 0.000250 0.000000 0.000000 0.000000
0.000000 0.000000 0.000001
3.334322 0.650000 0.000000
764.299377 0.000000
0.000000 0.000000 0.000000 0.000000
0.000000 0.046628
11 0.015000 0.675000 0.001000
0.487000 0.580000 0.780000 0.490000 1.250000 6.700000 0.650000 0.650000
187499.984375 75.360001 0.084000
1.073000 0.050000 0.116600
0.166665 0.217338 0.000788 0.000000
0.000000

0.001653 1.804009 5.136001
0.080574 0.008971 1.126133 6.522484 179.179932
0.000000 0.003240 0.002025 0.000000 0.000000 0.000000
0.000000 0.000003 0.000001
3.415905 0.650000 0.000000
764.299377 0.000000
0.000000 0.000000 0.000000 0.000000
0.000000 0.044103
11 0.015000 0.690000 0.001000
0.487000 0.580000 0.780000 0.490000 1.250000 6.700000 0.650000 0.650000
187499.984375 75.360001 0.084000
1.073000 0.050000 0.116600
0.166684 0.218043 0.000790 0.000000
0.000000

0.001551 1.680963 4.814082
0.078214 0.008708 1.097010 6.350706 179.185242
0.000000 0.012834 0.004407 0.000000 0.000000 0.000000
0.000000 0.000003 0.000000
3.497340 0.650000 0.000000
764.299377 0.000000
0.000000 0.000000 0.000000 0.000000
0.000000 0.128332
11 0.015000 0.705000 0.001000
0.487000 0.580000 0.780000 0.490000 1.250000 6.700000 0.650000 0.650000
187499.984375 75.360001 0.084000
1.073000 0.050000 0.116600
0.166704 0.229025 0.000830 0.000000
0.000000

0.001494 1.581164 4.534621
0.075403 0.008395 1.069765 6.183841 179.191788
0.000000 0.024644 0.006164 0.000000 0.000000 0.000000
0.000000 0.000001 0.000000
3.578608 0.650000 0.000000
764.299377 0.000000
0.000000 0.000000 0.000000 0.000000
0.000000 0.181464
11 0.015000 0.720000 0.001000
0.487000 0.580000 0.780000 0.490000 1.250000 6.700000 0.650000 0.650000
187499.984375 75.360001 0.084000
1.073000 0.050000 0.116600
0.166754 0.214971 0.000779 0.000000
0.000000

0.001549 1.535086 4.347963
0.072462 0.008066 1.041757 6.006879 179.229584
0.000000 0.131326 0.014284 0.000000 0.000000 0.000000
0.000000 0.000000 0.000000
3.657933 0.714873 0.000000
764.299377 0.000000
0.000000 0.000000 0.000000 0.000000
0.000000 1.093253
11 0.015000 0.735000 0.001000
0.487000 0.580000 0.780000 0.490000 1.250000 6.700000 0.650000 0.650000
187499.984375 75.360001 0.084000
1.073000 0.050000 0.116600
0.166937 0.202426 0.000807 0.000000
0.000000

0.000000 0.366280 4.631442
0.054371 0.006047 0.859698 4.861413 179.445419
0.000000 0.044100 0.015609 0.000000 0.000000 0.000000
0.000000 0.000003 0.000000
3.729260 1.000000 0.000000
764.299377 0.000000
0.000000 0.000000 0.000000 0.000000
0.000000 0.056274
11 0.015000 0.750000 0.001000
0.487000 0.580000 0.780000 0.490000 1.250000 6.700000 0.650000 0.650000
187499.984375 75.360001 0.084000
1.073000 0.050000 0.116600
0.167874 0.094503 0.000526 0.000000
0.000000

0.000000 0.347974 4.415585
0.053692 0.005971 0.853439 4.802031 179.487961
0.000000 0.016540 0.014016 0.000000 0.000000 0.000000
0.000000 0.000008 0.000000
3.795119 1.000000 0.000000
764.299377 0.000000
0.000000 0.000000 0.000000 0.000000
0.000000 0.053779
11 0.015000 0.765000 0.001000
0.487000 0.580000 0.780000 0.490000 1.250000 6.700000 0.650000 0.650000
187499.984375 75.360001 0.084000
1.073000 0.050000 0.116600
0.167985 0.092039 0.000513 0.000000
0.000000

0.000000 0.323649 4.159277
0.053142 0.005910 0.846595 4.760460 179.493057
0.000000 0.012684 0.013775 0.000000 0.000000 0.000000
0.000000 0.000010 0.000001
3.860704 1.000000 0.000000
764.299377 0.000000
0.000000 0.000000 0.000000 0.000000
0.000000 0.069574
11 0.015000 0.780000 0.001000
0.487000 0.580000 0.780000 0.490000 1.250000 6.700000 0.650000 0.650000
187499.984375 75.360001 0.084000
1.073000 0.050000 0.116600
0.168003 0.091012 0.000507 0.000000
0.000000

0.000000 0.302989 3.997352
0.052688 0.005860 0.840420 4.724421 179.582062
0.000000 0.021852 0.013784 0.000000 0.000000 0.000000
0.000000 0.000006 0.000000
3.925998 1.000000 0.000000
764.299377 0.000000
0.000000 0.000000 0.000000 0.000000
0.000000 0.153797
11 0.015000 0.795000 0.001000
0.487000 0.580000 0.780000 0.490000 1.250000 6.700000 0.650000 0.650000
187499.984375 75.360001 0.084000
1.073000 0.050000 0.116600
0.168264 0.090635 0.000505 0.000000
0.000000

0.000000 0.281473 3.771710
0.052221 0.005808 0.834535 4.690036 179.585831
0.000000 0.077579 0.013795 0.000000 0.000000 0.000000
0.000000 0.000002 0.000000
3.990983 1.000000 0.000000
764.299377 0.000000
0.000000 0.000000 0.000000 0.000000
0.000000 0.338450
11 0.015000 0.810000 0.001000
0.487000 0.580000 0.780000 0.490000 1.250000 6.700000 0.650000 0.650000
187499.984375 75.360001 0.084000
1.073000 0.050000 0.116600
0.168276 0.090632 0.000505 0.000000
0.000000

0.000000 0.261566 3.563538
0.051787 0.005760 0.829085 4.658150 179.592194
0.000000 0.467481 0.013734 0.000000 0.000000 0.000000
0.000000 0.000000 0.000000
4.055640 1.000000 0.000000
764.299377 0.000000
0.000000 0.000000 0.000000 0.000000
0.000000 0.977769
11 0.015000 0.825000 0.001000
0.487000 0.580000 0.780000 0.490000 1.250000 6.700000 0.650000 0.650000
187499.984375 75.360001 0.084000
1.073000 0.050000 0.116600
0.168286 0.090107 0.000502 0.000000
0.000000

0.000000 0.243121 3.371346
0.051385 0.005715 0.824053 4.628617 179.597900
0.000000 2.840828 0.014222 0.000000 0.000000 0.000000
0.000000 0.000000 0.000000
4.119954 1.000000 0.000000
764.299377 0.000000
0.000000 0.000000 0.000000 0.000000
0.000000 2.937997
11 0.015000 0.840000 0.001000
0.487000 0.580000 0.780000 0.490000 1.250000 6.700000 0.650000 0.650000
187499.984375 75.360001 0.084000
1.073000 0.050000 0.116600
0.168301 0.090418 0.000504 0.000000
0.000000

0.000000 0.225954 3.191465
0.051011 0.005673 0.819470 4.601254 179.601227
0.000000 12.906824 0.021291 0.000000 0.000000 0.000000
0.000000 0.000000 0.000000
4.183906 1.000000 0.000000
764.299377 0.000000
0.000000 0.000000 0.000000 0.000000
0.000000 11.077165
11 0.015000 0.855000 0.001000
0.487000 0.580000 0.780000 0.490000 1.250000 6.700000 0.650000 0.650000
187499.984375 75.360001 0.084000
1.073000 0.050000 0.116600
0.168311 0.093466 0.000521 0.000000
0.000000

0.000000 0.000000 0.931780
0.046206 0.005139 0.774006 4.260534 179.762253
0.000000 9.565389 0.014687 0.000000 0.000000 0.000000
0.000000 0.000000 0.000000
4.247480 1.000000 0.000000
764.299377 0.000000
0.000000 0.000000 0.000000 0.000000
0.000000 1.182873
11 0.015000 0.870000 0.001000
0.487000 0.580000 0.780000 0.490000 1.250000 6.700000 0.650000 0.650000
187499.984375 75.360001 0.084000
1.073000 0.050000 0.116600
0.168755 0.086165 0.000480 0.000000
0.000000

0.000000 0.000000 0.934648
0.046215 0.005140 0.774124 4.260757 179.764618
0.000000 3.788267 0.014799 0.000000 0.000000 0.000000
0.000000 0.000000 0.000000
4.310660 1.000000 0.000000
764.299377 0.000000
0.000000 0.000000 0.000000 0.000000
0.000000 1.181548
11 0.015000 0.885000 0.001000
0.487000 0.580000 0.780000 0.490000 1.250000 6.700000 0.650000 0.650000
187499.984375 75.360001 0.084000
1.073000 0.050000 0.116600
0.168768 0.086324 0.000481 0.000000
0.000000

0.000000 0.000000 0.935977
0.046221 0.005141 0.774215 4.260848 179.767319
0.000000 1.059234 0.014845 0.000000 0.000000 0.000000
0.000000 0.000000 0.000000
4.373429 1.000000 0.000000
764.299377 0.000000
0.000000 0.000000 0.000000 0.000000
0.000000 1.180740
11 0.015000 0.900000 0.001000
0.487000 0.580000 0.780000 0.490000 1.250000 6.700000 0.650000 0.650000
187499.984375 75.360001 0.084000
1.073000 0.050000 0.116600
0.168772 0.086191 0.000480 0.000000
0.000000

0.000000 0.000000 0.936941
0.046227 0.005141 0.774296 4.260896 179.770981
0.000000 0.294741 0.014814 0.000000 0.000000 0.000000
0.000000 0.000001 0.000000
4.435771 1.000000 0.000000
764.299377 0.000000
0.000000 0.000000 0.000000 0.000000
0.000000 1.180693
11 0.015000 0.915000 0.001000
0.487000 0.580000 0.780000 0.490000 1.250000 6.700000 0.650000 0.650000
187499.984375 75.360001 0.084000
1.073000 0.050000 0.116600
0.168777 0.086246 0.000480 0.000000
0.000000

0.000000 0.000000 0.937833
0.046232 0.005142 0.774371 4.260921 179.772888
0.000000 0.167201 0.014777 0.000000 0.000000 0.000000
0.000000 0.000001 0.000000
4.497672 1.000000 0.000000
764.299377 0.000000
0.000000 0.000000 0.000000 0.000000
0.000000 1.180687
11 0.015000 0.930000 0.001000
0.487000 0.580000 0.780000 0.490000 1.250000 6.700000 0.650000 0.650000
187499.984375 75.360001 0.084000
1.073000 0.050000 0.116600
0.168779 0.086127 0.000480 0.000000
0.000000

0.000000 0.000000 0.938762
0.046237 0.005143 0.774449 4.260939 179.774765
0.000000 0.175734 0.014672 0.000000 0.000000 0.000000
0.000000 0.000001 0.000000
4.559114 1.000000 0.000000
764.299377 0.000000
0.000000 0.000000 0.000000 0.000000
0.000000 1.180812
11 0.015000 0.945000 0.001000
0.487000 0.580000 0.780000 0.490000 1.250000 6.700000 0.650000 0.650000
187499.984375 75.360001 0.084000
1.073000 0.050000 0.116600
0.168784 0.086323 0.000481 0.000000
0.000000

0.000000 0.000000 0.939777
0.046243 0.005143 0.774528 4.260999 179.776978
0.000000 0.192691 0.014628 0.000000 0.000000 0.000000
0.000000 0.000001 0.000000
4.620084 1.000000 0.000000
764.299377 0.000000
0.000000 0.000000 0.000000 0.000000
0.000000 1.180590
11 0.015000 0.960000 0.001000
0.487000 0.580000 0.780000 0.490000 1.250000 6.700000 0.650000 0.650000
187499.984375 75.360001 0.084000
1.073000 0.050000 0.116600
0.168789 0.086284 0.000481 0.000000
0.000000

0.000000 0.000000 0.942545
0.046251 0.005144 0.774641 4.261244 179.779099
0.000000 0.192068 0.014489 0.000000 0.000000 0.000000
0.000000 0.000001 0.000000
4.680568 1.000000 0.000000
764.299377 0.000000
0.000000 0.000000 0.000000 0.000000
0.000000 1.180074
11 0.015000 0.975000 0.001000
0.487000 0.580000 0.780000 0.490000 1.250000 6.700000 0.650000 0.650000
187499.984375 75.360001 0.084000
1.073000 0.050000 0.116600
0.168798 0.086256 0.000480 0.000000
0.000000

0.000000 0.000000 0.944331
0.046257 0.005145 0.774732 4.261368 179.782013
0.000000 0.173180 0.014374 0.000000 0.000000 0.000000
0.000000 0.000001 0.000000
4.740551 1.000000 0.000000
764.299377 0.000000
0.000000 0.000000 0.000000 0.000000
0.000000 1.179512
11 0.015000 0.990000 0.001000
0.487000 0.580000 0.780000 0.490000 1.250000 6.700000 0.650000 0.650000
187499.984375 75.360001 0.084000
1.073000 0.050000 0.116600
0.168805 0.086232 0.000480 0.000000
0.000000

0.000000 0.000000 0.945171
0.046262 0.005146 0.774805 4.261400 179.785553
0.000000 0.142929 0.014268 0.000000 0.000000 0.000000
0.000000 0.000001 0.000000
4.800019 1.000000 0.000000
764.299377 0.000000
0.000000 0.000000 0.000000 0.000000
0.000000 1.179088
11 0.015000 1.005000 0.001000
0.487000 0.580000 0.780000 0.490000 1.250000 6.700000 0.650000 0.650000
187499.984375 75.360001 0.084000
1.073000 0.050000 0.116600
0.168808 0.086408 0.000481 0.000000
0.000000

0.000000 0.000000 0.947318
0.046269 0.005146 0.774900 4.261563 179.787903
0.000000 0.109569 0.014117 0.000000 0.000000 0.000000
0.000000 0.000002 0.000000
4.858960 1.000000 0.000000
764.299377 0.000000
0.000000 0.000000 0.000000 0.000000
0.000000 1.178310
11 0.015000 1.020000 0.001000
0.487000 0.580000 0.780000 0.490000 1.250000 6.700000 0.650000 0.650000
187499.984375 75.360001 0.084000
1.073000 0.050000 0.116600
0.168818 0.086273 0.000480 0.000000
0.000000

0.000000 0.000000 0.948160
0.046274 0.005147 0.774975 4.261600 179.789703
0.000000 0.079339 0.013953 0.000000 0.000000 0.000000
0.000000 0.000003 0.000000
4.917361 1.000000 0.000000
764.299377 0.000000
0.000000 0.000000 0.000000 0.000000
0.000000 1.177869
11 0.015000 1.035000 0.001000
0.487000 0.580000 0.780000 0.490000 1.250000 6.700000 0.650000 0.650000
187499.984375 75.360001 0.084000
1.073000 0.050000 0.116600
0.168820 0.086519 0.000482 0.000000
0.000000

0.000000 0.000000 0.949216
0.046279 0.005148 0.775048 4.261662 179.791519
0.000000 0.055320 0.013742 0.000000 0.000000 0.000000
0.000000 0.000004 0.000000
4.975209 1.000000 0.000000
764.299377 0.000000
0.000000 0.000000 0.000000 0.000000
0.000000 1.177222
11 0.015000 1.050000 0.001000
0.487000 0.580000 0.780000 0.490000 1.250000 6.700000 0.650000 0.650000
187499.984375 75.360001 0.084000
1.073000 0.050000 0.116600
0.168826 0.086342 0.000481 0.000000
0.000000

0.000000 0.000000 0.950017
0.046283 0.005148 0.775114 4.261672 179.793610
0.000000 0.038000 0.013535 0.000000 0.000000 0.000000
0.000000 0.000006 0.000000
5.032493 1.000000 0.000000
764.299377 0.000000
0.000000 0.000000 0.000000 0.000000
0.000000 1.176874
11 0.015000 1.065000 0.001000
0.487000 0.580000 0.780000 0.490000 1.250000 6.700000 0.650000 0.650000
187499.984375 75.360001 0.084000
1.073000 0.050000 0.116600
0.168828 0.086546 0.000482 0.000000
0.000000

0.000000 0.000000 0.950962
0.046288 0.005149 0.775185 4.261729 179.795853
0.000000 0.026342 0.013263 0.000000 0.000000 0.000000
0.000000 0.000008 0.000000
5.089200 1.000000 0.000000
764.299377 0.000000
0.000000 0.000000 0.000000 0.000000
0.000000 1.176116
11 0.015000 1.080000 0.001000
0.487000 0.580000 0.780000 0.490000 1.250000 6.700000 0.650000 0.650000
187499.984375 75.360001 0.084000
1.073000 0.050000 0.116600
0.168831 0.086311 0.000481 0.000000
0.000000

0.000000 0.000000 0.953961
0.046296 0.005150 0.775292 4.261971 179.798019
0.000000 0.018775 0.013016 0.000000 0.000000 0.000000
0.000000 0.000011 0.000001
5.145321 1.000000 0.000000
764.299377 0.000000
0.000000 0.000000 0.000000 0.000000
0.000000 1.175687
11 0.015000 1.095000 0.001000
0.487000 0.580000 0.780000 0.490000 1.250000 6.700000 0.650000 0.650000
187499.984375 75.360001 0.084000
1.073000 0.050000 0.116600
0.168843 0.086677 0.000483 0.000000
0.000000

0.000000 0.000000 0.957673
0.046305 0.005151 0.775407 4.262268 179.802536
0.000000 0.013870 0.012754 0.000000 0.000000 0.000000
0.000000 0.000015 0.000001
5.200845 1.000000 0.000000
764.299377 0.000000
0.000000 0.000000 0.000000 0.000000
0.000000 1.174471
11 0.015000 1.110000 0.001000
0.487000 0.580000 0.780000 0.490000 1.250000 6.700000 0.650000 0.650000
187499.984375 75.360001 0.084000
1.073000 0.050000 0.116600
0.168858 0.086219 0.000480 0.000000
0.000000

0.000000 0.000000 0.958494
0.046309 0.005151 0.775470 4.262290 179.804062
0.000000 0.010613 0.012517 0.000000 0.000000 0.000000
0.000000 0.000016 0.000001
5.255761 1.000000 0.000000
764.299377 0.000000
0.000000 0.000000 0.000000 0.000000
0.000000 1.174025
11 0.015000 1.125000 0.001000
0.487000 0.580000 0.780000 0.490000 1.250000 6.700000 0.650000 0.650000
187499.984375 75.360001 0.084000
1.073000 0.050000 0.116600
0.168861 0.086523 0.000482 0.000000
0.000000

0.000000 0.000000 0.959295
0.046313 0.005152 0.775534 4.262317 179.805908
0.000000 0.008389 0.012343 0.000000 0.000000 0.000000
0.000000 0.000016 0.000002
5.310061 1.000000 0.000000
764.299377 0.000000
0.000000 0.000000 0.000000 0.000000
0.000000 1.173391
11 0.015000 1.140000 0.001000
0.487000 0.580000 0.780000 0.490000 1.250000 6.700000 0.650000 0.650000
187499.984375 75.360001 0.084000
1.073000 0.050000 0.116600
0.168866 0.086460 0.000482 0.000000
0.000000

0.000000 0.000000 0.960085
0.046318 0.005152 0.775603 4.262368 179.807556
0.000000 0.006835 0.012163 0.000000 0.000000 0.000000
0.000000 0.000016 0.000002
5.363735 1.000000 0.000000
764.299377 0.000000
0.000000 0.000000 0.000000 0.000000
0.000000 1.172882
11 0.015000 1.155000 0.001000
0.487000 0.580000 0.780000 0.490000 1.250000 6.700000 0.650000 0.650000
187499.984375 75.360001 0.084000
1.073000 0.050000 0.116600
0.168870 0.086558 0.000482 0.000000
0.000000

0.000000 0.000000 0.961245
0.046322 0.005153 0.775673 4.262430 179.809555
0.000000 0.005758 0.012031 0.000000 0.000000 0.000000
0.000000 0.000015 0.000003
5.416775 1.000000 0.000000
764.299377 0.000000
0.000000 0.000000 0.000000 0.000000
0.000000 1.172296
11 0.015000 1.170000 0.001000
0.487000 0.580000 0.780000 0.490000 1.250000 6.700000 0.650000 0.650000
187499.984375 75.360001 0.084000
1.073000 0.050000 0.116600
0.168872 0.086539 0.000482 0.000000
0.000000

0.000000 0.000000 0.962844
0.046327 0.005153 0.775750 4.262534 179.812073
0.000000 0.005023 0.011917 0.000000 0.000000 0.000000
0.000000 0.000015 0.000003
5.469173 1.000000 0.000000
764.299377 0.000000
0.000000 0.000000 0.000000 0.000000
0.000000 1.171561
11 0.015000 1.185000 0.001000
0.487000 0.580000 0.780000 0.490000 1.250000 6.700000 0.650000 0.650000
187499.984375 75.360001 0.084000
1.073000 0.050000 0.116600
0.168877 0.086285 0.000481 0.000000
0.000000

0.000000 0.000000 0.963605
0.046331 0.005154 0.775805 4.262534 179.813751
0.000000 0.004540 0.011849 0.000000 0.000000 0.000000
0.000000 0.000015 0.000004
5.520921 1.000000 0.000000
764.299377 0.000000
0.000000 0.000000 0.000000 0.000000
0.000000 1.171159
11 0.015000 1.200000 0.001000
0.487000 0.580000 0.780000 0.490000 1.250000 6.700000 0.650000 0.650000
187499.984375 75.360001 0.084000
1.073000 0.050000 0.116600
0.168882 0.086470 0.000482 0.000000
0.000000

0.000000 0.000000 0.964358
0.046335 0.005154 0.775867 4.262565 179.815216
0.000000 0.004233 0.011785 0.000000 0.000000 0.000000
0.000000 0.000014 0.000004
5.572012 1.000000 0.000000
764.299377 0.000000
0.000000 0.000000 0.000000 0.000000
0.000000 1.170495
11 0.015000 1.215000 0.001000
0.487000 0.580000 0.780000 0.490000 1.250000 6.700000 0.650000 0.650000
187499.984375 75.360001 0.084000
1.073000 0.050000 0.116600
0.168885 0.086424 0.000481 0.000000
0.000000

0.000000 0.000000 0.965099
0.046339 0.005155 0.775929 4.262595 179.818451
0.000000 0.004032 0.011741 0.000000 0.000000 0.000000
0.000000 0.000014 0.000004
5.622441 1.000000 0.000000
764.299377 0.000000
0.000000 0.000000 0.000000 0.000000
0.000000 1.169979
11 0.015000 1.230000 0.001000
0.487000 0.580000 0.780000 0.490000 1.250000 6.700000 0.650000 0.650000
187499.984375 75.360001 0.084000
1.073000 0.050000 0.116600
0.168888 0.086497 0.000482 0.000000
0.000000

0.000000 0.000000 0.965828
0.046343 0.005155 0.775992 4.262649 179.820435
0.000000 0.003903 0.011687 0.000000 0.000000 0.000000
0.000000 0.000014 0.000004
5.672200 1.000000 0.000000
764.299377 0.000000
0.000000 0.000000 0.000000 0.000000
0.000000 1.169474
11 0.015000 1.245000 0.001000
0.487000 0.580000 0.780000 0.490000 1.250000 6.700000 0.650000 0.650000
187499.984375 75.360001 0.084000
1.073000 0.050000 0.116600
0.168888 0.086577 0.000482 0.000000
0.000000

0.000000 0.000000 0.966549
0.046346 0.005156 0.776052 4.262666 179.822327
0.000000 0.003829 0.011681 0.000000 0.000000 0.000000
0.000000 0.000014 0.000004
5.721284 1.000000 0.000000
764.299377 0.000000
0.000000 0.000000 0.000000 0.000000
0.000000 1.169266
11 0.015000 1.260000 0.001000
0.487000 0.580000 0.780000 0.490000 1.250000 6.700000 0.650000 0.650000
187499.984375 75.360001 0.084000
1.073000 0.050000 0.116600
0.168895 0.086890 0.000484 0.000000
0.000000

0.000000 0.000000 0.967348
0.046350 0.005156 0.776109 4.262682 179.823868
0.000000 0.003771 0.011599 0.000000 0.000000 0.000000
0.000000 0.000014 0.000004
5.769688 1.000000 0.000000
764.299377 0.000000
0.000000 0.000000 0.000000 0.000000
0.000000 1.168738
11 0.015000 1.275000 0.001000
0.487000 0.580000 0.780000 0.490000 1.250000 6.700000 0.650000 0.650000
187499.984375 75.360001 0.084000
1.073000 0.050000 0.116600
0.168896 0.086844 0.000484 0.000000
0.000000

0.000000 0.000000 0.968745
0.046354 0.005157 0.776180 4.262779 179.825714
0.000000 0.003730 0.011564 0.000000 0.000000 0.000000
0.000000 0.000014 0.000005
5.817407 1.000000 0.000000
764.299377 0.000000
0.000000 0.000000 0.000000 0.000000
0.000000 1.168243
11 0.015000 1.290000 0.001000
0.487000 0.580000 0.780000 0.490000 1.250000 6.700000 0.650000 0.650000
187499.984375 75.360001 0.084000
1.073000 0.050000 0.116600
0.168903 0.086851 0.000484 0.000000
0.000000

0.000000 0.000000 0.970247
0.046359 0.005157 0.776249 4.262866 179.827972
0.000000 0.003709 0.011572 0.000000 0.000000 0.000000
0.000000 0.000014 0.000005
5.864437 1.000000 0.000000
764.299377 0.000000
0.000000 0.000000 0.000000 0.000000
0.000000 1.167564
11 0.015000 1.305000 0.001000
0.487000 0.580000 0.780000 0.490000 1.250000 6.700000 0.650000 0.650000
187499.984375 75.360001 0.084000
1.073000 0.050000 0.116600
0.168906 0.086741 0.000483 0.000000
0.000000

0.000000 0.000000 0.971164
0.046363 0.005158 0.776310 4.262908 179.829239
0.000000 0.003694 0.011529 0.000000 0.000000 0.000000
0.000000 0.000014 0.000005
5.910774 1.000000 0.000000
764.299377 0.000000
0.000000 0.000000 0.000000 0.000000
0.000000 1.167501
11 0.015000 1.320000 0.001000
0.487000 0.580000 0.780000 0.490000 1.250000 6.700000 0.650000 0.650000
187499.984375 75.360001 0.084000
1.073000 0.050000 0.116600
0.168910 0.086853 0.000484 0.000000
0.000000

0.000000 0.000000 0.971891
0.046366 0.005158 0.776364 4.262929 179.830811
0.000000 0.003674 0.011499 0.000000 0.000000 0.000000
0.000000 0.000014 0.000005
5.956414 1.000000 0.000000
764.299377 0.000000
0.000000 0.000000 0.000000 0.000000
0.000000 1.167082
11 0.015000 1.335000 0.001000
0.487000 0.580000 0.780000 0.490000 1.250000 6.700000 0.650000 0.650000
187499.984375 75.360001 0.084000
1.073000 0.050000 0.116600
0.168915 0.086768 0.000483 0.000000
0.000000

0.000000 0.000000 0.972563
0.046369 0.005158 0.776420 4.262944 179.833893
0.000000 0.003661 0.011479 0.000000 0.000000 0.000000
0.000000 0.000014 0.000005
6.001355 1.000000 0.000000
764.299377 0.000000
0.000000 0.000000 0.000000 0.000000
0.000000 1.166922
11 0.015000 1.350000 0.001000
0.487000 0.580000 0.780000 0.490000 1.250000 6.700000 0.650000 0.650000
187499.984375 75.360001 0.084000
1.073000 0.050000 0.116600
0.168915 0.086862 0.000484 0.000000
0.000000

0.000000 0.000000 0.973250
0.046372 0.005159 0.776472 4.262957 179.835907
0.000000 0.003642 0.011415 0.000000 0.000000 0.000000
0.000000 0.000014 0.000005
6.045594 1.000000 0.000000
764.299377 0.000000
0.000000 0.000000 0.000000 0.000000
0.000000 1.166887
11 0.015000 1.365000 0.001000
0.487000 0.580000 0.780000 0.490000 1.250000 6.700000 0.650000 0.650000
187499.984375 75.360001 0.084000
1.073000 0.050000 0.116600
0.168920 0.086967 0.000484 0.000000
0.000000

0.000000 0.000000 0.974167
0.046376 0.005159 0.776530 4.262997 179.837967
0.000000 0.003626 0.011388 0.000000 0.000000 0.000000
0.000000 0.000014 0.000005
6.089128 1.000000 0.000000
764.299377 0.000000
0.000000 0.000000 0.000000 0.000000
0.000000 1.167367
11 0.015000 1.380000 0.001000
0.487000 0.580000 0.780000 0.490000 1.250000 6.700000 0.650000 0.650000
187499.984375 75.360001 0.084000
1.073000 0.050000 0.116600
0.168922 0.087160 0.000485 0.000000
0.000000

0.000000 0.000000 0.977153
0.046382 0.005160 0.776615 4.263197 179.841187
0.000000 0.003614 0.011370 0.000000 0.000000 0.000000
0.000000 0.000014 0.000005
6.131956 1.000000 0.000000
764.299377 0.000000
0.000000 0.000000 0.000000 0.000000
0.000000 1.166321
11 0.015000 1.395000 0.001000
0.487000 0.580000 0.780000 0.490000 1.250000 6.700000 0.650000 0.650000
187499.984375 75.360001 0.084000
1.073000 0.050000 0.116600
0.168935 0.086917 0.000484 0.000000
0.000000

0.000000 0.000000 0.977941
0.046385 0.005160 0.776672 4.263223 179.842865
0.000000 0.003597 0.011317 0.000000 0.000000 0.000000
0.000000 0.000014 0.000005
6.174077 1.000000 0.000000
764.299377 0.000000
0.000000 0.000000 0.000000 0.000000
0.000000 1.166837
11 0.015000 1.410000 0.001000
0.487000 0.580000 0.780000 0.490000 1.250000 6.700000 0.650000 0.650000
187499.984375 75.360001 0.084000
1.073000 0.050000 0.116600
0.168937 0.087155 0.000485 0.000000
0.000000

0.000000 0.000000 0.979163
0.046388 0.005161 0.776731 4.263286 179.845047
0.000000 0.003581 0.011297 0.000000 0.000000 0.000000
0.000000 0.000014 0.000005
6.215489 1.000000 0.000000
764.299377 0.000000
0.000000 0.000000 0.000000 0.000000
0.000000 1.166021
11 0.015000 1.425000 0.001000
0.487000 0.580000 0.780000 0.490000 1.250000 6.700000 0.650000 0.650000
187499.984375 75.360001 0.084000
1.073000 0.050000 0.116600
0.168941 0.086893 0.000484 0.000000
0.000000

0.000000 0.000000 0.980087
0.046391 0.005161 0.776785 4.263302 179.847076
0.000000 0.003566 0.011261 0.000000 0.000000 0.000000
0.000000 0.000014 0.000005
6.256191 1.000000 0.000000
764.299377 0.000000
0.000000 0.000000 0.000000 0.000000
0.000000 1.167819
11 0.015000 1.440000 0.001000
0.487000 0.580000 0.780000 0.490000 1.250000 6.700000 0.650000 0.650000
187499.984375 75.360001 0.084000
1.073000 0.050000 0.116600
0.168945 0.086939 0.000484 0.000000
0.000000

0.000000 0.000000 0.980713
0.046394 0.005161 0.776835 4.263312 179.848740
0.000000 0.003556 0.011227 0.000000 0.000000 0.000000
0.000000 0.000015 0.000005
6.296184 1.000000 0.000000
764.299377 0.000000
0.000000 0.000000 0.000000 0.000000
0.000000 1.167642
11 0.015000 1.455000 0.001000
0.487000 0.580000 0.780000 0.490000 1.250000 6.700000 0.650000 0.650000
187499.984375 75.360001 0.084000
1.073000 0.050000 0.116600
0.168949 0.086891 0.000484 0.000000
0.000000

0.000000 0.000000 0.981333
0.046397 0.005162 0.776888 4.263335 179.850067
0.000000 0.003547 0.011202 0.000000 0.000000 0.000000
0.000000 0.000015 0.000006
6.335465 1.000000 0.000000
764.299377 0.000000
0.000000 0.000000 0.000000 0.000000
0.000000 1.168372
11 0.015000 1.470000 0.001000
0.487000 0.580000 0.780000 0.490000 1.250000 6.700000 0.650000 0.650000
187499.984375 75.360001 0.084000
1.073000 0.050000 0.116600
0.168950 0.086967 0.000484 0.000000
0.000000

0.000000 0.000000 0.981943
0.046400 0.005162 0.776938 4.263355 179.851471
0.000000 0.003537 0.011179 0.000000 0.000000 0.000000
0.000000 0.000015 0.000006
6.374037 1.000000 0.000000
764.299377 0.000000
0.000000 0.000000 0.000000 0.000000
0.000000 1.169292
11 0.015000 1.485000 0.001000
0.487000 0.580000 0.780000 0.490000 1.250000 6.700000 0.650000 0.650000
187499.984375 75.360001 0.084000
1.073000 0.050000 0.116600
0.168951 0.087055 0.000485 0.000000
0.000000

0.000000 0.000000 0.982547
0.046402 0.005162 0.776988 4.263370 179.853882
0.000000 0.003535 0.011170 0.000000 0.000000 0.000000
0.000000 0.000015 0.000006
6.411900 1.000000 0.000000
764.299377 0.000000
0.000000 0.000000 0.000000 0.000000
0.000000 1.172296
11 0.015000 1.500000 0.001000
0.487000 0.580000 0.780000 0.490000 1.250000 6.700000 0.650000 0.650000
187499.984375 75.360001 0.084000
1.073000 0.050000 0.116600
0.168953 0.087387 0.000487 0.000000
0.000000

0.000000 0.000000 0.983353
0.046405 0.005162 0.777040 4.263389 179.854996
0.000000 0.003537 0.011146 0.000000 0.000000 0.000000
0.000000 0.000015 0.000006
6.449053 1.000000 0.000000
764.299377 0.000000
0.000000 0.000000 0.000000 0.000000
0.000000 1.171805
11 0.015000 1.515000 0.001000
0.487000 0.580000 0.780000 0.490000 1.250000 6.700000 0.650000 0.650000
187499.984375 75.360001 0.084000
1.073000 0.050000 0.116600
0.168957 0.087126 0.000485 0.000000
0.000000

0.000000 0.000000 0.984063
0.046407 0.005163 0.777088 4.263402 179.856064
0.000000 0.003537 0.011094 0.000000 0.000000 0.000000
0.000000 0.000015 0.000006
6.485498 1.000000 0.000000
764.299377 0.000000
0.000000 0.000000 0.000000 0.000000
0.000000 1.173705
11 0.015000 1.530000 0.001000
0.487000 0.580000 0.780000 0.490000 1.250000 6.700000 0.650000 0.650000
187499.984375 75.360001 0.084000
1.073000 0.050000 0.116600
0.168962 0.087227 0.000486 0.000000
0.000000

0.000000 0.000000 0.990664
0.046418 0.005164 0.777222 4.263885 179.863464
0.000000 0.003542 0.011108 0.000000 0.000000 0.000000
0.000000 0.000015 0.000006
6.521237 1.000000 0.000000
764.299377 0.000000
0.000000 0.000000 0.000000 0.000000
0.000000 1.174546
11 0.015000 1.545000 0.001000
0.487000 0.580000 0.780000 0.490000 1.250000 6.700000 0.650000 0.650000
187499.984375 75.360001 0.084000
1.073000 0.050000 0.116600
0.168986 0.087309 0.000486 0.000000
0.000000

0.000000 0.000000 1.012301
0.046448 0.005167 0.777551 4.265437 179.894485
0.000000 0.003534 0.011052 0.000000 0.000000 0.000000
0.000000 0.000015 0.000006
6.556271 1.000000 0.000000
764.299377 0.000000
0.000000 0.000000 0.000000 0.000000
0.000000 1.172354
11 0.015000 1.560000 0.001000
0.487000 0.580000 0.780000 0.490000 1.250000 6.700000 0.650000 0.650000
187499.984375 75.360001 0.084000
1.073000 0.050000 0.116600
0.169066 0.087012 0.000485 0.000000
0.000000

0.000000 0.000000 1.012905
0.046450 0.005168 0.777596 4.265440 179.895828
0.000000 0.003521 0.011021 0.000000 0.000000 0.000000
0.000000 0.000015 0.000006
6.590601 1.000000 0.000000
764.299377 0.000000
0.000000 0.000000 0.000000 0.000000
0.000000 1.173510
11 0.015000 1.575000 0.001000
0.487000 0.580000 0.780000 0.490000 1.250000 6.700000 0.650000 0.650000
187499.984375 75.360001 0.084000
1.073000 0.050000 0.116600
0.169069 0.087091 0.000485 0.000000
0.000000

0.000000 0.000000 1.013512
0.046453 0.005168 0.777642 4.265444 179.897202
0.000000 0.003515 0.010990 0.000000 0.000000 0.000000
0.000000 0.000015 0.000006
6.624230 1.000000 0.000000
764.299377 0.000000
0.000000 0.000000 0.000000 0.000000
0.000000 1.174805
11 0.015000 1.590000 0.001000
0.487000 0.580000 0.780000 0.490000 1.250000 6.700000 0.650000 0.650000
187499.984375 75.360001 0.084000
1.073000 0.050000 0.116600
0.169071 0.087184 0.000486 0.000000
0.000000

0.000000 0.000000 1.014138
0.046455 0.005168 0.777686 4.265442 179.898758
0.000000 0.003526 0.011010 0.000000 0.000000 0.000000
0.000000 0.000015 0.000006
6.657158 1.000000 0.000000
764.299377 0.000000
0.000000 0.000000 0.000000 0.000000
0.000000 1.177412
11 0.015000 1.605000 0.001000
0.487000 0.580000 0.780000 0.490000 1.250000 6.700000 0.650000 0.650000
187499.984375 75.360001 0.084000
1.073000 0.050000 0.116600
0.169075 0.087439 0.000487 0.000000
0.000000

0.000000 0.000000 1.015018
0.046457 0.005168 0.777735 4.265481 179.900589
0.000000 0.003530 0.010965 0.000000 0.000000 0.000000
0.000000 0.000015 0.000006
6.689390 1.000000 0.000000
764.299377 0.000000
0.000000 0.000000 0.000000 0.000000
0.000000 1.176270
11 0.015000 1.620000 0.001000
0.487000 0.580000 0.780000 0.490000 1.250000 6.700000 0.650000 0.650000
187499.984375 75.360001 0.084000
1.073000 0.050000 0.116600
0.169077 0.087270 0.000486 0.000000
0.000000

0.000000 0.000000 1.029026
0.046477 0.005171 0.777949 4.266406 179.924789
0.000000 0.003523 0.010905 0.000000 0.000000 0.000000
0.000000 0.000015 0.000006
6.720926 1.000000 0.000000
764.299377 0.000000
0.000000 0.000000 0.000000 0.000000
0.000000 1.171311
11 0.015000 1.635000 0.001000
0.487000 0.580000 0.780000 0.490000 1.250000 6.700000 0.650000 0.650000
187499.984375 75.360001 0.084000
1.073000 0.050000 0.116600
0.169128 0.087289 0.000486 0.000000
0.000000

0.000000 0.000000 1.029927
0.046479 0.005171 0.777996 4.266443 179.926910
0.000000 0.003525 0.010909 0.000000 0.000000 0.000000
0.000000 0.000015 0.000006
6.751770 1.000000 0.000000
764.299377 0.000000
0.000000 0.000000 0.000000 0.000000
0.000000 1.171130
11 0.015000 1.650000 0.001000
0.487000 0.580000 0.780000 0.490000 1.250000 6.700000 0.650000 0.650000
187499.984375 75.360001 0.084000
1.073000 0.050000 0.116600
0.169132 0.087167 0.000485 0.000000
0.000000

0.000000 0.000000 1.030556
0.046481 0.005171 0.778042 4.266454 179.928375
0.000000 0.003537 0.010889 0.000000 0.000000 0.000000
0.000000 0.000015 0.000006
6.781925 1.000000 0.000000
764.299377 0.000000
0.000000 0.000000 0.000000 0.000000
0.000000 1.171266
11 0.015000 1.665000 0.001000
0.487000 0.580000 0.780000 0.490000 1.250000 6.700000 0.650000 0.650000
187499.984375 75.360001 0.084000
1.073000 0.050000 0.116600
0.169133 0.087253 0.000486 0.000000
0.000000

0.000000 0.000000 1.031190
0.046483 0.005171 0.778086 4.266460 179.930161
0.000000 0.003543 0.010851 0.000000 0.000000 0.000000
0.000000 0.000015 0.000006
6.811392 1.000000 0.000000
764.299377 0.000000
0.000000 0.000000 0.000000 0.000000
0.000000 1.172225
11 0.015000 1.680000 0.001000
0.487000 0.580000 0.780000 0.490000 1.250000 6.700000 0.650000 0.650000
187499.984375 75.360001 0.084000
1.073000 0.050000 0.116600
0.169137 0.087585 0.000488 0.000000
0.000000

0.000000 0.000000 1.032128
0.046485 0.005172 0.778131 4.266469 179.932068
0.000000 0.003545 0.010819 0.000000 0.000000 0.000000
0.000000 0.000015 0.000006
6.840178 1.000000 0.000000
764.299377 0.000000
0.000000 0.000000 0.000000 0.000000
0.000000 1.171545
11 0.015000 1.695000 0.001000
0.487000 0.580000 0.780000 0.490000 1.250000 6.700000 0.650000 0.650000
187499.984375 75.360001 0.084000
1.073000 0.050000 0.116600
0.169139 0.087355 0.000487 0.000000
0.000000

0.000000 0.000000 1.033584
0.046488 0.005172 0.778187 4.266555 179.935059
0.000000 0.003551 0.010786 0.000000 0.000000 0.000000
0.000000 0.000015 0.000006
6.868281 1.000000 0.000000
764.299377 0.000000
0.000000 0.000000 0.000000 0.000000
0.000000 1.171711
11 0.015000 1.710000 0.001000
0.487000 0.580000 0.780000 0.490000 1.250000 6.700000 0.650000 0.650000
187499.984375 75.360001 0.084000
1.073000 0.050000 0.116600
0.169145 0.087407 0.000487 0.000000
0.000000

0.000000 0.000000 1.034204
0.046490 0.005172 0.778229 4.266552 179.936813
0.000000 0.003574 0.010819 0.000000 0.000000 0.000000
0.000000 0.000015 0.000006
6.895708 1.000000 0.000000
764.299377 0.000000
0.000000 0.000000 0.000000 0.000000
0.000000 1.171970
11 0.015000 1.725000 0.001000
0.487000 0.580000 0.780000 0.490000 1.250000 6.700000 0.650000 0.650000
187499.984375 75.360001 0.084000
1.073000 0.050000 0.116600
0.169147 0.087515 0.000487 0.000000
0.000000

0.000000 0.000000 1.035400
0.046492 0.005172 0.778276 4.266589 179.939636
0.000000 0.003603 0.010826 0.000000 0.000000 0.000000
0.000000 0.000015 0.000006
6.922461 1.000000 0.000000
764.299377 0.000000
0.000000 0.000000 0.000000 0.000000
0.000000 1.171401
11 0.015000 1.740000 0.001000
0.487000 0.580000 0.780000 0.490000 1.250000 6.700000 0.650000 0.650000
187499.984375 75.360001 0.084000
1.073000 0.050000 0.116600
0.169151 0.087607 0.000488 0.000000
0.000000

0.000000 0.000000 1.044689
0.046505 0.005174 0.778419 4.267150 179.953522
0.000000 0.003644 0.010844 0.000000 0.000000 0.000000
0.000000 0.000015 0.000006
6.948542 1.000000 0.000000
764.299377 0.000000
0.000000 0.000000 0.000000 0.000000
0.000000 1.170018
11 0.015000 1.755000 0.001000
0.487000 0.580000 0.780000 0.490000 1.250000 6.700000 0.650000 0.650000
187499.984375 75.360001 0.084000
1.073000 0.050000 0.116600
0.169185 0.087514 0.000487 0.000000
0.000000

0.000000 0.000000 1.060870
0.046525 0.005176 0.778631 4.268087 179.967636
0.000000 0.003674 0.010773 0.000000 0.000000 0.000000
0.000000 0.000016 0.000006
6.973956 1.000000 0.000000
764.299377 0.000000
0.000000 0.000000 0.000000 0.000000
0.000000 1.169994
11 0.015000 1.770000 0.001000
0.487000 0.580000 0.780000 0.490000 1.250000 6.700000 0.650000 0.650000
187499.984375 75.360001 0.084000
1.073000 0.050000 0.116600
0.169243 0.087429 0.000487 0.000000
0.000000

0.000000 0.000000 1.064885
0.046531 0.005177 0.778709 4.268298 179.971802
0.000000 0.003719 0.010781 0.000000 0.000000 0.000000
0.000000 0.000016 0.000006
6.998706 1.000000 0.000000
764.299377 0.000000
0.000000 0.000000 0.000000 0.000000
0.000000 1.170011
11 0.015000 1.785000 0.001000
0.487000 0.580000 0.780000 0.490000 1.250000 6.700000 0.650000 0.650000
187499.984375 75.360001 0.084000
1.073000 0.050000 0.116600
0.169256 0.087738 0.000489 0.000000
0.000000

0.000000 0.000000 1.072441
0.046540 0.005178 0.778819 4.268681 179.975632
0.000000 0.003786 0.010794 0.000000 0.000000 0.000000
0.000000 0.000016 0.000006
7.022796 1.000000 0.000000
764.299377 0.000000
0.000000 0.000000 0.000000 0.000000
0.000000 1.169426
11 0.015000 1.800000 0.001000
0.487000 0.580000 0.780000 0.490000 1.250000 6.700000 0.650000 0.650000
187499.984375 75.360001 0.084000
1.073000 0.050000 0.116600
0.169283 0.087515 0.000487 0.000000
0.000000

0.000000 0.000000 1.073854
0.046543 0.005178 0.778864 4.268709 179.977676
0.000000 0.003892 0.010842 0.000000 0.000000 0.000000
0.000000 0.000016 0.000006
7.046227 1.000000 0.000000
764.299377 0.000000
0.000000 0.000000 0.000000 0.000000
0.000000 1.169340
11 0.015000 1.815000 0.001000
0.487000 0.580000 0.780000 0.490000 1.250000 6.700000 0.650000 0.650000
187499.984375 75.360001 0.084000
1.073000 0.050000 0.116600
0.169289 0.087601 0.000488 0.000000
0.000000

0.000000 0.000000 1.078765
0.046549 0.005179 0.778947 4.268941 179.980911
0.000000 0.004043 0.010887 0.000000 0.000000 0.000000
0.000000 0.000016 0.000006
7.069005 1.000000 0.000000
764.299377 0.000000
0.000000 0.000000 0.000000 0.000000
0.000000 1.169150
11 0.015000 1.830000 0.001000
0.487000 0.580000 0.780000 0.490000 1.250000 6.700000 0.650000 0.650000
187499.984375 75.360001 0.084000
1.073000 0.050000 0.116600
0.169305 0.087580 0.000488 0.000000
0.000000

0.000000 0.000000 1.079489
0.046550 0.005179 0.778986 4.268941 179.982330
0.000000 0.004259 0.010931 0.000000 0.000000 0.000000
0.000000 0.000017 0.000006
7.091134 1.000000 0.000000
764.299377 0.000000
0.000000 0.000000 0.000000 0.000000
0.000000 1.169090
11 0.015000 1.845000 0.001000
0.487000 0.580000 0.780000 0.490000 1.250000 6.700000 0.650000 0.650000
187499.984375 75.360001 0.084000
1.073000 0.050000 0.116600
0.169309 0.087668 0.000488 0.000000
0.000000

0.000000 0.000000 1.080393
0.046552 0.005179 0.779028 4.268960 179.984177
0.000000 0.004559 0.010988 0.000000 0.000000 0.000000
0.000000 0.000017 0.000005
7.112616 1.000000 0.000000
764.299377 0.000000
0.000000 0.000000 0.000000 0.000000
0.000000 1.168961
11 0.015000 1.860000 0.001000
0.487000 0.580000 0.780000 0.490000 1.250000 6.700000 0.650000 0.650000
187499.984375 75.360001 0.084000
1.073000 0.050000 0.116600
0.169312 0.087540 0.000488 0.000000
0.000000

0.000000 0.000000 1.081733
0.046554 0.005179 0.779075 4.269008 179.986206
0.000000 0.004954 0.010981 0.000000 0.000000 0.000000
0.000000 0.000018 0.000005
7.133456 1.000000 0.000000
764.299377 0.000000
0.000000 0.000000 0.000000 0.000000
0.000000 1.168879
11 0.015000 1.875000 0.001000
0.487000 0.580000 0.780000 0.490000 1.250000 6.700000 0.650000 0.650000
187499.984375 75.360001 0.084000
1.073000 0.050000 0.116600
0.169317 0.087676 0.000488 0.000000
0.000000

0.000000 0.000000 1.082625
0.046556 0.005180 0.779118 4.269029 179.987991
0.000000 0.005472 0.011065 0.000000 0.000000 0.000000
0.000000 0.000018 0.000005
7.153656 1.000000 0.000000
764.299377 0.000000
0.000000 0.000000 0.000000 0.000000
0.000000 1.168851
11 0.015000 1.890000 0.001000
0.487000 0.580000 0.780000 0.490000 1.250000 6.700000 0.650000 0.650000
187499.984375 75.360001 0.084000
1.073000 0.050000 0.116600
0.169318 0.087871 0.000489 0.000000
0.000000

0.000000 0.000000 1.083702
0.046558 0.005180 0.779160 4.269053 179.990005
0.000000 0.006094 0.011088 0.000000 0.000000 0.000000
0.000000 0.000019 0.000004
7.173222 1.000000 0.000000
764.299377 0.000000
0.000000 0.000000 0.000000 0.000000
0.000000 1.168691
11 0.015000 1.905000 0.001000
0.487000 0.580000 0.780000 0.490000 1.250000 6.700000 0.650000 0.650000
187499.984375 75.360001 0.084000
1.073000 0.050000 0.116600
0.169324 0.087572 0.000488 0.000000
0.000000

0.000000 0.000000 1.084553
0.046559 0.005180 0.779200 4.269065 179.991791
0.000000 0.006779 0.011103 0.000000 0.000000 0.000000
0.000000 0.000019 0.000004
7.192157 1.000000 0.000000
764.299377 0.000000
0.000000 0.000000 0.000000 0.000000
0.000000 1.168607
11 0.015000 1.920000 0.001000
0.487000 0.580000 0.780000 0.490000 1.250000 6.700000 0.650000 0.650000
187499.984375 75.360001 0.084000
1.073000 0.050000 0.116600
0.169326 0.087566 0.000488 0.000000
0.000000

0.000000 0.000000 1.085208
0.046560 0.005180 0.779235 4.269047 179.993393
0.000000 0.007445 0.011076 0.000000 0.000000 0.000000
0.000000 0.000020 0.000004
7.210464 1.000000 0.000000
764.299377 0.000000
0.000000 0.000000 0.000000 0.000000
0.000000 1.168550
11 0.015000 1.935000 0.001000
0.487000 0.580000 0.780000 0.490000 1.250000 6.700000 0.650000 0.650000
187499.984375 75.360001 0.084000
1.073000 0.050000 0.116600
0.169327 0.087651 0.000488 0.000000
0.000000

0.000000 0.000000 1.085860
0.046561 0.005180 0.779275 4.269058 179.995087
0.000000 0.008011 0.011071 0.000000 0.000000 0.000000
0.000000 0.000020 0.000003
7.228147 1.000000 0.000000
764.299377 0.000000
0.000000 0.000000 0.000000 0.000000
0.000000 1.168742
11 0.015000 1.950000 0.001000
0.487000 0.580000 0.780000 0.490000 1.250000 6.700000 0.650000 0.650000
187499.984375 75.360001 0.084000
1.073000 0.050000 0.116600
0.169330 0.087965 0.000490 0.000000
0.000000

0.000000 0.000000 1.086970
0.046563 0.005180 0.779316 4.269079 179.997238
0.000000 0.008367 0.011007 0.000000 0.000000 0.000000
0.000000 0.000020 0.000003
7.245210 1.000000 0.000000
764.299377 0.000000
0.000000 0.000000 0.000000 0.000000
0.000000 1.168503
11 0.015000 1.965000 0.001000
0.487000 0.580000 0.780000 0.490000 1.250000 6.700000 0.650000 0.650000
187499.984375 75.360001 0.084000
1.073000 0.050000 0.116600
0.169335 0.087858 0.000489 0.000000
0.000000

0.000000 0.000000 1.091715
0.046569 0.005181 0.779392 4.269284 180.001068
0.000000 0.008448 0.010911 0.000000 0.000000 0.000000
0.000000 0.000020 0.000003
7.261658 1.000000 0.000000
764.299377 0.000000
0.000000 0.000000 0.000000 0.000000
0.000000 1.168293
11 0.015000 1.980000 0.001000
0.487000 0.580000 0.780000 0.490000 1.250000 6.700000 0.650000 0.650000
187499.984375 75.360001 0.084000
1.073000 0.050000 0.116600
0.169349 0.087887 0.000489 0.000000
0.000000

0.000000 0.000000 1.093521
0.046571 0.005181 0.779439 4.269350 180.003830
0.000000 0.036986 0.011590 0.000000 0.000000 0.000000
0.000000 0.000011 0.000000
7.277492 1.000000 0.000000
764.299377 0.000000
0.000000 0.000000 0.000000 0.000000
0.000000 1.168028
11 0.015000 1.995000 0.001000
0.487000 0.580000 0.780000 0.490000 1.250000 6.700000 0.650000 0.650000
187499.984375 75.360001 0.084000
1.073000 0.050000 0.116600
0.169357 0.087993 0.000490 0.000000
0.000000
1.000000
2.000000
0.321000 0.000000
0.000000
0
-0.735000
0 0
0.000000
1
0.000000
1.000000
1.000000
1.000000
0.000000 0.000000 0.000000
0.000000 0.000000
0.000000 0.000000 0.000000 0.000000 0.000000 0.000000 0.000000
0.000000 0.000000 0.000000 0.000000 0.000000 0.000000 0.000000
240
2.000000
1
C:\Kingsite\dnd\Ohio1.spf
-1.000000 -1.000000
0.000000
49
49
10.000000
102
