11
Clay
0.580000 0.612000 0.084000 0.780000 0.530000 1.000000 0.000000 0.000000
1.020000 6.700000 1 0.028600 0.500000 0.050000 0.010000 0.027000 0.963000
0.000000 0.015000 2.000000 152999.984375 75.360001 133
0.103800 3.528000 4.728100 0.000000 1
8.234000 8.234000 10.000000 5.000000 25.000000 100.000000
0.000000 0.000000 0.011884 0.000000 133.807739 197.974884
500.000000 0.000000 0.000000

0.000436 251.468903 485.758423
5.410954 0.601386 54.251846 591.391296 3756.686035
0.000000 0.053340 0.205267 0.998862 0.000000 0.000000
0.000006 0.000000 0.000001
0.000000 0.420658 32.581421
764.299377 0.000000
4.173690 0.000000 0.000000 0.000000
0.000000 0.275152
11 0.015000 0.015000 0.028600
0.612000 0.580000 0.780000 0.530000 1.020000 6.700000 0.780000 0.780000
152999.984375 75.360001 0.084000
1.073000 0.050000 0.116600
2.707369 28.156363 0.102657 0.000000
0.000000

0.000754 5.858914 74.118484
4.939381 0.548970 55.662441 570.861145 3761.820312
0.000000 0.028308 0.203321 0.499431 0.000000 0.000000
0.000005 0.000000 0.000001
0.000000 0.524623 23.037369
764.299377 0.000000
2.336386 0.000000 0.000000 0.000000
0.000000 0.029934
11 0.015000 0.030000 0.028600
0.612000 0.580000 0.780000 0.530000 1.020000 6.700000 0.780000 0.780000
152999.984375 75.360001 0.084000
1.073000 0.050000 0.116600
2.717463 6.823542 0.030685 0.000000
0.000000

0.001011 4.452599 69.625298
4.996347 0.555295 57.507336 570.629761 3761.839355
0.000000 0.028272 0.188150 0.249715 0.000000 0.000000
0.000005 0.000000 0.000001
0.000000 0.604391 15.714737
764.299377 0.000000
2.140190 0.000000 0.000000 0.000000
0.000000 0.031091
11 0.015000 0.045000 0.028600
0.612000 0.580000 0.780000 0.530000 1.020000 6.700000 0.780000 0.780000
152999.984375 75.360001 0.084000
1.073000 0.050000 0.116600
2.720931 5.390027 0.027924 0.000000
0.000000

0.001232 4.167563 67.534233
5.052341 0.561513 58.788486 570.503174 3761.835205
0.000000 0.028128 0.172636 0.124858 0.000000 0.000000
0.000004 0.000000 0.000001
0.000000 0.690887 7.774384
764.299377 0.000000
1.940580 0.000000 0.000000 0.000000
0.000000 0.033324
11 0.015000 0.060000 0.028600
0.612000 0.580000 0.780000 0.530000 1.020000 6.700000 0.780000 0.780000
152999.984375 75.360001 0.084000
1.073000 0.050000 0.116600
2.723277 5.948267 0.035225 0.000000
0.000000

0.001426 3.897550 65.502975
5.107521 0.567639 59.770065 570.459167 3761.833740
0.000000 0.027389 0.153996 0.062429 0.000000 0.000000
0.000003 0.000039 0.000023
0.240943 0.775575 0.000000
764.299377 0.000000
1.688847 0.000000 0.000000 0.000000
0.000000 0.028558
11 0.015000 0.075000 0.028600
0.612000 0.580000 0.780000 0.530000 1.020000 6.700000 0.780000 0.780000
152999.984375 75.360001 0.084000
1.073000 0.050000 0.116600
2.725031 5.509827 0.036629 0.000000
0.000000

0.001601 3.642005 63.552704
5.162089 0.573701 60.555916 570.375366 3761.818604
0.000000 0.026408 0.140050 0.031214 0.000000 0.000000
0.000003 0.000039 0.000024
0.273239 0.775575 0.000000
764.299377 0.000000
1.515697 0.000000 0.000000 0.000000
0.000000 0.029052
11 0.015000 0.090000 0.028600
0.612000 0.580000 0.780000 0.530000 1.020000 6.700000 0.780000 0.780000
152999.984375 75.360001 0.084000
1.073000 0.050000 0.116600
2.726419 5.331311 0.035442 0.000000
0.000000

0.018369 7.027021 146.114853
5.411419 0.601408 91.489082 562.065979 3756.620117
0.000000 0.025248 0.129288 0.015607 0.000000 0.000000
0.000003 0.000038 0.000028
0.307688 0.775575 0.000000
764.299377 0.000000
1.414971 0.000000 0.000000 0.000000
0.000000 0.044213
11 0.015000 0.105000 0.028600
0.612000 0.580000 0.780000 0.530000 1.020000 6.700000 0.780000 0.780000
152999.984375 75.360001 0.084000
1.073000 0.050000 0.116600
2.771987 5.593777 0.037187 0.000000
0.000000

0.018728 3.956434 94.049820
2.239037 0.248842 38.691422 228.272888 2905.425537
0.000000 0.003112 0.032688 0.007804 0.000000 0.000000
0.000000 0.000004 0.000003
0.348183 0.645071 0.000000
764.299377 0.000000
0.226445 0.000000 0.000000 0.000000
0.000000 0.042015
11 0.015000 0.120000 0.018000
0.547000 0.580000 0.780000 0.490000 1.150000 6.700000 0.650000 0.650000
172500.000000 75.360001 0.084000
1.073000 0.050000 0.116600
2.555320 7.771511 0.034066 0.000000
0.000000

0.018183 3.668518 88.031273
2.147970 0.238721 36.699291 216.068298 2906.032227
0.000000 0.003470 0.027586 0.003902 0.000000 0.000000
0.000000 0.000004 0.000002
0.394301 0.645071 0.000000
764.299377 0.000000
0.183244 0.000000 0.000000 0.000000
0.000000 0.041928
11 0.015000 0.135000 0.018000
0.547000 0.580000 0.780000 0.490000 1.150000 6.700000 0.650000 0.650000
172500.000000 75.360001 0.084000
1.073000 0.050000 0.116600
2.559567 8.778859 0.038482 0.000000
0.000000

0.017459 3.390467 82.340843
2.054350 0.228317 34.810982 204.658905 2906.629883
0.000000 0.006320 0.023982 0.001951 0.000000 0.000000
0.000000 0.000005 0.000001
0.442538 0.645071 0.000000
764.299377 0.000000
0.152009 0.000000 0.000000 0.000000
0.000000 0.041918
11 0.015000 0.150000 0.018000
0.547000 0.580000 0.780000 0.490000 1.150000 6.700000 0.650000 0.650000
172500.000000 75.360001 0.084000
1.073000 0.050000 0.116600
2.563216 10.025811 0.044004 0.000000
0.000000

0.018570 22.208836 78.396713
2.040497 0.226782 34.353188 200.712952 2907.716797
0.000000 0.005216 0.019596 0.000975 0.000000 0.000000
0.000000 0.000005 0.000001
0.495369 0.645071 0.000000
764.299377 0.000000
0.128146 0.000000 0.000000 0.000000
0.000000 0.057015
11 0.015000 0.165000 0.018000
0.547000 0.580000 0.780000 0.490000 1.150000 6.700000 0.650000 0.650000
172500.000000 75.360001 0.084000
1.073000 0.050000 0.116600
2.567209 12.043602 0.054295 0.000000
0.000000

0.017552 20.672964 73.228172
1.956302 0.217430 32.630562 190.480530 2908.297852
0.000000 0.004401 0.015561 0.000488 0.000000 0.000000
0.000000 0.000005 0.000002
0.548681 0.645071 0.000000
764.299377 0.000000
0.101468 0.000000 0.000000 0.000000
0.000000 0.059352
11 0.015000 0.180000 0.018000
0.547000 0.580000 0.780000 0.490000 1.150000 6.700000 0.650000 0.650000
172500.000000 75.360001 0.084000
1.073000 0.050000 0.116600
2.570592 10.624972 0.048877 0.000000
0.000000

0.016801 19.308914 68.438850
1.876407 0.208554 31.034769 180.896774 2908.895752
0.000000 0.003617 0.011811 0.000244 0.000000 0.000000
0.000000 0.000004 0.000002
0.602474 0.645071 0.000000
764.299377 0.000000
0.077263 0.000000 0.000000 0.000000
0.000000 0.061167
11 0.015000 0.195000 0.018000
0.547000 0.580000 0.780000 0.490000 1.150000 6.700000 0.650000 0.650000
172500.000000 75.360001 0.084000
1.073000 0.050000 0.116600
2.573588 10.341971 0.048622 0.000000
0.000000

0.012916 16.829473 61.374119
1.792427 0.199221 29.187481 171.518372 2906.172119
0.000000 0.003000 0.008628 0.000122 0.000000 0.000000
0.000000 0.000006 0.000004
0.655525 0.650000 0.000000
764.299377 0.000000
0.055126 0.000000 0.000000 0.000000
0.000000 0.058527
11 0.015000 0.210000 0.018000
0.547000 0.580000 0.780000 0.490000 1.150000 6.700000 0.650000 0.650000
172500.000000 75.360001 0.084000
1.073000 0.050000 0.116600
2.566068 8.372938 0.039548 0.000000
0.000000

0.012181 15.593694 58.578331
1.452289 0.161417 23.411282 137.466721 1520.176636
0.000000 0.002178 0.006154 0.000061 0.000000 0.000000
0.000000 0.000004 0.000002
0.708828 0.650000 0.000000
764.299377 0.000000
0.029717 0.000000 0.000000 0.000000
0.000000 0.061168
11 0.015000 0.225000 0.009000
0.527000 0.580000 0.780000 0.490000 1.200000 6.700000 0.650000 0.650000
180000.015625 75.360001 0.084000
1.073000 0.050000 0.116600
1.339691 8.329739 0.036216 0.000000
0.000000

0.011438 14.532912 54.284134
1.382959 0.153712 22.098270 129.670959 1520.007446
0.000000 0.001595 0.004052 0.000030 0.000000 0.000000
0.000000 0.000003 0.000003
0.764461 0.650000 0.000000
764.299377 0.000000
0.013653 0.000000 0.000000 0.000000
0.000000 0.062290
11 0.015000 0.240000 0.009000
0.527000 0.580000 0.780000 0.490000 1.200000 6.700000 0.650000 0.650000
180000.015625 75.360001 0.084000
1.073000 0.050000 0.116600
1.340492 7.738427 0.033497 0.000000
0.000000

0.010732 13.542427 50.341053
1.314450 0.146101 20.878954 122.430618 1519.880859
0.000000 0.001230 0.003139 0.000015 0.000000 0.000000
0.000000 0.000002 0.000004
0.821911 0.650000 0.000000
764.299377 0.000000
0.004516 0.000000 0.000000 0.000000
0.000000 0.065648
11 0.015000 0.255000 0.009000
0.527000 0.580000 0.780000 0.490000 1.200000 6.700000 0.650000 0.650000
180000.015625 75.360001 0.084000
1.073000 0.050000 0.116600
1.341259 6.992793 0.030135 0.000000
0.000000

0.010068 12.612616 46.673798
1.249916 0.138941 19.744270 115.706200 1519.721558
0.000000 0.001053 0.002312 0.000008 0.000000 0.000000
0.000000 0.000002 0.000006
0.881126 0.650000 0.000000
764.299377 0.000000
0.000000 0.000000 0.000000 0.000000
0.000000 0.072138
11 0.015000 0.270000 0.009000
0.527000 0.580000 0.780000 0.490000 1.200000 6.700000 0.650000 0.650000
180000.015625 75.360001 0.084000
1.073000 0.050000 0.116600
1.341931 6.567760 0.028256 0.000000
0.000000

0.009437 11.742115 43.323135
1.182399 0.131437 18.687119 109.448112 1519.617798
0.000000 0.000918 0.002248 0.000004 0.000000 0.000000
0.000000 0.000001 0.000008
0.942049 0.650000 0.000000
764.299377 0.000000
0.000000 0.000000 0.000000 0.000000
0.000000 0.073203
11 0.015000 0.285000 0.009000
0.527000 0.580000 0.780000 0.490000 1.200000 6.700000 0.650000 0.650000
180000.015625 75.360001 0.084000
1.073000 0.050000 0.116600
1.342525 6.163262 0.026426 0.000000
0.000000

0.008822 10.928248 40.228268
1.119720 0.124471 17.704466 103.640816 1519.528564
0.000000 0.000833 0.002157 0.000002 0.000000 0.000000
0.000000 0.000001 0.000009
1.004620 0.650000 0.000000
764.299377 0.000000
0.000000 0.000000 0.000000 0.000000
0.000000 0.074327
11 0.015000 0.300000 0.009000
0.527000 0.580000 0.780000 0.490000 1.200000 6.700000 0.650000 0.650000
180000.015625 75.360001 0.084000
1.073000 0.050000 0.116600
1.343135 5.769422 0.024657 0.000000
0.000000

0.008252 10.166451 37.351181
1.061495 0.117999 16.791277 98.248070 1519.419434
0.000000 0.000771 0.001982 0.000001 0.000000 0.000000
0.000000 0.000001 0.000010
1.068780 0.650000 0.000000
764.299377 0.000000
0.000000 0.000000 0.000000 0.000000
0.000000 0.075573
11 0.015000 0.315000 0.009000
0.527000 0.580000 0.780000 0.490000 1.200000 6.700000 0.650000 0.650000
180000.015625 75.360001 0.084000
1.073000 0.050000 0.116600
1.343698 5.266730 0.022415 0.000000
0.000000

0.007700 9.442632 35.151798
0.935961 0.104046 14.791255 86.512466 1161.732056
0.000000 0.000724 0.002133 0.000000 0.000000 0.000000
0.000000 0.000000 0.000008
1.135343 0.650000 0.000000
764.299377 0.000000
0.000000 0.000000 0.000000 0.000000
0.000000 0.078067
11 0.015000 0.330000 0.006600
0.497000 0.580000 0.780000 0.490000 1.250000 6.700000 0.650000 0.650000
187499.984375 75.360001 0.084000
1.073000 0.050000 0.116600
1.026825 5.355200 0.020613 0.000000
0.000000

0.007190 8.781798 32.580833
0.886127 0.098508 14.004559 81.873169 1161.599365
0.000000 0.000754 0.002280 0.000000 0.000000 0.000000
0.000000 0.000000 0.000008
1.204303 0.650000 0.000000
764.299377 0.000000
0.000000 0.000000 0.000000 0.000000
0.000000 0.080447
11 0.015000 0.345000 0.006600
0.497000 0.580000 0.780000 0.490000 1.250000 6.700000 0.650000 0.650000
187499.984375 75.360001 0.084000
1.073000 0.050000 0.116600
1.027201 5.123775 0.019686 0.000000
0.000000

0.006699 8.163236 30.199917
0.839921 0.093373 13.272957 77.567871 1161.530762
0.000000 0.000789 0.002479 0.000000 0.000000 0.000000
0.000000 0.000000 0.000009
1.274693 0.650000 0.000000
764.299377 0.000000
0.000000 0.000000 0.000000 0.000000
0.000000 0.083363
11 0.015000 0.360000 0.006600
0.497000 0.580000 0.780000 0.490000 1.250000 6.700000 0.650000 0.650000
187499.984375 75.360001 0.084000
1.073000 0.050000 0.116600
1.027566 4.729110 0.018113 0.000000
0.000000

0.006245 7.588670 27.988317
0.797016 0.088606 12.591784 73.560982 1161.420776
0.000000 0.000816 0.002688 0.000000 0.000000 0.000000
0.000000 0.000000 0.000010
1.346443 0.650000 0.000000
764.299377 0.000000
0.000000 0.000000 0.000000 0.000000
0.000000 0.086962
11 0.015000 0.375000 0.006600
0.497000 0.580000 0.780000 0.490000 1.250000 6.700000 0.650000 0.650000
187499.984375 75.360001 0.084000
1.073000 0.050000 0.116600
1.027844 4.341667 0.016578 0.000000
0.000000

0.005821 7.054093 25.944859
0.757129 0.084174 11.959309 69.841331 1161.346558
0.000000 0.000846 0.002945 0.000000 0.000000 0.000000
0.000000 0.000000 0.000010
1.419485 0.650000 0.000000
764.299377 0.000000
0.000000 0.000000 0.000000 0.000000
0.000000 0.090964
11 0.015000 0.390000 0.006600
0.497000 0.580000 0.780000 0.490000 1.250000 6.700000 0.650000 0.650000
187499.984375 75.360001 0.084000
1.073000 0.050000 0.116600
1.028130 3.959046 0.015071 0.000000
0.000000

0.005416 6.553266 24.042709
0.720027 0.080052 11.371025 66.387756 1161.254150
0.000000 0.000868 0.003151 0.000000 0.000000 0.000000
0.000000 0.000000 0.000011
1.493747 0.650000 0.000000
764.299377 0.000000
0.000000 0.000000 0.000000 0.000000
0.000000 0.095365
11 0.015000 0.405000 0.006600
0.497000 0.580000 0.780000 0.490000 1.250000 6.700000 0.650000 0.650000
187499.984375 75.360001 0.084000
1.073000 0.050000 0.116600
1.028367 3.697343 0.014046 0.000000
0.000000

0.005024 6.086647 23.779917
0.567372 0.063081 8.916968 52.053326 581.949341
0.000000 0.000662 0.002674 0.000000 0.000000 0.000000
0.000000 0.000001 0.000005
1.569506 0.650000 0.000000
764.299377 0.000000
0.000000 0.000000 0.000000 0.000000
0.000000 0.101509
11 0.015000 0.420000 0.003300
0.487000 0.580000 0.780000 0.490000 1.250000 6.700000 0.650000 0.650000
187499.984375 75.360001 0.084000
1.073000 0.050000 0.116600
0.514288 3.499545 0.013007 0.000000
0.000000

0.004694 5.657584 21.832245
0.535891 0.059583 8.421389 49.137039 581.832458
0.000000 0.000684 0.003043 0.000000 0.000000 0.000000
0.000000 0.000001 0.000006
1.646689 0.650000 0.000000
764.299377 0.000000
0.000000 0.000000 0.000000 0.000000
0.000000 0.106478
11 0.015000 0.435000 0.003300
0.487000 0.580000 0.780000 0.490000 1.250000 6.700000 0.650000 0.650000
187499.984375 75.360001 0.084000
1.073000 0.050000 0.116600
0.514398 3.226985 0.011969 0.000000
0.000000

0.004386 5.261880 20.057621
0.506575 0.056325 7.960246 46.424599 581.735962
0.000000 0.000638 0.002805 0.000000 0.000000 0.000000
0.000000 0.000000 0.000006
1.724874 0.650000 0.000000
764.299377 0.000000
0.000000 0.000000 0.000000 0.000000
0.000000 0.111688
11 0.015000 0.450000 0.003300
0.487000 0.580000 0.780000 0.490000 1.250000 6.700000 0.650000 0.650000
187499.984375 75.360001 0.084000
1.073000 0.050000 0.116600
0.514499 2.996902 0.011095 0.000000
0.000000

0.004067 4.883051 18.434305
0.479303 0.053294 7.529652 43.908230 581.620056
0.000000 0.000688 0.003670 0.000000 0.000000 0.000000
0.000000 0.000000 0.000007
1.803992 0.650000 0.000000
764.299377 0.000000
0.000000 0.000000 0.000000 0.000000
0.000000 0.116953
11 0.015000 0.465000 0.003300
0.487000 0.580000 0.780000 0.490000 1.250000 6.700000 0.650000 0.650000
187499.984375 75.360001 0.084000
1.073000 0.050000 0.116600
0.514584 2.771223 0.010242 0.000000
0.000000

0.003789 4.537616 16.983047
0.453829 0.050463 7.128969 41.557533 581.546814
0.000000 0.000706 0.004258 0.000000 0.000000 0.000000
0.000000 0.000000 0.000007
1.883973 0.650000 0.000000
764.299377 0.000000
0.000000 0.000000 0.000000 0.000000
0.000000 0.122133
11 0.015000 0.480000 0.003300
0.487000 0.580000 0.780000 0.490000 1.250000 6.700000 0.650000 0.650000
187499.984375 75.360001 0.084000
1.073000 0.050000 0.116600
0.514686 2.493559 0.009196 0.000000
0.000000

0.003520 4.212896 15.654307
0.430107 0.047826 6.755521 39.372517 581.474121
0.000000 0.000741 0.005073 0.000000 0.000000 0.000000
0.000000 0.000000 0.000007
1.964749 0.650000 0.000000
764.299377 0.000000
0.000000 0.000000 0.000000 0.000000
0.000000 0.126983
11 0.015000 0.495000 0.003300
0.487000 0.580000 0.780000 0.490000 1.250000 6.700000 0.650000 0.650000
187499.984375 75.360001 0.084000
1.073000 0.050000 0.116600
0.514774 2.304411 0.008486 0.000000
0.000000

0.003278 3.914479 14.432557
0.408038 0.045374 6.409078 37.341339 581.390564
0.000000 0.000757 0.005565 0.000000 0.000000 0.000000
0.000000 0.000000 0.000007
2.046253 0.650000 0.000000
764.299377 0.000000
0.000000 0.000000 0.000000 0.000000
0.000000 0.131311
11 0.015000 0.510000 0.003300
0.487000 0.580000 0.780000 0.490000 1.250000 6.700000 0.650000 0.650000
187499.984375 75.360001 0.084000
1.073000 0.050000 0.116600
0.514859 2.123791 0.007810 0.000000
0.000000

0.003044 3.634440 20.123236
0.290077 0.032257 4.478117 26.086575 177.136719
0.000000 0.000375 0.001824 0.000000 0.000000 0.000000
0.000000 0.000001 0.000002
2.128419 0.650000 0.000000
764.299377 0.000000
0.000000 0.000000 0.000000 0.000000
0.000000 0.138980
11 0.015000 0.525000 0.001000
0.487000 0.580000 0.780000 0.490000 1.250000 6.700000 0.650000 0.650000
187499.984375 75.360001 0.084000
1.073000 0.050000 0.116600
0.156040 1.945368 0.007144 0.000000
0.000000

0.002826 3.373425 18.134605
0.273417 0.030405 4.221828 24.589497 177.060760
0.000000 0.000389 0.002205 0.000000 0.000000 0.000000
0.000000 0.000001 0.000002
2.211179 0.650000 0.000000
764.299377 0.000000
0.000000 0.000000 0.000000 0.000000
0.000000 0.141366
11 0.015000 0.540000 0.001000
0.487000 0.580000 0.780000 0.490000 1.250000 6.700000 0.650000 0.650000
187499.984375 75.360001 0.084000
1.073000 0.050000 0.116600
0.156060 1.770564 0.006493 0.000000
0.000000

0.002623 3.130533 16.411877
0.257663 0.028654 3.979116 23.172256 176.984009
0.000000 0.000386 0.002483 0.000000 0.000000 0.000000
0.000000 0.000001 0.000002
2.294471 0.650000 0.000000
764.299377 0.000000
0.000000 0.000000 0.000000 0.000000
0.000000 0.142969
11 0.015000 0.555000 0.001000
0.487000 0.580000 0.780000 0.490000 1.250000 6.700000 0.650000 0.650000
187499.984375 75.360001 0.084000
1.073000 0.050000 0.116600
0.156083 1.603967 0.005875 0.000000
0.000000

0.002434 2.905533 14.659336
0.243325 0.027060 3.759900 21.892429 176.922180
0.000000 0.000373 0.002755 0.000000 0.000000 0.000000
0.000000 0.000001 0.000003
2.378231 0.650000 0.000000
764.299377 0.000000
0.000000 0.000000 0.000000 0.000000
0.000000 0.143554
11 0.015000 0.570000 0.001000
0.487000 0.580000 0.780000 0.490000 1.250000 6.700000 0.650000 0.650000
187499.984375 75.360001 0.084000
1.073000 0.050000 0.116600
0.156104 1.462444 0.005350 0.000000
0.000000

0.002258 2.696464 13.397572
0.229137 0.025483 3.540382 20.611704 176.859238
0.000000 0.000350 0.002928 0.000000 0.000000 0.000000
0.000000 0.000000 0.000003
2.462398 0.650000 0.000000
764.299377 0.000000
0.000000 0.000000 0.000000 0.000000
0.000000 0.143412
11 0.015000 0.585000 0.001000
0.487000 0.580000 0.780000 0.490000 1.250000 6.700000 0.650000 0.650000
187499.984375 75.360001 0.084000
1.073000 0.050000 0.116600
0.156126 1.330784 0.004864 0.000000
0.000000

0.002094 2.502134 12.453135
0.215439 0.023960 3.326951 19.367002 176.793793
0.000000 0.000324 0.003094 0.000000 0.000000 0.000000
0.000000 0.000000 0.000003
2.546912 0.650000 0.000000
764.299377 0.000000
0.000000 0.000000 0.000000 0.000000
0.000000 0.142463
11 0.015000 0.600000 0.001000
0.487000 0.580000 0.780000 0.490000 1.250000 6.700000 0.650000 0.650000
187499.984375 75.360001 0.084000
1.073000 0.050000 0.116600
0.156146 1.193225 0.004356 0.000000
0.000000

0.001968 2.330816 10.988183
0.204123 0.022702 3.157078 18.365076 176.740280
0.000000 0.000298 0.003161 0.000000 0.000000 0.000000
0.000000 0.000000 0.000003
2.631716 0.650000 0.000000
764.299377 0.000000
0.000000 0.000000 0.000000 0.000000
0.000000 0.140242
11 0.015000 0.615000 0.001000
0.487000 0.580000 0.780000 0.490000 1.250000 6.700000 0.650000 0.650000
187499.984375 75.360001 0.084000
1.073000 0.050000 0.116600
0.156168 1.080754 0.003942 0.000000
0.000000

0.001840 2.168097 9.348911
0.194314 0.021612 3.012475 17.515383 176.703217
0.000000 0.000178 0.000955 0.000000 0.000000 0.000000
0.000000 0.000000 0.000003
2.716751 0.650000 0.000000
764.299377 0.000000
0.000000 0.000000 0.000000 0.000000
0.000000 0.137030
11 0.015000 0.630000 0.001000
0.487000 0.580000 0.780000 0.490000 1.250000 6.700000 0.650000 0.650000
187499.984375 75.360001 0.084000
1.073000 0.050000 0.116600
0.156184 0.981056 0.003576 0.000000
0.000000

0.001709 2.012722 7.871428
0.184853 0.020560 2.872027 16.695955 176.673874
0.000000 0.000174 0.001120 0.000000 0.000000 0.000000
0.000000 0.000000 0.000003
2.801963 0.650000 0.000000
764.299377 0.000000
0.000000 0.000000 0.000000 0.000000
0.000000 0.133180
11 0.015000 0.645000 0.001000
0.487000 0.580000 0.780000 0.490000 1.250000 6.700000 0.650000 0.650000
187499.984375 75.360001 0.084000
1.073000 0.050000 0.116600
0.156201 1.623383 0.005947 0.000000
0.000000

0.001607 1.878994 6.928383
0.175014 0.019466 2.722301 15.818548 176.643677
0.000000 0.000135 0.000782 0.000000 0.000000 0.000000
0.000000 0.000000 0.000003
2.887299 0.650000 0.000000
764.299377 0.000000
0.000000 0.000000 0.000000 0.000000
0.000000 0.129168
11 0.015000 0.660000 0.001000
0.487000 0.580000 0.780000 0.490000 1.250000 6.700000 0.650000 0.650000
187499.984375 75.360001 0.084000
1.073000 0.050000 0.116600
0.156258 1.671815 0.006126 0.000000
0.000000

0.001502 1.748273 6.336963
0.165339 0.018390 2.572711 14.944017 176.612610
0.000000 0.000139 0.001099 0.000000 0.000000 0.000000
0.000000 0.000000 0.000004
2.972706 0.650000 0.000000
764.299377 0.000000
0.000000 0.000000 0.000000 0.000000
0.000000 0.125009
11 0.015000 0.675000 0.001000
0.487000 0.580000 0.780000 0.490000 1.250000 6.700000 0.650000 0.650000
187499.984375 75.360001 0.084000
1.073000 0.050000 0.116600
0.156318 1.657693 0.006074 0.000000
0.000000

0.001405 1.629714 5.885813
0.156169 0.017371 2.429873 14.111065 176.575241
0.000000 0.000185 0.003121 0.000000 0.000000 0.000000
0.000000 0.000000 0.000004
3.058135 0.650000 0.000000
764.299377 0.000000
0.000000 0.000000 0.000000 0.000000
0.000000 0.120777
11 0.015000 0.690000 0.001000
0.487000 0.580000 0.780000 0.490000 1.250000 6.700000 0.650000 0.650000
187499.984375 75.360001 0.084000
1.073000 0.050000 0.116600
0.156388 1.539505 0.005636 0.000000
0.000000

0.001310 1.518224 5.482074
0.147634 0.016422 2.297031 13.336233 176.548615
0.000000 0.000240 0.006101 0.000000 0.000000 0.000000
0.000000 0.000000 0.000004
3.143537 0.650000 0.000000
764.299377 0.000000
0.000000 0.000000 0.000000 0.000000
0.000000 0.116600
11 0.015000 0.705000 0.001000
0.487000 0.580000 0.780000 0.490000 1.250000 6.700000 0.650000 0.650000
187499.984375 75.360001 0.084000
1.073000 0.050000 0.116600
0.156455 1.694813 0.006212 0.000000
0.000000

0.001245 1.423273 5.132244
0.139792 0.015550 2.175580 12.621758 176.530975
0.000000 0.000294 0.008439 0.000000 0.000000 0.000000
0.000000 0.000000 0.000004
3.228865 0.650000 0.000000
764.299377 0.000000
0.000000 0.000000 0.000000 0.000000
0.000000 0.112736
11 0.015000 0.720000 0.001000
0.487000 0.580000 0.780000 0.490000 1.250000 6.700000 0.650000 0.650000
187499.984375 75.360001 0.084000
1.073000 0.050000 0.116600
0.156595 1.812879 0.006650 0.000000
0.000000

0.001217 1.355070 4.900872
0.132987 0.014793 2.070069 11.994967 176.564240
0.000000 0.000617 0.023357 0.000000 0.000000 0.000000
0.000000 0.000001 0.000003
3.314075 0.650000 0.000000
764.299377 0.000000
0.000000 0.000000 0.000000 0.000000
0.000000 0.109523
11 0.015000 0.735000 0.001000
0.487000 0.580000 0.780000 0.490000 1.250000 6.700000 0.650000 0.650000
187499.984375 75.360001 0.084000
1.073000 0.050000 0.116600
0.157091 1.806306 0.006626 0.000000
0.000000

0.000000 0.326552 6.296339
0.086150 0.009583 1.350057 7.694321 177.340485
0.000000 0.000615 0.014849 0.000000 0.000000 0.000000
0.000000 0.000001 0.000003
3.399122 0.650000 0.000000
764.299377 0.000000
0.000000 0.000000 0.000000 0.000000
0.000000 0.105017
11 0.015000 0.750000 0.001000
0.487000 0.580000 0.780000 0.490000 1.250000 6.700000 0.650000 0.650000
187499.984375 75.360001 0.084000
1.073000 0.050000 0.116600
0.161253 0.205928 0.000746 0.000000
0.000000

0.000000 0.315581 6.165587
0.082922 0.009224 1.302126 7.389427 177.541550
0.000000 0.001146 0.013280 0.000000 0.000000 0.000000
0.000000 0.000002 0.000002
3.483965 0.650000 0.000000
764.299377 0.000000
0.000000 0.000000 0.000000 0.000000
0.000000 0.103890
11 0.015000 0.765000 0.001000
0.487000 0.580000 0.780000 0.490000 1.250000 6.700000 0.650000 0.650000
187499.984375 75.360001 0.084000
1.073000 0.050000 0.116600
0.161835 0.182418 0.000661 0.000000
0.000000

0.000000 0.296758 5.815863
0.079893 0.008888 1.255439 7.120228 177.577530
0.000000 0.019373 0.013169 0.000000 0.000000 0.000000
0.000000 0.000002 0.000000
3.568564 0.650000 0.000000
764.299377 0.000000
0.000000 0.000000 0.000000 0.000000
0.000000 0.104122
11 0.015000 0.780000 0.001000
0.487000 0.580000 0.780000 0.490000 1.250000 6.700000 0.650000 0.650000
187499.984375 75.360001 0.084000
1.073000 0.050000 0.116600
0.161965 0.154367 0.000559 0.000000
0.000000

0.000000 0.284976 5.541615
0.076043 0.008456 1.214760 6.884344 177.714859
0.000000 0.080463 0.012946 0.000000 0.000000 0.000000
0.000000 0.000001 0.000000
3.646102 0.919609 0.000000
764.299377 0.000000
0.000000 0.000000 0.000000 0.000000
0.000000 0.296560
11 0.015000 0.795000 0.001000
0.487000 0.580000 0.780000 0.490000 1.250000 6.700000 0.650000 0.650000
187499.984375 75.360001 0.084000
1.073000 0.050000 0.116600
0.162365 0.144770 0.000742 0.000000
0.000000

0.000000 0.265694 5.172167
0.072617 0.008073 1.176179 6.662394 177.722839
0.000000 0.457979 0.012641 0.000000 0.000000 0.000000
0.000000 0.000000 0.000000
3.716084 1.000000 0.000000
764.299377 0.000000
0.000000 0.000000 0.000000 0.000000
0.000000 0.543037
11 0.015000 0.810000 0.001000
0.487000 0.580000 0.780000 0.490000 1.250000 6.700000 0.650000 0.650000
187499.984375 75.360001 0.084000
1.073000 0.050000 0.116600
0.162400 0.132319 0.000737 0.000000
0.000000

0.000000 0.247154 4.827037
0.070359 0.007822 1.140378 6.457858 177.732498
0.000000 3.037131 0.012605 0.000000 0.000000 0.000000
0.000000 0.000000 0.000000
3.784292 1.000000 0.000000
764.299377 0.000000
0.000000 0.000000 0.000000 0.000000
0.000000 1.155293
11 0.015000 0.825000 0.001000
0.487000 0.580000 0.780000 0.490000 1.250000 6.700000 0.650000 0.650000
187499.984375 75.360001 0.084000
1.073000 0.050000 0.116600
0.162438 0.120761 0.000673 0.000000
0.000000

0.000000 0.231815 4.524698
0.068238 0.007586 1.107364 6.264607 177.752075
0.000000 24.093475 0.012319 0.000000 0.000000 0.000000
0.000000 0.000000 0.000000
3.852074 1.000000 0.000000
764.299377 0.000000
0.000000 0.000000 0.000000 0.000000
0.000000 4.281803
11 0.015000 0.840000 0.001000
0.487000 0.580000 0.780000 0.490000 1.250000 6.700000 0.650000 0.650000
187499.984375 75.360001 0.084000
1.073000 0.050000 0.116600
0.162502 0.124645 0.000694 0.000000
0.000000

0.000000 0.215699 4.221990
0.066301 0.007371 1.076764 6.089468 177.759186
0.000000 72.309250 0.013706 0.000000 0.000000 0.000000
0.000000 0.000000 0.000000
3.919400 1.000000 0.000000
764.299377 0.000000
0.000000 0.000000 0.000000 0.000000
0.000000 13.602682
11 0.015000 0.855000 0.001000
0.487000 0.580000 0.780000 0.490000 1.250000 6.700000 0.650000 0.650000
187499.984375 75.360001 0.084000
1.073000 0.050000 0.116600
0.162535 0.146869 0.000818 0.000000
0.000000

0.000000 0.000000 0.239351
0.042332 0.004706 0.714063 3.934126 178.167923
0.000000 0.101051 0.014064 0.000000 0.000000 0.000000
0.000000 0.000001 0.000000
3.986245 1.000000 0.000000
764.299377 0.000000
0.000000 0.000000 0.000000 0.000000
0.000000 1.091270
11 0.015000 0.870000 0.001000
0.487000 0.580000 0.780000 0.490000 1.250000 6.700000 0.650000 0.650000
187499.984375 75.360001 0.084000
1.073000 0.050000 0.116600
0.163737 0.091156 0.000508 0.000000
0.000000

0.000000 0.000000 0.240762
0.042352 0.004708 0.714449 3.935839 178.176590
0.000000 0.185178 0.014082 0.000000 0.000000 0.000000
0.000000 0.000001 0.000000
4.052583 1.000000 0.000000
764.299377 0.000000
0.000000 0.000000 0.000000 0.000000
0.000000 1.090340
11 0.015000 0.885000 0.001000
0.487000 0.580000 0.780000 0.490000 1.250000 6.700000 0.650000 0.650000
187499.984375 75.360001 0.084000
1.073000 0.050000 0.116600
0.163758 0.091303 0.000509 0.000000
0.000000

0.000000 0.000000 0.241768
0.042367 0.004710 0.714749 3.937068 178.185669
0.000000 0.329707 0.014080 0.000000 0.000000 0.000000
0.000000 0.000000 0.000000
4.118389 1.000000 0.000000
764.299377 0.000000
0.000000 0.000000 0.000000 0.000000
0.000000 1.089979
11 0.015000 0.900000 0.001000
0.487000 0.580000 0.780000 0.490000 1.250000 6.700000 0.650000 0.650000
187499.984375 75.360001 0.084000
1.073000 0.050000 0.116600
0.163774 0.091162 0.000508 0.000000
0.000000

0.000000 0.000000 0.242677
0.042381 0.004711 0.715021 3.938160 178.196747
0.000000 0.499065 0.014033 0.000000 0.000000 0.000000
0.000000 0.000000 0.000000
4.183643 1.000000 0.000000
764.299377 0.000000
0.000000 0.000000 0.000000 0.000000
0.000000 1.090330
11 0.015000 0.915000 0.001000
0.487000 0.580000 0.780000 0.490000 1.250000 6.700000 0.650000 0.650000
187499.984375 75.360001 0.084000
1.073000 0.050000 0.116600
0.163787 0.091206 0.000508 0.000000
0.000000

0.000000 0.000000 0.243557
0.042393 0.004713 0.715284 3.939199 178.204468
0.000000 0.636991 0.013901 0.000000 0.000000 0.000000
0.000000 0.000000 0.000000
4.248323 1.000000 0.000000
764.299377 0.000000
0.000000 0.000000 0.000000 0.000000
0.000000 1.091205
11 0.015000 0.930000 0.001000
0.487000 0.580000 0.780000 0.490000 1.250000 6.700000 0.650000 0.650000
187499.984375 75.360001 0.084000
1.073000 0.050000 0.116600
0.163800 0.091079 0.000507 0.000000
0.000000

0.000000 0.000000 0.244440
0.042406 0.004714 0.715541 3.940210 178.212021
0.000000 0.697617 0.013751 0.000000 0.000000 0.000000
0.000000 0.000000 0.000000
4.312411 1.000000 0.000000
764.299377 0.000000
0.000000 0.000000 0.000000 0.000000
0.000000 1.092234
11 0.015000 0.945000 0.001000
0.487000 0.580000 0.780000 0.490000 1.250000 6.700000 0.650000 0.650000
187499.984375 75.360001 0.084000
1.073000 0.050000 0.116600
0.163815 0.091264 0.000508 0.000000
0.000000

0.000000 0.000000 0.245339
0.042419 0.004716 0.715809 3.941293 178.219406
0.000000 0.668875 0.013612 0.000000 0.000000 0.000000
0.000000 0.000000 0.000000
4.375890 1.000000 0.000000
764.299377 0.000000
0.000000 0.000000 0.000000 0.000000
0.000000 1.093063
11 0.015000 0.960000 0.001000
0.487000 0.580000 0.780000 0.490000 1.250000 6.700000 0.650000 0.650000
187499.984375 75.360001 0.084000
1.073000 0.050000 0.116600
0.163828 0.091218 0.000508 0.000000
0.000000

0.000000 0.000000 0.246691
0.042439 0.004718 0.716176 3.942927 178.227219
0.000000 0.572530 0.013511 0.000000 0.000000 0.000000
0.000000 0.000000 0.000000
4.438745 1.000000 0.000000
764.299377 0.000000
0.000000 0.000000 0.000000 0.000000
0.000000 1.093560
11 0.015000 0.975000 0.001000
0.487000 0.580000 0.780000 0.490000 1.250000 6.700000 0.650000 0.650000
187499.984375 75.360001 0.084000
1.073000 0.050000 0.116600
0.163848 0.091180 0.000508 0.000000
0.000000

0.000000 0.000000 0.247781
0.042454 0.004720 0.716478 3.944204 178.236191
0.000000 0.445746 0.013372 0.000000 0.000000 0.000000
0.000000 0.000000 0.000000
4.500959 1.000000 0.000000
764.299377 0.000000
0.000000 0.000000 0.000000 0.000000
0.000000 1.093678
11 0.015000 0.990000 0.001000
0.487000 0.580000 0.780000 0.490000 1.250000 6.700000 0.650000 0.650000
187499.984375 75.360001 0.084000
1.073000 0.050000 0.116600
0.163861 0.091147 0.000508 0.000000
0.000000

0.000000 0.000000 0.248617
0.042466 0.004721 0.716723 3.945175 178.245239
0.000000 0.321744 0.013279 0.000000 0.000000 0.000000
0.000000 0.000001 0.000000
4.562521 1.000000 0.000000
764.299377 0.000000
0.000000 0.000000 0.000000 0.000000
0.000000 1.093495
11 0.015000 1.005000 0.001000
0.487000 0.580000 0.780000 0.490000 1.250000 6.700000 0.650000 0.650000
187499.984375 75.360001 0.084000
1.073000 0.050000 0.116600
0.163876 0.091316 0.000509 0.000000
0.000000

0.000000 0.000000 0.249792
0.042482 0.004723 0.717037 3.946533 178.252335
0.000000 0.219610 0.013224 0.000000 0.000000 0.000000
0.000000 0.000001 0.000000
4.623420 1.000000 0.000000
764.299377 0.000000
0.000000 0.000000 0.000000 0.000000
0.000000 1.093165
11 0.015000 1.020000 0.001000
0.487000 0.580000 0.780000 0.490000 1.250000 6.700000 0.650000 0.650000
187499.984375 75.360001 0.084000
1.073000 0.050000 0.116600
0.163893 0.091170 0.000508 0.000000
0.000000

0.000000 0.000000 0.250616
0.042494 0.004724 0.717282 3.947506 178.259232
0.000000 0.144737 0.013126 0.000000 0.000000 0.000000
0.000000 0.000001 0.000000
4.683642 1.000000 0.000000
764.299377 0.000000
0.000000 0.000000 0.000000 0.000000
0.000000 1.092683
11 0.015000 1.035000 0.001000
0.487000 0.580000 0.780000 0.490000 1.250000 6.700000 0.650000 0.650000
187499.984375 75.360001 0.084000
1.073000 0.050000 0.116600
0.163904 0.091406 0.000509 0.000000
0.000000

0.000000 0.000000 0.251494
0.042507 0.004726 0.717531 3.948523 178.266922
0.000000 0.094017 0.013061 0.000000 0.000000 0.000000
0.000000 0.000002 0.000000
4.743180 1.000000 0.000000
764.299377 0.000000
0.000000 0.000000 0.000000 0.000000
0.000000 1.092141
11 0.015000 1.050000 0.001000
0.487000 0.580000 0.780000 0.490000 1.250000 6.700000 0.650000 0.650000
187499.984375 75.360001 0.084000
1.073000 0.050000 0.116600
0.163918 0.091223 0.000508 0.000000
0.000000

0.000000 0.000000 0.252298
0.042518 0.004727 0.717760 3.949414 178.274307
0.000000 0.061168 0.012984 0.000000 0.000000 0.000000
0.000000 0.000003 0.000000
4.802026 1.000000 0.000000
764.299377 0.000000
0.000000 0.000000 0.000000 0.000000
0.000000 1.091550
11 0.015000 1.065000 0.001000
0.487000 0.580000 0.780000 0.490000 1.250000 6.700000 0.650000 0.650000
187499.984375 75.360001 0.084000
1.073000 0.050000 0.116600
0.163928 0.091419 0.000509 0.000000
0.000000

0.000000 0.000000 0.253133
0.042530 0.004728 0.717997 3.950367 178.281601
0.000000 0.040402 0.012886 0.000000 0.000000 0.000000
0.000000 0.000005 0.000000
4.860171 1.000000 0.000000
764.299377 0.000000
0.000000 0.000000 0.000000 0.000000
0.000000 1.090948
11 0.015000 1.080000 0.001000
0.487000 0.580000 0.780000 0.490000 1.250000 6.700000 0.650000 0.650000
187499.984375 75.360001 0.084000
1.073000 0.050000 0.116600
0.163940 0.091177 0.000508 0.000000
0.000000

0.000000 0.000000 0.254513
0.042549 0.004730 0.718350 3.951962 178.289627
0.000000 0.027749 0.012763 0.000000 0.000000 0.000000
0.000000 0.000007 0.000000
4.917610 1.000000 0.000000
764.299377 0.000000
0.000000 0.000000 0.000000 0.000000
0.000000 1.090382
11 0.015000 1.095000 0.001000
0.487000 0.580000 0.780000 0.490000 1.250000 6.700000 0.650000 0.650000
187499.984375 75.360001 0.084000
1.073000 0.050000 0.116600
0.163959 0.091531 0.000510 0.000000
0.000000

0.000000 0.000000 0.256081
0.042570 0.004733 0.718740 3.953757 178.299301
0.000000 0.020084 0.012681 0.000000 0.000000 0.000000
0.000000 0.000009 0.000000
4.974336 1.000000 0.000000
764.299377 0.000000
0.000000 0.000000 0.000000 0.000000
0.000000 1.089834
11 0.015000 1.110000 0.001000
0.487000 0.580000 0.780000 0.490000 1.250000 6.700000 0.650000 0.650000
187499.984375 75.360001 0.084000
1.073000 0.050000 0.116600
0.163984 0.091069 0.000507 0.000000
0.000000

0.000000 0.000000 0.256872
0.042580 0.004734 0.718958 3.954619 178.305756
0.000000 0.015500 0.012592 0.000000 0.000000 0.000000
0.000000 0.000012 0.000001
5.030345 1.000000 0.000000
764.299377 0.000000
0.000000 0.000000 0.000000 0.000000
0.000000 1.089225
11 0.015000 1.125000 0.001000
0.487000 0.580000 0.780000 0.490000 1.250000 6.700000 0.650000 0.650000
187499.984375 75.360001 0.084000
1.073000 0.050000 0.116600
0.163994 0.091363 0.000509 0.000000
0.000000

0.000000 0.000000 0.257654
0.042591 0.004735 0.719180 3.955500 178.313004
0.000000 0.012808 0.012503 0.000000 0.000000 0.000000
0.000000 0.000014 0.000001
5.085633 1.000000 0.000000
764.299377 0.000000
0.000000 0.000000 0.000000 0.000000
0.000000 1.088622
11 0.015000 1.140000 0.001000
0.487000 0.580000 0.780000 0.490000 1.250000 6.700000 0.650000 0.650000
187499.984375 75.360001 0.084000
1.073000 0.050000 0.116600
0.164006 0.091294 0.000508 0.000000
0.000000

0.000000 0.000000 0.258430
0.042602 0.004737 0.719402 3.956383 178.319778
0.000000 0.011267 0.012455 0.000000 0.000000 0.000000
0.000000 0.000015 0.000001
5.140197 1.000000 0.000000
764.299377 0.000000
0.000000 0.000000 0.000000 0.000000
0.000000 1.088030
11 0.015000 1.155000 0.001000
0.487000 0.580000 0.780000 0.490000 1.250000 6.700000 0.650000 0.650000
187499.984375 75.360001 0.084000
1.073000 0.050000 0.116600
0.164019 0.091384 0.000509 0.000000
0.000000

0.000000 0.000000 0.259295
0.042614 0.004738 0.719633 3.957329 178.325989
0.000000 0.010428 0.012429 0.000000 0.000000 0.000000
0.000000 0.000016 0.000001
5.194035 1.000000 0.000000
764.299377 0.000000
0.000000 0.000000 0.000000 0.000000
0.000000 1.087454
11 0.015000 1.170000 0.001000
0.487000 0.580000 0.780000 0.490000 1.250000 6.700000 0.650000 0.650000
187499.984375 75.360001 0.084000
1.073000 0.050000 0.116600
0.164027 0.091354 0.000509 0.000000
0.000000

0.000000 0.000000 0.260280
0.042627 0.004739 0.719892 3.958430 178.333328
0.000000 0.009960 0.012374 0.000000 0.000000 0.000000
0.000000 0.000016 0.000001
5.247144 1.000000 0.000000
764.299377 0.000000
0.000000 0.000000 0.000000 0.000000
0.000000 1.086901
11 0.015000 1.185000 0.001000
0.487000 0.580000 0.780000 0.490000 1.250000 6.700000 0.650000 0.650000
187499.984375 75.360001 0.084000
1.073000 0.050000 0.116600
0.164042 0.091095 0.000507 0.000000
0.000000

0.000000 0.000000 0.261032
0.042637 0.004740 0.720097 3.959227 178.340103
0.000000 0.009681 0.012319 0.000000 0.000000 0.000000
0.000000 0.000016 0.000002
5.299524 1.000000 0.000000
764.299377 0.000000
0.000000 0.000000 0.000000 0.000000
0.000000 1.086339
11 0.015000 1.200000 0.001000
0.487000 0.580000 0.780000 0.490000 1.250000 6.700000 0.650000 0.650000
187499.984375 75.360001 0.084000
1.073000 0.050000 0.116600
0.164054 0.091272 0.000508 0.000000
0.000000

0.000000 0.000000 0.261780
0.042647 0.004742 0.720304 3.960059 178.345963
0.000000 0.009542 0.012287 0.000000 0.000000 0.000000
0.000000 0.000016 0.000002
5.351173 1.000000 0.000000
764.299377 0.000000
0.000000 0.000000 0.000000 0.000000
0.000000 1.085785
11 0.015000 1.215000 0.001000
0.487000 0.580000 0.780000 0.490000 1.250000 6.700000 0.650000 0.650000
187499.984375 75.360001 0.084000
1.073000 0.050000 0.116600
0.164064 0.091217 0.000508 0.000000
0.000000

0.000000 0.000000 0.262518
0.042658 0.004743 0.720514 3.960894 178.354126
0.000000 0.009469 0.012277 0.000000 0.000000 0.000000
0.000000 0.000016 0.000002
5.402092 1.000000 0.000000
764.299377 0.000000
0.000000 0.000000 0.000000 0.000000
0.000000 1.085246
11 0.015000 1.230000 0.001000
0.487000 0.580000 0.780000 0.490000 1.250000 6.700000 0.650000 0.650000
187499.984375 75.360001 0.084000
1.073000 0.050000 0.116600
0.164073 0.091284 0.000508 0.000000
0.000000

0.000000 0.000000 0.263252
0.042667 0.004744 0.720715 3.961678 178.360504
0.000000 0.009392 0.012232 0.000000 0.000000 0.000000
0.000000 0.000016 0.000002
5.452279 1.000000 0.000000
764.299377 0.000000
0.000000 0.000000 0.000000 0.000000
0.000000 1.084720
11 0.015000 1.245000 0.001000
0.487000 0.580000 0.780000 0.490000 1.250000 6.700000 0.650000 0.650000
187499.984375 75.360001 0.084000
1.073000 0.050000 0.116600
0.164081 0.091358 0.000509 0.000000
0.000000

0.000000 0.000000 0.263978
0.042677 0.004745 0.720912 3.962455 178.367188
0.000000 0.009330 0.012199 0.000000 0.000000 0.000000
0.000000 0.000016 0.000002
5.501737 1.000000 0.000000
764.299377 0.000000
0.000000 0.000000 0.000000 0.000000
0.000000 1.084195
11 0.015000 1.260000 0.001000
0.487000 0.580000 0.780000 0.490000 1.250000 6.700000 0.650000 0.650000
187499.984375 75.360001 0.084000
1.073000 0.050000 0.116600
0.164095 0.091662 0.000511 0.000000
0.000000

0.000000 0.000000 0.264721
0.042687 0.004746 0.721109 3.963230 178.373856
0.000000 0.009278 0.012166 0.000000 0.000000 0.000000
0.000000 0.000016 0.000002
5.550465 1.000000 0.000000
764.299377 0.000000
0.000000 0.000000 0.000000 0.000000
0.000000 1.083690
11 0.015000 1.275000 0.001000
0.487000 0.580000 0.780000 0.490000 1.250000 6.700000 0.650000 0.650000
187499.984375 75.360001 0.084000
1.073000 0.050000 0.116600
0.164104 0.091608 0.000510 0.000000
0.000000

0.000000 0.000000 0.265626
0.042698 0.004747 0.721341 3.964199 178.380646
0.000000 0.009228 0.012117 0.000000 0.000000 0.000000
0.000000 0.000016 0.000002
5.598465 1.000000 0.000000
764.299377 0.000000
0.000000 0.000000 0.000000 0.000000
0.000000 1.083207
11 0.015000 1.290000 0.001000
0.487000 0.580000 0.780000 0.490000 1.250000 6.700000 0.650000 0.650000
187499.984375 75.360001 0.084000
1.073000 0.050000 0.116600
0.164116 0.091612 0.000510 0.000000
0.000000

0.000000 0.000000 0.266556
0.042711 0.004749 0.721582 3.965224 178.387390
0.000000 0.009182 0.012086 0.000000 0.000000 0.000000
0.000000 0.000016 0.000002
5.645738 1.000000 0.000000
764.299377 0.000000
0.000000 0.000000 0.000000 0.000000
0.000000 1.082731
11 0.015000 1.305000 0.001000
0.487000 0.580000 0.780000 0.490000 1.250000 6.700000 0.650000 0.650000
187499.984375 75.360001 0.084000
1.073000 0.050000 0.116600
0.164129 0.091492 0.000510 0.000000
0.000000

0.000000 0.000000 0.267320
0.042721 0.004750 0.721786 3.966043 178.393005
0.000000 0.009157 0.012063 0.000000 0.000000 0.000000
0.000000 0.000017 0.000002
5.692286 1.000000 0.000000
764.299377 0.000000
0.000000 0.000000 0.000000 0.000000
0.000000 1.082260
11 0.015000 1.320000 0.001000
0.487000 0.580000 0.780000 0.490000 1.250000 6.700000 0.650000 0.650000
187499.984375 75.360001 0.084000
1.073000 0.050000 0.116600
0.164139 0.091599 0.000510 0.000000
0.000000

0.000000 0.000000 0.268032
0.042730 0.004751 0.721976 3.966795 178.399567
0.000000 0.009095 0.012008 0.000000 0.000000 0.000000
0.000000 0.000017 0.000002
5.738111 1.000000 0.000000
764.299377 0.000000
0.000000 0.000000 0.000000 0.000000
0.000000 1.081791
11 0.015000 1.335000 0.001000
0.487000 0.580000 0.780000 0.490000 1.250000 6.700000 0.650000 0.650000
187499.984375 75.360001 0.084000
1.073000 0.050000 0.116600
0.164152 0.091505 0.000510 0.000000
0.000000

0.000000 0.000000 0.268724
0.042739 0.004752 0.722158 3.967505 178.407303
0.000000 0.009053 0.011966 0.000000 0.000000 0.000000
0.000000 0.000017 0.000002
5.783215 1.000000 0.000000
764.299377 0.000000
0.000000 0.000000 0.000000 0.000000
0.000000 1.081327
11 0.015000 1.350000 0.001000
0.487000 0.580000 0.780000 0.490000 1.250000 6.700000 0.650000 0.650000
187499.984375 75.360001 0.084000
1.073000 0.050000 0.116600
0.164158 0.091594 0.000510 0.000000
0.000000

0.000000 0.000000 0.269417
0.042748 0.004753 0.722339 3.968215 178.413727
0.000000 0.009031 0.011939 0.000000 0.000000 0.000000
0.000000 0.000017 0.000002
5.827599 1.000000 0.000000
764.299377 0.000000
0.000000 0.000000 0.000000 0.000000
0.000000 1.080875
11 0.015000 1.365000 0.001000
0.487000 0.580000 0.780000 0.490000 1.250000 6.700000 0.650000 0.650000
187499.984375 75.360001 0.084000
1.073000 0.050000 0.116600
0.164168 0.091692 0.000511 0.000000
0.000000

0.000000 0.000000 0.270170
0.042758 0.004754 0.722540 3.969033 178.420349
0.000000 0.008986 0.011909 0.000000 0.000000 0.000000
0.000000 0.000017 0.000002
5.871266 1.000000 0.000000
764.299377 0.000000
0.000000 0.000000 0.000000 0.000000
0.000000 1.080432
11 0.015000 1.380000 0.001000
0.487000 0.580000 0.780000 0.490000 1.250000 6.700000 0.650000 0.650000
187499.984375 75.360001 0.084000
1.073000 0.050000 0.116600
0.164177 0.091877 0.000512 0.000000
0.000000

0.000000 0.000000 0.271494
0.042774 0.004756 0.722845 3.970422 178.427933
0.000000 0.008933 0.011872 0.000000 0.000000 0.000000
0.000000 0.000017 0.000002
5.914219 1.000000 0.000000
764.299377 0.000000
0.000000 0.000000 0.000000 0.000000
0.000000 1.080046
11 0.015000 1.395000 0.001000
0.487000 0.580000 0.780000 0.490000 1.250000 6.700000 0.650000 0.650000
187499.984375 75.360001 0.084000
1.073000 0.050000 0.116600
0.164197 0.091627 0.000510 0.000000
0.000000

0.000000 0.000000 0.272208
0.042783 0.004757 0.723032 3.971169 178.434158
0.000000 0.008904 0.011841 0.000000 0.000000 0.000000
0.000000 0.000017 0.000002
5.956460 1.000000 0.000000
764.299377 0.000000
0.000000 0.000000 0.000000 0.000000
0.000000 1.079617
11 0.015000 1.410000 0.001000
0.487000 0.580000 0.780000 0.490000 1.250000 6.700000 0.650000 0.650000
187499.984375 75.360001 0.084000
1.073000 0.050000 0.116600
0.164206 0.091861 0.000512 0.000000
0.000000

0.000000 0.000000 0.273037
0.042794 0.004758 0.723241 3.972041 178.440613
0.000000 0.008871 0.011811 0.000000 0.000000 0.000000
0.000000 0.000017 0.000002
5.997992 1.000000 0.000000
764.299377 0.000000
0.000000 0.000000 0.000000 0.000000
0.000000 1.079209
11 0.015000 1.425000 0.001000
0.487000 0.580000 0.780000 0.490000 1.250000 6.700000 0.650000 0.650000
187499.984375 75.360001 0.084000
1.073000 0.050000 0.116600
0.164215 0.091594 0.000510 0.000000
0.000000

0.000000 0.000000 0.273782
0.042803 0.004759 0.723426 3.972779 178.446884
0.000000 0.008825 0.011758 0.000000 0.000000 0.000000
0.000000 0.000017 0.000002
6.038817 1.000000 0.000000
764.299377 0.000000
0.000000 0.000000 0.000000 0.000000
0.000000 1.078796
11 0.015000 1.440000 0.001000
0.487000 0.580000 0.780000 0.490000 1.250000 6.700000 0.650000 0.650000
187499.984375 75.360001 0.084000
1.073000 0.050000 0.116600
0.164226 0.091630 0.000510 0.000000
0.000000

0.000000 0.000000 0.274440
0.042811 0.004760 0.723600 3.973460 178.452271
0.000000 0.008794 0.011716 0.000000 0.000000 0.000000
0.000000 0.000017 0.000002
6.078939 1.000000 0.000000
764.299377 0.000000
0.000000 0.000000 0.000000 0.000000
0.000000 1.078383
11 0.015000 1.455000 0.001000
0.487000 0.580000 0.780000 0.490000 1.250000 6.700000 0.650000 0.650000
187499.984375 75.360001 0.084000
1.073000 0.050000 0.116600
0.164239 0.091578 0.000510 0.000000
0.000000

0.000000 0.000000 0.275094
0.042820 0.004761 0.723772 3.974130 178.457748
0.000000 0.008759 0.011690 0.000000 0.000000 0.000000
0.000000 0.000017 0.000002
6.118360 1.000000 0.000000
764.299377 0.000000
0.000000 0.000000 0.000000 0.000000
0.000000 1.077977
11 0.015000 1.470000 0.001000
0.487000 0.580000 0.780000 0.490000 1.250000 6.700000 0.650000 0.650000
187499.984375 75.360001 0.084000
1.073000 0.050000 0.116600
0.164244 0.091647 0.000510 0.000000
0.000000

0.000000 0.000000 0.275742
0.042828 0.004762 0.723941 3.974795 178.463455
0.000000 0.008736 0.011655 0.000000 0.000000 0.000000
0.000000 0.000018 0.000002
6.157082 1.000000 0.000000
764.299377 0.000000
0.000000 0.000000 0.000000 0.000000
0.000000 1.077569
11 0.015000 1.485000 0.001000
0.487000 0.580000 0.780000 0.490000 1.250000 6.700000 0.650000 0.650000
187499.984375 75.360001 0.084000
1.073000 0.050000 0.116600
0.164253 0.091729 0.000511 0.000000
0.000000

0.000000 0.000000 0.276386
0.042836 0.004763 0.724113 3.975469 178.470169
0.000000 0.008718 0.011639 0.000000 0.000000 0.000000
0.000000 0.000018 0.000002
6.195108 1.000000 0.000000
764.299377 0.000000
0.000000 0.000000 0.000000 0.000000
0.000000 1.077173
11 0.015000 1.500000 0.001000
0.487000 0.580000 0.780000 0.490000 1.250000 6.700000 0.650000 0.650000
187499.984375 75.360001 0.084000
1.073000 0.050000 0.116600
0.164260 0.092055 0.000513 0.000000
0.000000

0.000000 0.000000 0.277083
0.042845 0.004764 0.724295 3.976201 178.476212
0.000000 0.008671 0.011601 0.000000 0.000000 0.000000
0.000000 0.000018 0.000002
6.232443 1.000000 0.000000
764.299377 0.000000
0.000000 0.000000 0.000000 0.000000
0.000000 1.076795
11 0.015000 1.515000 0.001000
0.487000 0.580000 0.780000 0.490000 1.250000 6.700000 0.650000 0.650000
187499.984375 75.360001 0.084000
1.073000 0.050000 0.116600
0.164268 0.091786 0.000511 0.000000
0.000000

0.000000 0.000000 0.277752
0.042853 0.004765 0.724459 3.976847 178.482071
0.000000 0.008630 0.011550 0.000000 0.000000 0.000000
0.000000 0.000018 0.000002
6.269086 1.000000 0.000000
764.299377 0.000000
0.000000 0.000000 0.000000 0.000000
0.000000 1.076420
11 0.015000 1.530000 0.001000
0.487000 0.580000 0.780000 0.490000 1.250000 6.700000 0.650000 0.650000
187499.984375 75.360001 0.084000
1.073000 0.050000 0.116600
0.164283 0.091882 0.000512 0.000000
0.000000

0.000000 0.000000 0.280082
0.042880 0.004768 0.724940 3.979223 178.494034
0.000000 0.008582 0.011502 0.000000 0.000000 0.000000
0.000000 0.000018 0.000002
6.305043 1.000000 0.000000
764.299377 0.000000
0.000000 0.000000 0.000000 0.000000
0.000000 1.076182
11 0.015000 1.545000 0.001000
0.487000 0.580000 0.780000 0.490000 1.250000 6.700000 0.650000 0.650000
187499.984375 75.360001 0.084000
1.073000 0.050000 0.116600
0.164310 0.091958 0.000512 0.000000
0.000000

0.000000 0.000000 0.286674
0.042955 0.004776 0.726206 3.985907 178.529190
0.000000 0.008544 0.011476 0.000000 0.000000 0.000000
0.000000 0.000018 0.000002
6.340316 1.000000 0.000000
764.299377 0.000000
0.000000 0.000000 0.000000 0.000000
0.000000 1.076284
11 0.015000 1.560000 0.001000
0.487000 0.580000 0.780000 0.490000 1.250000 6.700000 0.650000 0.650000
187499.984375 75.360001 0.084000
1.073000 0.050000 0.116600
0.164391 0.091658 0.000510 0.000000
0.000000

0.000000 0.000000 0.287317
0.042962 0.004777 0.726361 3.986511 178.534470
0.000000 0.008510 0.011423 0.000000 0.000000 0.000000
0.000000 0.000018 0.000002
6.374907 1.000000 0.000000
764.299377 0.000000
0.000000 0.000000 0.000000 0.000000
0.000000 1.075929
11 0.015000 1.575000 0.001000
0.487000 0.580000 0.780000 0.490000 1.250000 6.700000 0.650000 0.650000
187499.984375 75.360001 0.084000
1.073000 0.050000 0.116600
0.164406 0.091731 0.000511 0.000000
0.000000

0.000000 0.000000 0.287960
0.042970 0.004778 0.726527 3.987166 178.540268
0.000000 0.008467 0.011370 0.000000 0.000000 0.000000
0.000000 0.000018 0.000003
6.408819 1.000000 0.000000
764.299377 0.000000
0.000000 0.000000 0.000000 0.000000
0.000000 1.075588
11 0.015000 1.590000 0.001000
0.487000 0.580000 0.780000 0.490000 1.250000 6.700000 0.650000 0.650000
187499.984375 75.360001 0.084000
1.073000 0.050000 0.116600
0.164411 0.091819 0.000511 0.000000
0.000000

0.000000 0.000000 0.288602
0.042978 0.004779 0.726688 3.987793 178.546280
0.000000 0.008419 0.011339 0.000000 0.000000 0.000000
0.000000 0.000018 0.000003
6.442054 1.000000 0.000000
764.299377 0.000000
0.000000 0.000000 0.000000 0.000000
0.000000 1.075253
11 0.015000 1.605000 0.001000
0.487000 0.580000 0.780000 0.490000 1.250000 6.700000 0.650000 0.650000
187499.984375 75.360001 0.084000
1.073000 0.050000 0.116600
0.164420 0.092068 0.000513 0.000000
0.000000

0.000000 0.000000 0.289316
0.042986 0.004780 0.726857 3.988468 178.552521
0.000000 0.008380 0.011307 0.000000 0.000000 0.000000
0.000000 0.000018 0.000003
6.474617 1.000000 0.000000
764.299377 0.000000
0.000000 0.000000 0.000000 0.000000
0.000000 1.074931
11 0.015000 1.620000 0.001000
0.487000 0.580000 0.780000 0.490000 1.250000 6.700000 0.650000 0.650000
187499.984375 75.360001 0.084000
1.073000 0.050000 0.116600
0.164428 0.091891 0.000512 0.000000
0.000000

0.000000 0.000000 0.293778
0.043036 0.004785 0.727703 3.992876 178.581223
0.000000 0.008339 0.011263 0.000000 0.000000 0.000000
0.000000 0.000018 0.000003
6.506506 1.000000 0.000000
764.299377 0.000000
0.000000 0.000000 0.000000 0.000000
0.000000 1.074901
11 0.015000 1.635000 0.001000
0.487000 0.580000 0.780000 0.490000 1.250000 6.700000 0.650000 0.650000
187499.984375 75.360001 0.084000
1.073000 0.050000 0.116600
0.164484 0.091908 0.000512 0.000000
0.000000

0.000000 0.000000 0.294498
0.043044 0.004786 0.727875 3.993568 178.588242
0.000000 0.008312 0.011244 0.000000 0.000000 0.000000
0.000000 0.000018 0.000003
6.537728 1.000000 0.000000
764.299377 0.000000
0.000000 0.000000 0.000000 0.000000
0.000000 1.074595
11 0.015000 1.650000 0.001000
0.487000 0.580000 0.780000 0.490000 1.250000 6.700000 0.650000 0.650000
187499.984375 75.360001 0.084000
1.073000 0.050000 0.116600
0.164494 0.091779 0.000511 0.000000
0.000000

0.000000 0.000000 0.295141
0.043052 0.004787 0.728032 3.994178 178.594131
0.000000 0.008251 0.011184 0.000000 0.000000 0.000000
0.000000 0.000018 0.000003
6.568283 1.000000 0.000000
764.299377 0.000000
0.000000 0.000000 0.000000 0.000000
0.000000 1.074291
11 0.015000 1.665000 0.001000
0.487000 0.580000 0.780000 0.490000 1.250000 6.700000 0.650000 0.650000
187499.984375 75.360001 0.084000
1.073000 0.050000 0.116600
0.164500 0.091861 0.000512 0.000000
0.000000

0.000000 0.000000 0.295782
0.043059 0.004788 0.728188 3.994797 178.600327
0.000000 0.008249 0.011160 0.000000 0.000000 0.000000
0.000000 0.000018 0.000003
6.598175 1.000000 0.000000
764.299377 0.000000
0.000000 0.000000 0.000000 0.000000
0.000000 1.073994
11 0.015000 1.680000 0.001000
0.487000 0.580000 0.780000 0.490000 1.250000 6.700000 0.650000 0.650000
187499.984375 75.360001 0.084000
1.073000 0.050000 0.116600
0.164511 0.092187 0.000513 0.000000
0.000000

0.000000 0.000000 0.296507
0.043068 0.004789 0.728351 3.995463 178.606552
0.000000 0.008194 0.011110 0.000000 0.000000 0.000000
0.000000 0.000018 0.000003
6.627406 1.000000 0.000000
764.299377 0.000000
0.000000 0.000000 0.000000 0.000000
0.000000 1.073709
11 0.015000 1.695000 0.001000
0.487000 0.580000 0.780000 0.490000 1.250000 6.700000 0.650000 0.650000
187499.984375 75.360001 0.084000
1.073000 0.050000 0.116600
0.164517 0.091953 0.000512 0.000000
0.000000

0.000000 0.000000 0.297380
0.043078 0.004790 0.728553 3.996324 178.614166
0.000000 0.008156 0.011076 0.000000 0.000000 0.000000
0.000000 0.000018 0.000003
6.655978 1.000000 0.000000
764.299377 0.000000
0.000000 0.000000 0.000000 0.000000
0.000000 1.073444
11 0.015000 1.710000 0.001000
0.487000 0.580000 0.780000 0.490000 1.250000 6.700000 0.650000 0.650000
187499.984375 75.360001 0.084000
1.073000 0.050000 0.116600
0.164529 0.091995 0.000512 0.000000
0.000000

0.000000 0.000000 0.298011
0.043085 0.004791 0.728703 3.996908 178.620041
0.000000 0.008119 0.011054 0.000000 0.000000 0.000000
0.000000 0.000018 0.000003
6.683895 1.000000 0.000000
764.299377 0.000000
0.000000 0.000000 0.000000 0.000000
0.000000 1.073166
11 0.015000 1.725000 0.001000
0.487000 0.580000 0.780000 0.490000 1.250000 6.700000 0.650000 0.650000
187499.984375 75.360001 0.084000
1.073000 0.050000 0.116600
0.164536 0.092100 0.000513 0.000000
0.000000

0.000000 0.000000 0.298806
0.043094 0.004792 0.728878 3.997634 178.626846
0.000000 0.008106 0.011037 0.000000 0.000000 0.000000
0.000000 0.000019 0.000003
6.711158 1.000000 0.000000
764.299377 0.000000
0.000000 0.000000 0.000000 0.000000
0.000000 1.072909
11 0.015000 1.740000 0.001000
0.487000 0.580000 0.780000 0.490000 1.250000 6.700000 0.650000 0.650000
187499.984375 75.360001 0.084000
1.073000 0.050000 0.116600
0.164547 0.092184 0.000513 0.000000
0.000000

0.000000 0.000000 0.301937
0.043127 0.004795 0.729465 4.000623 178.644684
0.000000 0.008057 0.010976 0.000000 0.000000 0.000000
0.000000 0.000019 0.000003
6.737772 1.000000 0.000000
764.299377 0.000000
0.000000 0.000000 0.000000 0.000000
0.000000 1.072836
11 0.015000 1.755000 0.001000
0.487000 0.580000 0.780000 0.490000 1.250000 6.700000 0.650000 0.650000
187499.984375 75.360001 0.084000
1.073000 0.050000 0.116600
0.164584 0.092090 0.000513 0.000000
0.000000

0.000000 0.000000 0.307070
0.043182 0.004802 0.730392 4.005461 178.662735
0.000000 0.008010 0.010928 0.000000 0.000000 0.000000
0.000000 0.000019 0.000003
6.763738 1.000000 0.000000
764.299377 0.000000
0.000000 0.000000 0.000000 0.000000
0.000000 1.072923
11 0.015000 1.770000 0.001000
0.487000 0.580000 0.780000 0.490000 1.250000 6.700000 0.650000 0.650000
187499.984375 75.360001 0.084000
1.073000 0.050000 0.116600
0.164646 0.092001 0.000512 0.000000
0.000000

0.000000 0.000000 0.308686
0.043199 0.004803 0.730707 4.006957 178.670990
0.000000 0.007959 0.010881 0.000000 0.000000 0.000000
0.000000 0.000019 0.000003
6.789059 1.000000 0.000000
764.299377 0.000000
0.000000 0.000000 0.000000 0.000000
0.000000 1.072745
11 0.015000 1.785000 0.001000
0.487000 0.580000 0.780000 0.490000 1.250000 6.700000 0.650000 0.650000
187499.984375 75.360001 0.084000
1.073000 0.050000 0.116600
0.164664 0.092307 0.000514 0.000000
0.000000

0.000000 0.000000 0.311332
0.043227 0.004807 0.731194 4.009396 178.679565
0.000000 0.007939 0.010856 0.000000 0.000000 0.000000
0.000000 0.000019 0.000003
6.813737 1.000000 0.000000
764.299377 0.000000
0.000000 0.000000 0.000000 0.000000
0.000000 1.072646
11 0.015000 1.800000 0.001000
0.487000 0.580000 0.780000 0.490000 1.250000 6.700000 0.650000 0.650000
187499.984375 75.360001 0.084000
1.073000 0.050000 0.116600
0.164696 0.092079 0.000513 0.000000
0.000000

0.000000 0.000000 0.312196
0.043236 0.004808 0.731378 4.010179 178.686401
0.000000 0.007883 0.010795 0.000000 0.000000 0.000000
0.000000 0.000019 0.000003
6.837776 1.000000 0.000000
764.299377 0.000000
0.000000 0.000000 0.000000 0.000000
0.000000 1.072421
11 0.015000 1.815000 0.001000
0.487000 0.580000 0.780000 0.490000 1.250000 6.700000 0.650000 0.650000
187499.984375 75.360001 0.084000
1.073000 0.050000 0.116600
0.164706 0.092159 0.000513 0.000000
0.000000

0.000000 0.000000 0.314077
0.043255 0.004810 0.731730 4.011885 178.693710
0.000000 0.007858 0.010791 0.000000 0.000000 0.000000
0.000000 0.000019 0.000003
6.861178 1.000000 0.000000
764.299377 0.000000
0.000000 0.000000 0.000000 0.000000
0.000000 1.072281
11 0.015000 1.830000 0.001000
0.487000 0.580000 0.780000 0.490000 1.250000 6.700000 0.650000 0.650000
187499.984375 75.360001 0.084000
1.073000 0.050000 0.116600
0.164727 0.092134 0.000513 0.000000
0.000000

0.000000 0.000000 0.314739
0.043263 0.004811 0.731876 4.012469 178.699158
0.000000 0.007852 0.010768 0.000000 0.000000 0.000000
0.000000 0.000019 0.000003
6.883946 1.000000 0.000000
764.299377 0.000000
0.000000 0.000000 0.000000 0.000000
0.000000 1.072048
11 0.015000 1.845000 0.001000
0.487000 0.580000 0.780000 0.490000 1.250000 6.700000 0.650000 0.650000
187499.984375 75.360001 0.084000
1.073000 0.050000 0.116600
0.164736 0.092216 0.000514 0.000000
0.000000

0.000000 0.000000 0.315452
0.043270 0.004811 0.732032 4.013098 178.704300
0.000000 0.007803 0.010708 0.000000 0.000000 0.000000
0.000000 0.000019 0.000003
6.906084 1.000000 0.000000
764.299377 0.000000
0.000000 0.000000 0.000000 0.000000
0.000000 1.071830
11 0.015000 1.860000 0.001000
0.487000 0.580000 0.780000 0.490000 1.250000 6.700000 0.650000 0.650000
187499.984375 75.360001 0.084000
1.073000 0.050000 0.116600
0.164745 0.092080 0.000513 0.000000
0.000000

0.000000 0.000000 0.316291
0.043279 0.004812 0.732202 4.013810 178.710373
0.000000 0.007790 0.010696 0.000000 0.000000 0.000000
0.000000 0.000019 0.000003
6.927594 1.000000 0.000000
764.299377 0.000000
0.000000 0.000000 0.000000 0.000000
0.000000 1.071625
11 0.015000 1.875000 0.001000
0.487000 0.580000 0.780000 0.490000 1.250000 6.700000 0.650000 0.650000
187499.984375 75.360001 0.084000
1.073000 0.050000 0.116600
0.164755 0.092212 0.000514 0.000000
0.000000

0.000000 0.000000 0.316999
0.043286 0.004813 0.732358 4.014442 178.716248
0.000000 0.007751 0.010648 0.000000 0.000000 0.000000
0.000000 0.000019 0.000003
6.948479 1.000000 0.000000
764.299377 0.000000
0.000000 0.000000 0.000000 0.000000
0.000000 1.071425
11 0.015000 1.890000 0.001000
0.487000 0.580000 0.780000 0.490000 1.250000 6.700000 0.650000 0.650000
187499.984375 75.360001 0.084000
1.073000 0.050000 0.116600
0.164760 0.092404 0.000515 0.000000
0.000000

0.000000 0.000000 0.317755
0.043294 0.004814 0.732520 4.015112 178.722595
0.000000 0.007734 0.010618 0.000000 0.000000 0.000000
0.000000 0.000019 0.000003
6.968743 1.000000 0.000000
764.299377 0.000000
0.000000 0.000000 0.000000 0.000000
0.000000 1.071230
11 0.015000 1.905000 0.001000
0.487000 0.580000 0.780000 0.490000 1.250000 6.700000 0.650000 0.650000
187499.984375 75.360001 0.084000
1.073000 0.050000 0.116600
0.164772 0.092100 0.000513 0.000000
0.000000

0.000000 0.000000 0.318447
0.043302 0.004815 0.732673 4.015737 178.728455
0.000000 0.007713 0.010580 0.000000 0.000000 0.000000
0.000000 0.000019 0.000003
6.988388 1.000000 0.000000
764.299377 0.000000
0.000000 0.000000 0.000000 0.000000
0.000000 1.071038
11 0.015000 1.920000 0.001000
0.487000 0.580000 0.780000 0.490000 1.250000 6.700000 0.650000 0.650000
187499.984375 75.360001 0.084000
1.073000 0.050000 0.116600
0.164780 0.092087 0.000513 0.000000
0.000000

0.000000 0.000000 0.319080
0.043308 0.004816 0.732805 4.016243 178.734512
0.000000 0.007673 0.010544 0.000000 0.000000 0.000000
0.000000 0.000019 0.000003
7.007418 1.000000 0.000000
764.299377 0.000000
0.000000 0.000000 0.000000 0.000000
0.000000 1.070851
11 0.015000 1.935000 0.001000
0.487000 0.580000 0.780000 0.490000 1.250000 6.700000 0.650000 0.650000
187499.984375 75.360001 0.084000
1.073000 0.050000 0.116600
0.164785 0.092169 0.000513 0.000000
0.000000

0.000000 0.000000 0.319709
0.043314 0.004816 0.732947 4.016807 178.740112
0.000000 0.007615 0.010468 0.000000 0.000000 0.000000
0.000000 0.000019 0.000003
7.025836 1.000000 0.000000
764.299377 0.000000
0.000000 0.000000 0.000000 0.000000
0.000000 1.070668
11 0.015000 1.950000 0.001000
0.487000 0.580000 0.780000 0.490000 1.250000 6.700000 0.650000 0.650000
187499.984375 75.360001 0.084000
1.073000 0.050000 0.116600
0.164792 0.092477 0.000515 0.000000
0.000000

0.000000 0.000000 0.320473
0.043322 0.004817 0.733101 4.017435 178.746719
0.000000 0.007615 0.010489 0.000000 0.000000 0.000000
0.000000 0.000019 0.000003
7.043645 1.000000 0.000000
764.299377 0.000000
0.000000 0.000000 0.000000 0.000000
0.000000 1.070502
11 0.015000 1.965000 0.001000
0.487000 0.580000 0.780000 0.490000 1.250000 6.700000 0.650000 0.650000
187499.984375 75.360001 0.084000
1.073000 0.050000 0.116600
0.164804 0.092363 0.000514 0.000000
0.000000

0.000000 0.000000 0.322308
0.043340 0.004819 0.733433 4.019043 178.754456
0.000000 0.007577 0.010431 0.000000 0.000000 0.000000
0.000000 0.000019 0.000003
7.060849 1.000000 0.000000
764.299377 0.000000
0.000000 0.000000 0.000000 0.000000
0.000000 1.070419
11 0.015000 1.980000 0.001000
0.487000 0.580000 0.780000 0.490000 1.250000 6.700000 0.650000 0.650000
187499.984375 75.360001 0.084000
1.073000 0.050000 0.116600
0.164820 0.092390 0.000515 0.000000
0.000000

0.000000 0.000000 0.323276
0.043350 0.004820 0.733622 4.019870 178.760590
0.000000 0.013673 0.010582 0.000000 0.000000 0.000000
0.000000 0.000021 0.000002
7.077451 1.000000 0.000000
764.299377 0.000000
0.000000 0.000000 0.000000 0.000000
0.000000 1.070248
11 0.015000 1.995000 0.001000
0.487000 0.580000 0.780000 0.490000 1.250000 6.700000 0.650000 0.650000
187499.984375 75.360001 0.084000
1.073000 0.050000 0.116600
0.164833 0.092492 0.000515 0.000000
0.000000
1.000000
2.000000
0.321000 0.000000
0.000000
0
-0.810000
0 0
0.000000
1
0.000000
1.000000
1.000000
1.000000
0.000000 0.000000 0.000000
0.000000 0.000000
0.000000 0.000000 0.000000 0.000000 0.000000 0.000000 0.000000
0.000000 0.000000 0.000000 0.000000 0.000000 0.000000 0.000000
240
2.000000
1
C:\Kingsite\dnd\Ohio1.spf
-1.000000 -1.000000
0.000000
54
54
10.000000
102
