11
Clay
0.580000 0.612000 0.084000 0.780000 0.530000 1.000000 0.000000 0.000000
1.020000 6.700000 1 0.028600 0.500000 0.050000 0.010000 0.027000 0.963000
0.000000 0.015000 2.000000 153000.000000 75.360001 133
0.103800 3.528000 4.728100 0.000000 1
8.234000 8.234000 10.000000 5.000000 25.000000 100.000000
0.000000 0.000000 0.010632 0.000000 100.458122 148.632477
500.000000 0.000000 0.000000

0.000000 185.204056 350.682190
1.658405 0.198043 11.608185 116.323135 4031.558105
0.000000 0.058817 0.013161 0.701697 0.000000 0.000000
0.000001 0.000000 0.000000
-0.249023 0.000010 71.407913
764.299377 0.000000
0.333824 0.000000 0.000000 0.000000
0.000000 0.593695
11 0.015000 0.015000 0.028600
0.612000 0.580000 0.780000 0.530000 1.020000 6.700000 0.780000 0.780000
153000.000000 75.360001 0.084000
1.073000 0.050000 0.116600
3.744585 23.389219 0.001707 0.000000
0.000000

0.000000 4.223594 40.364143
0.908686 0.105880 10.920350 103.868553 4197.509277
0.000000 0.005967 0.009416 0.480498 0.000000 0.000000
0.000001 0.000000 0.000001
-0.239422 0.000010 71.407913
764.299377 0.000000
0.182742 0.000000 0.000000 0.000000
0.000000 0.133994
11 0.015000 0.030000 0.028600
0.612000 0.580000 0.780000 0.530000 1.020000 6.700000 0.780000 0.780000
153000.000000 75.360001 0.084000
1.073000 0.050000 0.116600
3.905474 3.318053 0.000001 0.000000
0.000000

0.000000 3.159591 36.741364
0.906446 0.103357 11.183328 103.503288 4198.134766
0.000000 0.004932 0.015660 0.249715 0.000000 0.000000
0.000000 0.000000 0.000001
-0.227614 0.000010 71.407913
764.299377 0.000000
0.179889 0.000000 0.000000 0.000000
0.000000 0.156132
11 0.015000 0.045000 0.028600
0.612000 0.580000 0.780000 0.530000 1.020000 6.700000 0.780000 0.780000
153000.000000 75.360001 0.084000
1.073000 0.050000 0.116600
3.909600 2.805779 0.000001 0.000000
0.000000

0.000000 2.927100 34.909859
0.909603 0.101130 11.392893 103.365250 4198.574707
0.000000 0.004136 0.021293 0.124858 0.000000 0.000000
0.000000 0.000000 0.000001
-0.210610 0.000010 71.407913
764.299377 0.000000
0.177562 0.000000 0.000000 0.000000
0.000000 0.152678
11 0.015000 0.060000 0.028600
0.612000 0.580000 0.780000 0.530000 1.020000 6.700000 0.780000 0.780000
153000.000000 75.360001 0.084000
1.073000 0.050000 0.116600
3.912606 2.631577 0.000000 0.000000
0.000000

0.000000 2.711257 33.256180
0.912180 0.101422 11.535452 103.229294 4198.904297
0.000000 0.003227 0.022522 0.062429 0.000000 0.000000
0.000000 0.000000 0.000001
-0.188431 0.000010 71.407913
764.299377 0.000000
0.175100 0.000000 0.000000 0.000000
0.000000 0.133984
11 0.015000 0.075000 0.028600
0.612000 0.580000 0.780000 0.530000 1.020000 6.700000 0.780000 0.780000
153000.000000 75.360001 0.084000
1.073000 0.050000 0.116600
3.914688 2.385791 0.000000 0.000000
0.000000

0.000000 2.514436 31.737814
0.913629 0.101583 11.672607 103.106087 4199.187988
0.000000 0.002617 0.022289 0.031214 0.000000 0.000000
0.000000 0.000000 0.000001
-0.161114 0.000010 71.407913
764.299377 0.000000
0.171951 0.000000 0.000000 0.000000
0.000000 0.112212
11 0.015000 0.090000 0.028600
0.612000 0.580000 0.780000 0.530000 1.020000 6.700000 0.780000 0.780000
153000.000000 75.360001 0.084000
1.073000 0.050000 0.116600
3.916658 2.410778 0.000000 0.000000
0.000000

0.000000 2.356268 54.895397
0.938859 0.104388 16.318062 101.233994 4203.382812
0.000000 0.001308 0.021914 0.015607 0.000000 0.000000
0.000000 0.000000 0.000001
-0.128711 0.000010 71.407913
764.299377 0.000000
0.172687 0.000000 0.000000 0.000000
0.000000 0.108795
11 0.015000 0.105000 0.028600
0.612000 0.580000 0.780000 0.530000 1.020000 6.700000 0.780000 0.780000
153000.000000 75.360001 0.084000
1.073000 0.050000 0.116600
3.970717 2.110592 0.000000 0.000000
0.000000

0.000000 2.193361 46.618473
0.682354 0.075871 12.200742 72.068481 2985.690186
0.000000 0.000691 0.015277 0.007804 0.000000 0.000000
0.000000 0.000000 0.000000
-0.087787 0.000010 53.136822
764.299377 0.000000
0.119659 0.000000 0.000000 0.000000
0.000000 0.095782
11 0.015000 0.120000 0.018000
0.547000 0.580000 0.780000 0.490000 1.150000 6.700000 0.650000 0.650000
172500.000000 75.360001 0.084000
1.073000 0.050000 0.116600
2.825404 2.125644 0.000000 0.000000
0.000000

0.000000 2.035094 45.134037
0.691456 0.076883 12.212384 72.009338 2985.768799
0.000000 0.000847 0.013980 0.003902 0.000000 0.000000
0.000000 0.000000 0.000001
-0.038035 0.000010 53.136822
764.299377 0.000000
0.107973 0.000000 0.000000 0.000000
0.000000 0.088455
11 0.015000 0.135000 0.018000
0.547000 0.580000 0.780000 0.490000 1.150000 6.700000 0.650000 0.650000
172500.000000 75.360001 0.084000
1.073000 0.050000 0.116600
2.825595 1.813576 0.000000 0.000000
0.000000

0.000000 1.879637 43.686615
0.701313 0.077980 12.224072 71.979851 2985.810059
0.000000 0.000799 0.012538 0.001951 0.000000 0.000000
0.000000 0.000000 0.000001
0.000000 0.043518 49.566139
764.299377 0.000000
0.096132 0.000000 0.000000 0.000000
0.000000 0.084842
11 0.015000 0.150000 0.018000
0.547000 0.580000 0.780000 0.490000 1.150000 6.700000 0.650000 0.650000
172500.000000 75.360001 0.084000
1.073000 0.050000 0.116600
2.825751 1.712883 0.000507 0.000000
0.000000

0.000000 2.541560 42.428543
0.705070 0.078400 12.194312 71.707039 2985.890137
0.000000 0.000588 0.010956 0.000975 0.000000 0.000000
0.000000 0.000000 0.000001
0.000000 0.200871 36.655380
764.299377 0.000000
0.083567 0.000000 0.000000 0.000000
0.000000 0.086159
11 0.015000 0.165000 0.018000
0.547000 0.580000 0.780000 0.490000 1.150000 6.700000 0.650000 0.650000
172500.000000 75.360001 0.084000
1.073000 0.050000 0.116600
2.825893 1.651692 0.002254 0.000000
0.000000

0.000000 2.355726 41.278721
0.715469 0.079559 12.209692 71.664291 2985.968506
0.000000 0.000347 0.009332 0.000488 0.000000 0.000000
0.000000 0.000000 0.000001
0.000000 0.369647 22.807264
764.299377 0.000000
0.071937 0.000000 0.000000 0.000000
0.000000 0.086256
11 0.015000 0.180000 0.018000
0.547000 0.580000 0.780000 0.490000 1.150000 6.700000 0.650000 0.650000
172500.000000 75.360001 0.084000
1.073000 0.050000 0.116600
2.826092 1.758865 0.004418 0.000000
0.000000

0.000000 2.188968 40.192078
0.725659 0.080695 12.216687 71.628952 2986.022217
0.000000 0.000246 0.007902 0.000244 0.000000 0.000000
0.000000 0.000000 0.000001
0.000000 0.549483 8.051746
764.299377 0.000000
0.060366 0.000000 0.000000 0.000000
0.000000 0.085281
11 0.015000 0.195000 0.018000
0.547000 0.580000 0.780000 0.490000 1.150000 6.700000 0.650000 0.650000
172500.000000 75.360001 0.084000
1.073000 0.050000 0.116600
2.826209 1.706813 0.006373 0.000000
0.000000

0.000000 2.002702 38.831123
0.735871 0.081832 12.161490 71.717369 2985.892334
0.000000 0.000075 0.006317 0.000122 0.000000 0.000000
0.000000 0.000000 0.000004
0.263606 0.650000 0.000000
764.299377 0.000000
0.048907 0.000000 0.000000 0.000000
0.000000 0.079573
11 0.015000 0.210000 0.018000
0.547000 0.580000 0.780000 0.490000 1.150000 6.700000 0.650000 0.650000
172500.000000 75.360001 0.084000
1.073000 0.050000 0.116600
2.825586 1.546048 0.006829 0.000000
0.000000

0.000000 1.857719 25.750263
0.393465 0.043755 6.365931 37.512257 1557.877563
0.000000 0.000158 0.002968 0.000061 0.000000 0.000000
0.000000 0.000000 0.000003
0.339841 0.650000 0.000000
764.299377 0.000000
0.019722 0.000000 0.000000 0.000000
0.000000 0.064093
11 0.015000 0.225000 0.009000
0.527000 0.580000 0.780000 0.490000 1.200000 6.700000 0.650000 0.650000
180000.000000 75.360001 0.084000
1.073000 0.050000 0.116600
1.474259 0.943411 0.003847 0.000000
0.000000

0.000000 1.722584 24.862034
0.398426 0.044308 6.367067 37.491238 1557.897705
0.000000 0.000146 0.002275 0.000030 0.000000 0.000000
0.000000 0.000000 0.000003
0.420786 0.650000 0.000000
764.299377 0.000000
0.013634 0.000000 0.000000 0.000000
0.000000 0.057888
11 0.015000 0.240000 0.009000
0.527000 0.580000 0.780000 0.490000 1.200000 6.700000 0.650000 0.650000
180000.000000 75.360001 0.084000
1.073000 0.050000 0.116600
1.474300 0.916890 0.003739 0.000000
0.000000

0.000000 1.597509 24.038284
0.403353 0.044856 6.368023 37.471481 1557.902954
0.000000 0.000152 0.001551 0.000015 0.000000 0.000000
0.000000 0.000000 0.000003
0.505293 0.650000 0.000000
764.299377 0.000000
0.007617 0.000000 0.000000 0.000000
0.000000 0.053294
11 0.015000 0.255000 0.009000
0.527000 0.580000 0.780000 0.490000 1.200000 6.700000 0.650000 0.650000
180000.000000 75.360001 0.084000
1.073000 0.050000 0.116600
1.474337 0.896315 0.003655 0.000000
0.000000

0.000000 1.481332 23.273457
0.409752 0.045568 6.368852 37.453426 1557.923950
0.000000 0.000152 0.000686 0.000008 0.000000 0.000000
0.000000 0.000000 0.000004
0.593178 0.650000 0.000000
764.299377 0.000000
0.000000 0.000000 0.000000 0.000000
0.000000 0.050062
11 0.015000 0.270000 0.009000
0.527000 0.580000 0.780000 0.490000 1.200000 6.700000 0.650000 0.650000
180000.000000 75.360001 0.084000
1.073000 0.050000 0.116600
1.474379 0.881463 0.003595 0.000000
0.000000

0.000000 1.372977 22.560682
0.410675 0.045676 6.368997 37.436489 1557.942871
0.000000 0.000198 0.000709 0.000004 0.000000 0.000000
0.000000 0.000000 0.000008
0.691223 0.650000 0.000000
764.299377 0.000000
0.000000 0.000000 0.000000 0.000000
0.000000 0.048571
11 0.015000 0.285000 0.009000
0.527000 0.580000 0.780000 0.490000 1.200000 6.700000 0.650000 0.650000
180000.000000 75.360001 0.084000
1.073000 0.050000 0.116600
1.474401 0.872323 0.003582 0.000000
0.000000

0.000000 1.273115 21.901148
0.410219 0.045626 6.369358 37.421432 1557.962402
0.000000 0.000222 0.000771 0.000002 0.000000 0.000000
0.000000 0.000000 0.000009
0.776376 0.650000 0.000000
764.299377 0.000000
0.000000 0.000000 0.000000 0.000000
0.000000 0.046795
11 0.015000 0.300000 0.009000
0.527000 0.580000 0.780000 0.490000 1.200000 6.700000 0.650000 0.650000
180000.000000 75.360001 0.084000
1.073000 0.050000 0.116600
1.474433 0.824478 0.003384 0.000000
0.000000

0.000000 1.180506 21.289520
0.409822 0.045582 6.369721 37.407207 1557.965942
0.000000 0.000257 0.000835 0.000001 0.000000 0.000000
0.000000 0.000000 0.000011
0.864542 0.650000 0.000000
764.299377 0.000000
0.000000 0.000000 0.000000 0.000000
0.000000 0.045483
11 0.015000 0.315000 0.009000
0.527000 0.580000 0.780000 0.490000 1.200000 6.700000 0.650000 0.650000
180000.000000 75.360001 0.084000
1.073000 0.050000 0.116600
1.474451 0.799810 0.003282 0.000000
0.000000

0.000000 1.094541 17.573400
0.314454 0.034976 4.871355 28.597740 1190.147461
0.000000 0.000415 0.001397 0.000000 0.000000 0.000000
0.000000 0.000000 0.000008
0.956743 0.650000 0.000000
764.299377 0.000000
0.000000 0.000000 0.000000 0.000000
0.000000 0.041325
11 0.015000 0.330000 0.006600
0.497000 0.580000 0.780000 0.490000 1.250000 6.700000 0.650000 0.650000
187500.000000 75.360001 0.084000
1.073000 0.050000 0.116600
1.126333 0.638257 0.002368 0.000000
0.000000

0.000000 1.014790 17.043854
0.314243 0.034953 4.870976 28.586391 1190.147461
0.000000 0.000478 0.001521 0.000000 0.000000 0.000000
0.000000 0.000000 0.000009
1.052874 0.650000 0.000000
764.299377 0.000000
0.000000 0.000000 0.000000 0.000000
0.000000 0.040004
11 0.015000 0.345000 0.006600
0.497000 0.580000 0.780000 0.490000 1.250000 6.700000 0.650000 0.650000
187500.000000 75.360001 0.084000
1.073000 0.050000 0.116600
1.126349 0.622068 0.002308 0.000000
0.000000

0.000000 0.940852 16.552618
0.314043 0.034932 4.870610 28.575790 1190.145630
0.000000 0.000531 0.001624 0.000000 0.000000 0.000000
0.000000 0.000000 0.000010
1.151482 0.650000 0.000000
764.299377 0.000000
0.000000 0.000000 0.000000 0.000000
0.000000 0.039055
11 0.015000 0.360000 0.006600
0.497000 0.580000 0.780000 0.490000 1.250000 6.700000 0.650000 0.650000
187500.000000 75.360001 0.084000
1.073000 0.050000 0.116600
1.126363 0.608542 0.002257 0.000000
0.000000

0.000000 0.872285 16.096905
0.313919 0.034920 4.870251 28.565935 1190.154053
0.000000 0.000584 0.001755 0.000000 0.000000 0.000000
0.000000 0.000000 0.000011
1.252358 0.650000 0.000000
764.299377 0.000000
0.000000 0.000000 0.000000 0.000000
0.000000 0.038551
11 0.015000 0.375000 0.006600
0.497000 0.580000 0.780000 0.490000 1.250000 6.700000 0.650000 0.650000
187500.000000 75.360001 0.084000
1.073000 0.050000 0.116600
1.126378 0.597289 0.002215 0.000000
0.000000

0.000000 0.808730 15.673926
0.313796 0.034907 4.869824 28.556746 1190.146851
0.000000 0.000633 0.001885 0.000000 0.000000 0.000000
0.000000 0.000000 0.000012
1.355295 0.650000 0.000000
764.299377 0.000000
0.000000 0.000000 0.000000 0.000000
0.000000 0.038253
11 0.015000 0.390000 0.006600
0.497000 0.580000 0.780000 0.490000 1.250000 6.700000 0.650000 0.650000
187500.000000 75.360001 0.084000
1.073000 0.050000 0.116600
1.126386 0.588191 0.002181 0.000000
0.000000

0.000000 0.749813 15.282688
0.313676 0.034895 4.869675 28.547905 1190.158325
0.000000 0.000665 0.001928 0.000000 0.000000 0.000000
0.000000 0.000000 0.000013
1.460085 0.650000 0.000000
764.299377 0.000000
0.000000 0.000000 0.000000 0.000000
0.000000 0.038087
11 0.015000 0.405000 0.006600
0.497000 0.580000 0.780000 0.490000 1.250000 6.700000 0.650000 0.650000
187500.000000 75.360001 0.084000
1.073000 0.050000 0.116600
1.126391 0.580954 0.002154 0.000000
0.000000

0.000000 0.695186 9.813628
0.159239 0.017715 2.442452 14.314919 595.078369
0.000000 0.000766 0.003401 0.000000 0.000000 0.000000
0.000000 0.000001 0.000006
1.567015 0.650000 0.000000
764.299377 0.000000
0.000000 0.000000 0.000000 0.000000
0.000000 0.031133
11 0.015000 0.420000 0.003300
0.487000 0.580000 0.780000 0.490000 1.250000 6.700000 0.650000 0.650000
187500.000000 75.360001 0.084000
1.073000 0.050000 0.116600
0.563201 0.321125 0.001165 0.000000
0.000000

0.000000 0.644537 9.474800
0.159054 0.017695 2.441844 14.307994 595.077942
0.000000 0.000787 0.003502 0.000000 0.000000 0.000000
0.000000 0.000001 0.000006
1.675875 0.650000 0.000000
764.299377 0.000000
0.000000 0.000000 0.000000 0.000000
0.000000 0.029618
11 0.015000 0.435000 0.003300
0.487000 0.580000 0.780000 0.490000 1.250000 6.700000 0.650000 0.650000
187500.000000 75.360001 0.084000
1.073000 0.050000 0.116600
0.563210 0.310947 0.001128 0.000000
0.000000

0.000000 0.597582 9.160510
0.158876 0.017676 2.441274 14.301554 595.086182
0.000000 0.000801 0.003572 0.000000 0.000000 0.000000
0.000000 0.000001 0.000007
1.785975 0.650000 0.000000
764.299377 0.000000
0.000000 0.000000 0.000000 0.000000
0.000000 0.028526
11 0.015000 0.450000 0.003300
0.487000 0.580000 0.780000 0.490000 1.250000 6.700000 0.650000 0.650000
187500.000000 75.360001 0.084000
1.073000 0.050000 0.116600
0.563213 0.303352 0.001100 0.000000
0.000000

0.000000 0.554059 8.869076
0.158706 0.017657 2.440751 14.295550 595.086426
0.000000 0.000817 0.003668 0.000000 0.000000 0.000000
0.000000 0.000001 0.000007
1.897121 0.650000 0.000000
764.299377 0.000000
0.000000 0.000000 0.000000 0.000000
0.000000 0.027806
11 0.015000 0.465000 0.003300
0.487000 0.580000 0.780000 0.490000 1.250000 6.700000 0.650000 0.650000
187500.000000 75.360001 0.084000
1.073000 0.050000 0.116600
0.563215 0.297598 0.001079 0.000000
0.000000

0.000000 0.513709 8.598742
0.158543 0.017640 2.440259 14.289940 595.086121
0.000000 0.000839 0.003790 0.000000 0.000000 0.000000
0.000000 0.000001 0.000008
2.009122 0.650000 0.000000
764.299377 0.000000
0.000000 0.000000 0.000000 0.000000
0.000000 0.027318
11 0.015000 0.480000 0.003300
0.487000 0.580000 0.780000 0.490000 1.250000 6.700000 0.650000 0.650000
187500.000000 75.360001 0.084000
1.073000 0.050000 0.116600
0.563223 0.293190 0.001063 0.000000
0.000000

0.000000 0.476308 8.348027
0.158387 0.017623 2.439807 14.284658 595.089966
0.000000 0.000849 0.003853 0.000000 0.000000 0.000000
0.000000 0.000001 0.000008
2.121797 0.650000 0.000000
764.299377 0.000000
0.000000 0.000000 0.000000 0.000000
0.000000 0.026951
11 0.015000 0.495000 0.003300
0.487000 0.580000 0.780000 0.490000 1.250000 6.700000 0.650000 0.650000
187500.000000 75.360001 0.084000
1.073000 0.050000 0.116600
0.563226 0.289934 0.001051 0.000000
0.000000

0.000000 0.441632 8.115458
0.158239 0.017607 2.439381 14.279790 595.095215
0.000000 0.000865 0.003954 0.000000 0.000000 0.000000
0.000000 0.000000 0.000009
2.234967 0.650000 0.000000
764.299377 0.000000
0.000000 0.000000 0.000000 0.000000
0.000000 0.026638
11 0.015000 0.510000 0.003300
0.487000 0.580000 0.780000 0.490000 1.250000 6.700000 0.650000 0.650000
187500.000000 75.360001 0.084000
1.073000 0.050000 0.116600
0.563228 0.287486 0.001042 0.000000
0.000000

0.000000 0.409485 4.332494
0.050210 0.005587 0.745585 4.363909 180.334213
0.000000 0.000469 0.002536 0.000000 0.000000 0.000000
0.000000 0.000001 0.000002
2.348462 0.650000 0.000000
764.299377 0.000000
0.000000 0.000000 0.000000 0.000000
0.000000 0.020385
11 0.015000 0.525000 0.001000
0.487000 0.580000 0.780000 0.490000 1.250000 6.700000 0.650000 0.650000
187500.000000 75.360001 0.084000
1.073000 0.050000 0.116600
0.170676 0.106811 0.000387 0.000000
0.000000

0.000000 0.379687 4.131513
0.050035 0.005568 0.745022 4.359990 180.336090
0.000000 0.000376 0.002498 0.000000 0.000000 0.000000
0.000000 0.000001 0.000003
2.462118 0.650000 0.000000
764.299377 0.000000
0.000000 0.000000 0.000000 0.000000
0.000000 0.018971
11 0.015000 0.540000 0.001000
0.487000 0.580000 0.780000 0.490000 1.250000 6.700000 0.650000 0.650000
187500.000000 75.360001 0.084000
1.073000 0.050000 0.116600
0.170677 0.101597 0.000368 0.000000
0.000000

0.000000 0.352059 3.945092
0.049870 0.005549 0.744497 4.356333 180.336166
0.000000 0.000321 0.002616 0.000000 0.000000 0.000000
0.000000 0.000000 0.000003
2.575778 0.650000 0.000000
764.299377 0.000000
0.000000 0.000000 0.000000 0.000000
0.000000 0.017856
11 0.015000 0.555000 0.001000
0.487000 0.580000 0.780000 0.490000 1.250000 6.700000 0.650000 0.650000
187500.000000 75.360001 0.084000
1.073000 0.050000 0.116600
0.170679 0.097731 0.000354 0.000000
0.000000

0.000000 0.326444 3.772177
0.049713 0.005532 0.744011 4.352909 180.336227
0.000000 0.000288 0.002687 0.000000 0.000000 0.000000
0.000000 0.000000 0.000003
2.689293 0.650000 0.000000
764.299377 0.000000
0.000000 0.000000 0.000000 0.000000
0.000000 0.017012
11 0.015000 0.570000 0.001000
0.487000 0.580000 0.780000 0.490000 1.250000 6.700000 0.650000 0.650000
187500.000000 75.360001 0.084000
1.073000 0.050000 0.116600
0.170679 0.094820 0.000343 0.000000
0.000000

0.000000 0.302695 3.611786
0.049564 0.005516 0.743558 4.349734 180.338333
0.000000 0.000270 0.002760 0.000000 0.000000 0.000000
0.000000 0.000000 0.000003
2.802522 0.650000 0.000000
764.299377 0.000000
0.000000 0.000000 0.000000 0.000000
0.000000 0.016341
11 0.015000 0.585000 0.001000
0.487000 0.580000 0.780000 0.490000 1.250000 6.700000 0.650000 0.650000
187500.000000 75.360001 0.084000
1.073000 0.050000 0.116600
0.170680 0.092611 0.000335 0.000000
0.000000

0.000000 0.280676 3.463018
0.049424 0.005500 0.743136 4.346784 180.338623
0.000000 0.000261 0.002870 0.000000 0.000000 0.000000
0.000000 0.000000 0.000004
2.915331 0.650000 0.000000
764.299377 0.000000
0.000000 0.000000 0.000000 0.000000
0.000000 0.015766
11 0.015000 0.600000 0.001000
0.487000 0.580000 0.780000 0.490000 1.250000 6.700000 0.650000 0.650000
187500.000000 75.360001 0.084000
1.073000 0.050000 0.116600
0.170681 0.090915 0.000329 0.000000
0.000000

0.000000 0.260260 3.325032
0.049291 0.005485 0.742746 4.344020 180.338669
0.000000 0.000257 0.003010 0.000000 0.000000 0.000000
0.000000 0.000000 0.000004
3.027595 0.650000 0.000000
764.299377 0.000000
0.000000 0.000000 0.000000 0.000000
0.000000 0.015242
11 0.015000 0.615000 0.001000
0.487000 0.580000 0.780000 0.490000 1.250000 6.700000 0.650000 0.650000
187500.000000 75.360001 0.084000
1.073000 0.050000 0.116600
0.170681 0.089599 0.000324 0.000000
0.000000

0.000000 0.241334 3.197048
0.049167 0.005472 0.742383 4.341446 180.338898
0.000000 0.000254 0.003131 0.000000 0.000000 0.000000
0.000000 0.000000 0.000004
3.139196 0.650000 0.000000
764.299377 0.000000
0.000000 0.000000 0.000000 0.000000
0.000000 0.014746
11 0.015000 0.630000 0.001000
0.487000 0.580000 0.780000 0.490000 1.250000 6.700000 0.650000 0.650000
187500.000000 75.360001 0.084000
1.073000 0.050000 0.116600
0.170683 0.088563 0.000321 0.000000
0.000000

0.000000 0.223789 3.078346
0.049049 0.005459 0.742046 4.339051 180.340546
0.000000 0.000252 0.003232 0.000000 0.000000 0.000000
0.000000 0.000000 0.000004
3.250026 0.650000 0.000000
764.299377 0.000000
0.000000 0.000000 0.000000 0.000000
0.000000 0.014269
11 0.015000 0.645000 0.001000
0.487000 0.580000 0.780000 0.490000 1.250000 6.700000 0.650000 0.650000
187500.000000 75.360001 0.084000
1.073000 0.050000 0.116600
0.170682 0.087735 0.000318 0.000000
0.000000

0.000000 0.207521 2.968239
0.048939 0.005447 0.741732 4.336809 180.340622
0.000000 0.000250 0.003353 0.000000 0.000000 0.000000
0.000000 0.000000 0.000004
3.359982 0.650000 0.000000
764.299377 0.000000
0.000000 0.000000 0.000000 0.000000
0.000000 0.013810
11 0.015000 0.660000 0.001000
0.487000 0.580000 0.780000 0.490000 1.250000 6.700000 0.650000 0.650000
187500.000000 75.360001 0.084000
1.073000 0.050000 0.116600
0.170684 0.087062 0.000315 0.000000
0.000000

0.000000 0.192437 2.866108
0.048835 0.005435 0.741442 4.334734 180.340866
0.000000 0.000249 0.003471 0.000000 0.000000 0.000000
0.000000 0.000000 0.000004
3.468974 0.650000 0.000000
764.299377 0.000000
0.000000 0.000000 0.000000 0.000000
0.000000 0.013372
11 0.015000 0.675000 0.001000
0.487000 0.580000 0.780000 0.490000 1.250000 6.700000 0.650000 0.650000
187500.000000 75.360001 0.084000
1.073000 0.050000 0.116600
0.170684 0.086509 0.000313 0.000000
0.000000

0.000000 0.178451 2.771384
0.048738 0.005424 0.741173 4.332797 180.341232
0.000000 0.000247 0.003556 0.000000 0.000000 0.000000
0.000000 0.000000 0.000004
3.576915 0.650000 0.000000
764.299377 0.000000
0.000000 0.000000 0.000000 0.000000
0.000000 0.012957
11 0.015000 0.690000 0.001000
0.487000 0.580000 0.780000 0.490000 1.250000 6.700000 0.650000 0.650000
187500.000000 75.360001 0.084000
1.073000 0.050000 0.116600
0.170685 0.086057 0.000312 0.000000
0.000000

0.000000 0.165484 2.683526
0.048647 0.005414 0.740922 4.330986 180.342926
0.000000 0.000246 0.003643 0.000000 0.000000 0.000000
0.000000 0.000000 0.000004
3.683729 0.650000 0.000000
764.299377 0.000000
0.000000 0.000000 0.000000 0.000000
0.000000 0.012568
11 0.015000 0.705000 0.001000
0.487000 0.580000 0.780000 0.490000 1.250000 6.700000 0.650000 0.650000
187500.000000 75.360001 0.084000
1.073000 0.050000 0.116600
0.170685 0.085686 0.000310 0.000000
0.000000

0.000000 0.153462 2.602039
0.048561 0.005405 0.740692 4.329292 180.343033
0.000000 0.000246 0.003739 0.000000 0.000000 0.000000
0.000000 0.000000 0.000004
3.789346 0.650000 0.000000
764.299377 0.000000
0.000000 0.000000 0.000000 0.000000
0.000000 0.012208
11 0.015000 0.720000 0.001000
0.487000 0.580000 0.780000 0.490000 1.250000 6.700000 0.650000 0.650000
187500.000000 75.360001 0.084000
1.073000 0.050000 0.116600
0.170686 0.085382 0.000309 0.000000
0.000000

0.000000 0.142315 2.526453
0.048482 0.005396 0.740479 4.327722 180.343079
0.000000 0.000247 0.003851 0.000000 0.000000 0.000000
0.000000 0.000000 0.000004
3.893704 0.650000 0.000000
764.299377 0.000000
0.000000 0.000000 0.000000 0.000000
0.000000 0.011876
11 0.015000 0.735000 0.001000
0.487000 0.580000 0.780000 0.490000 1.250000 6.700000 0.650000 0.650000
187500.000000 75.360001 0.084000
1.073000 0.050000 0.116600
0.170686 0.085132 0.000308 0.000000
0.000000

0.000000 0.131979 2.456352
0.048407 0.005388 0.740281 4.326252 180.343262
0.000000 0.000249 0.003943 0.000000 0.000000 0.000000
0.000000 0.000000 0.000005
3.996751 0.650000 0.000000
764.299377 0.000000
0.000000 0.000000 0.000000 0.000000
0.000000 0.011573
11 0.015000 0.750000 0.001000
0.487000 0.580000 0.780000 0.490000 1.250000 6.700000 0.650000 0.650000
187500.000000 75.360001 0.084000
1.073000 0.050000 0.116600
0.170687 0.084929 0.000307 0.000000
0.000000

0.000000 0.122395 2.391332
0.048338 0.005380 0.740098 4.324889 180.345123
0.000000 0.000250 0.004014 0.000000 0.000000 0.000000
0.000000 0.000000 0.000005
4.098437 0.650000 0.000000
764.299377 0.000000
0.000000 0.000000 0.000000 0.000000
0.000000 0.011296
11 0.015000 0.765000 0.001000
0.487000 0.580000 0.780000 0.490000 1.250000 6.700000 0.650000 0.650000
187500.000000 75.360001 0.084000
1.073000 0.050000 0.116600
0.170687 0.084764 0.000307 0.000000
0.000000

0.000000 0.113508 2.331033
0.048273 0.005373 0.739931 4.323617 180.345093
0.000000 0.000252 0.004083 0.000000 0.000000 0.000000
0.000000 0.000000 0.000005
4.198724 0.650000 0.000000
764.299377 0.000000
0.000000 0.000000 0.000000 0.000000
0.000000 0.011043
11 0.015000 0.779999 0.001000
0.487000 0.580000 0.780000 0.490000 1.250000 6.700000 0.650000 0.650000
187500.000000 75.360001 0.084000
1.073000 0.050000 0.116600
0.170688 0.084634 0.000306 0.000000
0.000000

0.000000 0.105268 2.275101
0.048213 0.005367 0.739778 4.322416 180.345490
0.000000 0.000255 0.004152 0.000000 0.000000 0.000000
0.000000 0.000000 0.000005
4.297577 0.650000 0.000000
764.299377 0.000000
0.000000 0.000000 0.000000 0.000000
0.000000 0.010814
11 0.015000 0.794999 0.001000
0.487000 0.580000 0.780000 0.490000 1.250000 6.700000 0.650000 0.650000
187500.000000 75.360001 0.084000
1.073000 0.050000 0.116600
0.170687 0.084533 0.000306 0.000000
0.000000

0.000000 0.097626 2.223219
0.048157 0.005360 0.739633 4.321323 180.345444
0.000000 0.000258 0.004229 0.000000 0.000000 0.000000
0.000000 0.000000 0.000005
4.394970 0.650000 0.000000
764.299377 0.000000
0.000000 0.000000 0.000000 0.000000
0.000000 0.010604
11 0.015000 0.809999 0.001000
0.487000 0.580000 0.780000 0.490000 1.250000 6.700000 0.650000 0.650000
187500.000000 75.360001 0.084000
1.073000 0.050000 0.116600
0.170689 0.084454 0.000306 0.000000
0.000000

0.000000 0.090540 2.175092
0.048104 0.005355 0.739498 4.320285 180.345291
0.000000 0.000261 0.004304 0.000000 0.000000 0.000000
0.000000 0.000000 0.000005
4.490880 0.650000 0.000000
764.299377 0.000000
0.000000 0.000000 0.000000 0.000000
0.000000 0.010414
11 0.015000 0.824999 0.001000
0.487000 0.580000 0.780000 0.490000 1.250000 6.700000 0.650000 0.650000
187500.000000 75.360001 0.084000
1.073000 0.050000 0.116600
0.170688 0.084392 0.000306 0.000000
0.000000

0.000000 0.083970 2.130458
0.048056 0.005349 0.739375 4.319320 180.347336
0.000000 0.000262 0.004342 0.000000 0.000000 0.000000
0.000000 0.000000 0.000005
4.585292 0.650000 0.000000
764.299377 0.000000
0.000000 0.000000 0.000000 0.000000
0.000000 0.010242
11 0.015000 0.839999 0.001000
0.487000 0.580000 0.780000 0.490000 1.250000 6.700000 0.650000 0.650000
187500.000000 75.360001 0.084000
1.073000 0.050000 0.116600
0.170689 0.084343 0.000305 0.000000
0.000000

0.000000 0.077877 2.089053
0.048011 0.005345 0.739260 4.318430 180.347443
0.000000 0.000265 0.004395 0.000000 0.000000 0.000000
0.000000 0.000000 0.000005
4.678196 0.650000 0.000000
764.299377 0.000000
0.000000 0.000000 0.000000 0.000000
0.000000 0.010085
11 0.015000 0.854999 0.001000
0.487000 0.580000 0.780000 0.490000 1.250000 6.700000 0.650000 0.650000
187500.000000 75.360001 0.084000
1.073000 0.050000 0.116600
0.170690 0.084303 0.000305 0.000000
0.000000

0.000000 0.000000 1.556400
0.047228 0.005258 0.737393 4.307288 180.347382
0.000000 0.000442 0.008389 0.000000 0.000000 0.000000
0.000000 0.000000 0.000005
4.769588 0.650000 0.000000
764.299377 0.000000
0.000000 0.000000 0.000000 0.000000
0.000000 0.008711
11 0.015000 0.869999 0.001000
0.487000 0.580000 0.780000 0.490000 1.250000 6.700000 0.650000 0.650000
187500.000000 75.360001 0.084000
1.073000 0.050000 0.116600
0.170689 0.084266 0.000305 0.000000
0.000000

0.000000 0.000000 1.556525
0.047239 0.005259 0.737418 4.307229 180.347275
0.000000 0.000478 0.008381 0.000000 0.000000 0.000000
0.000000 0.000000 0.000005
4.859466 0.650000 0.000000
764.299377 0.000000
0.000000 0.000000 0.000000 0.000000
0.000000 0.008479
11 0.015000 0.884999 0.001000
0.487000 0.580000 0.780000 0.490000 1.250000 6.700000 0.650000 0.650000
187500.000000 75.360001 0.084000
1.073000 0.050000 0.116600
0.170691 0.084240 0.000305 0.000000
0.000000

0.000000 0.000000 1.556644
0.047249 0.005260 0.737441 4.307189 180.347443
0.000000 0.000501 0.008376 0.000000 0.000000 0.000000
0.000000 0.000000 0.000005
4.947835 0.650000 0.000000
764.299377 0.000000
0.000000 0.000000 0.000000 0.000000
0.000000 0.008327
11 0.015000 0.899999 0.001000
0.487000 0.580000 0.780000 0.490000 1.250000 6.700000 0.650000 0.650000
187500.000000 75.360001 0.084000
1.073000 0.050000 0.116600
0.170690 0.084219 0.000305 0.000000
0.000000

0.000000 0.000000 1.556754
0.047259 0.005261 0.737464 4.307148 180.349121
0.000000 0.000512 0.008334 0.000000 0.000000 0.000000
0.000000 0.000000 0.000005
5.034704 0.650000 0.000000
764.299377 0.000000
0.000000 0.000000 0.000000 0.000000
0.000000 0.008246
11 0.015000 0.914999 0.001000
0.487000 0.580000 0.780000 0.490000 1.250000 6.700000 0.650000 0.650000
187500.000000 75.360001 0.084000
1.073000 0.050000 0.116600
0.170691 0.084203 0.000305 0.000000
0.000000

0.000000 0.000000 1.556854
0.047269 0.005262 0.737484 4.307107 180.349228
0.000000 0.000520 0.008362 0.000000 0.000000 0.000000
0.000000 0.000000 0.000005
5.120085 0.650000 0.000000
764.299377 0.000000
0.000000 0.000000 0.000000 0.000000
0.000000 0.008209
11 0.015000 0.929999 0.001000
0.487000 0.580000 0.780000 0.490000 1.250000 6.700000 0.650000 0.650000
187500.000000 75.360001 0.084000
1.073000 0.050000 0.116600
0.170691 0.084192 0.000305 0.000000
0.000000

0.000000 0.000000 1.556947
0.047279 0.005264 0.737502 4.307054 180.349152
0.000000 0.000526 0.008400 0.000000 0.000000 0.000000
0.000000 0.000000 0.000006
5.203993 0.650000 0.000000
764.299377 0.000000
0.000000 0.000000 0.000000 0.000000
0.000000 0.008200
11 0.015000 0.944999 0.001000
0.487000 0.580000 0.780000 0.490000 1.250000 6.700000 0.650000 0.650000
187500.000000 75.360001 0.084000
1.073000 0.050000 0.116600
0.170691 0.084183 0.000305 0.000000
0.000000

0.000000 0.000000 1.557036
0.047289 0.005265 0.737520 4.307017 180.349396
0.000000 0.000531 0.008438 0.000000 0.000000 0.000000
0.000000 0.000000 0.000006
5.286448 0.650000 0.000000
764.299377 0.000000
0.000000 0.000000 0.000000 0.000000
0.000000 0.008205
11 0.015000 0.959999 0.001000
0.487000 0.580000 0.780000 0.490000 1.250000 6.700000 0.650000 0.650000
187500.000000 75.360001 0.084000
1.073000 0.050000 0.116600
0.170692 0.084177 0.000305 0.000000
0.000000

0.000000 0.000000 1.557118
0.047298 0.005266 0.737537 4.306990 180.349075
0.000000 0.000538 0.008526 0.000000 0.000000 0.000000
0.000000 0.000000 0.000006
5.367471 0.650000 0.000000
764.299377 0.000000
0.000000 0.000000 0.000000 0.000000
0.000000 0.008221
11 0.015000 0.974999 0.001000
0.487000 0.580000 0.780000 0.490000 1.250000 6.700000 0.650000 0.650000
187500.000000 75.360001 0.084000
1.073000 0.050000 0.116600
0.170692 0.084172 0.000305 0.000000
0.000000

0.000000 0.000000 1.557192
0.047307 0.005267 0.737550 4.306953 180.349319
0.000000 0.000545 0.008589 0.000000 0.000000 0.000000
0.000000 0.000000 0.000006
5.447087 0.650000 0.000000
764.299377 0.000000
0.000000 0.000000 0.000000 0.000000
0.000000 0.008244
11 0.015000 0.989999 0.001000
0.487000 0.580000 0.780000 0.490000 1.250000 6.700000 0.650000 0.650000
187500.000000 75.360001 0.084000
1.073000 0.050000 0.116600
0.170691 0.084169 0.000305 0.000000
0.000000

0.000000 0.000000 1.557262
0.047317 0.005268 0.737564 4.306914 180.350784
0.000000 0.000548 0.008588 0.000000 0.000000 0.000000
0.000000 0.000000 0.000006
5.525322 0.650000 0.000000
764.299377 0.000000
0.000000 0.000000 0.000000 0.000000
0.000000 0.008273
11 0.015000 1.004999 0.001000
0.487000 0.580000 0.780000 0.490000 1.250000 6.700000 0.650000 0.650000
187500.000000 75.360001 0.084000
1.073000 0.050000 0.116600
0.170692 0.084166 0.000305 0.000000
0.000000

0.000000 0.000000 1.557327
0.047326 0.005269 0.737576 4.306882 180.350967
0.000000 0.000554 0.008656 0.000000 0.000000 0.000000
0.000000 0.000000 0.000006
5.602207 0.650000 0.000000
764.299377 0.000000
0.000000 0.000000 0.000000 0.000000
0.000000 0.008309
11 0.015000 1.019999 0.001000
0.487000 0.580000 0.780000 0.490000 1.250000 6.700000 0.650000 0.650000
187500.000000 75.360001 0.084000
1.073000 0.050000 0.116600
0.170692 0.084164 0.000305 0.000000
0.000000

0.000000 0.000000 1.557384
0.047335 0.005270 0.737586 4.306859 180.350998
0.000000 0.000558 0.008693 0.000000 0.000000 0.000000
0.000000 0.000000 0.000006
5.677771 0.650000 0.000000
764.299377 0.000000
0.000000 0.000000 0.000000 0.000000
0.000000 0.008351
11 0.015000 1.034999 0.001000
0.487000 0.580000 0.780000 0.490000 1.250000 6.700000 0.650000 0.650000
187500.000000 75.360001 0.084000
1.073000 0.050000 0.116600
0.170691 0.084163 0.000305 0.000000
0.000000

0.000000 0.000000 1.557436
0.047344 0.005271 0.737595 4.306844 180.351013
0.000000 0.000562 0.008729 0.000000 0.000000 0.000000
0.000000 0.000000 0.000006
5.752048 0.650000 0.000000
764.299377 0.000000
0.000000 0.000000 0.000000 0.000000
0.000000 0.008400
11 0.015000 1.049999 0.001000
0.487000 0.580000 0.780000 0.490000 1.250000 6.700000 0.650000 0.650000
187500.000000 75.360001 0.084000
1.073000 0.050000 0.116600
0.170693 0.084162 0.000305 0.000000
0.000000

0.000000 0.000000 1.557484
0.047352 0.005272 0.737605 4.306800 180.351120
0.000000 0.000566 0.008759 0.000000 0.000000 0.000000
0.000000 0.000000 0.000006
5.825068 0.650000 0.000000
764.299377 0.000000
0.000000 0.000000 0.000000 0.000000
0.000000 0.008455
11 0.015000 1.064999 0.001000
0.487000 0.580000 0.780000 0.490000 1.250000 6.700000 0.650000 0.650000
187500.000000 75.360001 0.084000
1.073000 0.050000 0.116600
0.170693 0.084161 0.000305 0.000000
0.000000

0.000000 0.000000 1.557523
0.047361 0.005273 0.737613 4.306785 180.351166
0.000000 0.006353 0.008802 0.000000 0.000000 0.000000
0.000000 0.000006 0.000001
5.896870 0.650000 0.000000
764.299377 0.000000
0.000000 0.000000 0.000000 0.000000
0.000000 0.008516
11 0.015000 1.079999 0.001000
0.487000 0.580000 0.780000 0.490000 1.250000 6.700000 0.650000 0.650000
187500.000000 75.360001 0.084000
1.073000 0.050000 0.116600
0.170692 0.084160 0.000305 0.000000
0.000000

0.000000 0.000000 1.558846
0.046880 0.005216 0.737980 4.306845 180.351486
0.000000 0.014357 0.009004 0.000000 0.000000 0.000000
0.000000 0.000015 0.000001
5.961872 0.916244 0.000000
764.299377 0.000000
0.000000 0.000000 0.000000 0.000000
0.000000 0.015525
11 0.015000 1.094999 0.001000
0.487000 0.580000 0.780000 0.490000 1.250000 6.700000 0.650000 0.650000
187500.000000 75.360001 0.084000
1.073000 0.050000 0.116600
0.170696 0.084531 0.000431 0.000000
0.000000

0.000000 0.000000 1.561773
0.046464 0.005167 0.738685 4.306346 180.353836
0.000000 0.010531 0.009022 0.000000 0.000000 0.000000
0.000000 0.000017 0.000002
6.019572 1.000000 0.000000
764.299377 0.000000
0.000000 0.000000 0.000000 0.000000
0.000000 0.010263
11 0.015000 1.109999 0.001000
0.487000 0.580000 0.780000 0.490000 1.250000 6.700000 0.650000 0.650000
187500.000000 75.360001 0.084000
1.073000 0.050000 0.116600
0.170703 0.084384 0.000470 0.000000
0.000000

0.000000 0.000000 1.561847
0.046466 0.005167 0.738701 4.306310 180.353760
0.000000 0.019179 0.009009 0.000000 0.000000 0.000000
0.000000 0.000014 0.000001
6.074809 1.000000 0.000000
764.299377 0.000000
0.000000 0.000000 0.000000 0.000000
0.000000 0.016475
11 0.015000 1.124999 0.001000
0.487000 0.580000 0.780000 0.490000 1.250000 6.700000 0.650000 0.650000
187500.000000 75.360001 0.084000
1.073000 0.050000 0.116600
0.170703 0.084691 0.000472 0.000000
0.000000

0.000000 0.000000 1.561901
0.046468 0.005167 0.738711 4.306287 180.353699
0.000000 0.021278 0.008987 0.000000 0.000000 0.000000
0.000000 0.000013 0.000001
6.128802 1.000000 0.000000
764.299377 0.000000
0.000000 0.000000 0.000000 0.000000
0.000000 0.017440
11 0.015000 1.139999 0.001000
0.487000 0.580000 0.780000 0.490000 1.250000 6.700000 0.650000 0.650000
187500.000000 75.360001 0.084000
1.073000 0.050000 0.116600
0.170703 0.084632 0.000471 0.000000
0.000000

0.000000 0.000000 1.561951
0.046471 0.005168 0.738723 4.306277 180.353592
0.000000 0.024285 0.008957 0.000000 0.000000 0.000000
0.000000 0.000012 0.000001
6.181585 1.000000 0.000000
764.299377 0.000000
0.000000 0.000000 0.000000 0.000000
0.000000 0.021157
11 0.015000 1.154999 0.001000
0.487000 0.580000 0.780000 0.490000 1.250000 6.700000 0.650000 0.650000
187500.000000 75.360001 0.084000
1.073000 0.050000 0.116600
0.170704 0.084733 0.000472 0.000000
0.000000

0.000000 0.000000 1.562614
0.046473 0.005168 0.738866 4.306069 180.353912
0.000000 0.013304 0.009038 0.000000 0.000000 0.000000
0.000000 0.000019 0.000002
6.233193 1.000000 0.000000
764.299377 0.000000
0.000000 0.000000 0.000000 0.000000
0.000000 0.021850
11 0.015000 1.169999 0.001000
0.487000 0.580000 0.780000 0.490000 1.250000 6.700000 0.650000 0.650000
187500.000000 75.360001 0.084000
1.073000 0.050000 0.116600
0.170705 0.084718 0.000472 0.000000
0.000000

0.000000 0.000000 1.564005
0.046474 0.005168 0.739168 4.305633 180.354370
0.000000 0.011888 0.008939 0.000000 0.000000 0.000000
0.000000 0.000019 0.000002
6.283662 1.000000 0.000000
764.299377 0.000000
0.000000 0.000000 0.000000 0.000000
0.000000 0.017263
11 0.015000 1.184999 0.001000
0.487000 0.580000 0.780000 0.490000 1.250000 6.700000 0.650000 0.650000
187500.000000 75.360001 0.084000
1.073000 0.050000 0.116600
0.170708 0.084467 0.000470 0.000000
0.000000

0.000000 0.000000 1.564050
0.046476 0.005168 0.739178 4.305605 180.354340
0.000000 0.018620 0.008892 0.000000 0.000000 0.000000
0.000000 0.000016 0.000001
6.333024 1.000000 0.000000
764.299377 0.000000
0.000000 0.000000 0.000000 0.000000
0.000000 0.023134
11 0.015000 1.199999 0.001000
0.487000 0.580000 0.780000 0.490000 1.250000 6.700000 0.650000 0.650000
187500.000000 75.360001 0.084000
1.073000 0.050000 0.116600
0.170708 0.084653 0.000471 0.000000
0.000000

0.000000 0.000000 1.564090
0.046479 0.005169 0.739185 4.305599 180.354263
0.000000 0.019337 0.008865 0.000000 0.000000 0.000000
0.000000 0.000016 0.000001
6.381314 1.000000 0.000000
764.299377 0.000000
0.000000 0.000000 0.000000 0.000000
0.000000 0.021524
11 0.015000 1.214999 0.001000
0.487000 0.580000 0.780000 0.490000 1.250000 6.700000 0.650000 0.650000
187500.000000 75.360001 0.084000
1.073000 0.050000 0.116600
0.170709 0.084610 0.000471 0.000000
0.000000

0.000000 0.000000 1.564123
0.046481 0.005169 0.739192 4.305586 180.355774
0.000000 0.025211 0.008750 0.000000 0.000000 0.000000
0.000000 0.000013 0.000001
6.428566 1.000000 0.000000
764.299377 0.000000
0.000000 0.000000 0.000000 0.000000
0.000000 0.023520
11 0.015000 1.229999 0.001000
0.487000 0.580000 0.780000 0.490000 1.250000 6.700000 0.650000 0.650000
187500.000000 75.360001 0.084000
1.073000 0.050000 0.116600
0.170708 0.084685 0.000472 0.000000
0.000000

0.000000 0.000000 1.564152
0.046483 0.005169 0.739197 4.305579 180.355835
0.000000 0.035659 0.008715 0.000000 0.000000 0.000000
0.000000 0.000010 0.000001
6.474810 1.000000 0.000000
764.299377 0.000000
0.000000 0.000000 0.000000 0.000000
0.000000 0.025968
11 0.015000 1.244999 0.001000
0.487000 0.580000 0.780000 0.490000 1.250000 6.700000 0.650000 0.650000
187500.000000 75.360001 0.084000
1.073000 0.050000 0.116600
0.170708 0.084769 0.000472 0.000000
0.000000

0.000000 0.000000 1.564174
0.046485 0.005169 0.739201 4.305567 180.355927
0.000000 0.058668 0.008721 0.000000 0.000000 0.000000
0.000000 0.000007 0.000000
6.520081 1.000000 0.000000
764.299377 0.000000
0.000000 0.000000 0.000000 0.000000
0.000000 0.036392
11 0.015000 1.259999 0.001000
0.487000 0.580000 0.780000 0.490000 1.250000 6.700000 0.650000 0.650000
187500.000000 75.360001 0.084000
1.073000 0.050000 0.116600
0.170709 0.085084 0.000474 0.000000
0.000000

0.000000 0.000000 1.564337
0.046487 0.005170 0.739236 4.305513 180.355896
0.000000 0.037570 0.008800 0.000000 0.000000 0.000000
0.000000 0.000010 0.000000
6.564407 1.000000 0.000000
764.299377 0.000000
0.000000 0.000000 0.000000 0.000000
0.000000 0.037001
11 0.015000 1.274999 0.001000
0.487000 0.580000 0.780000 0.490000 1.250000 6.700000 0.650000 0.650000
187500.000000 75.360001 0.084000
1.073000 0.050000 0.116600
0.170710 0.085042 0.000474 0.000000
0.000000

0.000000 0.000000 1.565478
0.046489 0.005170 0.739483 4.305169 180.356140
0.000000 0.023022 0.008824 0.000000 0.000000 0.000000
0.000000 0.000015 0.000001
6.607821 1.000000 0.000000
764.299377 0.000000
0.000000 0.000000 0.000000 0.000000
0.000000 0.037012
11 0.015000 1.289999 0.001000
0.487000 0.580000 0.780000 0.490000 1.250000 6.700000 0.650000 0.650000
187500.000000 75.360001 0.084000
1.073000 0.050000 0.116600
0.170712 0.085049 0.000474 0.000000
0.000000

0.000000 0.000000 1.566796
0.046490 0.005170 0.739770 4.304759 180.356796
0.000000 0.013788 0.008726 0.000000 0.000000 0.000000
0.000000 0.000021 0.000002
6.650351 1.000000 0.000000
764.299377 0.000000
0.000000 0.000000 0.000000 0.000000
0.000000 0.031636
11 0.015000 1.304999 0.001000
0.487000 0.580000 0.780000 0.490000 1.250000 6.700000 0.650000 0.650000
187500.000000 75.360001 0.084000
1.073000 0.050000 0.116600
0.170714 0.084944 0.000473 0.000000
0.000000

0.000000 0.000000 1.567181
0.046492 0.005170 0.739852 4.304643 180.356842
0.000000 0.025005 0.008721 0.000000 0.000000 0.000000
0.000000 0.000015 0.000001
6.692026 1.000000 0.000000
764.299377 0.000000
0.000000 0.000000 0.000000 0.000000
0.000000 0.044711
11 0.015000 1.319999 0.001000
0.487000 0.580000 0.780000 0.490000 1.250000 6.700000 0.650000 0.650000
187500.000000 75.360001 0.084000
1.073000 0.050000 0.116600
0.170716 0.085058 0.000474 0.000000
0.000000

0.000000 0.000000 1.567267
0.046494 0.005171 0.739870 4.304607 180.356674
0.000000 0.030425 0.008705 0.000000 0.000000 0.000000
0.000000 0.000013 0.000001
6.732872 1.000000 0.000000
764.299377 0.000000
0.000000 0.000000 0.000000 0.000000
0.000000 0.047721
11 0.015000 1.334999 0.001000
0.487000 0.580000 0.780000 0.490000 1.250000 6.700000 0.650000 0.650000
187500.000000 75.360001 0.084000
1.073000 0.050000 0.116600
0.170717 0.084974 0.000473 0.000000
0.000000

0.000000 0.000000 1.567276
0.046495 0.005171 0.739871 4.304594 180.358047
0.000000 0.042846 0.008659 0.000000 0.000000 0.000000
0.000000 0.000010 0.000000
6.772917 1.000000 0.000000
764.299377 0.000000
0.000000 0.000000 0.000000 0.000000
0.000000 0.058343
11 0.015000 1.349999 0.001000
0.487000 0.580000 0.780000 0.490000 1.250000 6.700000 0.650000 0.650000
187500.000000 75.360001 0.084000
1.073000 0.050000 0.116600
0.170716 0.085071 0.000474 0.000000
0.000000

0.000000 0.000000 1.567319
0.046497 0.005171 0.739880 4.304577 180.357941
0.000000 0.064047 0.008696 0.000000 0.000000 0.000000
0.000000 0.000007 0.000000
6.812186 1.000000 0.000000
764.299377 0.000000
0.000000 0.000000 0.000000 0.000000
0.000000 0.072421
11 0.015000 1.364999 0.001000
0.487000 0.580000 0.780000 0.490000 1.250000 6.700000 0.650000 0.650000
187500.000000 75.360001 0.084000
1.073000 0.050000 0.116600
0.170716 0.085180 0.000474 0.000000
0.000000

0.000000 0.000000 1.567745
0.046499 0.005171 0.739972 4.304433 180.358078
0.000000 0.082253 0.009015 0.000000 0.000000 0.000000
0.000000 0.000006 0.000000
6.850703 1.000000 0.000000
764.299377 0.000000
0.000000 0.000000 0.000000 0.000000
0.000000 0.102751
11 0.015000 1.379999 0.001000
0.487000 0.580000 0.780000 0.490000 1.250000 6.700000 0.650000 0.650000
187500.000000 75.360001 0.084000
1.073000 0.050000 0.116600
0.170718 0.085377 0.000475 0.000000
0.000000

0.000000 0.000000 1.571496
0.046499 0.005171 0.740786 4.303270 180.359711
0.000000 0.046335 0.008806 0.000000 0.000000 0.000000
0.000000 0.000009 0.000000
6.888493 1.000000 0.000000
764.299377 0.000000
0.000000 0.000000 0.000000 0.000000
0.000000 0.079518
11 0.015000 1.394999 0.001000
0.487000 0.580000 0.780000 0.490000 1.250000 6.700000 0.650000 0.650000
187500.000000 75.360001 0.084000
1.073000 0.050000 0.116600
0.170727 0.085136 0.000474 0.000000
0.000000

0.000000 0.000000 1.571727
0.046501 0.005171 0.740836 4.303203 180.359802
0.000000 0.064818 0.008850 0.000000 0.000000 0.000000
0.000000 0.000007 0.000000
6.925577 1.000000 0.000000
764.299377 0.000000
0.000000 0.000000 0.000000 0.000000
0.000000 0.111259
11 0.015000 1.409999 0.001000
0.487000 0.580000 0.780000 0.490000 1.250000 6.700000 0.650000 0.650000
187500.000000 75.360001 0.084000
1.073000 0.050000 0.116600
0.170727 0.085375 0.000475 0.000000
0.000000

0.000000 0.000000 1.572669
0.046502 0.005172 0.741039 4.302906 180.360199
0.000000 0.065683 0.008825 0.000000 0.000000 0.000000
0.000000 0.000007 0.000000
6.961977 1.000000 0.000000
764.299377 0.000000
0.000000 0.000000 0.000000 0.000000
0.000000 0.098560
11 0.015000 1.424999 0.001000
0.487000 0.580000 0.780000 0.490000 1.250000 6.700000 0.650000 0.650000
187500.000000 75.360001 0.084000
1.073000 0.050000 0.116600
0.170728 0.085115 0.000474 0.000000
0.000000

0.000000 0.000000 1.573133
0.046503 0.005172 0.741139 4.302750 180.360382
0.000000 0.134574 0.008832 0.000000 0.000000 0.000000
0.000000 0.000004 0.000000
6.997713 1.000000 0.000000
764.299377 0.000000
0.000000 0.000000 0.000000 0.000000
0.000000 0.175813
11 0.015000 1.439999 0.001000
0.487000 0.580000 0.780000 0.490000 1.250000 6.700000 0.650000 0.650000
187500.000000 75.360001 0.084000
1.073000 0.050000 0.116600
0.170730 0.085163 0.000474 0.000000
0.000000

0.000000 0.000000 1.573128
0.046505 0.005172 0.741137 4.302759 180.360382
0.000000 0.152332 0.008824 0.000000 0.000000 0.000000
0.000000 0.000003 0.000000
7.032804 1.000000 0.000000
764.299377 0.000000
0.000000 0.000000 0.000000 0.000000
0.000000 0.185758
11 0.015000 1.454999 0.001000
0.487000 0.580000 0.780000 0.490000 1.250000 6.700000 0.650000 0.650000
187500.000000 75.360001 0.084000
1.073000 0.050000 0.116600
0.170731 0.085118 0.000474 0.000000
0.000000

0.000000 0.000000 1.573121
0.046506 0.005172 0.741134 4.302743 180.360275
0.000000 0.211291 0.008842 0.000000 0.000000 0.000000
0.000000 0.000002 0.000000
7.067270 1.000000 0.000000
764.299377 0.000000
0.000000 0.000000 0.000000 0.000000
0.000000 0.231314
11 0.015000 1.469999 0.001000
0.487000 0.580000 0.780000 0.490000 1.250000 6.700000 0.650000 0.650000
187500.000000 75.360001 0.084000
1.073000 0.050000 0.116600
0.170731 0.085197 0.000474 0.000000
0.000000

0.000000 0.000000 1.573107
0.046508 0.005172 0.741131 4.302749 180.360352
0.000000 0.315170 0.008850 0.000000 0.000000 0.000000
0.000000 0.000002 0.000000
7.101128 1.000000 0.000000
764.299377 0.000000
0.000000 0.000000 0.000000 0.000000
0.000000 0.288772
11 0.015000 1.484999 0.001000
0.487000 0.580000 0.780000 0.490000 1.250000 6.700000 0.650000 0.650000
187500.000000 75.360001 0.084000
1.073000 0.050000 0.116600
0.170730 0.085287 0.000475 0.000000
0.000000

0.000000 0.000000 1.573094
0.046510 0.005172 0.741127 4.302756 180.361206
0.000000 0.538911 0.008853 0.000000 0.000000 0.000000
0.000000 0.000001 0.000000
7.134395 1.000000 0.000000
764.299377 0.000000
0.000000 0.000000 0.000000 0.000000
0.000000 0.459211
11 0.015000 1.499999 0.001000
0.487000 0.580000 0.780000 0.490000 1.250000 6.700000 0.650000 0.650000
187500.000000 75.360001 0.084000
1.073000 0.050000 0.116600
0.170729 0.085621 0.000477 0.000000
0.000000

0.000000 0.000000 1.573409
0.046511 0.005173 0.741195 4.302652 180.360947
0.000000 0.561982 0.008864 0.000000 0.000000 0.000000
0.000000 0.000001 0.000000
7.167085 1.000000 0.000000
764.299377 0.000000
0.000000 0.000000 0.000000 0.000000
0.000000 0.454876
11 0.015000 1.514999 0.001000
0.487000 0.580000 0.780000 0.490000 1.250000 6.700000 0.650000 0.650000
187500.000000 75.360001 0.084000
1.073000 0.050000 0.116600
0.170731 0.085363 0.000475 0.000000
0.000000

0.000000 0.000000 1.573582
0.046512 0.005173 0.741231 4.302590 180.360733
0.000000 0.761771 0.010314 0.000000 0.000000 0.000000
0.000000 0.000001 0.000000
7.199216 1.000000 0.000000
764.299377 0.000000
0.000000 0.000000 0.000000 0.000000
0.000000 0.595320
11 0.015000 1.529999 0.001000
0.487000 0.580000 0.780000 0.490000 1.250000 6.700000 0.650000 0.650000
187500.000000 75.360001 0.084000
1.073000 0.050000 0.116600
0.170732 0.085465 0.000476 0.000000
0.000000

0.000000 0.000000 1.583175
0.046510 0.005172 0.743305 4.299642 180.366562
0.000000 0.365786 0.012485 0.000000 0.000000 0.000000
0.000000 0.000002 0.000000
7.230800 1.000000 0.000000
764.299377 0.000000
0.000000 0.000000 0.000000 0.000000
0.000000 0.654581
11 0.015000 1.544999 0.001000
0.487000 0.580000 0.780000 0.490000 1.250000 6.700000 0.650000 0.650000
187500.000000 75.360001 0.084000
1.073000 0.050000 0.116600
0.170755 0.085550 0.000476 0.000000
0.000000

0.000000 0.000000 1.616777
0.046496 0.005171 0.750490 4.289260 180.396332
0.000000 0.099677 0.009287 0.000000 0.000000 0.000000
0.000000 0.000005 0.000000
7.261852 1.000000 0.000000
764.299377 0.000000
0.000000 0.000000 0.000000 0.000000
0.000000 0.455976
11 0.015000 1.559999 0.001000
0.487000 0.580000 0.780000 0.490000 1.250000 6.700000 0.650000 0.650000
187500.000000 75.360001 0.084000
1.073000 0.050000 0.116600
0.170834 0.085254 0.000475 0.000000
0.000000

0.000000 0.000000 1.616772
0.046498 0.005171 0.750488 4.289259 180.396149
0.000000 0.139803 0.009330 0.000000 0.000000 0.000000
0.000000 0.000004 0.000000
7.292383 1.000000 0.000000
764.299377 0.000000
0.000000 0.000000 0.000000 0.000000
0.000000 0.547583
11 0.015000 1.574999 0.001000
0.487000 0.580000 0.780000 0.490000 1.250000 6.700000 0.650000 0.650000
187500.000000 75.360001 0.084000
1.073000 0.050000 0.116600
0.170834 0.085337 0.000475 0.000000
0.000000

0.000000 0.000000 1.616783
0.046499 0.005171 0.750489 4.289259 180.396225
0.000000 0.206703 0.009345 0.000000 0.000000 0.000000
0.000000 0.000003 0.000000
7.322406 1.000000 0.000000
764.299377 0.000000
0.000000 0.000000 0.000000 0.000000
0.000000 0.659473
11 0.015000 1.589999 0.001000
0.487000 0.580000 0.780000 0.490000 1.250000 6.700000 0.650000 0.650000
187500.000000 75.360001 0.084000
1.073000 0.050000 0.116600
0.170834 0.085431 0.000476 0.000000
0.000000

0.000000 0.000000 1.616829
0.046500 0.005171 0.750500 4.289234 180.396301
0.000000 0.358748 0.010280 0.000000 0.000000 0.000000
0.000000 0.000002 0.000000
7.351933 1.000000 0.000000
764.299377 0.000000
0.000000 0.000000 0.000000 0.000000
0.000000 0.903992
11 0.015000 1.604999 0.001000
0.487000 0.580000 0.780000 0.490000 1.250000 6.700000 0.650000 0.650000
187500.000000 75.360001 0.084000
1.073000 0.050000 0.116600
0.170835 0.085688 0.000477 0.000000
0.000000

0.000000 0.000000 1.617291
0.046502 0.005172 0.750597 4.289096 180.396713
0.000000 0.486113 0.011603 0.000000 0.000000 0.000000
0.000000 0.000001 0.000000
7.380972 1.000000 0.000000
764.299377 0.000000
0.000000 0.000000 0.000000 0.000000
0.000000 0.831782
11 0.015000 1.619999 0.001000
0.487000 0.580000 0.780000 0.490000 1.250000 6.700000 0.650000 0.650000
187500.000000 75.360001 0.084000
1.073000 0.050000 0.116600
0.170836 0.085522 0.000476 0.000000
0.000000

0.000000 0.000000 1.638661
0.046493 0.005171 0.755100 4.282500 180.419876
0.000000 0.830053 0.009517 0.000000 0.000000 0.000000
0.000000 0.000001 0.000000
7.409536 1.000000 0.000000
764.299377 0.000000
0.000000 0.000000 0.000000 0.000000
0.000000 0.453268
11 0.015000 1.634999 0.001000
0.487000 0.580000 0.780000 0.490000 1.250000 6.700000 0.650000 0.650000
187500.000000 75.360001 0.084000
1.073000 0.050000 0.116600
0.170885 0.085541 0.000476 0.000000
0.000000

0.000000 0.000000 1.639151
0.046494 0.005171 0.755202 4.282344 180.420380
0.000000 1.049196 0.009501 0.000000 0.000000 0.000000
0.000000 0.000001 0.000000
7.437633 1.000000 0.000000
764.299377 0.000000
0.000000 0.000000 0.000000 0.000000
0.000000 0.462247
11 0.015000 1.649999 0.001000
0.487000 0.580000 0.780000 0.490000 1.250000 6.700000 0.650000 0.650000
187500.000000 75.360001 0.084000
1.073000 0.050000 0.116600
0.170886 0.085422 0.000476 0.000000
0.000000

0.000000 0.000000 1.639225
0.046495 0.005171 0.755217 4.282323 180.420395
0.000000 1.567372 0.009543 0.000000 0.000000 0.000000
0.000000 0.000000 0.000000
7.465272 1.000000 0.000000
764.299377 0.000000
0.000000 0.000000 0.000000 0.000000
0.000000 0.490469
11 0.015000 1.664999 0.001000
0.487000 0.580000 0.780000 0.490000 1.250000 6.700000 0.650000 0.650000
187500.000000 75.360001 0.084000
1.073000 0.050000 0.116600
0.170886 0.085512 0.000476 0.000000
0.000000

0.000000 0.000000 1.639299
0.046496 0.005171 0.755233 4.282298 180.420410
0.000000 3.061991 0.009742 0.000000 0.000000 0.000000
0.000000 0.000000 0.000000
7.492462 1.000000 0.000000
764.299377 0.000000
0.000000 0.000000 0.000000 0.000000
0.000000 0.572639
11 0.015000 1.679999 0.001000
0.487000 0.580000 0.780000 0.490000 1.250000 6.700000 0.650000 0.650000
187500.000000 75.360001 0.084000
1.073000 0.050000 0.116600
0.170887 0.085845 0.000478 0.000000
0.000000

0.000000 0.000000 1.639874
0.046497 0.005171 0.755353 4.282114 180.420929
0.000000 4.262701 0.009821 0.000000 0.000000 0.000000
0.000000 0.000000 0.000000
7.519209 1.000000 0.000000
764.299377 0.000000
0.000000 0.000000 0.000000 0.000000
0.000000 0.552192
11 0.015000 1.694999 0.001000
0.487000 0.580000 0.780000 0.490000 1.250000 6.700000 0.650000 0.650000
187500.000000 75.360001 0.084000
1.073000 0.050000 0.116600
0.170888 0.085617 0.000477 0.000000
0.000000

0.000000 0.000000 1.641271
0.046498 0.005171 0.755645 4.281682 180.422363
0.000000 6.501360 0.009895 0.000000 0.000000 0.000000
0.000000 0.000000 0.000000
7.545524 1.000000 0.000000
764.299377 0.000000
0.000000 0.000000 0.000000 0.000000
0.000000 0.584782
11 0.015000 1.709999 0.001000
0.487000 0.580000 0.780000 0.490000 1.250000 6.700000 0.650000 0.650000
187500.000000 75.360001 0.084000
1.073000 0.050000 0.116600
0.170891 0.085671 0.000477 0.000000
0.000000

0.000000 0.000000 1.641349
0.046499 0.005171 0.755660 4.281652 180.422699
0.000000 14.091718 0.010822 0.000000 0.000000 0.000000
0.000000 0.000000 0.000000
7.571411 1.000000 0.000000
764.299377 0.000000
0.000000 0.000000 0.000000 0.000000
0.000000 0.636215
11 0.015000 1.724999 0.001000
0.487000 0.580000 0.780000 0.490000 1.250000 6.700000 0.650000 0.650000
187500.000000 75.360001 0.084000
1.073000 0.050000 0.116600
0.170891 0.085780 0.000478 0.000000
0.000000

0.000000 0.000000 1.642346
0.046499 0.005171 0.755869 4.281341 180.423767
0.000000 41.674950 0.013088 0.000000 0.000000 0.000000
0.000000 0.000000 0.000000
7.596877 1.000000 0.000000
764.299377 0.000000
0.000000 0.000000 0.000000 0.000000
0.000000 0.649915
11 0.015000 1.739999 0.001000
0.487000 0.580000 0.780000 0.490000 1.250000 6.700000 0.650000 0.650000
187500.000000 75.360001 0.084000
1.073000 0.050000 0.116600
0.170894 0.085875 0.000478 0.000000
0.000000

0.000000 0.000000 1.656177
0.046494 0.005171 0.758751 4.277075 180.436066
0.000000 47.903202 0.012696 0.000000 0.000000 0.000000
0.000000 0.000000 0.000000
7.621930 1.000000 0.000000
764.299377 0.000000
0.000000 0.000000 0.000000 0.000000
0.000000 0.562519
11 0.015000 1.754999 0.001000
0.487000 0.580000 0.780000 0.490000 1.250000 6.700000 0.650000 0.650000
187500.000000 75.360001 0.084000
1.073000 0.050000 0.116600
0.170925 0.085783 0.000478 0.000000
0.000000

0.000000 0.000000 1.680921
0.046482 0.005170 0.763853 4.269413 180.448669
0.000000 7.172106 0.010449 0.000000 0.000000 0.000000
0.000000 0.000000 0.000000
7.646574 1.000000 0.000000
764.299377 0.000000
0.000000 0.000000 0.000000 0.000000
0.000000 0.504667
11 0.015000 1.769999 0.001000
0.487000 0.580000 0.780000 0.490000 1.250000 6.700000 0.650000 0.650000
187500.000000 75.360001 0.084000
1.073000 0.050000 0.116600
0.170982 0.085701 0.000477 0.000000
0.000000

0.000000 0.000000 1.686378
0.046480 0.005169 0.764971 4.267723 180.451431
0.000000 0.070196 0.009663 0.000000 0.000000 0.000000
0.000000 0.000008 0.000000
7.670815 1.000000 0.000000
764.299377 0.000000
0.000000 0.000000 0.000000 0.000000
0.000000 0.508066
11 0.015000 1.784999 0.001000
0.487000 0.580000 0.780000 0.490000 1.250000 6.700000 0.650000 0.650000
187500.000000 75.360001 0.084000
1.073000 0.050000 0.116600
0.170994 0.086010 0.000479 0.000000
0.000000

0.000000 0.000000 1.697439
0.046475 0.005169 0.767225 4.264293 180.453888
0.000000 0.017808 0.009103 0.000000 0.000000 0.000000
0.000000 0.000023 0.000002
7.694658 1.000000 0.000000
764.299377 0.000000
0.000000 0.000000 0.000000 0.000000
0.000000 0.464418
11 0.015000 1.799999 0.001000
0.487000 0.580000 0.780000 0.490000 1.250000 6.700000 0.650000 0.650000
187500.000000 75.360001 0.084000
1.073000 0.050000 0.116600
0.171019 0.085790 0.000478 0.000000
0.000000

0.000000 0.000000 1.698776
0.046476 0.005169 0.767497 4.263860 180.454208
0.000000 0.017575 0.009145 0.000000 0.000000 0.000000
0.000000 0.000024 0.000002
7.718107 1.000000 0.000000
764.299377 0.000000
0.000000 0.000000 0.000000 0.000000
0.000000 0.466742
11 0.015000 1.814999 0.001000
0.487000 0.580000 0.780000 0.490000 1.250000 6.700000 0.650000 0.650000
187500.000000 75.360001 0.084000
1.073000 0.050000 0.116600
0.171022 0.085877 0.000478 0.000000
0.000000

0.000000 0.000000 1.705641
0.046473 0.005169 0.768890 4.261741 180.455826
0.000000 0.013599 0.008893 0.000000 0.000000 0.000000
0.000000 0.000024 0.000003
7.741168 1.000000 0.000000
764.299377 0.000000
0.000000 0.000000 0.000000 0.000000
0.000000 0.448951
11 0.015000 1.829998 0.001000
0.487000 0.580000 0.780000 0.490000 1.250000 6.700000 0.650000 0.650000
187500.000000 75.360001 0.084000
1.073000 0.050000 0.116600
0.171037 0.085860 0.000478 0.000000
0.000000

0.000000 0.000000 1.705900
0.046474 0.005169 0.768943 4.261661 180.455978
0.000000 0.019728 0.009085 0.000000 0.000000 0.000000
0.000000 0.000022 0.000002
7.763845 1.000000 0.000000
764.299377 0.000000
0.000000 0.000000 0.000000 0.000000
0.000000 0.452071
11 0.015000 1.844998 0.001000
0.487000 0.580000 0.780000 0.490000 1.250000 6.700000 0.650000 0.650000
187500.000000 75.360001 0.084000
1.073000 0.050000 0.116600
0.171038 0.085948 0.000479 0.000000
0.000000

0.000000 0.000000 1.706444
0.046474 0.005169 0.769052 4.261495 180.456406
0.000000 0.023022 0.009148 0.000000 0.000000 0.000000
0.000000 0.000020 0.000001
7.786142 1.000000 0.000000
764.299377 0.000000
0.000000 0.000000 0.000000 0.000000
0.000000 0.451107
11 0.015000 1.859998 0.001000
0.487000 0.580000 0.780000 0.490000 1.250000 6.700000 0.650000 0.650000
187500.000000 75.360001 0.084000
1.073000 0.050000 0.116600
0.171039 0.085821 0.000478 0.000000
0.000000

0.000000 0.000000 1.707680
0.046474 0.005169 0.769303 4.261113 180.456970
0.000000 0.045087 0.009416 0.000000 0.000000 0.000000
0.000000 0.000012 0.000000
7.808064 1.000000 0.000000
764.299377 0.000000
0.000000 0.000000 0.000000 0.000000
0.000000 0.452475
11 0.015000 1.874998 0.001000
0.487000 0.580000 0.780000 0.490000 1.250000 6.700000 0.650000 0.650000
187500.000000 75.360001 0.084000
1.073000 0.050000 0.116600
0.171042 0.085958 0.000479 0.000000
0.000000

0.000000 0.000000 1.708218
0.046475 0.005169 0.769411 4.260944 180.456940
0.000000 0.081712 0.009600 0.000000 0.000000 0.000000
0.000000 0.000007 0.000000
7.829614 1.000000 0.000000
764.299377 0.000000
0.000000 0.000000 0.000000 0.000000
0.000000 0.458597
11 0.015000 1.889998 0.001000
0.487000 0.580000 0.780000 0.490000 1.250000 6.700000 0.650000 0.650000
187500.000000 75.360001 0.084000
1.073000 0.050000 0.116600
0.171043 0.086157 0.000480 0.000000
0.000000

0.000000 0.000000 1.709044
0.046475 0.005169 0.769578 4.260684 180.457336
0.000000 0.095785 0.009607 0.000000 0.000000 0.000000
0.000000 0.000006 0.000000
7.850795 1.000000 0.000000
764.299377 0.000000
0.000000 0.000000 0.000000 0.000000
0.000000 0.458268
11 0.015000 1.904998 0.001000
0.487000 0.580000 0.780000 0.490000 1.250000 6.700000 0.650000 0.650000
187500.000000 75.360001 0.084000
1.073000 0.050000 0.116600
0.171045 0.085859 0.000478 0.000000
0.000000

0.000000 0.000000 1.709523
0.046476 0.005169 0.769675 4.260535 180.457657
0.000000 0.132160 0.009614 0.000000 0.000000 0.000000
0.000000 0.000005 0.000000
7.871611 1.000000 0.000000
764.299377 0.000000
0.000000 0.000000 0.000000 0.000000
0.000000 0.462981
11 0.015000 1.919998 0.001000
0.487000 0.580000 0.780000 0.490000 1.250000 6.700000 0.650000 0.650000
187500.000000 75.360001 0.084000
1.073000 0.050000 0.116600
0.171046 0.085855 0.000478 0.000000
0.000000

0.000000 0.000000 1.709695
0.046477 0.005169 0.769709 4.260483 180.457870
0.000000 0.198256 0.009674 0.000000 0.000000 0.000000
0.000000 0.000003 0.000000
7.892064 1.000000 0.000000
764.299377 0.000000
0.000000 0.000000 0.000000 0.000000
0.000000 0.470227
11 0.015000 1.934998 0.001000
0.487000 0.580000 0.780000 0.490000 1.250000 6.700000 0.650000 0.650000
187500.000000 75.360001 0.084000
1.073000 0.050000 0.116600
0.171046 0.085941 0.000479 0.000000
0.000000

0.000000 0.000000 1.709867
0.046477 0.005169 0.769744 4.260435 180.458084
0.000000 0.356087 0.009747 0.000000 0.000000 0.000000
0.000000 0.000002 0.000000
7.912158 1.000000 0.000000
764.299377 0.000000
0.000000 0.000000 0.000000 0.000000
0.000000 0.491733
11 0.015000 1.949998 0.001000
0.487000 0.580000 0.780000 0.490000 1.250000 6.700000 0.650000 0.650000
187500.000000 75.360001 0.084000
1.073000 0.050000 0.116600
0.171047 0.086259 0.000480 0.000000
0.000000

0.000000 0.000000 1.710764
0.046477 0.005169 0.769925 4.260149 180.458633
0.000000 0.376312 0.009727 0.000000 0.000000 0.000000
0.000000 0.000002 0.000000
7.931894 1.000000 0.000000
764.299377 0.000000
0.000000 0.000000 0.000000 0.000000
0.000000 0.486967
11 0.015000 1.964998 0.001000
0.487000 0.580000 0.780000 0.490000 1.250000 6.700000 0.650000 0.650000
187500.000000 75.360001 0.084000
1.073000 0.050000 0.116600
0.171049 0.086153 0.000480 0.000000
0.000000

0.000000 0.000000 1.717385
0.046474 0.005169 0.771259 4.258105 180.460907
0.000000 0.554850 0.009629 0.000000 0.000000 0.000000
0.000000 0.000001 0.000000
7.951277 1.000000 0.000000
764.299377 0.000000
0.000000 0.000000 0.000000 0.000000
0.000000 0.471454
11 0.015000 1.979998 0.001000
0.487000 0.580000 0.780000 0.490000 1.250000 6.700000 0.650000 0.650000
187500.000000 75.360001 0.084000
1.073000 0.050000 0.116600
0.171063 0.086184 0.000480 0.000000
0.000000

0.000000 0.000000 1.719387
0.046474 0.005169 0.771662 4.257483 180.462051
0.000000 0.509473 0.009584 0.000000 0.000000 0.000000
0.000000 0.000001 0.000000
7.970308 1.000000 0.000000
764.299377 0.000000
0.000000 0.000000 0.000000 0.000000
0.000000 0.474007
11 0.015000 1.994998 0.001000
0.487000 0.580000 0.780000 0.490000 1.250000 6.700000 0.650000 0.650000
187500.000000 75.360001 0.084000
1.073000 0.050000 0.116600
0.171068 0.086291 0.000481 0.000000
0.000000
1.000000
2.000000
0.321000 0.000000
0.000000
0
-1.110000
0 0
0.000000
1
0.000000
1.000000
1.000000
1.000000
0.000000 0.000000 0.000000
0.000000 0.000000
0.000000 0.000000 0.000000 0.000000 0.000000 0.000000 0.000000
0.000000 0.000000 0.000000 0.000000 0.000000 0.000000 0.000000
240
2.000000
1
C:\Kingsite\dnd\Ohio1.spf
-1.000000 -1.000000
0.000000
74
74
10.000000
94
