 11
Clay

0.5880  0.5024  0.0150  0.7800  0.5300  1.0000
0.000000 0.000000 1.427000 6.700000 1  0.028600
0.5000  0.0500  0.0100  0.0270  0.9630  0.0000
0.01500000  2.0000  214050.0000  75.3600  133
0.1038  3.5280
4.7281  0.0000  1  10.0000  10.0000  10.0000  5.0000
25.0000  100.0000 0.0000  0.0000  0.0000  0.0000
0.0000  0.0000
500.0000  0.0000  0.0000

1.000000
2.000000
0.321000 0.000000
0.780000
0.530000
0.200000 2.000000
0.000000 0.000000 61.218300 165.289413 5895.322266 0.000000 0.107025 0.007492 0.003211
2.531139
0.000000
1
0.000000
1.000000
1.000000
1.000000
8.234000
10.000000
2.000000
1
C:\Kingsite\dnd\Ohio1.spf
