11
Clay
0.580000 0.612000 0.084000 0.780000 0.530000 1.000000 0.000000 0.000000
1.020000 6.700000 1 0.028600 0.500000 0.050000 0.010000 0.027000 0.963000
0.000000 0.015000 2.000000 152999.984375 75.360001 133
0.103800 3.528000 4.728100 0.000000 1
8.234000 8.234000 10.000000 5.000000 25.000000 100.000000
0.000000 0.000000 0.022188 0.000000 155.373474 229.882385
500.000000 0.000000 0.000000

0.000569 316.274780 578.669739
3.019846 0.451459 35.173946 348.088623 3968.609131
0.000000 0.108476 0.187875 0.998862 0.000000 0.000000
0.000000 0.000000 0.000000
0.000000 0.421266 32.898346
764.299377 0.000000
3.121581 0.000000 0.000000 0.000000
0.000000 0.412351
11 0.015000 0.015000 0.028600
0.612000 0.580000 0.780000 0.530000 1.020000 6.700000 0.780000 0.780000
152999.984375 75.360001 0.084000
1.073000 0.050000 0.116600
3.385087 5.968405 0.021551 0.000000
0.000000

0.000952 7.598097 84.886421
1.990223 0.537850 36.494171 342.988068 4076.638672
0.000000 0.005113 0.145344 0.499431 0.000000 0.000000
0.000001 0.000000 0.000000
0.000000 0.697159 7.571335
764.299377 0.000000
1.446592 0.000000 0.000000 0.000000
0.000000 0.054900
11 0.015000 0.030000 0.028600
0.612000 0.580000 0.780000 0.530000 1.020000 6.700000 0.780000 0.780000
152999.984375 75.360001 0.084000
1.073000 0.050000 0.116600
3.483657 8.546471 0.051723 0.000000
0.000000

0.001239 5.772472 79.342644
2.053511 0.564048 37.471367 342.481079 4076.976562
0.000000 0.005005 0.143615 0.249715 0.000000 0.000000
0.000001 0.000000 0.000043
0.214572 0.779635 0.000000
764.299377 0.000000
1.344834 0.000000 0.000000 0.000000
0.000000 0.050829
11 0.015000 0.045000 0.028600
0.612000 0.580000 0.780000 0.530000 1.020000 6.700000 0.780000 0.780000
152999.984375 75.360001 0.084000
1.073000 0.050000 0.116600
3.487414 10.483442 0.072070 0.000000
0.000000

0.001484 5.395001 76.809654
2.116311 0.575252 38.151585 342.113953 4077.226318
0.000000 0.004239 0.141107 0.124858 0.000000 0.000000
0.000001 0.000000 0.000047
0.253543 0.779635 0.000000
764.299377 0.000000
1.267839 0.000000 0.000000 0.000000
0.000000 0.063705
11 0.015000 0.060000 0.028600
0.612000 0.580000 0.780000 0.530000 1.020000 6.700000 0.780000 0.780000
152999.984375 75.360001 0.084000
1.073000 0.050000 0.116600
3.489986 11.516177 0.080662 0.000000
0.000000

0.001685 5.033953 74.249275
2.185361 0.601729 38.641232 341.830475 4077.383057
0.000000 0.003491 0.137958 0.062429 0.000000 0.000000
0.000001 0.000000 0.000049
0.293116 0.779635 0.000000
764.299377 0.000000
1.169196 0.000000 0.000000 0.000000
0.000000 0.081762
11 0.015000 0.075000 0.028600
0.612000 0.580000 0.780000 0.530000 1.020000 6.700000 0.780000 0.780000
152999.984375 75.360001 0.084000
1.073000 0.050000 0.116600
3.491821 13.973776 0.100756 0.000000
0.000000

0.001869 4.693995 71.834625
2.240427 0.597544 39.049877 341.587128 4077.542480
0.000000 0.003140 0.134435 0.031214 0.000000 0.000000
0.000001 0.000000 0.000053
0.333283 0.779635 0.000000
764.299377 0.000000
1.122980 0.000000 0.000000 0.000000
0.000000 0.117640
11 0.015000 0.090000 0.028600
0.612000 0.580000 0.780000 0.530000 1.020000 6.700000 0.780000 0.780000
152999.984375 75.360001 0.084000
1.073000 0.050000 0.116600
3.493342 9.085074 0.064658 0.000000
0.000000

0.014360 7.231480 152.145432
2.347944 0.608658 54.226292 332.596375 4077.308105
0.000000 0.001754 0.130173 0.015607 0.000000 0.000000
0.000001 0.000000 0.000086
0.374808 0.779635 0.000000
764.299377 0.000000
1.117664 0.000000 0.000000 0.000000
0.000000 0.142899
11 0.015000 0.105000 0.028600
0.612000 0.580000 0.780000 0.530000 1.020000 6.700000 0.780000 0.780000
152999.984375 75.360001 0.084000
1.073000 0.050000 0.116600
3.541784 7.768179 0.055703 0.000000
0.000000

0.014884 4.530412 91.587898
0.988764 0.241568 22.056324 129.700272 2953.717529
0.000000 0.005196 0.055185 0.007804 0.000000 0.000000
0.000000 0.000011 0.000011
0.416915 0.649592 0.000000
764.299377 0.000000
0.418774 0.000000 0.000000 0.000000
0.000000 0.213095
11 0.015000 0.120000 0.018000
0.547000 0.580000 0.780000 0.490000 1.150000 6.700000 0.650000 0.650000
172500.000000 75.360001 0.084000
1.073000 0.050000 0.116600
2.725198 7.100777 0.033222 0.000000
0.000000

0.014321 4.182612 85.758621
0.963067 0.236421 21.333014 125.267075 2954.234863
0.000000 0.003253 0.049178 0.003902 0.000000 0.000000
0.000000 0.000004 0.000018
0.462950 0.649592 0.000000
764.299377 0.000000
0.385969 0.000000 0.000000 0.000000
0.000000 0.246892
11 0.015000 0.135000 0.018000
0.547000 0.580000 0.780000 0.490000 1.150000 6.700000 0.650000 0.650000
172500.000000 75.360001 0.084000
1.073000 0.050000 0.116600
2.727061 6.538876 0.030493 0.000000
0.000000

0.013930 3.891369 80.375717
0.953976 0.218411 20.660198 121.113754 2954.863770
0.000000 0.002415 0.045320 0.001951 0.000000 0.000000
0.000000 0.000001 0.000023
0.509773 0.649592 0.000000
764.299377 0.000000
0.362408 0.000000 0.000000 0.000000
0.000000 0.268886
11 0.015000 0.150000 0.018000
0.547000 0.580000 0.780000 0.490000 1.150000 6.700000 0.650000 0.650000
172500.000000 75.360001 0.084000
1.073000 0.050000 0.116600
2.728725 6.580682 0.030718 0.000000
0.000000

0.013550 21.567427 76.483665
0.935170 0.218211 19.896330 116.510788 2955.209717
0.000000 0.001199 0.041416 0.000975 0.000000 0.000000
0.000000 0.000000 0.000025
0.557371 0.649592 0.000000
764.299377 0.000000
0.340008 0.000000 0.000000 0.000000
0.000000 0.322670
11 0.015000 0.165000 0.018000
0.547000 0.580000 0.780000 0.490000 1.150000 6.700000 0.650000 0.650000
172500.000000 75.360001 0.084000
1.073000 0.050000 0.116600
2.730129 6.938409 0.032493 0.000000
0.000000

0.013454 20.366266 71.873962
0.930044 0.201546 19.295658 112.855324 2955.771973
0.000000 0.000977 0.038714 0.000488 0.000000 0.000000
0.000000 0.000000 0.000027
0.605736 0.649592 0.000000
764.299377 0.000000
0.318236 0.000000 0.000000 0.000000
0.000000 0.335491
11 0.015000 0.180000 0.018000
0.547000 0.580000 0.780000 0.490000 1.150000 6.700000 0.650000 0.650000
172500.000000 75.360001 0.084000
1.073000 0.050000 0.116600
2.731641 7.691409 0.036259 0.000000
0.000000

0.012885 19.096264 67.368797
0.921523 0.198598 18.755110 109.547813 2956.156494
0.000000 0.000750 0.034457 0.000244 0.000000 0.000000
0.000000 0.000000 0.000026
0.654853 0.649592 0.000000
764.299377 0.000000
0.284091 0.000000 0.000000 0.000000
0.000000 0.353518
11 0.015000 0.195000 0.018000
0.547000 0.580000 0.780000 0.490000 1.150000 6.700000 0.650000 0.650000
172500.000000 75.360001 0.084000
1.073000 0.050000 0.116600
2.732737 7.922784 0.037427 0.000000
0.000000

0.010261 16.877033 61.470558
0.931578 0.183812 18.239555 106.878304 2955.228516
0.000000 0.000782 0.030893 0.000122 0.000000 0.000000
0.000000 0.000000 0.000025
0.704703 0.650000 0.000000
764.299377 0.000000
0.253193 0.000000 0.000000 0.000000
0.000000 0.364704
11 0.015000 0.210000 0.018000
0.547000 0.580000 0.780000 0.490000 1.150000 6.700000 0.650000 0.650000
172500.000000 75.360001 0.084000
1.073000 0.050000 0.116600
2.729336 4.640857 0.021317 0.000000
0.000000

0.009652 15.664444 56.958523
0.655254 0.123599 12.147236 71.135094 1542.404419
0.000000 0.003235 0.019240 0.000061 0.000000 0.000000
0.000000 0.000007 0.000003
0.755704 0.650000 0.000000
764.299377 0.000000
0.152788 0.000000 0.000000 0.000000
0.000000 0.376986
11 0.015000 0.225000 0.009000
0.527000 0.580000 0.780000 0.490000 1.200000 6.700000 0.650000 0.650000
180000.015625 75.360001 0.084000
1.073000 0.050000 0.116600
1.424365 4.303627 0.018171 0.000000
0.000000

0.009097 14.616976 52.754345
0.653445 0.113158 11.730948 68.648293 1542.487183
0.000000 0.001531 0.016354 0.000030 0.000000 0.000000
0.000000 0.000004 0.000005
0.807878 0.650000 0.000000
764.299377 0.000000
0.132352 0.000000 0.000000 0.000000
0.000000 0.368751
11 0.015000 0.240000 0.009000
0.527000 0.580000 0.780000 0.490000 1.200000 6.700000 0.650000 0.650000
180000.015625 75.360001 0.084000
1.073000 0.050000 0.116600
1.424717 3.693398 0.015517 0.000000
0.000000

0.008561 13.623302 49.017925
0.648687 0.106379 11.335634 66.291138 1542.609619
0.000000 0.000496 0.013520 0.000015 0.000000 0.000000
0.000000 0.000000 0.000008
0.860767 0.650000 0.000000
764.299377 0.000000
0.112982 0.000000 0.000000 0.000000
0.000000 0.352766
11 0.015000 0.255000 0.009000
0.527000 0.580000 0.780000 0.490000 1.200000 6.700000 0.650000 0.650000
180000.015625 75.360001 0.084000
1.073000 0.050000 0.116600
1.425034 3.394337 0.014225 0.000000
0.000000

0.008041 12.688086 45.565548
0.647788 0.097827 10.967510 64.101265 1542.691895
0.000000 0.000020 0.010948 0.000008 0.000000 0.000000
0.000000 0.000000 0.000002
0.914356 0.650000 0.000000
764.299377 0.000000
0.094799 0.000000 0.000000 0.000000
0.000000 0.333668
11 0.015000 0.270000 0.009000
0.527000 0.580000 0.780000 0.490000 1.200000 6.700000 0.650000 0.650000
180000.015625 75.360001 0.084000
1.073000 0.050000 0.116600
1.425312 3.164195 0.013236 0.000000
0.000000

0.007540 11.817092 42.437496
0.643152 0.090943 10.621182 62.044865 1542.786987
0.000000 0.000013 0.008852 0.000004 0.000000 0.000000
0.000000 0.000000 0.000000
0.968625 0.650000 0.000000
764.299377 0.000000
0.077348 0.000000 0.000000 0.000000
0.000000 0.308840
11 0.015000 0.285000 0.009000
0.527000 0.580000 0.780000 0.490000 1.200000 6.700000 0.650000 0.650000
180000.015625 75.360001 0.084000
1.073000 0.050000 0.116600
1.425543 2.911618 0.012154 0.000000
0.000000

0.007065 11.005790 39.531441
0.665853 0.112418 10.300168 60.140549 1542.885010
0.000000 0.000000 0.000057 0.000002 0.000000 0.000000
0.000000 0.000000 0.000000
1.023557 0.650000 0.000000
764.299377 0.000000
0.003559 0.000000 0.000000 0.000000
0.000000 0.281263
11 0.015000 0.300000 0.009000
0.527000 0.580000 0.780000 0.490000 1.200000 6.700000 0.650000 0.650000
180000.015625 75.360001 0.084000
1.073000 0.050000 0.116600
1.425766 2.653502 0.011054 0.000000
0.000000

0.006618 10.260054 36.911488
0.657646 0.096769 9.998953 58.354939 1542.969116
0.000000 0.000000 0.000058 0.000001 0.000000 0.000000
0.000000 0.000000 0.000000
1.079132 0.650000 0.000000
764.299377 0.000000
0.002825 0.000000 0.000000 0.000000
0.000000 0.264081
11 0.015000 0.315000 0.009000
0.527000 0.580000 0.780000 0.490000 1.200000 6.700000 0.650000 0.650000
180000.015625 75.360001 0.084000
1.073000 0.050000 0.116600
1.426036 2.446157 0.010173 0.000000
0.000000

0.006185 9.552621 34.241646
0.549953 0.075033 8.263308 48.208057 1178.890747
0.000000 0.000000 0.000072 0.000000 0.000000 0.000000
0.000000 0.000000 0.000000
1.136081 0.650000 0.000000
764.299377 0.000000
0.001854 0.000000 0.000000 0.000000
0.000000 0.244115
11 0.015000 0.330000 0.006600
0.497000 0.580000 0.780000 0.490000 1.250000 6.700000 0.650000 0.650000
187499.984375 75.360001 0.084000
1.073000 0.050000 0.116600
1.089495 2.341229 0.008801 0.000000
0.000000

0.005823 8.908149 31.886608
0.539760 0.066832 8.006340 46.693413 1178.908325
0.000000 0.000000 0.000066 0.000000 0.000000 0.000000
0.000000 0.000000 0.000000
1.194418 0.650000 0.000000
764.299377 0.000000
0.002161 0.000000 0.000000 0.000000
0.000000 0.234644
11 0.015000 0.345000 0.006600
0.497000 0.580000 0.780000 0.490000 1.250000 6.700000 0.650000 0.650000
187499.984375 75.360001 0.084000
1.073000 0.050000 0.116600
1.089669 2.122623 0.007966 0.000000
0.000000

0.005474 8.295379 29.746613
0.529446 0.062525 7.765734 45.279453 1178.991821
0.000000 0.000000 0.000059 0.000000 0.000000 0.000000
0.000000 0.000000 0.000000
1.253354 0.650000 0.000000
764.299377 0.000000
0.001326 0.000000 0.000000 0.000000
0.000000 0.229513
11 0.015000 0.360000 0.006600
0.497000 0.580000 0.780000 0.490000 1.250000 6.700000 0.650000 0.650000
187499.984375 75.360001 0.084000
1.073000 0.050000 0.116600
1.089856 1.922585 0.007204 0.000000
0.000000

0.005106 7.712366 27.687868
0.515200 0.059146 7.547250 43.991230 1179.019897
0.000000 0.000000 0.000060 0.000000 0.000000 0.000000
0.000000 0.000000 0.000000
1.312865 0.650000 0.000000
764.299377 0.000000
0.000316 0.000000 0.000000 0.000000
0.000000 0.220743
11 0.015000 0.375000 0.006600
0.497000 0.580000 0.780000 0.490000 1.250000 6.700000 0.650000 0.650000
187499.984375 75.360001 0.084000
1.073000 0.050000 0.116600
1.089973 1.742837 0.006521 0.000000
0.000000

0.004763 7.160508 25.776636
0.510266 0.056864 7.343672 42.792816 1179.080933
0.000000 0.000000 0.000061 0.000000 0.000000 0.000000
0.000000 0.000000 0.000000
1.372932 0.650000 0.000000
764.299377 0.000000
0.000000 0.000000 0.000000 0.000000
0.000000 0.222399
11 0.015000 0.390000 0.006600
0.497000 0.580000 0.780000 0.490000 1.250000 6.700000 0.650000 0.650000
187499.984375 75.360001 0.084000
1.073000 0.050000 0.116600
1.090088 1.606541 0.006005 0.000000
0.000000

0.004434 6.652177 23.991770
0.508291 0.056650 7.153983 41.677727 1179.116089
0.000000 0.000000 0.000062 0.000000 0.000000 0.000000
0.000000 0.000000 0.000000
1.433533 0.650000 0.000000
764.299377 0.000000
0.000000 0.000000 0.000000 0.000000
0.000000 0.226103
11 0.015000 0.405000 0.006600
0.497000 0.580000 0.780000 0.490000 1.250000 6.700000 0.650000 0.650000
187499.984375 75.360001 0.084000
1.073000 0.050000 0.116600
1.090179 1.485176 0.005546 0.000000
0.000000

0.004130 6.178140 22.697935
0.324842 0.036208 4.576258 26.654228 589.694519
0.000000 0.000000 0.000046 0.000000 0.000000 0.000000
0.000000 0.000000 0.000000
1.494926 0.650000 0.000000
764.299377 0.000000
0.000000 0.000000 0.000000 0.000000
0.000000 0.213847
11 0.015000 0.420000 0.003300
0.487000 0.580000 0.780000 0.490000 1.250000 6.700000 0.650000 0.650000
187499.984375 75.360001 0.084000
1.073000 0.050000 0.116600
0.545134 1.234210 0.004507 0.000000
0.000000

0.003846 5.740050 20.915537
0.315051 0.035121 4.427166 25.779678 589.709778
0.000000 0.000000 0.000043 0.000000 0.000000 0.000000
0.000000 0.000000 0.000000
1.557091 0.650000 0.000000
764.299377 0.000000
0.000000 0.000000 0.000000 0.000000
0.000000 0.209166
11 0.015000 0.435000 0.003300
0.487000 0.580000 0.780000 0.490000 1.250000 6.700000 0.650000 0.650000
187499.984375 75.360001 0.084000
1.073000 0.050000 0.116600
0.545182 1.085279 0.003959 0.000000
0.000000

0.003580 5.323773 19.252306
0.316288 0.035262 4.288227 24.964865 589.716125
0.000000 0.000000 0.000043 0.000000 0.000000 0.000000
0.000000 0.000000 0.000000
1.619721 0.650000 0.000000
764.299377 0.000000
0.000000 0.000000 0.000000 0.000000
0.000000 0.203391
11 0.015000 0.450000 0.003300
0.487000 0.580000 0.780000 0.490000 1.250000 6.700000 0.650000 0.650000
187499.984375 75.360001 0.084000
1.073000 0.050000 0.116600
0.545220 0.970194 0.003536 0.000000
0.000000

0.003327 4.942270 17.754316
0.316823 0.035322 4.156158 24.192482 589.717468
0.000000 0.000001 0.000117 0.000000 0.000000 0.000000
0.000000 0.000000 0.000002
1.682795 0.650000 0.000000
764.299377 0.000000
0.000000 0.000000 0.000000 0.000000
0.000000 0.213260
11 0.015000 0.465000 0.003300
0.487000 0.580000 0.780000 0.490000 1.250000 6.700000 0.650000 0.650000
187499.984375 75.360001 0.084000
1.073000 0.050000 0.116600
0.545252 0.880203 0.003206 0.000000
0.000000

0.003104 4.592633 16.434765
0.306675 0.034195 4.031348 23.461540 589.737549
0.000000 0.000093 0.001047 0.000000 0.000000 0.000000
0.000000 0.000000 0.000006
1.746293 0.650000 0.000000
764.299377 0.000000
0.000000 0.000000 0.000000 0.000000
0.000000 0.207173
11 0.015000 0.480000 0.003300
0.487000 0.580000 0.780000 0.490000 1.250000 6.700000 0.650000 0.650000
187499.984375 75.360001 0.084000
1.073000 0.050000 0.116600
0.545295 0.792754 0.002885 0.000000
0.000000

0.002885 4.263618 15.220633
0.297208 0.033144 3.915248 22.782349 589.751831
0.000000 0.000224 0.001736 0.000000 0.000000 0.000000
0.000000 0.000000 0.000007
1.810192 0.650000 0.000000
764.299377 0.000000
0.000000 0.000000 0.000000 0.000000
0.000000 0.201507
11 0.015000 0.495000 0.003300
0.487000 0.580000 0.780000 0.490000 1.250000 6.700000 0.650000 0.650000
187499.984375 75.360001 0.084000
1.073000 0.050000 0.116600
0.545335 0.717492 0.002610 0.000000
0.000000

0.002680 3.957783 14.110415
0.288230 0.032146 3.806511 22.146627 589.760559
0.000000 0.000389 0.002455 0.000000 0.000000 0.000000
0.000000 0.000000 0.000007
1.874473 0.650000 0.000000
764.299377 0.000000
0.000000 0.000000 0.000000 0.000000
0.000000 0.195791
11 0.015000 0.510000 0.003300
0.487000 0.580000 0.780000 0.490000 1.250000 6.700000 0.650000 0.650000
187499.984375 75.360001 0.084000
1.073000 0.050000 0.116600
0.545368 0.645182 0.002346 0.000000
0.000000

0.002489 3.694408 14.609649
0.151519 0.016900 1.954481 11.370317 178.820175
0.000000 0.000000 0.000022 0.000000 0.000000 0.000000
0.000000 0.000000 0.000000
1.939114 0.650000 0.000000
764.299377 0.000000
0.000000 0.000000 0.000000 0.000000
0.000000 0.176995
11 0.015000 0.525000 0.001000
0.487000 0.580000 0.780000 0.490000 1.250000 6.700000 0.650000 0.650000
187499.984375 75.360001 0.084000
1.073000 0.050000 0.116600
0.165271 0.524429 0.001905 0.000000
0.000000

0.002311 3.420169 13.397600
0.145739 0.016257 1.874886 10.906162 178.814270
0.000000 0.000000 0.000018 0.000000 0.000000 0.000000
0.000000 0.000000 0.000000
2.004094 0.650000 0.000000
764.299377 0.000000
0.000000 0.000000 0.000000 0.000000
0.000000 0.169580
11 0.015000 0.540000 0.001000
0.487000 0.580000 0.780000 0.490000 1.250000 6.700000 0.650000 0.650000
187499.984375 75.360001 0.084000
1.073000 0.050000 0.116600
0.165279 0.466887 0.001695 0.000000
0.000000

0.002145 3.171157 12.291951
0.139919 0.015610 1.799699 10.467876 178.812332
0.000000 0.000000 0.000018 0.000000 0.000000 0.000000
0.000000 0.000000 0.000000
2.069392 0.650000 0.000000
764.299377 0.000000
0.000000 0.000000 0.000000 0.000000
0.000000 0.160763
11 0.015000 0.555000 0.001000
0.487000 0.580000 0.780000 0.490000 1.250000 6.700000 0.650000 0.650000
187499.984375 75.360001 0.084000
1.073000 0.050000 0.116600
0.165287 0.416855 0.001513 0.000000
0.000000

0.001994 2.942033 11.217601
0.135764 0.015148 1.732392 10.074796 178.812393
0.000000 0.000000 0.000021 0.000000 0.000000 0.000000
0.000000 0.000000 0.000000
2.134989 0.650000 0.000000
764.299377 0.000000
0.000000 0.000000 0.000000 0.000000
0.000000 0.151313
11 0.015000 0.570000 0.001000
0.487000 0.580000 0.780000 0.490000 1.250000 6.700000 0.650000 0.650000
187499.984375 75.360001 0.084000
1.073000 0.050000 0.116600
0.165293 0.360483 0.001308 0.000000
0.000000

0.001856 2.731734 10.431801
0.128399 0.014328 1.658344 9.642084 178.813629
0.000000 0.000000 0.000020 0.000000 0.000000 0.000000
0.000000 0.000000 0.000000
2.200865 0.650000 0.000000
764.299377 0.000000
0.000000 0.000000 0.000000 0.000000
0.000000 0.141947
11 0.015000 0.585000 0.001000
0.487000 0.580000 0.780000 0.490000 1.250000 6.700000 0.650000 0.650000
187499.984375 75.360001 0.084000
1.073000 0.050000 0.116600
0.165301 0.318987 0.001157 0.000000
0.000000

0.001721 2.535435 9.967473
0.121834 0.013597 1.574588 9.154588 178.814346
0.000000 0.000000 0.000017 0.000000 0.000000 0.000000
0.000000 0.000000 0.000000
2.266998 0.650000 0.000000
764.299377 0.000000
0.000000 0.000000 0.000000 0.000000
0.000000 0.132487
11 0.015000 0.600000 0.001000
0.487000 0.580000 0.780000 0.490000 1.250000 6.700000 0.650000 0.650000
187499.984375 75.360001 0.084000
1.073000 0.050000 0.116600
0.165308 0.278746 0.001011 0.000000
0.000000

0.001597 2.352190 9.171493
0.117142 0.013075 1.517645 8.823061 178.807709
0.000000 0.000000 0.000017 0.000000 0.000000 0.000000
0.000000 0.000000 0.000000
2.333370 0.650000 0.000000
764.299377 0.000000
0.000000 0.000000 0.000000 0.000000
0.000000 0.123519
11 0.015000 0.615000 0.001000
0.487000 0.580000 0.780000 0.490000 1.250000 6.700000 0.650000 0.650000
187499.984375 75.360001 0.084000
1.073000 0.050000 0.116600
0.165316 0.249420 0.000904 0.000000
0.000000

0.001481 2.180791 8.343718
0.113130 0.012629 1.470010 8.545715 178.811340
0.000000 0.000000 0.000019 0.000000 0.000000 0.000000
0.000000 0.000000 0.000000
2.399961 0.650000 0.000000
764.299377 0.000000
0.000000 0.000000 0.000000 0.000000
0.000000 0.115084
11 0.015000 0.630000 0.001000
0.487000 0.580000 0.780000 0.490000 1.250000 6.700000 0.650000 0.650000
187499.984375 75.360001 0.084000
1.073000 0.050000 0.116600
0.165322 0.225870 0.000819 0.000000
0.000000

0.001373 2.022508 7.386432
0.110283 0.012312 1.436323 8.349535 178.811020
0.000000 0.000000 0.000018 0.000000 0.000000 0.000000
0.000000 0.000000 0.000000
2.466752 0.650000 0.000000
764.299377 0.000000
0.000000 0.000000 0.000000 0.000000
0.000000 0.107506
11 0.015000 0.645000 0.001000
0.487000 0.580000 0.780000 0.490000 1.250000 6.700000 0.650000 0.650000
187499.984375 75.360001 0.084000
1.073000 0.050000 0.116600
0.165326 0.255789 0.000927 0.000000
0.000000

0.001282 1.880115 6.524749
0.107665 0.012021 1.403803 8.158036 178.810806
0.000000 0.000000 0.000020 0.000000 0.000000 0.000000
0.000000 0.000000 0.000000
2.533722 0.650000 0.000000
764.299377 0.000000
0.000000 0.000000 0.000000 0.000000
0.000000 0.100791
11 0.015000 0.660000 0.001000
0.487000 0.580000 0.780000 0.490000 1.250000 6.700000 0.650000 0.650000
187499.984375 75.360001 0.084000
1.073000 0.050000 0.116600
0.165343 0.285015 0.001033 0.000000
0.000000

0.001220 1.757195 6.001284
0.104156 0.011630 1.357990 7.888621 178.815659
0.000000 0.000000 0.000020 0.000000 0.000000 0.000000
0.000000 0.000000 0.000000
2.600854 0.650000 0.000000
764.299377 0.000000
0.000000 0.000000 0.000000 0.000000
0.000000 0.095293
11 0.015000 0.675000 0.001000
0.487000 0.580000 0.780000 0.490000 1.250000 6.700000 0.650000 0.650000
187499.984375 75.360001 0.084000
1.073000 0.050000 0.116600
0.165361 0.307016 0.001113 0.000000
0.000000

0.001142 1.637597 5.517422
0.103227 0.011528 1.315289 7.637668 178.819153
0.000000 0.000000 0.000020 0.000000 0.000000 0.000000
0.000000 0.000000 0.000000
2.668127 0.650000 0.000000
764.299377 0.000000
0.000000 0.000000 0.000000 0.000000
0.000000 0.091078
11 0.015000 0.690000 0.001000
0.487000 0.580000 0.780000 0.490000 1.250000 6.700000 0.650000 0.650000
187499.984375 75.360001 0.084000
1.073000 0.050000 0.116600
0.165383 0.279966 0.001015 0.000000
0.000000

0.001078 1.528463 5.142751
0.105682 0.011801 1.271335 7.377990 178.822067
0.000000 0.024131 0.006794 0.000000 0.000000 0.000000
0.000000 0.000001 0.000000
2.735523 0.650000 0.000000
764.299377 0.000000
0.000000 0.000000 0.000000 0.000000
0.000000 0.094792
11 0.015000 0.705000 0.001000
0.487000 0.580000 0.780000 0.490000 1.250000 6.700000 0.650000 0.650000
187499.984375 75.360001 0.084000
1.073000 0.050000 0.116600
0.165411 0.284798 0.001033 0.000000
0.000000

0.001023 1.432924 4.827613
0.101917 0.011382 1.230247 7.134525 178.828735
0.000000 0.046862 0.009078 0.000000 0.000000 0.000000
0.000000 0.000000 0.000000
2.803022 0.650000 0.000000
764.299377 0.000000
0.000000 0.000000 0.000000 0.000000
0.000000 0.248818
11 0.015000 0.720000 0.001000
0.487000 0.580000 0.780000 0.490000 1.250000 6.700000 0.650000 0.650000
187499.984375 75.360001 0.084000
1.073000 0.050000 0.116600
0.165469 0.275163 0.000998 0.000000
0.000000

0.001002 1.369333 4.598448
0.098479 0.010998 1.191731 6.899617 178.865463
0.000000 0.057872 0.030524 0.000000 0.000000 0.000000
0.000000 0.000000 0.000000
2.870607 0.650000 0.000000
764.299377 0.000000
0.000000 0.000000 0.000000 0.000000
0.000000 0.585761
11 0.015000 0.735000 0.001000
0.487000 0.580000 0.780000 0.490000 1.250000 6.700000 0.650000 0.650000
187499.984375 75.360001 0.084000
1.073000 0.050000 0.116600
0.165676 0.249949 0.000906 0.000000
0.000000

0.000000 0.377698 5.140390
0.062095 0.006916 0.907742 5.144139 179.181488
0.000000 0.016373 0.015655 0.000000 0.000000 0.000000
0.000000 0.000005 0.000000
2.931578 0.993434 0.000000
764.299377 0.000000
0.000000 0.000000 0.000000 0.000000
0.000000 0.176651
11 0.015000 0.750000 0.001000
0.487000 0.580000 0.780000 0.490000 1.250000 6.700000 0.650000 0.650000
187499.984375 75.360001 0.084000
1.073000 0.050000 0.116600
0.167069 0.098726 0.000546 0.000000
0.000000

0.000000 0.361310 4.902261
0.060697 0.006759 0.897037 5.056713 179.236023
0.000000 0.011658 0.014295 0.000000 0.000000 0.000000
0.000000 0.000006 0.000000
2.987037 1.000000 0.000000
764.299377 0.000000
0.000000 0.000000 0.000000 0.000000
0.000000 0.197851
11 0.015000 0.765000 0.001000
0.487000 0.580000 0.780000 0.490000 1.250000 6.700000 0.650000 0.650000
187499.984375 75.360001 0.084000
1.073000 0.050000 0.116600
0.167215 0.096203 0.000536 0.000000
0.000000

0.000000 0.336424 4.603849
0.059699 0.006649 0.886383 4.993281 179.242920
0.000000 0.013471 0.014126 0.000000 0.000000 0.000000
0.000000 0.000006 0.000000
3.042449 1.000000 0.000000
764.299377 0.000000
0.000000 0.000000 0.000000 0.000000
0.000000 0.201696
11 0.015000 0.780000 0.001000
0.487000 0.580000 0.780000 0.490000 1.250000 6.700000 0.650000 0.650000
187499.984375 75.360001 0.084000
1.073000 0.050000 0.116600
0.167238 0.094447 0.000526 0.000000
0.000000

0.000000 0.313713 4.386264
0.058918 0.006562 0.877654 4.942679 179.332962
0.000000 0.034725 0.014105 0.000000 0.000000 0.000000
0.000000 0.000002 0.000000
3.097882 1.000000 0.000000
764.299377 0.000000
0.000000 0.000000 0.000000 0.000000
0.000000 0.252176
11 0.015000 0.795000 0.001000
0.487000 0.580000 0.780000 0.490000 1.250000 6.700000 0.650000 0.650000
187499.984375 75.360001 0.084000
1.073000 0.050000 0.116600
0.167501 0.093751 0.000522 0.000000
0.000000

0.000000 0.291522 4.122879
0.058057 0.006466 0.868516 4.889815 179.338974
0.000000 0.294294 0.013990 0.000000 0.000000 0.000000
0.000000 0.000000 0.000000
3.153322 1.000000 0.000000
764.299377 0.000000
0.000000 0.000000 0.000000 0.000000
0.000000 0.509810
11 0.015000 0.810000 0.001000
0.487000 0.580000 0.780000 0.490000 1.250000 6.700000 0.650000 0.650000
187499.984375 75.360001 0.084000
1.073000 0.050000 0.116600
0.167516 0.094026 0.000524 0.000000
0.000000

0.000000 0.270937 3.879386
0.057255 0.006377 0.860076 4.840913 179.346237
0.000000 1.884791 0.013875 0.000000 0.000000 0.000000
0.000000 0.000000 0.000000
3.208750 1.000000 0.000000
764.299377 0.000000
0.000000 0.000000 0.000000 0.000000
0.000000 0.997712
11 0.015000 0.825000 0.001000
0.487000 0.580000 0.780000 0.490000 1.250000 6.700000 0.650000 0.650000
187499.984375 75.360001 0.084000
1.073000 0.050000 0.116600
0.167527 0.092617 0.000516 0.000000
0.000000

0.000000 0.251795 3.653926
0.056511 0.006294 0.852260 4.795816 179.352341
0.000000 11.073939 0.013878 0.000000 0.000000 0.000000
0.000000 0.000000 0.000000
3.264151 1.000000 0.000000
764.299377 0.000000
0.000000 0.000000 0.000000 0.000000
0.000000 2.722176
11 0.015000 0.840000 0.001000
0.487000 0.580000 0.780000 0.490000 1.250000 6.700000 0.650000 0.650000
187499.984375 75.360001 0.084000
1.073000 0.050000 0.116600
0.167545 0.092748 0.000517 0.000000
0.000000

0.000000 0.235013 3.447331
0.055811 0.006217 0.845272 4.752353 179.356720
0.000000 45.265308 0.017412 0.000000 0.000000 0.000000
0.000000 0.000000 0.000000
3.319507 1.000000 0.000000
764.299377 0.000000
0.000000 0.000000 0.000000 0.000000
0.000000 9.866728
11 0.015000 0.855000 0.001000
0.487000 0.580000 0.780000 0.490000 1.250000 6.700000 0.650000 0.650000
187499.984375 75.360001 0.084000
1.073000 0.050000 0.116600
0.167561 0.098641 0.000549 0.000000
0.000000

0.000000 0.000000 0.788462
0.046517 0.005182 0.768606 4.238301 179.567245
0.000000 9.298338 0.016014 0.000000 0.000000 0.000000
0.000000 0.000000 0.000000
3.374803 1.000000 0.000000
764.299377 0.000000
0.000000 0.000000 0.000000 0.000000
0.000000 1.136163
11 0.015000 0.870000 0.001000
0.487000 0.580000 0.780000 0.490000 1.250000 6.700000 0.650000 0.650000
187499.984375 75.360001 0.084000
1.073000 0.050000 0.116600
0.168131 0.086787 0.000483 0.000000
0.000000

0.000000 0.000000 0.791159
0.046536 0.005184 0.768754 4.238710 179.570541
0.000000 1.322515 0.016096 0.000000 0.000000 0.000000
0.000000 0.000000 0.000000
3.430022 1.000000 0.000000
764.299377 0.000000
0.000000 0.000000 0.000000 0.000000
0.000000 1.134629
11 0.015000 0.885000 0.001000
0.487000 0.580000 0.780000 0.490000 1.250000 6.700000 0.650000 0.650000
187499.984375 75.360001 0.084000
1.073000 0.050000 0.116600
0.168144 0.086944 0.000484 0.000000
0.000000

0.000000 0.000000 0.792551
0.046551 0.005186 0.768864 4.238908 179.574081
0.000000 0.643383 0.016093 0.000000 0.000000 0.000000
0.000000 0.000000 0.000000
3.485149 1.000000 0.000000
764.299377 0.000000
0.000000 0.000000 0.000000 0.000000
0.000000 1.133914
11 0.015000 0.900000 0.001000
0.487000 0.580000 0.780000 0.490000 1.250000 6.700000 0.650000 0.650000
187499.984375 75.360001 0.084000
1.073000 0.050000 0.116600
0.168150 0.086811 0.000483 0.000000
0.000000

0.000000 0.000000 0.793631
0.046565 0.005188 0.768961 4.239049 179.578674
0.000000 0.698989 0.016022 0.000000 0.000000 0.000000
0.000000 0.000000 0.000000
3.540166 1.000000 0.000000
764.299377 0.000000
0.000000 0.000000 0.000000 0.000000
0.000000 1.133816
11 0.015000 0.915000 0.001000
0.487000 0.580000 0.780000 0.490000 1.250000 6.700000 0.650000 0.650000
187499.984375 75.360001 0.084000
1.073000 0.050000 0.116600
0.168155 0.086864 0.000484 0.000000
0.000000

0.000000 0.000000 0.794644
0.046578 0.005189 0.769050 4.239157 179.581528
0.000000 0.688045 0.015885 0.000000 0.000000 0.000000
0.000000 0.000000 0.000000
3.595059 1.000000 0.000000
764.299377 0.000000
0.000000 0.000000 0.000000 0.000000
0.000000 1.133855
11 0.015000 0.930000 0.001000
0.487000 0.580000 0.780000 0.490000 1.250000 6.700000 0.650000 0.650000
187499.984375 75.360001 0.084000
1.073000 0.050000 0.116600
0.168159 0.086744 0.000483 0.000000
0.000000

0.000000 0.000000 0.795687
0.046591 0.005191 0.769140 4.239266 179.584213
0.000000 0.577050 0.015737 0.000000 0.000000 0.000000
0.000000 0.000000 0.000000
3.649812 1.000000 0.000000
764.299377 0.000000
0.000000 0.000000 0.000000 0.000000
0.000000 1.133902
11 0.015000 0.945000 0.001000
0.487000 0.580000 0.780000 0.490000 1.250000 6.700000 0.650000 0.650000
187499.984375 75.360001 0.084000
1.073000 0.050000 0.116600
0.168166 0.086938 0.000484 0.000000
0.000000

0.000000 0.000000 0.796802
0.046604 0.005192 0.769236 4.239426 179.587082
0.000000 0.422228 0.015597 0.000000 0.000000 0.000000
0.000000 0.000000 0.000000
3.704409 1.000000 0.000000
764.299377 0.000000
0.000000 0.000000 0.000000 0.000000
0.000000 1.133773
11 0.015000 0.960000 0.001000
0.487000 0.580000 0.780000 0.490000 1.250000 6.700000 0.650000 0.650000
187499.984375 75.360001 0.084000
1.073000 0.050000 0.116600
0.168171 0.086899 0.000484 0.000000
0.000000

0.000000 0.000000 0.799398
0.046622 0.005195 0.769381 4.239840 179.589966
0.000000 0.277216 0.015443 0.000000 0.000000 0.000000
0.000000 0.000000 0.000000
3.758834 1.000000 0.000000
764.299377 0.000000
0.000000 0.000000 0.000000 0.000000
0.000000 1.133521
11 0.015000 0.975000 0.001000
0.487000 0.580000 0.780000 0.490000 1.250000 6.700000 0.650000 0.650000
187499.984375 75.360001 0.084000
1.073000 0.050000 0.116600
0.168182 0.086868 0.000484 0.000000
0.000000

0.000000 0.000000 0.801159
0.046637 0.005196 0.769493 4.240099 179.593948
0.000000 0.169190 0.015250 0.000000 0.000000 0.000000
0.000000 0.000001 0.000000
3.813074 1.000000 0.000000
764.299377 0.000000
0.000000 0.000000 0.000000 0.000000
0.000000 1.133092
11 0.015000 0.990000 0.001000
0.487000 0.580000 0.780000 0.490000 1.250000 6.700000 0.650000 0.650000
187499.984375 75.360001 0.084000
1.073000 0.050000 0.116600
0.168190 0.086844 0.000484 0.000000
0.000000

0.000000 0.000000 0.802114
0.046650 0.005198 0.769581 4.240210 179.598358
0.000000 0.101013 0.015124 0.000000 0.000000 0.000000
0.000000 0.000001 0.000000
3.867112 1.000000 0.000000
764.299377 0.000000
0.000000 0.000000 0.000000 0.000000
0.000000 1.132563
11 0.015000 1.005000 0.001000
0.487000 0.580000 0.780000 0.490000 1.250000 6.700000 0.650000 0.650000
187499.984375 75.360001 0.084000
1.073000 0.050000 0.116600
0.168194 0.087019 0.000485 0.000000
0.000000

0.000000 0.000000 0.804179
0.046665 0.005200 0.769699 4.240504 179.600998
0.000000 0.062975 0.014910 0.000000 0.000000 0.000000
0.000000 0.000002 0.000000
3.920935 1.000000 0.000000
764.299377 0.000000
0.000000 0.000000 0.000000 0.000000
0.000000 1.131958
11 0.015000 1.020000 0.001000
0.487000 0.580000 0.780000 0.490000 1.250000 6.700000 0.650000 0.650000
187499.984375 75.360001 0.084000
1.073000 0.050000 0.116600
0.168205 0.086882 0.000484 0.000000
0.000000

0.000000 0.000000 0.805132
0.046677 0.005201 0.769786 4.240620 179.603699
0.000000 0.043378 0.014755 0.000000 0.000000 0.000000
0.000000 0.000003 0.000000
3.974527 1.000000 0.000000
764.299377 0.000000
0.000000 0.000000 0.000000 0.000000
0.000000 1.131340
11 0.015000 1.035000 0.001000
0.487000 0.580000 0.780000 0.490000 1.250000 6.700000 0.650000 0.650000
187499.984375 75.360001 0.084000
1.073000 0.050000 0.116600
0.168208 0.087128 0.000485 0.000000
0.000000

0.000000 0.000000 0.806264
0.046690 0.005203 0.769875 4.240772 179.606110
0.000000 0.033326 0.014583 0.000000 0.000000 0.000000
0.000000 0.000004 0.000000
4.027874 1.000000 0.000000
764.299377 0.000000
0.000000 0.000000 0.000000 0.000000
0.000000 1.130682
11 0.015000 1.050000 0.001000
0.487000 0.580000 0.780000 0.490000 1.250000 6.700000 0.650000 0.650000
187499.984375 75.360001 0.084000
1.073000 0.050000 0.116600
0.168215 0.086950 0.000484 0.000000
0.000000

0.000000 0.000000 0.807177
0.046701 0.005204 0.769954 4.240853 179.608948
0.000000 0.027389 0.014433 0.000000 0.000000 0.000000
0.000000 0.000005 0.000000
4.080963 1.000000 0.000000
764.299377 0.000000
0.000000 0.000000 0.000000 0.000000
0.000000 1.130076
11 0.015000 1.065000 0.001000
0.487000 0.580000 0.780000 0.490000 1.250000 6.700000 0.650000 0.650000
187499.984375 75.360001 0.084000
1.073000 0.050000 0.116600
0.168218 0.087153 0.000485 0.000000
0.000000

0.000000 0.000000 0.808210
0.046713 0.005205 0.770040 4.240980 179.611877
0.000000 0.023027 0.014263 0.000000 0.000000 0.000000
0.000000 0.000006 0.000000
4.133779 1.000000 0.000000
764.299377 0.000000
0.000000 0.000000 0.000000 0.000000
0.000000 1.129416
11 0.015000 1.080000 0.001000
0.487000 0.580000 0.780000 0.490000 1.250000 6.700000 0.650000 0.650000
187499.984375 75.360001 0.084000
1.073000 0.050000 0.116600
0.168223 0.086916 0.000484 0.000000
0.000000

0.000000 0.000000 0.810987
0.046730 0.005207 0.770181 4.241405 179.614807
0.000000 0.019345 0.014070 0.000000 0.000000 0.000000
0.000000 0.000008 0.000000
4.186307 1.000000 0.000000
764.299377 0.000000
0.000000 0.000000 0.000000 0.000000
0.000000 1.128912
11 0.015000 1.095000 0.001000
0.487000 0.580000 0.780000 0.490000 1.250000 6.700000 0.650000 0.650000
187499.984375 75.360001 0.084000
1.073000 0.050000 0.116600
0.168235 0.087281 0.000486 0.000000
0.000000

0.000000 0.000000 0.814369
0.046749 0.005210 0.770334 4.241925 179.620041
0.000000 0.016182 0.013879 0.000000 0.000000 0.000000
0.000000 0.000009 0.000000
4.238537 1.000000 0.000000
764.299377 0.000000
0.000000 0.000000 0.000000 0.000000
0.000000 1.128299
11 0.015000 1.110000 0.001000
0.487000 0.580000 0.780000 0.490000 1.250000 6.700000 0.650000 0.650000
187499.984375 75.360001 0.084000
1.073000 0.050000 0.116600
0.168251 0.086823 0.000484 0.000000
0.000000

0.000000 0.000000 0.815292
0.046759 0.005211 0.770413 4.242013 179.622009
0.000000 0.013580 0.013707 0.000000 0.000000 0.000000
0.000000 0.000011 0.000001
4.290453 1.000000 0.000000
764.299377 0.000000
0.000000 0.000000 0.000000 0.000000
0.000000 1.127717
11 0.015000 1.125000 0.001000
0.487000 0.580000 0.780000 0.490000 1.250000 6.700000 0.650000 0.650000
187499.984375 75.360001 0.084000
1.073000 0.050000 0.116600
0.168255 0.087126 0.000485 0.000000
0.000000

0.000000 0.000000 0.816194
0.046770 0.005212 0.770489 4.242110 179.624588
0.000000 0.011531 0.013552 0.000000 0.000000 0.000000
0.000000 0.000012 0.000001
4.342043 1.000000 0.000000
764.299377 0.000000
0.000000 0.000000 0.000000 0.000000
0.000000 1.127102
11 0.015000 1.140000 0.001000
0.487000 0.580000 0.780000 0.490000 1.250000 6.700000 0.650000 0.650000
187499.984375 75.360001 0.084000
1.073000 0.050000 0.116600
0.168261 0.087062 0.000485 0.000000
0.000000

0.000000 0.000000 0.817085
0.046781 0.005214 0.770571 4.242229 179.626846
0.000000 0.010002 0.013394 0.000000 0.000000 0.000000
0.000000 0.000014 0.000001
4.393295 1.000000 0.000000
764.299377 0.000000
0.000000 0.000000 0.000000 0.000000
0.000000 1.126532
11 0.015000 1.155000 0.001000
0.487000 0.580000 0.780000 0.490000 1.250000 6.700000 0.650000 0.650000
187499.984375 75.360001 0.084000
1.073000 0.050000 0.116600
0.168266 0.087159 0.000485 0.000000
0.000000

0.000000 0.000000 0.818290
0.046792 0.005215 0.770657 4.242383 179.629440
0.000000 0.008918 0.013300 0.000000 0.000000 0.000000
0.000000 0.000014 0.000001
4.444195 1.000000 0.000000
764.299377 0.000000
0.000000 0.000000 0.000000 0.000000
0.000000 1.125969
11 0.015000 1.170000 0.001000
0.487000 0.580000 0.780000 0.490000 1.250000 6.700000 0.650000 0.650000
187499.984375 75.360001 0.084000
1.073000 0.050000 0.116600
0.168269 0.087139 0.000485 0.000000
0.000000

0.000000 0.000000 0.819867
0.046804 0.005216 0.770753 4.242581 179.632324
0.000000 0.008169 0.013233 0.000000 0.000000 0.000000
0.000000 0.000014 0.000001
4.494732 1.000000 0.000000
764.299377 0.000000
0.000000 0.000000 0.000000 0.000000
0.000000 1.125397
11 0.015000 1.185000 0.001000
0.487000 0.580000 0.780000 0.490000 1.250000 6.700000 0.650000 0.650000
187499.984375 75.360001 0.084000
1.073000 0.050000 0.116600
0.168275 0.086884 0.000484 0.000000
0.000000

0.000000 0.000000 0.820728
0.046814 0.005218 0.770823 4.242652 179.634644
0.000000 0.007649 0.013134 0.000000 0.000000 0.000000
0.000000 0.000014 0.000002
4.544895 1.000000 0.000000
764.299377 0.000000
0.000000 0.000000 0.000000 0.000000
0.000000 1.124873
11 0.015000 1.200000 0.001000
0.487000 0.580000 0.780000 0.490000 1.250000 6.700000 0.650000 0.650000
187499.984375 75.360001 0.084000
1.073000 0.050000 0.116600
0.168281 0.087068 0.000485 0.000000
0.000000

0.000000 0.000000 0.821580
0.046824 0.005219 0.770899 4.242746 179.636475
0.000000 0.007267 0.013032 0.000000 0.000000 0.000000
0.000000 0.000014 0.000002
4.594670 1.000000 0.000000
764.299377 0.000000
0.000000 0.000000 0.000000 0.000000
0.000000 1.124309
11 0.015000 1.215000 0.001000
0.487000 0.580000 0.780000 0.490000 1.250000 6.700000 0.650000 0.650000
187499.984375 75.360001 0.084000
1.073000 0.050000 0.116600
0.168285 0.087020 0.000485 0.000000
0.000000

0.000000 0.000000 0.822420
0.046834 0.005220 0.770976 4.242856 179.640182
0.000000 0.007023 0.013012 0.000000 0.000000 0.000000
0.000000 0.000014 0.000002
4.644046 1.000000 0.000000
764.299377 0.000000
0.000000 0.000000 0.000000 0.000000
0.000000 1.123780
11 0.015000 1.230000 0.001000
0.487000 0.580000 0.780000 0.490000 1.250000 6.700000 0.650000 0.650000
187499.984375 75.360001 0.084000
1.073000 0.050000 0.116600
0.168289 0.087093 0.000485 0.000000
0.000000

0.000000 0.000000 0.823249
0.046843 0.005221 0.771052 4.242963 179.642593
0.000000 0.006840 0.012950 0.000000 0.000000 0.000000
0.000000 0.000014 0.000002
4.693014 1.000000 0.000000
764.299377 0.000000
0.000000 0.000000 0.000000 0.000000
0.000000 1.123259
11 0.015000 1.245000 0.001000
0.487000 0.580000 0.780000 0.490000 1.250000 6.700000 0.650000 0.650000
187499.984375 75.360001 0.084000
1.073000 0.050000 0.116600
0.168290 0.087172 0.000485 0.000000
0.000000

0.000000 0.000000 0.824069
0.046853 0.005222 0.771122 4.243048 179.644974
0.000000 0.006730 0.012942 0.000000 0.000000 0.000000
0.000000 0.000014 0.000002
4.741562 1.000000 0.000000
764.299377 0.000000
0.000000 0.000000 0.000000 0.000000
0.000000 1.122811
11 0.015000 1.260000 0.001000
0.487000 0.580000 0.780000 0.490000 1.250000 6.700000 0.650000 0.650000
187499.984375 75.360001 0.084000
1.073000 0.050000 0.116600
0.168297 0.087485 0.000487 0.000000
0.000000

0.000000 0.000000 0.824953
0.046862 0.005223 0.771194 4.243133 179.647430
0.000000 0.006638 0.012896 0.000000 0.000000 0.000000
0.000000 0.000014 0.000002
4.789680 1.000000 0.000000
764.299377 0.000000
0.000000 0.000000 0.000000 0.000000
0.000000 1.122317
11 0.015000 1.275000 0.001000
0.487000 0.580000 0.780000 0.490000 1.250000 6.700000 0.650000 0.650000
187499.984375 75.360001 0.084000
1.073000 0.050000 0.116600
0.168300 0.087437 0.000487 0.000000
0.000000

0.000000 0.000000 0.826348
0.046873 0.005225 0.771283 4.243322 179.649963
0.000000 0.006542 0.012837 0.000000 0.000000 0.000000
0.000000 0.000015 0.000002
4.837357 1.000000 0.000000
764.299377 0.000000
0.000000 0.000000 0.000000 0.000000
0.000000 1.121855
11 0.015000 1.290000 0.001000
0.487000 0.580000 0.780000 0.490000 1.250000 6.700000 0.650000 0.650000
187499.984375 75.360001 0.084000
1.073000 0.050000 0.116600
0.168307 0.087443 0.000487 0.000000
0.000000

0.000000 0.000000 0.827829
0.046884 0.005226 0.771373 4.243522 179.652664
0.000000 0.006474 0.012788 0.000000 0.000000 0.000000
0.000000 0.000015 0.000002
4.884583 1.000000 0.000000
764.299377 0.000000
0.000000 0.000000 0.000000 0.000000
0.000000 1.121376
11 0.015000 1.305000 0.001000
0.487000 0.580000 0.780000 0.490000 1.250000 6.700000 0.650000 0.650000
187499.984375 75.360001 0.084000
1.073000 0.050000 0.116600
0.168312 0.087333 0.000486 0.000000
0.000000

0.000000 0.000000 0.828809
0.046893 0.005227 0.771448 4.243633 179.654327
0.000000 0.006437 0.012767 0.000000 0.000000 0.000000
0.000000 0.000015 0.000002
4.931349 1.000000 0.000000
764.299377 0.000000
0.000000 0.000000 0.000000 0.000000
0.000000 1.120997
11 0.015000 1.320000 0.001000
0.487000 0.580000 0.780000 0.490000 1.250000 6.700000 0.650000 0.650000
187499.984375 75.360001 0.084000
1.073000 0.050000 0.116600
0.168316 0.087443 0.000487 0.000000
0.000000

0.000000 0.000000 0.829626
0.046901 0.005228 0.771516 4.243713 179.656464
0.000000 0.006412 0.012742 0.000000 0.000000 0.000000
0.000000 0.000015 0.000002
4.977645 1.000000 0.000000
764.299377 0.000000
0.000000 0.000000 0.000000 0.000000
0.000000 1.120555
11 0.015000 1.335000 0.001000
0.487000 0.580000 0.780000 0.490000 1.250000 6.700000 0.650000 0.650000
187499.984375 75.360001 0.084000
1.073000 0.050000 0.116600
0.168323 0.087357 0.000487 0.000000
0.000000

0.000000 0.000000 0.830396
0.046909 0.005229 0.771583 4.243786 179.660187
0.000000 0.006375 0.012707 0.000000 0.000000 0.000000
0.000000 0.000015 0.000002
5.023462 1.000000 0.000000
764.299377 0.000000
0.000000 0.000000 0.000000 0.000000
0.000000 1.120170
11 0.015000 1.350000 0.001000
0.487000 0.580000 0.780000 0.490000 1.250000 6.700000 0.650000 0.650000
187499.984375 75.360001 0.084000
1.073000 0.050000 0.116600
0.168323 0.087450 0.000487 0.000000
0.000000

0.000000 0.000000 0.831176
0.046918 0.005230 0.771650 4.243865 179.662964
0.000000 0.006325 0.012649 0.000000 0.000000 0.000000
0.000000 0.000015 0.000002
5.068793 1.000000 0.000000
764.299377 0.000000
0.000000 0.000000 0.000000 0.000000
0.000000 1.119812
11 0.015000 1.365000 0.001000
0.487000 0.580000 0.780000 0.490000 1.250000 6.700000 0.650000 0.650000
187499.984375 75.360001 0.084000
1.073000 0.050000 0.116600
0.168329 0.087555 0.000488 0.000000
0.000000

0.000000 0.000000 0.832152
0.046926 0.005231 0.771724 4.243972 179.665497
0.000000 0.006285 0.012618 0.000000 0.000000 0.000000
0.000000 0.000015 0.000002
5.113628 1.000000 0.000000
764.299377 0.000000
0.000000 0.000000 0.000000 0.000000
0.000000 1.119588
11 0.015000 1.380000 0.001000
0.487000 0.580000 0.780000 0.490000 1.250000 6.700000 0.650000 0.650000
187499.984375 75.360001 0.084000
1.073000 0.050000 0.116600
0.168332 0.087746 0.000489 0.000000
0.000000

0.000000 0.000000 0.834894
0.046940 0.005233 0.771843 4.244339 179.669266
0.000000 0.006251 0.012556 0.000000 0.000000 0.000000
0.000000 0.000015 0.000002
5.157959 1.000000 0.000000
764.299377 0.000000
0.000000 0.000000 0.000000 0.000000
0.000000 1.119146
11 0.015000 1.395000 0.001000
0.487000 0.580000 0.780000 0.490000 1.250000 6.700000 0.650000 0.650000
187499.984375 75.360001 0.084000
1.073000 0.050000 0.116600
0.168345 0.087503 0.000487 0.000000
0.000000

0.000000 0.000000 0.835756
0.046948 0.005234 0.771911 4.244427 179.671616
0.000000 0.006197 0.012507 0.000000 0.000000 0.000000
0.000000 0.000015 0.000002
5.201779 1.000000 0.000000
764.299377 0.000000
0.000000 0.000000 0.000000 0.000000
0.000000 1.118928
11 0.015000 1.410000 0.001000
0.487000 0.580000 0.780000 0.490000 1.250000 6.700000 0.650000 0.650000
187499.984375 75.360001 0.084000
1.073000 0.050000 0.116600
0.168349 0.087740 0.000489 0.000000
0.000000

0.000000 0.000000 0.836989
0.046957 0.005235 0.771988 4.244563 179.674347
0.000000 0.006180 0.012515 0.000000 0.000000 0.000000
0.000000 0.000015 0.000003
5.245080 1.000000 0.000000
764.299377 0.000000
0.000000 0.000000 0.000000 0.000000
0.000000 1.118469
11 0.015000 1.425000 0.001000
0.487000 0.580000 0.780000 0.490000 1.250000 6.700000 0.650000 0.650000
187499.984375 75.360001 0.084000
1.073000 0.050000 0.116600
0.168353 0.087478 0.000487 0.000000
0.000000

0.000000 0.000000 0.837967
0.046964 0.005236 0.772056 4.244656 179.677094
0.000000 0.006167 0.012486 0.000000 0.000000 0.000000
0.000000 0.000015 0.000003
5.287855 1.000000 0.000000
764.299377 0.000000
0.000000 0.000000 0.000000 0.000000
0.000000 1.118535
11 0.015000 1.440000 0.001000
0.487000 0.580000 0.780000 0.490000 1.250000 6.700000 0.650000 0.650000
187499.984375 75.360001 0.084000
1.073000 0.050000 0.116600
0.168358 0.087523 0.000487 0.000000
0.000000

0.000000 0.000000 0.838686
0.046972 0.005236 0.772119 4.244724 179.679276
0.000000 0.006121 0.012434 0.000000 0.000000 0.000000
0.000000 0.000015 0.000003
5.330096 1.000000 0.000000
764.299377 0.000000
0.000000 0.000000 0.000000 0.000000
0.000000 1.118181
11 0.015000 1.455000 0.001000
0.487000 0.580000 0.780000 0.490000 1.250000 6.700000 0.650000 0.650000
187499.984375 75.360001 0.084000
1.073000 0.050000 0.116600
0.168363 0.087475 0.000487 0.000000
0.000000

0.000000 0.000000 0.839401
0.046979 0.005237 0.772185 4.244806 179.680984
0.000000 0.006099 0.012430 0.000000 0.000000 0.000000
0.000000 0.000016 0.000003
5.371798 1.000000 0.000000
764.299377 0.000000
0.000000 0.000000 0.000000 0.000000
0.000000 1.118042
11 0.015000 1.470000 0.001000
0.487000 0.580000 0.780000 0.490000 1.250000 6.700000 0.650000 0.650000
187499.984375 75.360001 0.084000
1.073000 0.050000 0.116600
0.168365 0.087549 0.000488 0.000000
0.000000

0.000000 0.000000 0.840106
0.046985 0.005238 0.772249 4.244873 179.683060
0.000000 0.006068 0.012370 0.000000 0.000000 0.000000
0.000000 0.000016 0.000003
5.412954 1.000000 0.000000
764.299377 0.000000
0.000000 0.000000 0.000000 0.000000
0.000000 1.117927
11 0.015000 1.485000 0.001000
0.487000 0.580000 0.780000 0.490000 1.250000 6.700000 0.650000 0.650000
187499.984375 75.360001 0.084000
1.073000 0.050000 0.116600
0.168367 0.087636 0.000488 0.000000
0.000000

0.000000 0.000000 0.840804
0.046992 0.005239 0.772309 4.244932 179.686096
0.000000 0.006033 0.012333 0.000000 0.000000 0.000000
0.000000 0.000016 0.000003
5.453558 1.000000 0.000000
764.299377 0.000000
0.000000 0.000000 0.000000 0.000000
0.000000 1.118243
11 0.015000 1.500000 0.001000
0.487000 0.580000 0.780000 0.490000 1.250000 6.700000 0.650000 0.650000
187499.984375 75.360001 0.084000
1.073000 0.050000 0.116600
0.168369 0.087968 0.000490 0.000000
0.000000

0.000000 0.000000 0.841674
0.046999 0.005240 0.772374 4.245019 179.687973
0.000000 0.005999 0.012291 0.000000 0.000000 0.000000
0.000000 0.000016 0.000003
5.493606 1.000000 0.000000
764.299377 0.000000
0.000000 0.000000 0.000000 0.000000
0.000000 1.117873
11 0.015000 1.515000 0.001000
0.487000 0.580000 0.780000 0.490000 1.250000 6.700000 0.650000 0.650000
187499.984375 75.360001 0.084000
1.073000 0.050000 0.116600
0.168374 0.087706 0.000488 0.000000
0.000000

0.000000 0.000000 0.842461
0.047005 0.005240 0.772437 4.245087 179.689667
0.000000 0.005966 0.012236 0.000000 0.000000 0.000000
0.000000 0.000016 0.000003
5.533090 1.000000 0.000000
764.299377 0.000000
0.000000 0.000000 0.000000 0.000000
0.000000 1.117984
11 0.015000 1.530000 0.001000
0.487000 0.580000 0.780000 0.490000 1.250000 6.700000 0.650000 0.650000
187499.984375 75.360001 0.084000
1.073000 0.050000 0.116600
0.168380 0.087806 0.000489 0.000000
0.000000

0.000000 0.000000 0.848291
0.047027 0.005243 0.772632 4.245891 179.697571
0.000000 0.005940 0.012209 0.000000 0.000000 0.000000
0.000000 0.000016 0.000003
5.572008 1.000000 0.000000
764.299377 0.000000
0.000000 0.000000 0.000000 0.000000
0.000000 1.118134
11 0.015000 1.545000 0.001000
0.487000 0.580000 0.780000 0.490000 1.250000 6.700000 0.650000 0.650000
187499.984375 75.360001 0.084000
1.073000 0.050000 0.116600
0.168405 0.087887 0.000489 0.000000
0.000000

0.000000 0.000000 0.867000
0.047087 0.005250 0.773151 4.248466 179.729065
0.000000 0.005873 0.012145 0.000000 0.000000 0.000000
0.000000 0.000016 0.000003
5.610353 1.000000 0.000000
764.299377 0.000000
0.000000 0.000000 0.000000 0.000000
0.000000 1.118333
11 0.015000 1.560000 0.001000
0.487000 0.580000 0.780000 0.490000 1.250000 6.700000 0.650000 0.650000
187499.984375 75.360001 0.084000
1.073000 0.050000 0.116600
0.168485 0.087589 0.000488 0.000000
0.000000

0.000000 0.000000 0.867697
0.047093 0.005250 0.773208 4.248521 179.730911
0.000000 0.005858 0.012129 0.000000 0.000000 0.000000
0.000000 0.000016 0.000003
5.648122 1.000000 0.000000
764.299377 0.000000
0.000000 0.000000 0.000000 0.000000
0.000000 1.118302
11 0.015000 1.575000 0.001000
0.487000 0.580000 0.780000 0.490000 1.250000 6.700000 0.650000 0.650000
187499.984375 75.360001 0.084000
1.073000 0.050000 0.116600
0.168489 0.087669 0.000488 0.000000
0.000000

0.000000 0.000000 0.868397
0.047099 0.005251 0.773266 4.248571 179.732803
0.000000 0.005823 0.012112 0.000000 0.000000 0.000000
0.000000 0.000016 0.000003
5.685309 1.000000 0.000000
764.299377 0.000000
0.000000 0.000000 0.000000 0.000000
0.000000 1.118315
11 0.015000 1.590000 0.001000
0.487000 0.580000 0.780000 0.490000 1.250000 6.700000 0.650000 0.650000
187499.984375 75.360001 0.084000
1.073000 0.050000 0.116600
0.168492 0.087761 0.000489 0.000000
0.000000

0.000000 0.000000 0.869110
0.047104 0.005252 0.773323 4.248614 179.735062
0.000000 0.005794 0.012053 0.000000 0.000000 0.000000
0.000000 0.000016 0.000003
5.721911 1.000000 0.000000
764.299377 0.000000
0.000000 0.000000 0.000000 0.000000
0.000000 1.118586
11 0.015000 1.605000 0.001000
0.487000 0.580000 0.780000 0.490000 1.250000 6.700000 0.650000 0.650000
187499.984375 75.360001 0.084000
1.073000 0.050000 0.116600
0.168496 0.088015 0.000490 0.000000
0.000000

0.000000 0.000000 0.870042
0.047111 0.005252 0.773388 4.248708 179.737289
0.000000 0.005778 0.012043 0.000000 0.000000 0.000000
0.000000 0.000016 0.000003
5.757925 1.000000 0.000000
764.299377 0.000000
0.000000 0.000000 0.000000 0.000000
0.000000 1.118149
11 0.015000 1.620000 0.001000
0.487000 0.580000 0.780000 0.490000 1.250000 6.700000 0.650000 0.650000
187499.984375 75.360001 0.084000
1.073000 0.050000 0.116600
0.168499 0.087845 0.000489 0.000000
0.000000

0.000000 0.000000 0.882227
0.047150 0.005257 0.773725 4.250300 179.761887
0.000000 0.005733 0.011974 0.000000 0.000000 0.000000
0.000000 0.000016 0.000003
5.793348 1.000000 0.000000
764.299377 0.000000
0.000000 0.000000 0.000000 0.000000
0.000000 1.117507
11 0.015000 1.635000 0.001000
0.487000 0.580000 0.780000 0.490000 1.250000 6.700000 0.650000 0.650000
187499.984375 75.360001 0.084000
1.073000 0.050000 0.116600
0.168551 0.087863 0.000489 0.000000
0.000000

0.000000 0.000000 0.883176
0.047156 0.005258 0.773790 4.250401 179.764740
0.000000 0.005708 0.011938 0.000000 0.000000 0.000000
0.000000 0.000016 0.000003
5.828176 1.000000 0.000000
764.299377 0.000000
0.000000 0.000000 0.000000 0.000000
0.000000 1.117255
11 0.015000 1.650000 0.001000
0.487000 0.580000 0.780000 0.490000 1.250000 6.700000 0.650000 0.650000
187499.984375 75.360001 0.084000
1.073000 0.050000 0.116600
0.168555 0.087740 0.000489 0.000000
0.000000

0.000000 0.000000 0.883892
0.047161 0.005258 0.773849 4.250453 179.766800
0.000000 0.005667 0.011901 0.000000 0.000000 0.000000
0.000000 0.000016 0.000003
5.862409 1.000000 0.000000
764.299377 0.000000
0.000000 0.000000 0.000000 0.000000
0.000000 1.117063
11 0.015000 1.665000 0.001000
0.487000 0.580000 0.780000 0.490000 1.250000 6.700000 0.650000 0.650000
187499.984375 75.360001 0.084000
1.073000 0.050000 0.116600
0.168558 0.087826 0.000489 0.000000
0.000000

0.000000 0.000000 0.884610
0.047167 0.005259 0.773905 4.250506 179.768967
0.000000 0.005649 0.011850 0.000000 0.000000 0.000000
0.000000 0.000016 0.000003
5.896041 1.000000 0.000000
764.299377 0.000000
0.000000 0.000000 0.000000 0.000000
0.000000 1.117048
11 0.015000 1.680000 0.001000
0.487000 0.580000 0.780000 0.490000 1.250000 6.700000 0.650000 0.650000
187499.984375 75.360001 0.084000
1.073000 0.050000 0.116600
0.168562 0.088157 0.000491 0.000000
0.000000

0.000000 0.000000 0.885588
0.047172 0.005259 0.773963 4.250562 179.771423
0.000000 0.005622 0.011821 0.000000 0.000000 0.000000
0.000000 0.000016 0.000003
5.929073 1.000000 0.000000
764.299377 0.000000
0.000000 0.000000 0.000000 0.000000
0.000000 1.116717
11 0.015000 1.695000 0.001000
0.487000 0.580000 0.780000 0.490000 1.250000 6.700000 0.650000 0.650000
187499.984375 75.360001 0.084000
1.073000 0.050000 0.116600
0.168564 0.087927 0.000490 0.000000
0.000000

0.000000 0.000000 0.887010
0.047179 0.005260 0.774041 4.250731 179.774841
0.000000 0.005610 0.011793 0.000000 0.000000 0.000000
0.000000 0.000016 0.000003
5.961501 1.000000 0.000000
764.299377 0.000000
0.000000 0.000000 0.000000 0.000000
0.000000 1.116573
11 0.015000 1.710000 0.001000
0.487000 0.580000 0.780000 0.490000 1.250000 6.700000 0.650000 0.650000
187499.984375 75.360001 0.084000
1.073000 0.050000 0.116600
0.168572 0.087977 0.000490 0.000000
0.000000

0.000000 0.000000 0.887715
0.047184 0.005261 0.774095 4.250783 179.777054
0.000000 0.005608 0.011786 0.000000 0.000000 0.000000
0.000000 0.000017 0.000003
5.993325 1.000000 0.000000
764.299377 0.000000
0.000000 0.000000 0.000000 0.000000
0.000000 1.116427
11 0.015000 1.725000 0.001000
0.487000 0.580000 0.780000 0.490000 1.250000 6.700000 0.650000 0.650000
187499.984375 75.360001 0.084000
1.073000 0.050000 0.116600
0.168574 0.088084 0.000491 0.000000
0.000000

0.000000 0.000000 0.888911
0.047190 0.005262 0.774162 4.250894 179.780090
0.000000 0.005602 0.011769 0.000000 0.000000 0.000000
0.000000 0.000017 0.000004
6.024544 1.000000 0.000000
764.299377 0.000000
0.000000 0.000000 0.000000 0.000000
0.000000 1.116148
11 0.015000 1.740000 0.001000
0.487000 0.580000 0.780000 0.490000 1.250000 6.700000 0.650000 0.650000
187499.984375 75.360001 0.084000
1.073000 0.050000 0.116600
0.168579 0.088175 0.000491 0.000000
0.000000

0.000000 0.000000 0.897057
0.047216 0.005264 0.774392 4.251898 179.794510
0.000000 0.005577 0.011724 0.000000 0.000000 0.000000
0.000000 0.000017 0.000004
6.055156 1.000000 0.000000
764.299377 0.000000
0.000000 0.000000 0.000000 0.000000
0.000000 1.116038
11 0.015000 1.755000 0.001000
0.487000 0.580000 0.780000 0.490000 1.250000 6.700000 0.650000 0.650000
187499.984375 75.360001 0.084000
1.073000 0.050000 0.116600
0.168614 0.088082 0.000491 0.000000
0.000000

0.000000 0.000000 0.911126
0.047258 0.005269 0.774743 4.253588 179.809143
0.000000 0.005519 0.011639 0.000000 0.000000 0.000000
0.000000 0.000017 0.000004
6.085161 1.000000 0.000000
764.299377 0.000000
0.000000 0.000000 0.000000 0.000000
0.000000 1.116488
11 0.015000 1.770000 0.001000
0.487000 0.580000 0.780000 0.490000 1.250000 6.700000 0.650000 0.650000
187499.984375 75.360001 0.084000
1.073000 0.050000 0.116600
0.168672 0.087997 0.000490 0.000000
0.000000

0.000000 0.000000 0.914746
0.047271 0.005271 0.774863 4.253988 179.813873
0.000000 0.005506 0.011624 0.000000 0.000000 0.000000
0.000000 0.000017 0.000004
6.114558 1.000000 0.000000
764.299377 0.000000
0.000000 0.000000 0.000000 0.000000
0.000000 1.116463
11 0.015000 1.785000 0.001000
0.487000 0.580000 0.780000 0.490000 1.250000 6.700000 0.650000 0.650000
187499.984375 75.360001 0.084000
1.073000 0.050000 0.116600
0.168685 0.088306 0.000492 0.000000
0.000000

0.000000 0.000000 0.921410
0.047291 0.005273 0.775044 4.254725 179.818207
0.000000 0.005490 0.011556 0.000000 0.000000 0.000000
0.000000 0.000017 0.000004
6.143346 1.000000 0.000000
764.299377 0.000000
0.000000 0.000000 0.000000 0.000000
0.000000 1.116450
11 0.015000 1.800000 0.001000
0.487000 0.580000 0.780000 0.490000 1.250000 6.700000 0.650000 0.650000
187499.984375 75.360001 0.084000
1.073000 0.050000 0.116600
0.168713 0.088082 0.000491 0.000000
0.000000

0.000000 0.000000 0.922797
0.047297 0.005274 0.775109 4.254839 179.820633
0.000000 0.005484 0.011527 0.000000 0.000000 0.000000
0.000000 0.000017 0.000004
6.171526 1.000000 0.000000
764.299377 0.000000
0.000000 0.000000 0.000000 0.000000
0.000000 1.116292
11 0.015000 1.815000 0.001000
0.487000 0.580000 0.780000 0.490000 1.250000 6.700000 0.650000 0.650000
187499.984375 75.360001 0.084000
1.073000 0.050000 0.116600
0.168720 0.088167 0.000491 0.000000
0.000000

0.000000 0.000000 0.927188
0.047311 0.005275 0.775239 4.255311 179.824219
0.000000 0.005487 0.011513 0.000000 0.000000 0.000000
0.000000 0.000017 0.000004
6.199100 1.000000 0.000000
764.299377 0.000000
0.000000 0.000000 0.000000 0.000000
0.000000 1.116253
11 0.015000 1.830000 0.001000
0.487000 0.580000 0.780000 0.490000 1.250000 6.700000 0.650000 0.650000
187499.984375 75.360001 0.084000
1.073000 0.050000 0.116600
0.168736 0.088146 0.000491 0.000000
0.000000

0.000000 0.000000 0.927981
0.047315 0.005276 0.775294 4.255365 179.825958
0.000000 0.005493 0.011499 0.000000 0.000000 0.000000
0.000000 0.000017 0.000004
6.226067 1.000000 0.000000
764.299377 0.000000
0.000000 0.000000 0.000000 0.000000
0.000000 1.116086
11 0.015000 1.845000 0.001000
0.487000 0.580000 0.780000 0.490000 1.250000 6.700000 0.650000 0.650000
187499.984375 75.360001 0.084000
1.073000 0.050000 0.116600
0.168741 0.088233 0.000491 0.000000
0.000000

0.000000 0.000000 0.928928
0.047320 0.005276 0.775352 4.255440 179.828430
0.000000 0.005519 0.011491 0.000000 0.000000 0.000000
0.000000 0.000017 0.000004
6.252428 1.000000 0.000000
764.299377 0.000000
0.000000 0.000000 0.000000 0.000000
0.000000 1.115917
11 0.015000 1.860000 0.001000
0.487000 0.580000 0.780000 0.490000 1.250000 6.700000 0.650000 0.650000
187499.984375 75.360001 0.084000
1.073000 0.050000 0.116600
0.168745 0.088104 0.000491 0.000000
0.000000

0.000000 0.000000 0.930250
0.047325 0.005277 0.775418 4.255563 179.830902
0.000000 0.005535 0.011475 0.000000 0.000000 0.000000
0.000000 0.000017 0.000004
6.278184 1.000000 0.000000
764.299377 0.000000
0.000000 0.000000 0.000000 0.000000
0.000000 1.115771
11 0.015000 1.875000 0.001000
0.487000 0.580000 0.780000 0.490000 1.250000 6.700000 0.650000 0.650000
187499.984375 75.360001 0.084000
1.073000 0.050000 0.116600
0.168751 0.088239 0.000491 0.000000
0.000000

0.000000 0.000000 0.931187
0.047329 0.005277 0.775477 4.255638 179.833298
0.000000 0.005549 0.011431 0.000000 0.000000 0.000000
0.000000 0.000017 0.000004
6.303337 1.000000 0.000000
764.299377 0.000000
0.000000 0.000000 0.000000 0.000000
0.000000 1.115624
11 0.015000 1.890000 0.001000
0.487000 0.580000 0.780000 0.490000 1.250000 6.700000 0.650000 0.650000
187499.984375 75.360001 0.084000
1.073000 0.050000 0.116600
0.168752 0.088433 0.000493 0.000000
0.000000

0.000000 0.000000 0.932279
0.047333 0.005278 0.775537 4.255724 179.835861
0.000000 0.005586 0.011400 0.000000 0.000000 0.000000
0.000000 0.000017 0.000004
6.327888 1.000000 0.000000
764.299377 0.000000
0.000000 0.000000 0.000000 0.000000
0.000000 1.115463
11 0.015000 1.905000 0.001000
0.487000 0.580000 0.780000 0.490000 1.250000 6.700000 0.650000 0.650000
187499.984375 75.360001 0.084000
1.073000 0.050000 0.116600
0.168759 0.088134 0.000491 0.000000
0.000000

0.000000 0.000000 0.933179
0.047337 0.005278 0.775593 4.255795 179.838165
0.000000 0.005629 0.011401 0.000000 0.000000 0.000000
0.000000 0.000017 0.000004
6.351839 1.000000 0.000000
764.299377 0.000000
0.000000 0.000000 0.000000 0.000000
0.000000 1.115303
11 0.015000 1.920000 0.001000
0.487000 0.580000 0.780000 0.490000 1.250000 6.700000 0.650000 0.650000
187499.984375 75.360001 0.084000
1.073000 0.050000 0.116600
0.168762 0.088127 0.000491 0.000000
0.000000

0.000000 0.000000 0.933910
0.047340 0.005278 0.775642 4.255822 179.840271
0.000000 0.005684 0.011389 0.000000 0.000000 0.000000
0.000000 0.000017 0.000004
6.375192 1.000000 0.000000
764.299377 0.000000
0.000000 0.000000 0.000000 0.000000
0.000000 1.115148
11 0.015000 1.935000 0.001000
0.487000 0.580000 0.780000 0.490000 1.250000 6.700000 0.650000 0.650000
187499.984375 75.360001 0.084000
1.073000 0.050000 0.116600
0.168763 0.088212 0.000491 0.000000
0.000000

0.000000 0.000000 0.934637
0.047343 0.005279 0.775696 4.255876 179.842575
0.000000 0.005741 0.011348 0.000000 0.000000 0.000000
0.000000 0.000017 0.000004
6.397949 1.000000 0.000000
764.299377 0.000000
0.000000 0.000000 0.000000 0.000000
0.000000 1.115035
11 0.015000 1.950000 0.001000
0.487000 0.580000 0.780000 0.490000 1.250000 6.700000 0.650000 0.650000
187499.984375 75.360001 0.084000
1.073000 0.050000 0.116600
0.168766 0.088525 0.000493 0.000000
0.000000

0.000000 0.000000 0.935756
0.047347 0.005279 0.775754 4.255948 179.845276
0.000000 0.005782 0.011310 0.000000 0.000000 0.000000
0.000000 0.000017 0.000004
6.420114 1.000000 0.000000
764.299377 0.000000
0.000000 0.000000 0.000000 0.000000
0.000000 1.114872
11 0.015000 1.965000 0.001000
0.487000 0.580000 0.780000 0.490000 1.250000 6.700000 0.650000 0.650000
187499.984375 75.360001 0.084000
1.073000 0.050000 0.116600
0.168773 0.088417 0.000492 0.000000
0.000000

0.000000 0.000000 0.940006
0.047359 0.005281 0.775877 4.256389 179.849884
0.000000 0.005812 0.011273 0.000000 0.000000 0.000000
0.000000 0.000017 0.000004
6.441688 1.000000 0.000000
764.299377 0.000000
0.000000 0.000000 0.000000 0.000000
0.000000 1.114851
11 0.015000 1.980000 0.001000
0.487000 0.580000 0.780000 0.490000 1.250000 6.700000 0.650000 0.650000
187499.984375 75.360001 0.084000
1.073000 0.050000 0.116600
0.168787 0.088445 0.000493 0.000000
0.000000

0.000000 0.000000 0.941725
0.047364 0.005281 0.775948 4.256538 179.853333
0.000000 0.018535 0.012038 0.000000 0.000000 0.000000
0.000000 0.000017 0.000001
6.462676 1.000000 0.000000
764.299377 0.000000
0.000000 0.000000 0.000000 0.000000
0.000000 1.114672
11 0.015000 1.995000 0.001000
0.487000 0.580000 0.780000 0.490000 1.250000 6.700000 0.650000 0.650000
187499.984375 75.360001 0.084000
1.073000 0.050000 0.116600
0.168795 0.088551 0.000493 0.000000
0.000000
1.000000
2.000000
0.321000 0.000000
0.000000
0
-0.750000
0 0
0.000000
1
0.000000
1.000000
1.000000
1.000000
0.000000 0.000000 0.000000
0.000000 0.000000
0.000000 0.000000 0.000000 0.000000 0.000000 0.000000 0.000000
0.000000 0.000000 0.000000 0.000000 0.000000 0.000000 0.000000
240
2.000000
1
C:\Kingsite\dnd\Ohio1.spf
-1.000000 -1.000000
0.000000
50
50
10.000000
100
