11
Clay
0.580000 0.612000 0.084000 0.780000 0.530000 1.000000 0.000000 0.000000
1.020000 6.700000 1 0.028600 0.500000 0.050000 0.010000 0.027000 0.963000
0.000000 0.015000 2.000000 152999.984375 75.360001 133
0.103800 3.528000 4.728100 0.000000 1
8.234000 8.234000 10.000000 5.000000 25.000000 100.000000
0.000000 0.000000 0.000000 0.000000 91.099380 134.785828
500.000000 0.000000 0.000000

0.208383 224.409897 525.131042
8.350290 1.002022 129.724380 802.426514 3516.947021
0.000000 0.000000 0.019564 0.994510 0.000000 0.000000
0.000008 0.000003 0.000261
-1.704498 0.000010 70.764763
764.299377 0.000000
3.535268 0.000000 0.000000 0.000000
0.000000 0.102458
11 0.015000 0.015000 0.028600
0.612000 0.580000 0.780000 0.530000 1.020000 6.700000 0.780000 0.780000
152999.984375 75.360001 0.084000
1.073000 0.050000 0.116600
2.366375 23.806513 0.042641 0.000000
0.000000

0.207849 23.700424 27.537199
6.293087 0.745657 100.920555 615.172852 3697.225342
0.000000 0.000000 0.022533 0.499431 0.000000 0.000000
0.000008 0.000000 0.000191
-1.513768 0.000010 70.764763
764.299377 0.000000
1.112832 0.000000 0.000000 0.000000
0.000000 0.036059
11 0.015000 0.030000 0.028600
0.612000 0.580000 0.780000 0.530000 1.020000 6.700000 0.780000 0.780000
152999.984375 75.360001 0.084000
1.073000 0.050000 0.116600
2.494309 7.426486 0.003626 0.000000
0.000000

0.196262 20.535122 17.927652
6.282262 0.725553 101.208740 612.198975 3697.309082
0.000000 0.000000 0.030986 0.249715 0.000000 0.000000
0.000008 0.000001 0.000170
-1.323827 0.000010 70.764763
764.299377 0.000000
0.992167 0.000000 0.000000 0.000000
0.000000 0.041585
11 0.015000 0.045000 0.028600
0.612000 0.580000 0.780000 0.530000 1.020000 6.700000 0.780000 0.780000
152999.984375 75.360001 0.084000
1.073000 0.050000 0.116600
2.497362 6.232516 0.002528 0.000000
0.000000

0.185166 19.057688 17.421911
6.314278 0.717699 101.806381 612.638550 3697.356689
0.000000 0.000000 0.030395 0.124858 0.000000 0.000000
0.000007 0.000001 0.000110
-1.135040 0.000010 70.764763
764.299377 0.000000
0.441750 0.000000 0.000000 0.000000
0.000000 0.057408
11 0.015000 0.060000 0.028600
0.612000 0.580000 0.780000 0.530000 1.020000 6.700000 0.780000 0.780000
152999.984375 75.360001 0.084000
1.073000 0.050000 0.116600
2.499430 6.300970 0.002587 0.000000
0.000000

0.173604 17.637882 16.950134
6.347798 0.716540 102.178108 612.581604 3697.364990
0.000000 0.000000 0.026183 0.062429 0.000000 0.000000
0.000007 0.000001 0.000094
-0.947776 0.000010 70.764763
764.299377 0.000000
0.301289 0.000000 0.000000 0.000000
0.000000 0.067898
11 0.015000 0.075000 0.028600
0.612000 0.580000 0.780000 0.530000 1.020000 6.700000 0.780000 0.780000
152999.984375 75.360001 0.084000
1.073000 0.050000 0.116600
2.500994 6.647722 0.002889 0.000000
0.000000

0.162375 16.324442 16.442427
6.373216 0.710820 102.449730 612.395996 3697.445557
0.000000 0.000000 0.021272 0.031214 0.000000 0.000000
0.000010 0.000001 0.000083
-0.762394 0.000010 70.764763
764.299377 0.000000
0.183009 0.000000 0.000000 0.000000
0.000000 0.069646
11 0.015000 0.090000 0.028600
0.612000 0.580000 0.780000 0.530000 1.020000 6.700000 0.780000 0.780000
152999.984375 75.360001 0.084000
1.073000 0.050000 0.116600
2.502189 6.951610 0.003168 0.000000
0.000000

0.152040 15.156442 124.640938
6.611643 0.737484 105.910027 631.602600 3692.466064
0.000000 0.000000 0.016930 0.015607 0.000000 0.000000
0.000010 0.000001 0.000086
-0.579237 0.000010 70.764763
764.299377 0.000000
0.163442 0.000000 0.000000 0.000000
0.000000 0.072581
11 0.015000 0.105000 0.028600
0.612000 0.580000 0.780000 0.530000 1.020000 6.700000 0.780000 0.780000
152999.984375 75.360001 0.084000
1.073000 0.050000 0.116600
2.530350 7.351348 0.003555 0.000000
0.000000

0.140629 13.793601 89.934975
2.848285 0.316561 45.043278 268.350464 2884.172852
0.000000 0.003008 0.016741 0.007804 0.000000 0.000000
0.000004 0.000000 0.000019
-0.387268 0.000010 52.500885
764.299377 0.000000
0.037190 0.000000 0.000000 0.000000
0.000000 0.090382
11 0.015000 0.120000 0.018000
0.547000 0.580000 0.780000 0.490000 1.150000 6.700000 0.650000 0.650000
172500.000000 75.360001 0.084000
1.073000 0.050000 0.116600
2.473587 9.242030 0.003319 0.000000
0.000000

0.130677 12.712723 84.314995
2.704707 0.300607 42.557606 253.107788 2884.506836
0.000000 0.002984 0.012804 0.003902 0.000000 0.000000
0.000003 0.000000 0.000019
-0.182215 0.000010 52.500885
764.299377 0.000000
0.016514 0.000000 0.000000 0.000000
0.000000 0.093965
11 0.015000 0.135000 0.018000
0.547000 0.580000 0.780000 0.490000 1.150000 6.700000 0.650000 0.650000
172500.000000 75.360001 0.084000
1.073000 0.050000 0.116600
2.478951 9.453799 0.003478 0.000000
0.000000

0.121260 11.704803 79.127754
2.574312 0.286134 40.221268 238.880569 2884.931396
0.000000 0.003624 0.007511 0.001951 0.000000 0.000000
0.000003 0.000002 0.000042
0.009366 0.639865 0.000000
764.299377 0.000000
0.000000 0.000000 0.000000 0.000000
0.000000 0.100877
11 0.015000 0.150000 0.018000
0.547000 0.580000 0.780000 0.490000 1.150000 6.700000 0.650000 0.650000
172500.000000 75.360001 0.084000
1.073000 0.050000 0.116600
2.483876 8.720516 0.040871 0.000000
0.000000

0.112681 26.064514 74.503716
2.541753 0.282518 39.901588 236.668915 2886.243164
0.000000 0.004064 0.008097 0.000975 0.000000 0.000000
0.000003 0.000004 0.000042
0.207989 0.639865 0.000000
764.299377 0.000000
0.000000 0.000000 0.000000 0.000000
0.000000 0.118120
11 0.015000 0.165000 0.018000
0.547000 0.580000 0.780000 0.490000 1.150000 6.700000 0.650000 0.650000
172500.000000 75.360001 0.084000
1.073000 0.050000 0.116600
2.488608 9.133206 0.042962 0.000000
0.000000

0.104724 24.296257 69.645714
2.401240 0.266902 37.732765 223.512085 2886.526367
0.000000 0.003150 0.005737 0.000488 0.000000 0.000000
0.000001 0.000004 0.000039
0.402984 0.639865 0.000000
764.299377 0.000000
0.000000 0.000000 0.000000 0.000000
0.000000 0.119328
11 0.015000 0.180000 0.018000
0.547000 0.580000 0.780000 0.490000 1.150000 6.700000 0.650000 0.650000
172500.000000 75.360001 0.084000
1.073000 0.050000 0.116600
2.492672 9.445662 0.044556 0.000000
0.000000

0.097261 22.713562 65.231552
2.269748 0.252289 35.733299 211.168213 2886.942871
0.000000 0.002685 0.004746 0.000244 0.000000 0.000000
0.000001 0.000004 0.000040
0.594111 0.639865 0.000000
764.299377 0.000000
0.000000 0.000000 0.000000 0.000000
0.000000 0.118727
11 0.015000 0.195000 0.018000
0.547000 0.580000 0.780000 0.490000 1.150000 6.700000 0.650000 0.650000
172500.000000 75.360001 0.084000
1.073000 0.050000 0.116600
2.496337 9.264921 0.043633 0.000000
0.000000

0.089737 20.849867 59.069988
2.128205 0.236558 33.471672 198.039932 2883.271973
0.000000 0.002284 0.003969 0.000122 0.000000 0.000000
0.000001 0.000003 0.000044
0.780480 0.650000 0.000000
764.299377 0.000000
0.000000 0.000000 0.000000 0.000000
0.000000 0.114517
11 0.015000 0.210000 0.018000
0.547000 0.580000 0.780000 0.490000 1.150000 6.700000 0.650000 0.650000
172500.000000 75.360001 0.084000
1.073000 0.050000 0.116600
2.487405 7.986406 0.037773 0.000000
0.000000

0.083259 19.353878 55.363037
1.779429 0.197794 27.954737 165.265823 1510.986938
0.000000 0.001776 0.005009 0.000061 0.000000 0.000000
0.000001 0.000002 0.000023
0.963439 0.650000 0.000000
764.299377 0.000000
0.000000 0.000000 0.000000 0.000000
0.000000 0.110411
11 0.015000 0.225000 0.009000
0.527000 0.580000 0.780000 0.490000 1.200000 6.700000 0.650000 0.650000
180000.015625 75.360001 0.084000
1.073000 0.050000 0.116600
1.298877 8.382936 0.036623 0.000000
0.000000

0.077144 18.016880 51.611237
1.672130 0.185870 26.271679 155.205734 1510.485352
0.000000 0.001476 0.004222 0.000030 0.000000 0.000000
0.000001 0.000001 0.000024
1.143391 0.650000 0.000000
764.299377 0.000000
0.000000 0.000000 0.000000 0.000000
0.000000 0.105073
11 0.015000 0.240000 0.009000
0.527000 0.580000 0.780000 0.490000 1.200000 6.700000 0.650000 0.650000
180000.015625 75.360001 0.084000
1.073000 0.050000 0.116600
1.299925 7.981786 0.034751 0.000000
0.000000

0.071535 16.818785 48.322128
1.571659 0.174706 24.692986 145.791916 1510.041016
0.000000 0.001286 0.003853 0.000015 0.000000 0.000000
0.000001 0.000000 0.000026
1.318621 0.650000 0.000000
764.299377 0.000000
0.000000 0.000000 0.000000 0.000000
0.000000 0.099800
11 0.015000 0.255000 0.009000
0.527000 0.580000 0.780000 0.490000 1.200000 6.700000 0.650000 0.650000
180000.015625 75.360001 0.084000
1.073000 0.050000 0.116600
1.300902 7.471203 0.032388 0.000000
0.000000

0.066330 15.647033 44.935944
1.479249 0.164436 23.243906 137.152405 1509.638794
0.000000 0.001170 0.003677 0.000008 0.000000 0.000000
0.000001 0.000000 0.000027
1.489025 0.650000 0.000000
764.299377 0.000000
0.000000 0.000000 0.000000 0.000000
0.000000 0.094772
11 0.015000 0.270000 0.009000
0.527000 0.580000 0.780000 0.490000 1.200000 6.700000 0.650000 0.650000
180000.015625 75.360001 0.084000
1.073000 0.050000 0.116600
1.301769 6.911806 0.029822 0.000000
0.000000

0.061456 14.547239 41.787460
1.393260 0.154880 21.894260 129.124557 1509.288086
0.000000 0.001109 0.003632 0.000004 0.000000 0.000000
0.000001 0.000000 0.000028
1.654526 0.650000 0.000000
764.299377 0.000000
0.000000 0.000000 0.000000 0.000000
0.000000 0.090296
11 0.015000 0.285000 0.009000
0.527000 0.580000 0.780000 0.490000 1.200000 6.700000 0.650000 0.650000
180000.015625 75.360001 0.084000
1.073000 0.050000 0.116600
1.302527 6.604281 0.028422 0.000000
0.000000

0.056927 13.520609 38.837624
1.313463 0.146012 20.642361 121.683968 1508.963257
0.000000 0.001081 0.003634 0.000002 0.000000 0.000000
0.000001 0.000000 0.000028
1.815078 0.650000 0.000000
764.299377 0.000000
0.000000 0.000000 0.000000 0.000000
0.000000 0.086388
11 0.015000 0.300000 0.009000
0.527000 0.580000 0.780000 0.490000 1.200000 6.700000 0.650000 0.650000
180000.015625 75.360001 0.084000
1.073000 0.050000 0.116600
1.303275 6.225359 0.026707 0.000000
0.000000

0.052744 12.567726 36.090286
1.239220 0.137761 19.477512 114.768967 1508.651978
0.000000 0.001096 0.003772 0.000001 0.000000 0.000000
0.000001 0.000000 0.000029
1.970658 0.650000 0.000000
764.299377 0.000000
0.000000 0.000000 0.000000 0.000000
0.000000 0.083025
11 0.015000 0.315000 0.009000
0.527000 0.580000 0.780000 0.490000 1.200000 6.700000 0.650000 0.650000
180000.015625 75.360001 0.084000
1.073000 0.050000 0.116600
1.303966 5.839591 0.024971 0.000000
0.000000

0.048861 11.662091 33.753963
1.108288 0.123207 17.406721 102.523567 1154.163940
0.000000 0.001078 0.004415 0.000000 0.000000 0.000000
0.000001 0.000000 0.000021
2.123286 0.650000 0.000000
764.299377 0.000000
0.000000 0.000000 0.000000 0.000000
0.000000 0.080052
11 0.015000 0.330000 0.006600
0.497000 0.580000 0.780000 0.490000 1.250000 6.700000 0.650000 0.650000
187499.984375 75.360001 0.084000
1.073000 0.050000 0.116600
0.996580 5.999097 0.023210 0.000000
0.000000

0.045263 10.834214 31.322275
1.044064 0.116069 16.399418 96.554214 1153.835449
0.000000 0.001067 0.004318 0.000000 0.000000 0.000000
0.000000 0.000000 0.000022
2.272926 0.650000 0.000000
764.299377 0.000000
0.000000 0.000000 0.000000 0.000000
0.000000 0.077501
11 0.015000 0.345000 0.006600
0.497000 0.580000 0.780000 0.490000 1.250000 6.700000 0.650000 0.650000
187499.984375 75.360001 0.084000
1.073000 0.050000 0.116600
0.997038 5.750957 0.022205 0.000000
0.000000

0.041900 10.059576 29.065746
0.984405 0.109439 15.463241 91.016037 1153.566650
0.000000 0.001025 0.004059 0.000000 0.000000 0.000000
0.000000 0.000000 0.000022
2.417571 0.650000 0.000000
764.299377 0.000000
0.000000 0.000000 0.000000 0.000000
0.000000 0.075328
11 0.015000 0.360000 0.006600
0.497000 0.580000 0.780000 0.490000 1.250000 6.700000 0.650000 0.650000
187499.984375 75.360001 0.084000
1.073000 0.050000 0.116600
0.997497 5.410598 0.020835 0.000000
0.000000

0.038789 9.316300 26.856348
0.929150 0.103297 14.597231 85.896355 1153.286255
0.000000 0.001017 0.004012 0.000000 0.000000 0.000000
0.000000 0.000000 0.000023
2.557301 0.650000 0.000000
764.299377 0.000000
0.000000 0.000000 0.000000 0.000000
0.000000 0.073406
11 0.015000 0.375000 0.006600
0.497000 0.580000 0.780000 0.490000 1.250000 6.700000 0.650000 0.650000
187499.984375 75.360001 0.084000
1.073000 0.050000 0.116600
0.997831 5.099049 0.019587 0.000000
0.000000

0.035929 8.648159 24.917744
0.877491 0.097555 13.787834 81.108559 1153.052124
0.000000 0.001014 0.004040 0.000000 0.000000 0.000000
0.000000 0.000000 0.000023
2.692217 0.650000 0.000000
764.299377 0.000000
0.000000 0.000000 0.000000 0.000000
0.000000 0.071840
11 0.015000 0.390000 0.006600
0.497000 0.580000 0.780000 0.490000 1.250000 6.700000 0.650000 0.650000
187499.984375 75.360001 0.084000
1.073000 0.050000 0.116600
0.998178 4.739423 0.018154 0.000000
0.000000

0.033256 8.029023 23.135649
0.829403 0.092210 13.033862 76.655670 1152.894287
0.000000 0.000998 0.003982 0.000000 0.000000 0.000000
0.000000 0.000000 0.000024
2.822435 0.650000 0.000000
764.299377 0.000000
0.000000 0.000000 0.000000 0.000000
0.000000 0.070496
11 0.015000 0.405000 0.006600
0.497000 0.580000 0.780000 0.490000 1.250000 6.700000 0.650000 0.650000
187499.984375 75.360001 0.084000
1.073000 0.050000 0.116600
0.998489 4.458457 0.017039 0.000000
0.000000

0.030802 7.453905 22.371641
0.682872 0.075920 10.702288 62.929516 578.788330
0.000000 0.000775 0.004131 0.000000 0.000000 0.000000
0.000000 0.000000 0.000013
2.948668 0.650000 0.000000
764.299377 0.000000
0.000000 0.000000 0.000000 0.000000
0.000000 0.069165
11 0.015000 0.420000 0.003300
0.487000 0.580000 0.780000 0.490000 1.250000 6.700000 0.650000 0.650000
187499.984375 75.360001 0.084000
1.073000 0.050000 0.116600
0.499378 4.286292 0.016030 0.000000
0.000000

0.028529 6.920244 20.616293
0.641555 0.071328 10.055904 59.114597 578.521973
0.000000 0.000765 0.004397 0.000000 0.000000 0.000000
0.000000 0.000000 0.000013
3.071101 0.650000 0.000000
764.299377 0.000000
0.000000 0.000000 0.000000 0.000000
0.000000 0.067835
11 0.015000 0.435000 0.003300
0.487000 0.580000 0.780000 0.490000 1.250000 6.700000 0.650000 0.650000
187499.984375 75.360001 0.084000
1.073000 0.050000 0.116600
0.499515 4.036282 0.015065 0.000000
0.000000

0.026420 6.423578 19.018059
0.603133 0.067057 9.454697 55.569294 578.296814
0.000000 0.000747 0.004602 0.000000 0.000000 0.000000
0.000000 0.000000 0.000013
3.189310 0.650000 0.000000
764.299377 0.000000
0.000000 0.000000 0.000000 0.000000
0.000000 0.066554
11 0.015000 0.450000 0.003300
0.487000 0.580000 0.780000 0.490000 1.250000 6.700000 0.650000 0.650000
187499.984375 75.360001 0.084000
1.073000 0.050000 0.116600
0.499645 3.795841 0.014141 0.000000
0.000000

0.024464 5.963380 17.563389
0.567376 0.063082 8.895415 52.271263 578.085815
0.000000 0.000738 0.004929 0.000000 0.000000 0.000000
0.000000 0.000000 0.000013
3.303464 0.650000 0.000000
764.299377 0.000000
0.000000 0.000000 0.000000 0.000000
0.000000 0.065298
11 0.015000 0.465000 0.003300
0.487000 0.580000 0.780000 0.490000 1.250000 6.700000 0.650000 0.650000
187499.984375 75.360001 0.084000
1.073000 0.050000 0.116600
0.499756 3.499393 0.013007 0.000000
0.000000

0.022653 5.536116 16.241489
0.534163 0.059390 8.375880 49.209343 577.887207
0.000000 0.000726 0.005200 0.000000 0.000000 0.000000
0.000000 0.000000 0.000013
3.413740 0.650000 0.000000
764.299377 0.000000
0.000000 0.000000 0.000000 0.000000
0.000000 0.064041
11 0.015000 0.480000 0.003300
0.487000 0.580000 0.780000 0.490000 1.250000 6.700000 0.650000 0.650000
187499.984375 75.360001 0.084000
1.073000 0.050000 0.116600
0.499887 3.201680 0.011872 0.000000
0.000000

0.020976 5.139246 15.018883
0.503309 0.055960 7.893435 46.366631 577.699768
0.000000 0.000719 0.005488 0.000000 0.000000 0.000000
0.000000 0.000000 0.000014
3.520319 0.650000 0.000000
764.299377 0.000000
0.000000 0.000000 0.000000 0.000000
0.000000 0.062750
11 0.015000 0.495000 0.003300
0.487000 0.580000 0.780000 0.490000 1.250000 6.700000 0.650000 0.650000
187499.984375 75.360001 0.084000
1.073000 0.050000 0.116600
0.500000 2.966501 0.010980 0.000000
0.000000

0.019424 4.770594 13.898067
0.474636 0.052772 7.445138 43.726265 577.541748
0.000000 0.000721 0.005866 0.000000 0.000000 0.000000
0.000000 0.000000 0.000014
3.623387 0.650000 0.000000
764.299377 0.000000
0.000000 0.000000 0.000000 0.000000
0.000000 0.061418
11 0.015000 0.510000 0.003300
0.487000 0.580000 0.780000 0.490000 1.250000 6.700000 0.650000 0.650000
187499.984375 75.360001 0.084000
1.073000 0.050000 0.116600
0.500110 2.738388 0.010118 0.000000
0.000000

0.017986 4.429947 20.430632
0.359302 0.039949 5.582560 32.782352 176.755569
0.000000 0.000000 0.000094 0.000000 0.000000 0.000000
0.000000 0.000000 0.000005
3.723130 0.650000 0.000000
764.299377 0.000000
0.000000 0.000000 0.000000 0.000000
0.000000 0.062480
11 0.015000 0.525000 0.001000
0.487000 0.580000 0.780000 0.490000 1.250000 6.700000 0.650000 0.650000
187499.984375 75.360001 0.084000
1.073000 0.050000 0.116600
0.151576 2.544389 0.009387 0.000000
0.000000

0.016655 4.111823 18.317444
0.336874 0.037456 5.244485 30.792828 176.599762
0.000000 0.000000 0.000087 0.000000 0.000000 0.000000
0.000000 0.000000 0.000003
3.819738 0.650000 0.000000
764.299377 0.000000
0.000000 0.000000 0.000000 0.000000
0.000000 0.060160
11 0.015000 0.540000 0.001000
0.487000 0.580000 0.780000 0.490000 1.250000 6.700000 0.650000 0.650000
187499.984375 75.360001 0.084000
1.073000 0.050000 0.116600
0.151603 2.369602 0.008730 0.000000
0.000000

0.015424 3.815454 16.330637
0.316404 0.035180 4.934556 28.969311 176.460312
0.000000 0.000000 0.000088 0.000000 0.000000 0.000000
0.000000 0.000000 0.000003
3.913399 0.650000 0.000000
764.299377 0.000000
0.000000 0.000000 0.000000 0.000000
0.000000 0.057997
11 0.015000 0.555000 0.001000
0.487000 0.580000 0.780000 0.490000 1.250000 6.700000 0.650000 0.650000
187499.984375 75.360001 0.084000
1.073000 0.050000 0.116600
0.151632 2.192559 0.008067 0.000000
0.000000

0.014284 3.540554 14.600986
0.297016 0.033025 4.637591 27.222654 176.331100
0.000000 0.000000 0.000083 0.000000 0.000000 0.000000
0.000000 0.000000 0.000002
4.004294 0.650000 0.000000
764.299377 0.000000
0.000000 0.000000 0.000000 0.000000
0.000000 0.056094
11 0.015000 0.570000 0.001000
0.487000 0.580000 0.780000 0.490000 1.250000 6.700000 0.650000 0.650000
187499.984375 75.360001 0.084000
1.073000 0.050000 0.116600
0.151657 2.036053 0.007482 0.000000
0.000000

0.013228 3.284933 13.153156
0.278924 0.031013 4.358937 25.584095 176.205933
0.000000 0.000000 0.000079 0.000000 0.000000 0.000000
0.000000 0.000000 0.000002
4.092607 0.650000 0.000000
764.299377 0.000000
0.000000 0.000000 0.000000 0.000000
0.000000 0.054307
11 0.015000 0.585000 0.001000
0.487000 0.580000 0.780000 0.490000 1.250000 6.700000 0.650000 0.650000
187499.984375 75.360001 0.084000
1.073000 0.050000 0.116600
0.151685 1.858880 0.006822 0.000000
0.000000

0.012250 3.048451 12.023546
0.261710 0.029100 4.092585 24.018251 176.084854
0.000000 0.000000 0.000076 0.000000 0.000000 0.000000
0.000000 0.000000 0.000001
4.178510 0.650000 0.000000
764.299377 0.000000
0.000000 0.000000 0.000000 0.000000
0.000000 0.052644
11 0.015000 0.600000 0.001000
0.487000 0.580000 0.780000 0.490000 1.250000 6.700000 0.650000 0.650000
187499.984375 75.360001 0.084000
1.073000 0.050000 0.116600
0.151709 1.693398 0.006206 0.000000
0.000000

0.011345 2.828293 10.429987
0.248065 0.027583 3.866606 22.689810 175.980865
0.000000 0.000000 0.000074 0.000000 0.000000 0.000000
0.000000 0.000000 0.000002
4.262176 0.650000 0.000000
764.299377 0.000000
0.000000 0.000000 0.000000 0.000000
0.000000 0.052702
11 0.015000 0.615000 0.001000
0.487000 0.580000 0.780000 0.490000 1.250000 6.700000 0.650000 0.650000
187499.984375 75.360001 0.084000
1.073000 0.050000 0.116600
0.151737 1.563466 0.005724 0.000000
0.000000

0.010507 2.623853 8.779650
0.234726 0.026100 3.663009 21.492935 175.898636
0.000000 0.000053 0.001401 0.000000 0.000000 0.000000
0.000000 0.000000 0.000005
4.343770 0.650000 0.000000
764.299377 0.000000
0.000000 0.000000 0.000000 0.000000
0.000000 0.050946
11 0.015000 0.630000 0.001000
0.487000 0.580000 0.780000 0.490000 1.250000 6.700000 0.650000 0.650000
187499.984375 75.360001 0.084000
1.073000 0.050000 0.116600
0.151753 1.425616 0.005214 0.000000
0.000000

0.009732 2.434879 7.477751
0.221370 0.024615 3.458869 20.293213 175.833649
0.000000 0.000114 0.003141 0.000000 0.000000 0.000000
0.000000 0.000000 0.000005
4.423450 0.650000 0.000000
764.299377 0.000000
0.000000 0.000000 0.000000 0.000000
0.000000 0.049236
11 0.015000 0.645000 0.001000
0.487000 0.580000 0.780000 0.490000 1.250000 6.700000 0.650000 0.650000
187499.984375 75.360001 0.084000
1.073000 0.050000 0.116600
0.151778 1.966398 0.007222 0.000000
0.000000

0.009015 2.261740 6.682970
0.208155 0.023145 3.254380 19.090607 175.757477
0.000000 0.000831 0.006670 0.000000 0.000000 0.000000
0.000000 0.000002 0.000004
4.501368 0.650000 0.000000
764.299377 0.000000
0.000000 0.000000 0.000000 0.000000
0.000000 0.047864
11 0.015000 0.660000 0.001000
0.487000 0.580000 0.780000 0.490000 1.250000 6.700000 0.650000 0.650000
187499.984375 75.360001 0.084000
1.073000 0.050000 0.116600
0.151847 2.245378 0.008265 0.000000
0.000000

0.008370 2.101860 6.153945
0.195601 0.021750 3.059197 17.941202 175.684326
0.000000 0.005575 0.009189 0.000000 0.000000 0.000000
0.000000 0.000005 0.000001
4.577670 0.650000 0.000000
764.299377 0.000000
0.000000 0.000000 0.000000 0.000000
0.000000 0.093692
11 0.015000 0.675000 0.001000
0.487000 0.580000 0.780000 0.490000 1.250000 6.700000 0.650000 0.650000
187499.984375 75.360001 0.084000
1.073000 0.050000 0.116600
0.151922 2.451947 0.009039 0.000000
0.000000

0.007783 1.956991 5.736971
0.183895 0.020448 2.877791 16.866024 175.609558
0.000000 0.025185 0.013196 0.000000 0.000000 0.000000
0.000000 0.000002 0.000000
4.652494 0.650000 0.000000
764.299377 0.000000
0.000000 0.000000 0.000000 0.000000
0.000000 0.174947
11 0.015000 0.690000 0.001000
0.487000 0.580000 0.780000 0.490000 1.250000 6.700000 0.650000 0.650000
187499.984375 75.360001 0.084000
1.073000 0.050000 0.116600
0.152016 2.544154 0.009386 0.000000
0.000000

0.007241 1.824246 5.355224
0.173045 0.019242 2.710184 15.868790 175.554245
0.000000 0.133545 0.017661 0.000000 0.000000 0.000000
0.000000 0.000001 0.000000
4.725971 0.650000 0.000000
764.299377 0.000000
0.000000 0.000000 0.000000 0.000000
0.000000 1.224717
11 0.015000 0.705000 0.001000
0.487000 0.580000 0.780000 0.490000 1.250000 6.700000 0.650000 0.650000
187499.984375 75.360001 0.084000
1.073000 0.050000 0.116600
0.152110 3.021169 0.011187 0.000000
0.000000

0.006754 1.706925 5.026948
0.163148 0.018141 2.558496 14.957071 175.506912
0.000000 0.532007 0.020608 0.000000 0.000000 0.000000
0.000000 0.000000 0.000000
4.798225 0.650000 0.000000
764.299377 0.000000
0.000000 0.000000 0.000000 0.000000
0.000000 2.429074
11 0.015000 0.720000 0.001000
0.487000 0.580000 0.780000 0.490000 1.250000 6.700000 0.650000 0.650000
187499.984375 75.360001 0.084000
1.073000 0.050000 0.116600
0.152305 3.846867 0.014337 0.000000
0.000000

0.006989 1.677372 4.927346
0.154490 0.017178 2.438115 14.154321 175.554474
0.000000 3.466535 0.025759 0.000000 0.000000 0.000000
0.000000 0.000000 0.000000
4.869374 0.650000 0.000000
764.299377 0.000000
0.000000 0.000000 0.000000 0.000000
0.000000 12.512679
11 0.015000 0.735000 0.001000
0.487000 0.580000 0.780000 0.490000 1.250000 6.700000 0.650000 0.650000
187499.984375 75.360001 0.084000
1.073000 0.050000 0.116600
0.153063 4.506440 0.016889 0.000000
0.000000

0.000000 0.336347 6.930279
0.096774 0.010756 1.604103 8.907566 176.543472
0.000000 2.925050 0.017883 0.000000 0.000000 0.000000
0.000000 0.000000 0.000000
4.932719 0.986417 0.000000
764.299377 0.000000
0.000000 0.000000 0.000000 0.000000
0.000000 1.840585
11 0.015000 0.750000 0.001000
0.487000 0.580000 0.780000 0.490000 1.250000 6.700000 0.650000 0.650000
187499.984375 75.360001 0.084000
1.073000 0.050000 0.116600
0.158679 0.353745 0.001947 0.000000
0.000000

0.000000 0.329368 6.760015
0.092568 0.010289 1.539381 8.522670 176.782867
0.000000 1.479442 0.016606 0.000000 0.000000 0.000000
0.000000 0.000000 0.000000
4.989251 1.000000 0.000000
764.299377 0.000000
0.000000 0.000000 0.000000 0.000000
0.000000 1.372365
11 0.015000 0.765000 0.001000
0.487000 0.580000 0.780000 0.490000 1.250000 6.700000 0.650000 0.650000
187499.984375 75.360001 0.084000
1.073000 0.050000 0.116600
0.159388 0.281652 0.001571 0.000000
0.000000

0.000000 0.307692 6.344733
0.088682 0.009857 1.475158 8.166213 176.821381
0.000000 0.618462 0.016154 0.000000 0.000000 0.000000
0.000000 0.000000 0.000000
5.044661 1.000000 0.000000
764.299377 0.000000
0.000000 0.000000 0.000000 0.000000
0.000000 1.353150
11 0.015000 0.780000 0.001000
0.487000 0.580000 0.780000 0.490000 1.250000 6.700000 0.650000 0.650000
187499.984375 75.360001 0.084000
1.073000 0.050000 0.116600
0.159539 0.237498 0.001324 0.000000
0.000000

0.000000 0.287038 5.973213
0.085336 0.009485 1.419913 7.859570 176.953674
0.000000 0.271949 0.015398 0.000000 0.000000 0.000000
0.000000 0.000001 0.000000
5.099216 1.000000 0.000000
764.299377 0.000000
0.000000 0.000000 0.000000 0.000000
0.000000 1.327598
11 0.015000 0.795000 0.001000
0.487000 0.580000 0.780000 0.490000 1.250000 6.700000 0.650000 0.650000
187499.984375 75.360001 0.084000
1.073000 0.050000 0.116600
0.159945 0.195036 0.001087 0.000000
0.000000

0.000000 0.267066 5.567851
0.081973 0.009111 1.364443 7.551758 176.959229
0.000000 0.137267 0.013956 0.000000 0.000000 0.000000
0.000000 0.000002 0.000000
5.152992 1.000000 0.000000
764.299377 0.000000
0.000000 0.000000 0.000000 0.000000
0.000000 1.323716
11 0.015000 0.810000 0.001000
0.487000 0.580000 0.780000 0.490000 1.250000 6.700000 0.650000 0.650000
187499.984375 75.360001 0.084000
1.073000 0.050000 0.116600
0.159993 0.158469 0.000883 0.000000
0.000000

0.000000 0.248666 5.190343
0.078865 0.008765 1.313194 7.267378 176.967148
0.000000 0.071748 0.012148 0.000000 0.000000 0.000000
0.000000 0.000004 0.000000
5.206058 1.000000 0.000000
764.299377 0.000000
0.000000 0.000000 0.000000 0.000000
0.000000 1.324560
11 0.015000 0.825000 0.001000
0.487000 0.580000 0.780000 0.490000 1.250000 6.700000 0.650000 0.650000
187499.984375 75.360001 0.084000
1.073000 0.050000 0.116600
0.160042 0.145048 0.000808 0.000000
0.000000

0.000000 0.231503 4.847163
0.075995 0.008447 1.265878 7.004823 176.983047
0.000000 0.034154 0.010088 0.000000 0.000000 0.000000
0.000000 0.000008 0.000000
5.258475 1.000000 0.000000
764.299377 0.000000
0.000000 0.000000 0.000000 0.000000
0.000000 1.382935
11 0.015000 0.840000 0.001000
0.487000 0.580000 0.780000 0.490000 1.250000 6.700000 0.650000 0.650000
187499.984375 75.360001 0.084000
1.073000 0.050000 0.116600
0.160114 0.146539 0.000817 0.000000
0.000000

0.000000 0.215744 4.519511
0.073319 0.008149 1.221770 6.760085 176.986649
0.000000 0.013436 0.007024 0.000000 0.000000 0.000000
0.000000 0.000015 0.000001
5.310299 1.000000 0.000000
764.299377 0.000000
0.000000 0.000000 0.000000 0.000000
0.000000 1.403865
11 0.015000 0.855000 0.001000
0.487000 0.580000 0.780000 0.490000 1.250000 6.700000 0.650000 0.650000
187499.984375 75.360001 0.084000
1.073000 0.050000 0.116600
0.160157 0.160917 0.000897 0.000000
0.000000

0.000000 0.000000 0.129650
0.040158 0.004463 0.675710 3.738343 177.419388
0.000000 0.006693 0.017465 0.000000 0.000000 0.000000
0.000000 0.000015 0.000002
5.361583 1.000000 0.000000
764.299377 0.000000
0.000000 0.000000 0.000000 0.000000
0.000000 0.975211
11 0.015000 0.870000 0.001000
0.487000 0.580000 0.780000 0.490000 1.250000 6.700000 0.650000 0.650000
187499.984375 75.360001 0.084000
1.073000 0.050000 0.116600
0.161521 0.093357 0.000520 0.000000
0.000000

0.000000 0.000000 0.130574
0.040183 0.004466 0.676176 3.740576 177.430496
0.000000 0.005320 0.017416 0.000000 0.000000 0.000000
0.000000 0.000015 0.000003
5.412371 1.000000 0.000000
764.299377 0.000000
0.000000 0.000000 0.000000 0.000000
0.000000 0.974591
11 0.015000 0.885000 0.001000
0.487000 0.580000 0.780000 0.490000 1.250000 6.700000 0.650000 0.650000
187499.984375 75.360001 0.084000
1.073000 0.050000 0.116600
0.161547 0.093502 0.000521 0.000000
0.000000

0.000000 0.000000 0.131279
0.040202 0.004468 0.676546 3.742278 177.442215
0.000000 0.006052 0.017439 0.000000 0.000000 0.000000
0.000000 0.000015 0.000002
5.462706 1.000000 0.000000
764.299377 0.000000
0.000000 0.000000 0.000000 0.000000
0.000000 0.974035
11 0.015000 0.900000 0.001000
0.487000 0.580000 0.780000 0.490000 1.250000 6.700000 0.650000 0.650000
187499.984375 75.360001 0.084000
1.073000 0.050000 0.116600
0.161569 0.093355 0.000520 0.000000
0.000000

0.000000 0.000000 0.131929
0.040220 0.004470 0.676892 3.743845 177.455994
0.000000 0.008170 0.017446 0.000000 0.000000 0.000000
0.000000 0.000016 0.000002
5.512624 1.000000 0.000000
764.299377 0.000000
0.000000 0.000000 0.000000 0.000000
0.000000 0.973504
11 0.015000 0.915000 0.001000
0.487000 0.580000 0.780000 0.490000 1.250000 6.700000 0.650000 0.650000
187499.984375 75.360001 0.084000
1.073000 0.050000 0.116600
0.161584 0.093395 0.000520 0.000000
0.000000

0.000000 0.000000 0.132563
0.040237 0.004472 0.677223 3.745342 177.466003
0.000000 0.011382 0.017426 0.000000 0.000000 0.000000
0.000000 0.000016 0.000001
5.562158 1.000000 0.000000
764.299377 0.000000
0.000000 0.000000 0.000000 0.000000
0.000000 0.972983
11 0.015000 0.930000 0.001000
0.487000 0.580000 0.780000 0.490000 1.250000 6.700000 0.650000 0.650000
187499.984375 75.360001 0.084000
1.073000 0.050000 0.116600
0.161603 0.093266 0.000519 0.000000
0.000000

0.000000 0.000000 0.133199
0.040253 0.004474 0.677546 3.746806 177.476349
0.000000 0.015182 0.017384 0.000000 0.000000 0.000000
0.000000 0.000014 0.000001
5.611337 1.000000 0.000000
764.299377 0.000000
0.000000 0.000000 0.000000 0.000000
0.000000 0.972449
11 0.015000 0.945000 0.001000
0.487000 0.580000 0.780000 0.490000 1.250000 6.700000 0.650000 0.650000
187499.984375 75.360001 0.084000
1.073000 0.050000 0.116600
0.161620 0.093446 0.000520 0.000000
0.000000

0.000000 0.000000 0.133840
0.040270 0.004476 0.677882 3.748328 177.486176
0.000000 0.018839 0.017389 0.000000 0.000000 0.000000
0.000000 0.000012 0.000001
5.660190 1.000000 0.000000
764.299377 0.000000
0.000000 0.000000 0.000000 0.000000
0.000000 0.971937
11 0.015000 0.960000 0.001000
0.487000 0.580000 0.780000 0.490000 1.250000 6.700000 0.650000 0.650000
187499.984375 75.360001 0.084000
1.073000 0.050000 0.116600
0.161638 0.093397 0.000520 0.000000
0.000000

0.000000 0.000000 0.134728
0.040294 0.004479 0.678321 3.750441 177.495956
0.000000 0.021547 0.017317 0.000000 0.000000 0.000000
0.000000 0.000011 0.000000
5.708737 1.000000 0.000000
764.299377 0.000000
0.000000 0.000000 0.000000 0.000000
0.000000 0.971449
11 0.015000 0.975000 0.001000
0.487000 0.580000 0.780000 0.490000 1.250000 6.700000 0.650000 0.650000
187499.984375 75.360001 0.084000
1.073000 0.050000 0.116600
0.161662 0.093353 0.000520 0.000000
0.000000

0.000000 0.000000 0.135473
0.040313 0.004481 0.678691 3.752167 177.507294
0.000000 0.022737 0.017281 0.000000 0.000000 0.000000
0.000000 0.000011 0.000000
5.757002 1.000000 0.000000
764.299377 0.000000
0.000000 0.000000 0.000000 0.000000
0.000000 0.970941
11 0.015000 0.990000 0.001000
0.487000 0.580000 0.780000 0.490000 1.250000 6.700000 0.650000 0.650000
187499.984375 75.360001 0.084000
1.073000 0.050000 0.116600
0.161679 0.093318 0.000520 0.000000
0.000000

0.000000 0.000000 0.136078
0.040329 0.004483 0.679002 3.753571 177.518753
0.000000 0.022231 0.017224 0.000000 0.000000 0.000000
0.000000 0.000011 0.000001
5.805001 1.000000 0.000000
764.299377 0.000000
0.000000 0.000000 0.000000 0.000000
0.000000 0.970421
11 0.015000 1.005000 0.001000
0.487000 0.580000 0.780000 0.490000 1.250000 6.700000 0.650000 0.650000
187499.984375 75.360001 0.084000
1.073000 0.050000 0.116600
0.161697 0.093483 0.000521 0.000000
0.000000

0.000000 0.000000 0.136868
0.040349 0.004485 0.679385 3.755379 177.527817
0.000000 0.020296 0.017134 0.000000 0.000000 0.000000
0.000000 0.000013 0.000001
5.852750 1.000000 0.000000
764.299377 0.000000
0.000000 0.000000 0.000000 0.000000
0.000000 0.969917
11 0.015000 1.020000 0.001000
0.487000 0.580000 0.780000 0.490000 1.250000 6.700000 0.650000 0.650000
187499.984375 75.360001 0.084000
1.073000 0.050000 0.116600
0.161717 0.093334 0.000520 0.000000
0.000000

0.000000 0.000000 0.137463
0.040365 0.004487 0.679694 3.756781 177.537308
0.000000 0.017499 0.017091 0.000000 0.000000 0.000000
0.000000 0.000014 0.000001
5.900264 1.000000 0.000000
764.299377 0.000000
0.000000 0.000000 0.000000 0.000000
0.000000 0.969396
11 0.015000 1.035000 0.001000
0.487000 0.580000 0.780000 0.490000 1.250000 6.700000 0.650000 0.650000
187499.984375 75.360001 0.084000
1.073000 0.050000 0.116600
0.161733 0.093566 0.000521 0.000000
0.000000

0.000000 0.000000 0.138090
0.040381 0.004488 0.680005 3.758204 177.546982
0.000000 0.014452 0.017028 0.000000 0.000000 0.000000
0.000000 0.000016 0.000001
5.947553 1.000000 0.000000
764.299377 0.000000
0.000000 0.000000 0.000000 0.000000
0.000000 0.968888
11 0.015000 1.050000 0.001000
0.487000 0.580000 0.780000 0.490000 1.250000 6.700000 0.650000 0.650000
187499.984375 75.360001 0.084000
1.073000 0.050000 0.116600
0.161749 0.093379 0.000520 0.000000
0.000000

0.000000 0.000000 0.138674
0.040396 0.004490 0.680293 3.759500 177.556854
0.000000 0.011642 0.016925 0.000000 0.000000 0.000000
0.000000 0.000018 0.000002
5.994628 1.000000 0.000000
764.299377 0.000000
0.000000 0.000000 0.000000 0.000000
0.000000 0.968373
11 0.015000 1.065000 0.001000
0.487000 0.580000 0.780000 0.490000 1.250000 6.700000 0.650000 0.650000
187499.984375 75.360001 0.084000
1.073000 0.050000 0.116600
0.161764 0.093573 0.000521 0.000000
0.000000

0.000000 0.000000 0.139274
0.040411 0.004492 0.680590 3.760856 177.566071
0.000000 0.009349 0.016858 0.000000 0.000000 0.000000
0.000000 0.000018 0.000002
6.041497 1.000000 0.000000
764.299377 0.000000
0.000000 0.000000 0.000000 0.000000
0.000000 0.967872
11 0.015000 1.080000 0.001000
0.487000 0.580000 0.780000 0.490000 1.250000 6.700000 0.650000 0.650000
187499.984375 75.360001 0.084000
1.073000 0.050000 0.116600
0.161778 0.093327 0.000520 0.000000
0.000000

0.000000 0.000000 0.140175
0.040434 0.004494 0.681012 3.762890 177.576263
0.000000 0.007655 0.016832 0.000000 0.000000 0.000000
0.000000 0.000018 0.000003
6.088166 1.000000 0.000000
764.299377 0.000000
0.000000 0.000000 0.000000 0.000000
0.000000 0.967398
11 0.015000 1.095000 0.001000
0.487000 0.580000 0.780000 0.490000 1.250000 6.700000 0.650000 0.650000
187499.984375 75.360001 0.084000
1.073000 0.050000 0.116600
0.161802 0.093676 0.000522 0.000000
0.000000

0.000000 0.000000 0.141176
0.040458 0.004497 0.681468 3.765133 177.587936
0.000000 0.006493 0.016767 0.000000 0.000000 0.000000
0.000000 0.000017 0.000003
6.134642 1.000000 0.000000
764.299377 0.000000
0.000000 0.000000 0.000000 0.000000
0.000000 0.966942
11 0.015000 1.110000 0.001000
0.487000 0.580000 0.780000 0.490000 1.250000 6.700000 0.650000 0.650000
187499.984375 75.360001 0.084000
1.073000 0.050000 0.116600
0.161828 0.093210 0.000519 0.000000
0.000000

0.000000 0.000000 0.141751
0.040473 0.004499 0.681745 3.766373 177.596115
0.000000 0.005738 0.016680 0.000000 0.000000 0.000000
0.000000 0.000017 0.000004
6.180927 1.000000 0.000000
764.299377 0.000000
0.000000 0.000000 0.000000 0.000000
0.000000 0.966462
11 0.015000 1.125000 0.001000
0.487000 0.580000 0.780000 0.490000 1.250000 6.700000 0.650000 0.650000
187499.984375 75.360001 0.084000
1.073000 0.050000 0.116600
0.161843 0.093502 0.000521 0.000000
0.000000

0.000000 0.000000 0.142319
0.040487 0.004500 0.682026 3.767654 177.605713
0.000000 0.005270 0.016687 0.000000 0.000000 0.000000
0.000000 0.000017 0.000004
6.227025 1.000000 0.000000
764.299377 0.000000
0.000000 0.000000 0.000000 0.000000
0.000000 0.965986
11 0.015000 1.140000 0.001000
0.487000 0.580000 0.780000 0.490000 1.250000 6.700000 0.650000 0.650000
187499.984375 75.360001 0.084000
1.073000 0.050000 0.116600
0.161858 0.093430 0.000520 0.000000
0.000000

0.000000 0.000000 0.142884
0.040501 0.004502 0.682304 3.768907 177.614563
0.000000 0.004974 0.016616 0.000000 0.000000 0.000000
0.000000 0.000016 0.000004
6.272935 1.000000 0.000000
764.299377 0.000000
0.000000 0.000000 0.000000 0.000000
0.000000 0.965524
11 0.015000 1.155000 0.001000
0.487000 0.580000 0.780000 0.490000 1.250000 6.700000 0.650000 0.650000
187499.984375 75.360001 0.084000
1.073000 0.050000 0.116600
0.161874 0.093517 0.000521 0.000000
0.000000

0.000000 0.000000 0.143496
0.040516 0.004503 0.682594 3.770237 177.623657
0.000000 0.004774 0.016537 0.000000 0.000000 0.000000
0.000000 0.000016 0.000004
6.318660 1.000000 0.000000
764.299377 0.000000
0.000000 0.000000 0.000000 0.000000
0.000000 0.965074
11 0.015000 1.170000 0.001000
0.487000 0.580000 0.780000 0.490000 1.250000 6.700000 0.650000 0.650000
187499.984375 75.360001 0.084000
1.073000 0.050000 0.116600
0.161885 0.093483 0.000521 0.000000
0.000000

0.000000 0.000000 0.144175
0.040533 0.004505 0.682912 3.771720 177.632965
0.000000 0.004637 0.016514 0.000000 0.000000 0.000000
0.000000 0.000016 0.000005
6.364196 1.000000 0.000000
764.299377 0.000000
0.000000 0.000000 0.000000 0.000000
0.000000 0.964646
11 0.015000 1.185000 0.001000
0.487000 0.580000 0.780000 0.490000 1.250000 6.700000 0.650000 0.650000
187499.984375 75.360001 0.084000
1.073000 0.050000 0.116600
0.161904 0.093221 0.000519 0.000000
0.000000

0.000000 0.000000 0.144725
0.040546 0.004507 0.683172 3.772891 177.641464
0.000000 0.004529 0.016482 0.000000 0.000000 0.000000
0.000000 0.000016 0.000005
6.409544 1.000000 0.000000
764.299377 0.000000
0.000000 0.000000 0.000000 0.000000
0.000000 0.964204
11 0.015000 1.200000 0.001000
0.487000 0.580000 0.780000 0.490000 1.250000 6.700000 0.650000 0.650000
187499.984375 75.360001 0.084000
1.073000 0.050000 0.116600
0.161918 0.093396 0.000520 0.000000
0.000000

0.000000 0.000000 0.145272
0.040560 0.004508 0.683435 3.774084 177.648773
0.000000 0.004439 0.016438 0.000000 0.000000 0.000000
0.000000 0.000016 0.000005
6.454698 1.000000 0.000000
764.299377 0.000000
0.000000 0.000000 0.000000 0.000000
0.000000 0.963769
11 0.015000 1.215000 0.001000
0.487000 0.580000 0.780000 0.490000 1.250000 6.700000 0.650000 0.650000
187499.984375 75.360001 0.084000
1.073000 0.050000 0.116600
0.161932 0.093337 0.000520 0.000000
0.000000

0.000000 0.000000 0.145811
0.040573 0.004510 0.683697 3.775265 177.658875
0.000000 0.004358 0.016396 0.000000 0.000000 0.000000
0.000000 0.000016 0.000005
6.499655 1.000000 0.000000
764.299377 0.000000
0.000000 0.000000 0.000000 0.000000
0.000000 0.963348
11 0.015000 1.230000 0.001000
0.487000 0.580000 0.780000 0.490000 1.250000 6.700000 0.650000 0.650000
187499.984375 75.360001 0.084000
1.073000 0.050000 0.116600
0.161944 0.093401 0.000520 0.000000
0.000000

0.000000 0.000000 0.146349
0.040586 0.004511 0.683951 3.776406 177.667252
0.000000 0.004290 0.016384 0.000000 0.000000 0.000000
0.000000 0.000016 0.000005
6.544409 1.000000 0.000000
764.299377 0.000000
0.000000 0.000000 0.000000 0.000000
0.000000 0.962931
11 0.015000 1.245000 0.001000
0.487000 0.580000 0.780000 0.490000 1.250000 6.700000 0.650000 0.650000
187499.984375 75.360001 0.084000
1.073000 0.050000 0.116600
0.161955 0.093473 0.000521 0.000000
0.000000

0.000000 0.000000 0.146881
0.040599 0.004513 0.684203 3.777541 177.676178
0.000000 0.004231 0.016345 0.000000 0.000000 0.000000
0.000000 0.000016 0.000005
6.588956 1.000000 0.000000
764.299377 0.000000
0.000000 0.000000 0.000000 0.000000
0.000000 0.962526
11 0.015000 1.260000 0.001000
0.487000 0.580000 0.780000 0.490000 1.250000 6.700000 0.650000 0.650000
187499.984375 75.360001 0.084000
1.073000 0.050000 0.116600
0.161973 0.093774 0.000522 0.000000
0.000000

0.000000 0.000000 0.147422
0.040612 0.004514 0.684453 3.778662 177.685135
0.000000 0.004173 0.016271 0.000000 0.000000 0.000000
0.000000 0.000016 0.000006
6.633287 1.000000 0.000000
764.299377 0.000000
0.000000 0.000000 0.000000 0.000000
0.000000 0.962129
11 0.015000 1.275000 0.001000
0.487000 0.580000 0.780000 0.490000 1.250000 6.700000 0.650000 0.650000
187499.984375 75.360001 0.084000
1.073000 0.050000 0.116600
0.161984 0.093717 0.000522 0.000000
0.000000

0.000000 0.000000 0.148052
0.040626 0.004516 0.684737 3.779989 177.693893
0.000000 0.004119 0.016226 0.000000 0.000000 0.000000
0.000000 0.000016 0.000006
6.677396 1.000000 0.000000
764.299377 0.000000
0.000000 0.000000 0.000000 0.000000
0.000000 0.961742
11 0.015000 1.290000 0.001000
0.487000 0.580000 0.780000 0.490000 1.250000 6.700000 0.650000 0.650000
187499.984375 75.360001 0.084000
1.073000 0.050000 0.116600
0.161999 0.093717 0.000522 0.000000
0.000000

0.000000 0.000000 0.148699
0.040642 0.004517 0.685036 3.781388 177.702942
0.000000 0.004070 0.016168 0.000000 0.000000 0.000000
0.000000 0.000016 0.000006
6.721275 1.000000 0.000000
764.299377 0.000000
0.000000 0.000000 0.000000 0.000000
0.000000 0.961370
11 0.015000 1.305000 0.001000
0.487000 0.580000 0.780000 0.490000 1.250000 6.700000 0.650000 0.650000
187499.984375 75.360001 0.084000
1.073000 0.050000 0.116600
0.162015 0.093594 0.000521 0.000000
0.000000

0.000000 0.000000 0.149249
0.040655 0.004519 0.685291 3.782542 177.711166
0.000000 0.004032 0.016161 0.000000 0.000000 0.000000
0.000000 0.000016 0.000006
6.764914 1.000000 0.000000
764.299377 0.000000
0.000000 0.000000 0.000000 0.000000
0.000000 0.960991
11 0.015000 1.320000 0.001000
0.487000 0.580000 0.780000 0.490000 1.250000 6.700000 0.650000 0.650000
187499.984375 75.360001 0.084000
1.073000 0.050000 0.116600
0.162029 0.093697 0.000522 0.000000
0.000000

0.000000 0.000000 0.149771
0.040668 0.004520 0.685532 3.783628 177.719650
0.000000 0.003999 0.016119 0.000000 0.000000 0.000000
0.000000 0.000016 0.000006
6.808305 1.000000 0.000000
764.299377 0.000000
0.000000 0.000000 0.000000 0.000000
0.000000 0.960624
11 0.015000 1.335000 0.001000
0.487000 0.580000 0.780000 0.490000 1.250000 6.700000 0.650000 0.650000
187499.984375 75.360001 0.084000
1.073000 0.050000 0.116600
0.162044 0.093602 0.000521 0.000000
0.000000

0.000000 0.000000 0.150282
0.040679 0.004522 0.685764 3.784665 177.729309
0.000000 0.003969 0.016076 0.000000 0.000000 0.000000
0.000000 0.000016 0.000006
6.851436 1.000000 0.000000
764.299377 0.000000
0.000000 0.000000 0.000000 0.000000
0.000000 0.960260
11 0.015000 1.350000 0.001000
0.487000 0.580000 0.780000 0.490000 1.250000 6.700000 0.650000 0.650000
187499.984375 75.360001 0.084000
1.073000 0.050000 0.116600
0.162052 0.093687 0.000522 0.000000
0.000000

0.000000 0.000000 0.150791
0.040691 0.004523 0.685996 3.785706 177.737915
0.000000 0.003942 0.016025 0.000000 0.000000 0.000000
0.000000 0.000016 0.000006
6.894298 1.000000 0.000000
764.299377 0.000000
0.000000 0.000000 0.000000 0.000000
0.000000 0.959900
11 0.015000 1.365000 0.001000
0.487000 0.580000 0.780000 0.490000 1.250000 6.700000 0.650000 0.650000
187499.984375 75.360001 0.084000
1.073000 0.050000 0.116600
0.162064 0.093782 0.000522 0.000000
0.000000

0.000000 0.000000 0.151334
0.040704 0.004524 0.686247 3.786844 177.746826
0.000000 0.003924 0.016022 0.000000 0.000000 0.000000
0.000000 0.000016 0.000006
6.936880 1.000000 0.000000
764.299377 0.000000
0.000000 0.000000 0.000000 0.000000
0.000000 0.959553
11 0.015000 1.380000 0.001000
0.487000 0.580000 0.780000 0.490000 1.250000 6.700000 0.650000 0.650000
187499.984375 75.360001 0.084000
1.073000 0.050000 0.116600
0.162077 0.093965 0.000523 0.000000
0.000000

0.000000 0.000000 0.152198
0.040724 0.004527 0.686609 3.788615 177.756409
0.000000 0.003905 0.015983 0.000000 0.000000 0.000000
0.000000 0.000016 0.000007
6.979168 1.000000 0.000000
764.299377 0.000000
0.000000 0.000000 0.000000 0.000000
0.000000 0.959242
11 0.015000 1.395000 0.001000
0.487000 0.580000 0.780000 0.490000 1.250000 6.700000 0.650000 0.650000
187499.984375 75.360001 0.084000
1.073000 0.050000 0.116600
0.162100 0.093712 0.000522 0.000000
0.000000

0.000000 0.000000 0.152718
0.040736 0.004528 0.686846 3.789680 177.764740
0.000000 0.003881 0.015907 0.000000 0.000000 0.000000
0.000000 0.000016 0.000007
7.021154 1.000000 0.000000
764.299377 0.000000
0.000000 0.000000 0.000000 0.000000
0.000000 0.958900
11 0.015000 1.410000 0.001000
0.487000 0.580000 0.780000 0.490000 1.250000 6.700000 0.650000 0.650000
187499.984375 75.360001 0.084000
1.073000 0.050000 0.116600
0.162112 0.093944 0.000523 0.000000
0.000000

0.000000 0.000000 0.153303
0.040749 0.004529 0.687103 3.790864 177.772797
0.000000 0.003860 0.015895 0.000000 0.000000 0.000000
0.000000 0.000016 0.000007
7.062824 1.000000 0.000000
764.299377 0.000000
0.000000 0.000000 0.000000 0.000000
0.000000 0.958569
11 0.015000 1.425000 0.001000
0.487000 0.580000 0.780000 0.490000 1.250000 6.700000 0.650000 0.650000
187499.984375 75.360001 0.084000
1.073000 0.050000 0.116600
0.162123 0.093674 0.000522 0.000000
0.000000

0.000000 0.000000 0.153840
0.040761 0.004531 0.687337 3.791935 177.781204
0.000000 0.003834 0.015817 0.000000 0.000000 0.000000
0.000000 0.000016 0.000007
7.104166 1.000000 0.000000
764.299377 0.000000
0.000000 0.000000 0.000000 0.000000
0.000000 0.958240
11 0.015000 1.440000 0.001000
0.487000 0.580000 0.780000 0.490000 1.250000 6.700000 0.650000 0.650000
187499.984375 75.360001 0.084000
1.073000 0.050000 0.116600
0.162137 0.093707 0.000522 0.000000
0.000000

0.000000 0.000000 0.154328
0.040773 0.004532 0.687557 3.792921 177.788300
0.000000 0.003816 0.015809 0.000000 0.000000 0.000000
0.000000 0.000016 0.000007
7.145166 1.000000 0.000000
764.299377 0.000000
0.000000 0.000000 0.000000 0.000000
0.000000 0.957913
11 0.015000 1.455000 0.001000
0.487000 0.580000 0.780000 0.490000 1.250000 6.700000 0.650000 0.650000
187499.984375 75.360001 0.084000
1.073000 0.050000 0.116600
0.162154 0.093653 0.000522 0.000000
0.000000

0.000000 0.000000 0.154814
0.040784 0.004533 0.687775 3.793895 177.795670
0.000000 0.003803 0.015795 0.000000 0.000000 0.000000
0.000000 0.000017 0.000007
7.185812 1.000000 0.000000
764.299377 0.000000
0.000000 0.000000 0.000000 0.000000
0.000000 0.957594
11 0.015000 1.470000 0.001000
0.487000 0.580000 0.780000 0.490000 1.250000 6.700000 0.650000 0.650000
187499.984375 75.360001 0.084000
1.073000 0.050000 0.116600
0.162160 0.093719 0.000522 0.000000
0.000000

0.000000 0.000000 0.155295
0.040795 0.004535 0.687990 3.794863 177.803284
0.000000 0.003786 0.015740 0.000000 0.000000 0.000000
0.000000 0.000017 0.000007
7.226092 1.000000 0.000000
764.299377 0.000000
0.000000 0.000000 0.000000 0.000000
0.000000 0.957262
11 0.015000 1.485000 0.001000
0.487000 0.580000 0.780000 0.490000 1.250000 6.700000 0.650000 0.650000
187499.984375 75.360001 0.084000
1.073000 0.050000 0.116600
0.162171 0.093800 0.000522 0.000000
0.000000

0.000000 0.000000 0.155773
0.040806 0.004536 0.688206 3.795828 177.812042
0.000000 0.003770 0.015712 0.000000 0.000000 0.000000
0.000000 0.000017 0.000007
7.265992 1.000000 0.000000
764.299377 0.000000
0.000000 0.000000 0.000000 0.000000
0.000000 0.956949
11 0.015000 1.500000 0.001000
0.487000 0.580000 0.780000 0.490000 1.250000 6.700000 0.650000 0.650000
187499.984375 75.360001 0.084000
1.073000 0.050000 0.116600
0.162181 0.094121 0.000524 0.000000
0.000000

0.000000 0.000000 0.156282
0.040817 0.004537 0.688435 3.796866 177.819733
0.000000 0.003751 0.015657 0.000000 0.000000 0.000000
0.000000 0.000017 0.000008
7.305499 1.000000 0.000000
764.299377 0.000000
0.000000 0.000000 0.000000 0.000000
0.000000 0.956637
11 0.015000 1.515000 0.001000
0.487000 0.580000 0.780000 0.490000 1.250000 6.700000 0.650000 0.650000
187499.984375 75.360001 0.084000
1.073000 0.050000 0.116600
0.162192 0.093851 0.000523 0.000000
0.000000

0.000000 0.000000 0.156774
0.040828 0.004538 0.688646 3.797809 177.827759
0.000000 0.003737 0.015621 0.000000 0.000000 0.000000
0.000000 0.000017 0.000008
7.344600 1.000000 0.000000
764.299377 0.000000
0.000000 0.000000 0.000000 0.000000
0.000000 0.956325
11 0.015000 1.530000 0.001000
0.487000 0.580000 0.780000 0.490000 1.250000 6.700000 0.650000 0.650000
187499.984375 75.360001 0.084000
1.073000 0.050000 0.116600
0.162210 0.093945 0.000523 0.000000
0.000000

0.000000 0.000000 0.158204
0.040859 0.004542 0.689197 3.800629 177.841782
0.000000 0.003719 0.015576 0.000000 0.000000 0.000000
0.000000 0.000017 0.000008
7.383283 1.000000 0.000000
764.299377 0.000000
0.000000 0.000000 0.000000 0.000000
0.000000 0.956100
11 0.015000 1.545000 0.001000
0.487000 0.580000 0.780000 0.490000 1.250000 6.700000 0.650000 0.650000
187499.984375 75.360001 0.084000
1.073000 0.050000 0.116600
0.162239 0.094018 0.000524 0.000000
0.000000

0.000000 0.000000 0.162043
0.040941 0.004551 0.690594 3.808113 177.879120
0.000000 0.003704 0.015561 0.000000 0.000000 0.000000
0.000000 0.000017 0.000008
7.421534 1.000000 0.000000
764.299377 0.000000
0.000000 0.000000 0.000000 0.000000
0.000000 0.956090
11 0.015000 1.560000 0.001000
0.487000 0.580000 0.780000 0.490000 1.250000 6.700000 0.650000 0.650000
187499.984375 75.360001 0.084000
1.073000 0.050000 0.116600
0.162320 0.093715 0.000522 0.000000
0.000000

0.000000 0.000000 0.162522
0.040951 0.004552 0.690796 3.809011 177.886185
0.000000 0.003688 0.015498 0.000000 0.000000 0.000000
0.000000 0.000017 0.000008
7.459340 1.000000 0.000000
764.299377 0.000000
0.000000 0.000000 0.000000 0.000000
0.000000 0.955785
11 0.015000 1.575000 0.001000
0.487000 0.580000 0.780000 0.490000 1.250000 6.700000 0.650000 0.650000
187499.984375 75.360001 0.084000
1.073000 0.050000 0.116600
0.162340 0.093789 0.000522 0.000000
0.000000

0.000000 0.000000 0.163001
0.040962 0.004553 0.691006 3.809952 177.894104
0.000000 0.003672 0.015475 0.000000 0.000000 0.000000
0.000000 0.000017 0.000008
7.496690 1.000000 0.000000
764.299377 0.000000
0.000000 0.000000 0.000000 0.000000
0.000000 0.955487
11 0.015000 1.590000 0.001000
0.487000 0.580000 0.780000 0.490000 1.250000 6.700000 0.650000 0.650000
187499.984375 75.360001 0.084000
1.073000 0.050000 0.116600
0.162345 0.093873 0.000523 0.000000
0.000000

0.000000 0.000000 0.163479
0.040972 0.004554 0.691208 3.810858 177.901917
0.000000 0.003653 0.015421 0.000000 0.000000 0.000000
0.000000 0.000017 0.000008
7.533571 1.000000 0.000000
764.299377 0.000000
0.000000 0.000000 0.000000 0.000000
0.000000 0.955192
11 0.015000 1.605000 0.001000
0.487000 0.580000 0.780000 0.490000 1.250000 6.700000 0.650000 0.650000
187499.984375 75.360001 0.084000
1.073000 0.050000 0.116600
0.162358 0.094119 0.000524 0.000000
0.000000

0.000000 0.000000 0.163998
0.040983 0.004555 0.691423 3.811832 177.910110
0.000000 0.003636 0.015385 0.000000 0.000000 0.000000
0.000000 0.000017 0.000008
7.569971 1.000000 0.000000
764.299377 0.000000
0.000000 0.000000 0.000000 0.000000
0.000000 0.954894
11 0.015000 1.620000 0.001000
0.487000 0.580000 0.780000 0.490000 1.250000 6.700000 0.650000 0.650000
187499.984375 75.360001 0.084000
1.073000 0.050000 0.116600
0.162369 0.093940 0.000523 0.000000
0.000000

0.000000 0.000000 0.166642
0.041038 0.004562 0.692374 3.816863 177.940857
0.000000 0.003621 0.015356 0.000000 0.000000 0.000000
0.000000 0.000017 0.000008
7.605879 1.000000 0.000000
764.299377 0.000000
0.000000 0.000000 0.000000 0.000000
0.000000 0.954773
11 0.015000 1.635000 0.001000
0.487000 0.580000 0.780000 0.490000 1.250000 6.700000 0.650000 0.650000
187499.984375 75.360001 0.084000
1.073000 0.050000 0.116600
0.162425 0.093956 0.000523 0.000000
0.000000

0.000000 0.000000 0.167164
0.041049 0.004563 0.692590 3.817841 177.949936
0.000000 0.003606 0.015293 0.000000 0.000000 0.000000
0.000000 0.000017 0.000009
7.641283 1.000000 0.000000
764.299377 0.000000
0.000000 0.000000 0.000000 0.000000
0.000000 0.954464
11 0.015000 1.650000 0.001000
0.487000 0.580000 0.780000 0.490000 1.250000 6.700000 0.650000 0.650000
187499.984375 75.360001 0.084000
1.073000 0.050000 0.116600
0.162437 0.093824 0.000523 0.000000
0.000000

0.000000 0.000000 0.167642
0.041059 0.004564 0.692786 3.818720 177.958160
0.000000 0.003589 0.015253 0.000000 0.000000 0.000000
0.000000 0.000017 0.000009
7.676173 1.000000 0.000000
764.299377 0.000000
0.000000 0.000000 0.000000 0.000000
0.000000 0.954160
11 0.015000 1.665000 0.001000
0.487000 0.580000 0.780000 0.490000 1.250000 6.700000 0.650000 0.650000
187499.984375 75.360001 0.084000
1.073000 0.050000 0.116600
0.162448 0.093904 0.000523 0.000000
0.000000

0.000000 0.000000 0.168119
0.041069 0.004565 0.692988 3.819628 177.966644
0.000000 0.003574 0.015224 0.000000 0.000000 0.000000
0.000000 0.000017 0.000009
7.710537 1.000000 0.000000
764.299377 0.000000
0.000000 0.000000 0.000000 0.000000
0.000000 0.953867
11 0.015000 1.680000 0.001000
0.487000 0.580000 0.780000 0.490000 1.250000 6.700000 0.650000 0.650000
187499.984375 75.360001 0.084000
1.073000 0.050000 0.116600
0.162459 0.094227 0.000525 0.000000
0.000000

0.000000 0.000000 0.168644
0.041080 0.004566 0.693198 3.820588 177.974472
0.000000 0.003554 0.015193 0.000000 0.000000 0.000000
0.000000 0.000017 0.000009
7.744367 1.000000 0.000000
764.299377 0.000000
0.000000 0.000000 0.000000 0.000000
0.000000 0.953573
11 0.015000 1.695000 0.001000
0.487000 0.580000 0.780000 0.490000 1.250000 6.700000 0.650000 0.650000
187499.984375 75.360001 0.084000
1.073000 0.050000 0.116600
0.162468 0.093991 0.000524 0.000000
0.000000

0.000000 0.000000 0.169253
0.041093 0.004568 0.693443 3.821724 177.983932
0.000000 0.003534 0.015147 0.000000 0.000000 0.000000
0.000000 0.000017 0.000009
7.777651 1.000000 0.000000
764.299377 0.000000
0.000000 0.000000 0.000000 0.000000
0.000000 0.953300
11 0.015000 1.710000 0.001000
0.487000 0.580000 0.780000 0.490000 1.250000 6.700000 0.650000 0.650000
187499.984375 75.360001 0.084000
1.073000 0.050000 0.116600
0.162483 0.094029 0.000524 0.000000
0.000000

0.000000 0.000000 0.169724
0.041103 0.004569 0.693634 3.822579 177.991837
0.000000 0.003515 0.015104 0.000000 0.000000 0.000000
0.000000 0.000017 0.000009
7.810382 1.000000 0.000000
764.299377 0.000000
0.000000 0.000000 0.000000 0.000000
0.000000 0.953009
11 0.015000 1.725000 0.001000
0.487000 0.580000 0.780000 0.490000 1.250000 6.700000 0.650000 0.650000
187499.984375 75.360001 0.084000
1.073000 0.050000 0.116600
0.162491 0.094135 0.000524 0.000000
0.000000

0.000000 0.000000 0.170287
0.041114 0.004570 0.693856 3.823600 178.001068
0.000000 0.003495 0.015059 0.000000 0.000000 0.000000
0.000000 0.000017 0.000009
7.842552 1.000000 0.000000
764.299377 0.000000
0.000000 0.000000 0.000000 0.000000
0.000000 0.952738
11 0.015000 1.740000 0.001000
0.487000 0.580000 0.780000 0.490000 1.250000 6.700000 0.650000 0.650000
187499.984375 75.360001 0.084000
1.073000 0.050000 0.116600
0.162504 0.094213 0.000525 0.000000
0.000000

0.000000 0.000000 0.172183
0.041152 0.004574 0.694523 3.827078 178.020935
0.000000 0.003474 0.014997 0.000000 0.000000 0.000000
0.000000 0.000017 0.000009
7.874150 1.000000 0.000000
764.299377 0.000000
0.000000 0.000000 0.000000 0.000000
0.000000 0.952575
11 0.015000 1.755000 0.001000
0.487000 0.580000 0.780000 0.490000 1.250000 6.700000 0.650000 0.650000
187499.984375 75.360001 0.084000
1.073000 0.050000 0.116600
0.162544 0.094121 0.000524 0.000000
0.000000

0.000000 0.000000 0.175221
0.041213 0.004581 0.695558 3.832591 178.040817
0.000000 0.003455 0.014955 0.000000 0.000000 0.000000
0.000000 0.000017 0.000009
7.905170 1.000000 0.000000
764.299377 0.000000
0.000000 0.000000 0.000000 0.000000
0.000000 0.952516
11 0.015000 1.770000 0.001000
0.487000 0.580000 0.780000 0.490000 1.250000 6.700000 0.650000 0.650000
187499.984375 75.360001 0.084000
1.073000 0.050000 0.116600
0.162608 0.094028 0.000524 0.000000
0.000000

0.000000 0.000000 0.176255
0.041233 0.004583 0.695929 3.834437 178.050720
0.000000 0.003441 0.014934 0.000000 0.000000 0.000000
0.000000 0.000017 0.000010
7.935606 1.000000 0.000000
764.299377 0.000000
0.000000 0.000000 0.000000 0.000000
0.000000 0.952295
11 0.015000 1.785000 0.001000
0.487000 0.580000 0.780000 0.490000 1.250000 6.700000 0.650000 0.650000
187499.984375 75.360001 0.084000
1.073000 0.050000 0.116600
0.162627 0.094333 0.000525 0.000000
0.000000

0.000000 0.000000 0.177879
0.041265 0.004587 0.696489 3.837323 178.061066
0.000000 0.003424 0.014884 0.000000 0.000000 0.000000
0.000000 0.000016 0.000010
7.965450 1.000000 0.000000
764.299377 0.000000
0.000000 0.000000 0.000000 0.000000
0.000000 0.952123
11 0.015000 1.800000 0.001000
0.487000 0.580000 0.780000 0.490000 1.250000 6.700000 0.650000 0.650000
187499.984375 75.360001 0.084000
1.073000 0.050000 0.116600
0.162660 0.094102 0.000524 0.000000
0.000000

0.000000 0.000000 0.178486
0.041277 0.004588 0.696719 3.838389 178.070145
0.000000 0.003407 0.014852 0.000000 0.000000 0.000000
0.000000 0.000016 0.000010
7.994699 1.000000 0.000000
764.299377 0.000000
0.000000 0.000000 0.000000 0.000000
0.000000 0.951887
11 0.015000 1.815000 0.001000
0.487000 0.580000 0.780000 0.490000 1.250000 6.700000 0.650000 0.650000
187499.984375 75.360001 0.084000
1.073000 0.050000 0.116600
0.162674 0.094181 0.000525 0.000000
0.000000

0.000000 0.000000 0.179672
0.041300 0.004591 0.697129 3.840455 178.079590
0.000000 0.003389 0.014774 0.000000 0.000000 0.000000
0.000000 0.000016 0.000010
8.023345 1.000000 0.000000
764.299377 0.000000
0.000000 0.000000 0.000000 0.000000
0.000000 0.951693
11 0.015000 1.830000 0.001000
0.487000 0.580000 0.780000 0.490000 1.250000 6.700000 0.650000 0.650000
187499.984375 75.360001 0.084000
1.073000 0.050000 0.116600
0.162696 0.094154 0.000524 0.000000
0.000000

0.000000 0.000000 0.180162
0.041309 0.004592 0.697315 3.841283 178.086868
0.000000 0.003366 0.014704 0.000000 0.000000 0.000000
0.000000 0.000016 0.000010
8.051385 1.000000 0.000000
764.299377 0.000000
0.000000 0.000000 0.000000 0.000000
0.000000 0.951452
11 0.015000 1.845000 0.001000
0.487000 0.580000 0.780000 0.490000 1.250000 6.700000 0.650000 0.650000
187499.984375 75.360001 0.084000
1.073000 0.050000 0.116600
0.162708 0.094234 0.000525 0.000000
0.000000

0.000000 0.000000 0.180681
0.041319 0.004593 0.697513 3.842179 178.093811
0.000000 0.003348 0.014701 0.000000 0.000000 0.000000
0.000000 0.000016 0.000010
8.078815 1.000000 0.000000
764.299377 0.000000
0.000000 0.000000 0.000000 0.000000
0.000000 0.951218
11 0.015000 1.860000 0.001000
0.487000 0.580000 0.780000 0.490000 1.250000 6.700000 0.650000 0.650000
187499.984375 75.360001 0.084000
1.073000 0.050000 0.116600
0.162717 0.094094 0.000524 0.000000
0.000000

0.000000 0.000000 0.181272
0.041330 0.004594 0.697728 3.843177 178.101578
0.000000 0.003334 0.014657 0.000000 0.000000 0.000000
0.000000 0.000016 0.000010
8.105632 1.000000 0.000000
764.299377 0.000000
0.000000 0.000000 0.000000 0.000000
0.000000 0.950999
11 0.015000 1.875000 0.001000
0.487000 0.580000 0.780000 0.490000 1.250000 6.700000 0.650000 0.650000
187499.984375 75.360001 0.084000
1.073000 0.050000 0.116600
0.162732 0.094226 0.000525 0.000000
0.000000

0.000000 0.000000 0.181787
0.041340 0.004595 0.697923 3.844067 178.109573
0.000000 0.003320 0.014602 0.000000 0.000000 0.000000
0.000000 0.000016 0.000010
8.131833 1.000000 0.000000
764.299377 0.000000
0.000000 0.000000 0.000000 0.000000
0.000000 0.950771
11 0.015000 1.890000 0.001000
0.487000 0.580000 0.780000 0.490000 1.250000 6.700000 0.650000 0.650000
187499.984375 75.360001 0.084000
1.073000 0.050000 0.116600
0.162738 0.094415 0.000526 0.000000
0.000000

0.000000 0.000000 0.182330
0.041351 0.004596 0.698126 3.844991 178.117950
0.000000 0.003307 0.014589 0.000000 0.000000 0.000000
0.000000 0.000016 0.000010
8.157418 1.000000 0.000000
764.299377 0.000000
0.000000 0.000000 0.000000 0.000000
0.000000 0.950556
11 0.015000 1.905000 0.001000
0.487000 0.580000 0.780000 0.490000 1.250000 6.700000 0.650000 0.650000
187499.984375 75.360001 0.084000
1.073000 0.050000 0.116600
0.162750 0.094109 0.000524 0.000000
0.000000

0.000000 0.000000 0.182836
0.041361 0.004598 0.698320 3.845876 178.125641
0.000000 0.003295 0.014550 0.000000 0.000000 0.000000
0.000000 0.000016 0.000010
8.182385 1.000000 0.000000
764.299377 0.000000
0.000000 0.000000 0.000000 0.000000
0.000000 0.950345
11 0.015000 1.920000 0.001000
0.487000 0.580000 0.780000 0.490000 1.250000 6.700000 0.650000 0.650000
187499.984375 75.360001 0.084000
1.073000 0.050000 0.116600
0.162763 0.094093 0.000524 0.000000
0.000000

0.000000 0.000000 0.183309
0.041369 0.004599 0.698492 3.846630 178.133514
0.000000 0.003280 0.014496 0.000000 0.000000 0.000000
0.000000 0.000016 0.000011
8.206732 1.000000 0.000000
764.299377 0.000000
0.000000 0.000000 0.000000 0.000000
0.000000 0.950128
11 0.015000 1.935000 0.001000
0.487000 0.580000 0.780000 0.490000 1.250000 6.700000 0.650000 0.650000
187499.984375 75.360001 0.084000
1.073000 0.050000 0.116600
0.162769 0.094173 0.000525 0.000000
0.000000

0.000000 0.000000 0.183778
0.041379 0.004600 0.698673 3.847444 178.141052
0.000000 0.003265 0.014466 0.000000 0.000000 0.000000
0.000000 0.000016 0.000011
8.230459 1.000000 0.000000
764.299377 0.000000
0.000000 0.000000 0.000000 0.000000
0.000000 0.949920
11 0.015000 1.950000 0.001000
0.487000 0.580000 0.780000 0.490000 1.250000 6.700000 0.650000 0.650000
187499.984375 75.360001 0.084000
1.073000 0.050000 0.116600
0.162777 0.094480 0.000526 0.000000
0.000000

0.000000 0.000000 0.184326
0.041389 0.004601 0.698868 3.848334 178.149246
0.000000 0.003248 0.014436 0.000000 0.000000 0.000000
0.000000 0.000016 0.000011
8.253571 1.000000 0.000000
764.299377 0.000000
0.000000 0.000000 0.000000 0.000000
0.000000 0.949729
11 0.015000 1.965000 0.001000
0.487000 0.580000 0.780000 0.490000 1.250000 6.700000 0.650000 0.650000
187499.984375 75.360001 0.084000
1.073000 0.050000 0.116600
0.162791 0.094363 0.000526 0.000000
0.000000

0.000000 0.000000 0.185488
0.041410 0.004603 0.699256 3.850289 178.158752
0.000000 0.003235 0.014406 0.000000 0.000000 0.000000
0.000000 0.000016 0.000011
8.276065 1.000000 0.000000
764.299377 0.000000
0.000000 0.000000 0.000000 0.000000
0.000000 0.949592
11 0.015000 1.980000 0.001000
0.487000 0.580000 0.780000 0.490000 1.250000 6.700000 0.650000 0.650000
187499.984375 75.360001 0.084000
1.073000 0.050000 0.116600
0.162810 0.094389 0.000526 0.000000
0.000000

0.000000 0.000000 0.186153
0.041422 0.004604 0.699491 3.851393 178.166428
0.000000 0.010522 0.014548 0.000000 0.000000 0.000000
0.000000 0.000025 0.000004
8.297947 1.000000 0.000000
764.299377 0.000000
0.000000 0.000000 0.000000 0.000000
0.000000 0.949368
11 0.015000 1.995000 0.001000
0.487000 0.580000 0.780000 0.490000 1.250000 6.700000 0.650000 0.650000
187499.984375 75.360001 0.084000
1.073000 0.050000 0.116600
0.162825 0.094489 0.000526 0.000000
0.000000
1.000000
2.000000
0.321000 0.000000
0.000000
0
-0.750000
0 0
0.000000
1
0.000000
1.000000
1.000000
1.000000
0.000000 0.000000 0.000000
0.000000 0.000000
0.000000 0.000000 0.000000 0.000000 0.000000 0.000000 0.000000
0.000000 0.000000 0.000000 0.000000 0.000000 0.000000 0.000000
605
2.000000
1
C:\Kingsite\dnd\Ohio1.spf
-1.000000 -1.000000
0.000000
50
50
10.000000
100
