11
Clay
0.580000 0.612000 0.084000 0.780000 0.530000 1.000000 0.000000 0.000000
1.020000 6.700000 1 0.028600 0.500000 0.050000 0.010000 0.027000 0.963000
0.000000 0.015000 2.000000 152999.984375 75.360001 133
0.103800 3.528000 4.728100 0.000000 1
8.234000 8.234000 10.000000 5.000000 25.000000 100.000000
0.000000 0.000000 0.012701 0.000000 55.331982 81.866211
500.000000 0.000000 0.000000

0.149130 155.346802 404.532532
5.726122 0.636378 102.118919 623.081360 3878.458008
0.000000 0.069637 0.104126 0.998862 0.000000 0.000000
0.000003 0.000000 0.000028
-1.021420 0.000010 71.008476
764.299377 0.000000
4.425071 0.000000 0.000000 0.000000
0.000000 0.206439
11 0.015000 0.015000 0.028600
0.612000 0.580000 0.780000 0.530000 1.020000 6.700000 0.780000 0.780000
152999.984375 75.360001 0.084000
1.073000 0.050000 0.116600
3.077861 24.429026 0.008490 0.000000
0.000000

0.146608 17.187759 27.652813
4.015926 0.446312 73.968567 445.285217 3910.897461
0.000000 0.001456 0.066928 0.499431 0.000000 0.000000
0.000002 0.000000 0.000004
-0.980301 0.000010 71.008476
764.299377 0.000000
1.233952 0.000000 0.000000 0.000000
0.000000 0.035537
11 0.015000 0.030000 0.028600
0.612000 0.580000 0.780000 0.530000 1.020000 6.700000 0.780000 0.780000
152999.984375 75.360001 0.084000
1.073000 0.050000 0.116600
3.111231 7.116314 0.000209 0.000000
0.000000

0.137219 14.622887 18.511538
4.025247 0.447362 73.952522 442.098938 3911.246826
0.000000 0.005232 0.095703 0.249715 0.000000 0.000000
0.000002 0.000000 0.000001
-0.946399 0.000010 71.008476
764.299377 0.000000
0.765162 0.000000 0.000000 0.000000
0.000000 0.045049
11 0.015000 0.045000 0.028600
0.612000 0.580000 0.780000 0.530000 1.020000 6.700000 0.780000 0.780000
152999.984375 75.360001 0.084000
1.073000 0.050000 0.116600
3.115117 7.039750 0.000207 0.000000
0.000000

0.128462 13.515808 17.971039
4.084776 0.453989 74.296303 442.103088 3911.509277
0.000000 0.004864 0.088937 0.124858 0.000000 0.000000
0.000001 0.000000 0.000002
-0.906880 0.000010 70.605629
764.299377 0.000000
0.703650 0.000000 0.000000 0.000000
0.000000 0.045886
11 0.015000 0.060000 0.028600
0.612000 0.580000 0.780000 0.530000 1.020000 6.700000 0.780000 0.780000
152999.984375 75.360001 0.084000
1.073000 0.050000 0.116600
3.117726 6.843770 0.000192 0.000000
0.000000

0.120154 12.516026 17.365721
4.142020 0.460352 74.543686 442.047058 3911.691895
0.000000 0.004545 0.082070 0.062429 0.000000 0.000000
0.000001 0.000000 0.000002
-0.861741 0.000010 70.189766
764.299377 0.000000
0.640782 0.000000 0.000000 0.000000
0.000000 0.042156
11 0.015000 0.075000 0.028600
0.612000 0.580000 0.780000 0.530000 1.020000 6.700000 0.780000 0.780000
152999.984375 75.360001 0.084000
1.073000 0.050000 0.116600
3.119636 6.821251 0.000192 0.000000
0.000000

0.111786 11.543315 16.851265
4.226267 0.494697 74.706123 441.876648 3911.838379
0.000000 0.002093 0.069804 0.031214 0.000000 0.000000
0.000001 0.000000 0.000003
-0.811121 0.000010 70.189766
764.299377 0.000000
0.520805 0.000000 0.000000 0.000000
0.000000 0.041516
11 0.015000 0.090000 0.028600
0.612000 0.580000 0.780000 0.530000 1.020000 6.700000 0.780000 0.780000
152999.984375 75.360001 0.084000
1.073000 0.050000 0.116600
3.121141 7.033268 0.000211 0.000000
0.000000

0.105065 10.798260 113.204834
4.410209 0.506295 77.084549 454.902100 3909.796143
0.000000 0.000945 0.063281 0.015607 0.000000 0.000000
0.000001 0.000000 0.000003
-0.755184 0.000010 70.189766
764.299377 0.000000
0.492969 0.000000 0.000000 0.000000
0.000000 0.080890
11 0.015000 0.105000 0.028600
0.612000 0.580000 0.780000 0.530000 1.020000 6.700000 0.780000 0.780000
152999.984375 75.360001 0.084000
1.073000 0.050000 0.116600
3.158326 7.539023 0.000261 0.000000
0.000000

0.097231 9.821595 76.226822
1.784603 0.198347 30.607927 180.320694 2928.313965
0.000000 0.000788 0.023538 0.007804 0.000000 0.000000
0.000000 0.000000 0.000001
-0.688269 0.000010 51.939690
764.299377 0.000000
0.177744 0.000000 0.000000 0.000000
0.000000 0.056648
11 0.015000 0.120000 0.018000
0.547000 0.580000 0.780000 0.490000 1.150000 6.700000 0.650000 0.650000
172500.000000 75.360001 0.084000
1.073000 0.050000 0.116600
2.638439 8.811129 0.000216 0.000000
0.000000

0.090670 9.104581 71.482185
1.723781 0.191600 29.227198 171.827606 2929.013428
0.000000 0.000921 0.019978 0.003902 0.000000 0.000000
0.000000 0.000000 0.000001
-0.609666 0.000010 51.939690
764.299377 0.000000
0.149997 0.000000 0.000000 0.000000
0.000000 0.058721
11 0.015000 0.135000 0.018000
0.547000 0.580000 0.780000 0.490000 1.150000 6.700000 0.650000 0.650000
172500.000000 75.360001 0.084000
1.073000 0.050000 0.116600
2.641519 8.471756 0.000193 0.000000
0.000000

0.084257 8.409278 67.005615
1.661842 0.184716 27.928009 163.933502 2929.706787
0.000000 0.000872 0.016674 0.001951 0.000000 0.000000
0.000000 0.000000 0.000002
-0.526547 0.000010 51.939690
764.299377 0.000000
0.124083 0.000000 0.000000 0.000000
0.000000 0.056669
11 0.015000 0.150000 0.018000
0.547000 0.580000 0.780000 0.490000 1.150000 6.700000 0.650000 0.650000
172500.000000 75.360001 0.084000
1.073000 0.050000 0.116600
2.644250 8.001442 0.000162 0.000000
0.000000

0.078223 20.723372 63.998749
1.649350 0.183329 27.551781 161.547089 2930.292236
0.000000 0.000526 0.013578 0.000975 0.000000 0.000000
0.000000 0.000000 0.000002
-0.439110 0.000010 51.939690
764.299377 0.000000
0.103192 0.000000 0.000000 0.000000
0.000000 0.079957
11 0.015000 0.165000 0.018000
0.547000 0.580000 0.780000 0.490000 1.150000 6.700000 0.650000 0.650000
172500.000000 75.360001 0.084000
1.073000 0.050000 0.116600
2.646565 8.331598 0.000183 0.000000
0.000000

0.072360 19.445503 60.179085
1.592300 0.176988 26.366629 154.343887 2931.018799
0.000000 0.000491 0.010893 0.000488 0.000000 0.000000
0.000000 0.000000 0.000002
-0.347568 0.000010 51.939690
764.299377 0.000000
0.080741 0.000000 0.000000 0.000000
0.000000 0.077758
11 0.015000 0.180000 0.018000
0.547000 0.580000 0.780000 0.490000 1.150000 6.700000 0.650000 0.650000
172500.000000 75.360001 0.084000
1.073000 0.050000 0.116600
2.649248 8.860557 0.000221 0.000000
0.000000

0.067117 18.236521 56.568256
1.538926 0.171058 25.242828 147.644165 2931.681641
0.000000 0.000453 0.008386 0.000244 0.000000 0.000000
0.000000 0.000000 0.000002
-0.252149 0.000010 51.939690
764.299377 0.000000
0.060184 0.000000 0.000000 0.000000
0.000000 0.076027
11 0.015000 0.195000 0.018000
0.547000 0.580000 0.780000 0.490000 1.150000 6.700000 0.650000 0.650000
172500.000000 75.360001 0.084000
1.073000 0.050000 0.116600
2.651483 8.950519 0.000228 0.000000
0.000000

0.061019 16.516127 50.995289
1.485647 0.165138 24.084137 141.214096 2929.994141
0.000000 0.000469 0.006149 0.000122 0.000000 0.000000
0.000000 0.000000 0.000002
-0.153675 0.000010 53.332493
764.299377 0.000000
0.041358 0.000000 0.000000 0.000000
0.000000 0.072412
11 0.015000 0.210000 0.018000
0.547000 0.580000 0.780000 0.490000 1.150000 6.700000 0.650000 0.650000
172500.000000 75.360001 0.084000
1.073000 0.050000 0.116600
2.646236 7.177722 0.000119 0.000000
0.000000

0.056504 15.261929 48.998169
1.133474 0.125995 18.103331 106.091774 1530.527466
0.000000 0.000262 0.002978 0.000061 0.000000 0.000000
0.000000 0.000000 0.000001
-0.050688 0.000010 51.382496
764.299377 0.000000
0.017099 0.000000 0.000000 0.000000
0.000000 0.071295
11 0.015000 0.225000 0.009000
0.527000 0.580000 0.780000 0.490000 1.200000 6.700000 0.650000 0.650000
180000.015625 75.360001 0.084000
1.073000 0.050000 0.116600
1.381279 7.021540 0.000094 0.000000
0.000000

0.052244 14.063943 45.119240
1.086276 0.120752 17.231226 100.939392 1530.546753
0.000000 0.000203 0.001845 0.000030 0.000000 0.000000
0.000000 0.000000 0.000001
0.000000 0.158048 38.888779
764.299377 0.000000
0.008492 0.000000 0.000000 0.000000
0.000000 0.070052
11 0.015000 0.240000 0.009000
0.527000 0.580000 0.780000 0.490000 1.200000 6.700000 0.650000 0.650000
180000.015625 75.360001 0.084000
1.073000 0.050000 0.116600
1.381853 6.462203 0.006481 0.000000
0.000000

0.048288 13.058804 41.842060
1.042475 0.115889 16.398941 96.022034 1530.612427
0.000000 0.000119 0.000680 0.000015 0.000000 0.000000
0.000000 0.000000 0.000002
0.000000 0.464153 14.691219
764.299377 0.000000
0.000000 0.000000 0.000000 0.000000
0.000000 0.070820
11 0.015000 0.255000 0.009000
0.527000 0.580000 0.780000 0.490000 1.200000 6.700000 0.650000 0.650000
180000.015625 75.360001 0.084000
1.073000 0.050000 0.116600
1.382417 5.904919 0.017251 0.000000
0.000000

0.044599 12.130740 38.802048
0.995539 0.110681 15.624374 91.449898 1530.632080
0.000000 0.000112 0.000585 0.000008 0.000000 0.000000
0.000000 0.000000 0.000008
0.275713 0.650000 0.000000
764.299377 0.000000
0.000000 0.000000 0.000000 0.000000
0.000000 0.071298
11 0.015000 0.270000 0.009000
0.527000 0.580000 0.780000 0.490000 1.200000 6.700000 0.650000 0.650000
180000.015625 75.360001 0.084000
1.073000 0.050000 0.116600
1.382891 5.524323 0.023561 0.000000
0.000000

0.041269 11.275654 36.025776
0.949352 0.105548 14.903357 87.191322 1530.670532
0.000000 0.000097 0.000605 0.000004 0.000000 0.000000
0.000000 0.000000 0.000009
0.380459 0.650000 0.000000
764.299377 0.000000
0.000000 0.000000 0.000000 0.000000
0.000000 0.068793
11 0.015000 0.285000 0.009000
0.527000 0.580000 0.780000 0.490000 1.200000 6.700000 0.650000 0.650000
180000.015625 75.360001 0.084000
1.073000 0.050000 0.116600
1.383322 5.108827 0.021714 0.000000
0.000000

0.038183 10.493445 33.494083
0.906333 0.100767 14.231185 83.228516 1530.720093
0.000000 0.000103 0.000640 0.000002 0.000000 0.000000
0.000000 0.000000 0.000010
0.487494 0.650000 0.000000
764.299377 0.000000
0.000000 0.000000 0.000000 0.000000
0.000000 0.066305
11 0.015000 0.300000 0.009000
0.527000 0.580000 0.780000 0.490000 1.200000 6.700000 0.650000 0.650000
180000.015625 75.360001 0.084000
1.073000 0.050000 0.116600
1.383775 4.667378 0.019766 0.000000
0.000000

0.035326 9.754619 31.098473
0.866508 0.096341 13.609483 79.567657 1530.767334
0.000000 0.000092 0.000600 0.000001 0.000000 0.000000
0.000000 0.000000 0.000011
0.596548 0.650000 0.000000
764.299377 0.000000
0.000000 0.000000 0.000000 0.000000
0.000000 0.063710
11 0.015000 0.315000 0.009000
0.527000 0.580000 0.780000 0.490000 1.200000 6.700000 0.650000 0.650000
180000.015625 75.360001 0.084000
1.073000 0.050000 0.116600
1.384196 4.256100 0.017963 0.000000
0.000000

0.032667 9.067317 29.417131
0.747764 0.083140 11.713953 68.469681 1169.911743
0.000000 0.000087 0.000644 0.000000 0.000000 0.000000
0.000000 0.000000 0.000009
0.708833 0.650000 0.000000
764.299377 0.000000
0.000000 0.000000 0.000000 0.000000
0.000000 0.061714
11 0.015000 0.330000 0.006600
0.497000 0.580000 0.780000 0.490000 1.250000 6.700000 0.650000 0.650000
187499.984375 75.360001 0.084000
1.073000 0.050000 0.116600
1.057657 4.105051 0.015646 0.000000
0.000000

0.030200 8.421281 27.267353
0.713789 0.079365 11.179957 65.333878 1169.865112
0.000000 0.000108 0.000771 0.000000 0.000000 0.000000
0.000000 0.000000 0.000010
0.824157 0.650000 0.000000
764.299377 0.000000
0.000000 0.000000 0.000000 0.000000
0.000000 0.059500
11 0.015000 0.345000 0.006600
0.497000 0.580000 0.780000 0.490000 1.250000 6.700000 0.650000 0.650000
187499.984375 75.360001 0.084000
1.073000 0.050000 0.116600
1.057942 3.758779 0.014287 0.000000
0.000000

0.027918 7.821805 25.275902
0.682339 0.075871 10.683727 62.424114 1169.919312
0.000000 0.000127 0.000880 0.000000 0.000000 0.000000
0.000000 0.000000 0.000010
0.940732 0.650000 0.000000
764.299377 0.000000
0.000000 0.000000 0.000000 0.000000
0.000000 0.057499
11 0.015000 0.360000 0.006600
0.497000 0.580000 0.780000 0.490000 1.250000 6.700000 0.650000 0.650000
187499.984375 75.360001 0.084000
1.073000 0.050000 0.116600
1.058228 3.472116 0.013168 0.000000
0.000000

0.025810 7.263580 23.390757
0.653039 0.072615 10.223022 59.721642 1169.924927
0.000000 0.000163 0.001078 0.000000 0.000000 0.000000
0.000000 0.000000 0.000011
1.058297 0.650000 0.000000
764.299377 0.000000
0.000000 0.000000 0.000000 0.000000
0.000000 0.055370
11 0.015000 0.375000 0.006600
0.497000 0.580000 0.780000 0.490000 1.250000 6.700000 0.650000 0.650000
187499.984375 75.360001 0.084000
1.073000 0.050000 0.116600
1.058423 3.181801 0.012039 0.000000
0.000000

0.023862 6.745728 21.669437
0.625717 0.069579 9.794069 57.207390 1169.928223
0.000000 0.000198 0.001246 0.000000 0.000000 0.000000
0.000000 0.000000 0.000012
1.176600 0.650000 0.000000
764.299377 0.000000
0.000000 0.000000 0.000000 0.000000
0.000000 0.053211
11 0.015000 0.390000 0.006600
0.497000 0.580000 0.780000 0.490000 1.250000 6.700000 0.650000 0.650000
187499.984375 75.360001 0.084000
1.073000 0.050000 0.116600
1.058632 2.870438 0.010834 0.000000
0.000000

0.022060 6.263273 20.070097
0.600277 0.066752 9.395577 54.872627 1169.950317
0.000000 0.000243 0.001449 0.000000 0.000000 0.000000
0.000000 0.000000 0.000013
1.295397 0.650000 0.000000
764.299377 0.000000
0.000000 0.000000 0.000000 0.000000
0.000000 0.051018
11 0.015000 0.405000 0.006600
0.497000 0.580000 0.780000 0.490000 1.250000 6.700000 0.650000 0.650000
187499.984375 75.360001 0.084000
1.073000 0.050000 0.116600
1.058799 2.603206 0.009806 0.000000
0.000000

0.020395 5.814209 20.373808
0.441231 0.049067 6.839253 39.938938 585.558533
0.000000 0.000177 0.001629 0.000000 0.000000 0.000000
0.000000 0.000000 0.000007
1.415009 0.650000 0.000000
764.299377 0.000000
0.000000 0.000000 0.000000 0.000000
0.000000 0.049687
11 0.015000 0.420000 0.003300
0.487000 0.580000 0.780000 0.490000 1.250000 6.700000 0.650000 0.650000
187499.984375 75.360001 0.084000
1.073000 0.050000 0.116600
0.529473 2.369511 0.008730 0.000000
0.000000

0.018856 5.396740 18.562622
0.420333 0.046745 6.515935 38.047043 585.515259
0.000000 0.000251 0.002256 0.000000 0.000000 0.000000
0.000000 0.000000 0.000007
1.535223 0.650000 0.000000
764.299377 0.000000
0.000000 0.000000 0.000000 0.000000
0.000000 0.047086
11 0.015000 0.435000 0.003300
0.487000 0.580000 0.780000 0.490000 1.250000 6.700000 0.650000 0.650000
187499.984375 75.360001 0.084000
1.073000 0.050000 0.116600
0.529549 2.149179 0.007905 0.000000
0.000000

0.017434 5.008299 16.981937
0.400609 0.044552 6.210831 36.262146 585.503784
0.000000 0.000317 0.002813 0.000000 0.000000 0.000000
0.000000 0.000000 0.000008
1.655281 0.650000 0.000000
764.299377 0.000000
0.000000 0.000000 0.000000 0.000000
0.000000 0.044628
11 0.015000 0.450000 0.003300
0.487000 0.580000 0.780000 0.490000 1.250000 6.700000 0.650000 0.650000
187499.984375 75.360001 0.084000
1.073000 0.050000 0.116600
0.529618 1.971255 0.007240 0.000000
0.000000

0.016121 4.648467 15.564762
0.382133 0.042499 5.925363 34.592377 585.469421
0.000000 0.000383 0.003384 0.000000 0.000000 0.000000
0.000000 0.000000 0.000008
1.774995 0.650000 0.000000
764.299377 0.000000
0.000000 0.000000 0.000000 0.000000
0.000000 0.042287
11 0.015000 0.465000 0.003300
0.487000 0.580000 0.780000 0.490000 1.250000 6.700000 0.650000 0.650000
187499.984375 75.360001 0.084000
1.073000 0.050000 0.116600
0.529678 1.752397 0.006425 0.000000
0.000000

0.014906 4.314442 14.293815
0.364847 0.040578 5.658537 33.032066 585.444641
0.000000 0.000440 0.003888 0.000000 0.000000 0.000000
0.000000 0.000000 0.000008
1.894188 0.650000 0.000000
764.299377 0.000000
0.000000 0.000000 0.000000 0.000000
0.000000 0.040069
11 0.015000 0.480000 0.003300
0.487000 0.580000 0.780000 0.490000 1.250000 6.700000 0.650000 0.650000
187499.984375 75.360001 0.084000
1.073000 0.050000 0.116600
0.529753 1.600928 0.005863 0.000000
0.000000

0.013784 4.004102 13.133259
0.348718 0.038785 5.409979 31.578947 585.434143
0.000000 0.000488 0.004309 0.000000 0.000000 0.000000
0.000000 0.000000 0.000009
2.012701 0.650000 0.000000
764.299377 0.000000
0.000000 0.000000 0.000000 0.000000
0.000000 0.037954
11 0.015000 0.495000 0.003300
0.487000 0.580000 0.780000 0.490000 1.250000 6.700000 0.650000 0.650000
187499.984375 75.360001 0.084000
1.073000 0.050000 0.116600
0.529818 1.453582 0.005318 0.000000
0.000000

0.012748 3.715958 12.067665
0.333680 0.037113 5.178659 30.226561 585.424805
0.000000 0.000471 0.004207 0.000000 0.000000 0.000000
0.000000 0.000000 0.000009
2.130386 0.650000 0.000000
764.299377 0.000000
0.000000 0.000000 0.000000 0.000000
0.000000 0.035943
11 0.015000 0.510000 0.003300
0.487000 0.580000 0.780000 0.490000 1.250000 6.700000 0.650000 0.650000
187499.984375 75.360001 0.084000
1.073000 0.050000 0.116600
0.529876 1.323212 0.004836 0.000000
0.000000

0.011791 3.448763 17.582836
0.206550 0.022974 3.157435 18.428156 177.815933
0.000000 0.000000 0.000032 0.000000 0.000000 0.000000
0.000000 0.000000 0.000000
2.247114 0.650000 0.000000
764.299377 0.000000
0.000000 0.000000 0.000000 0.000000
0.000000 0.033607
11 0.015000 0.525000 0.001000
0.487000 0.580000 0.780000 0.490000 1.250000 6.700000 0.650000 0.650000
187499.984375 75.360001 0.084000
1.073000 0.050000 0.116600
0.160583 1.161574 0.004240 0.000000
0.000000

0.010907 3.200291 15.887444
0.199362 0.022175 2.997647 17.494406 177.792435
0.000000 0.000000 0.000031 0.000000 0.000000 0.000000
0.000000 0.000000 0.000002
2.362767 0.650000 0.000000
764.299377 0.000000
0.000000 0.000000 0.000000 0.000000
0.000000 0.037096
11 0.015000 0.540000 0.001000
0.487000 0.580000 0.780000 0.490000 1.250000 6.700000 0.650000 0.650000
187499.984375 75.360001 0.084000
1.073000 0.050000 0.116600
0.160599 1.039831 0.003792 0.000000
0.000000

0.010090 2.970692 14.499290
0.188856 0.021006 2.840331 16.575336 177.757843
0.000000 0.000012 0.000350 0.000000 0.000000 0.000000
0.000000 0.000000 0.000003
2.477244 0.650000 0.000000
764.299377 0.000000
0.000000 0.000000 0.000000 0.000000
0.000000 0.034956
11 0.015000 0.555000 0.001000
0.487000 0.580000 0.780000 0.490000 1.250000 6.700000 0.650000 0.650000
187499.984375 75.360001 0.084000
1.073000 0.050000 0.116600
0.160617 0.945603 0.003446 0.000000
0.000000

0.009362 2.758810 12.962657
0.179687 0.019987 2.707331 15.796201 177.736176
0.000000 0.000029 0.000724 0.000000 0.000000 0.000000
0.000000 0.000000 0.000004
2.590456 0.650000 0.000000
764.299377 0.000000
0.000000 0.000000 0.000000 0.000000
0.000000 0.032559
11 0.015000 0.570000 0.001000
0.487000 0.580000 0.780000 0.490000 1.250000 6.700000 0.650000 0.650000
187499.984375 75.360001 0.084000
1.073000 0.050000 0.116600
0.160630 0.821332 0.002990 0.000000
0.000000

0.008700 2.563195 11.995712
0.165690 0.018431 2.560071 14.933184 177.720749
0.000000 0.000000 0.000031 0.000000 0.000000 0.000000
0.000000 0.000000 0.000000
2.702327 0.650000 0.000000
764.299377 0.000000
0.000000 0.000000 0.000000 0.000000
0.000000 0.022225
11 0.015000 0.585000 0.001000
0.487000 0.580000 0.780000 0.490000 1.250000 6.700000 0.650000 0.650000
187499.984375 75.360001 0.084000
1.073000 0.050000 0.116600
0.160644 0.724896 0.002637 0.000000
0.000000

0.008046 2.377978 11.143617
0.156746 0.017436 2.422041 14.127549 177.694992
0.000000 0.000000 0.000033 0.000000 0.000000 0.000000
0.000000 0.000000 0.000000
2.812795 0.650000 0.000000
764.299377 0.000000
0.000000 0.000000 0.000000 0.000000
0.000000 0.020949
11 0.015000 0.600000 0.001000
0.487000 0.580000 0.780000 0.490000 1.250000 6.700000 0.650000 0.650000
187499.984375 75.360001 0.084000
1.073000 0.050000 0.116600
0.160656 0.646068 0.002349 0.000000
0.000000

0.007442 2.206111 9.926522
0.149898 0.016675 2.315560 13.506128 177.668884
0.000000 0.000000 0.000031 0.000000 0.000000 0.000000
0.000000 0.000000 0.000000
2.921810 0.650000 0.000000
764.299377 0.000000
0.000000 0.000000 0.000000 0.000000
0.000000 0.020223
11 0.015000 0.615000 0.001000
0.487000 0.580000 0.780000 0.490000 1.250000 6.700000 0.650000 0.650000
187499.984375 75.360001 0.084000
1.073000 0.050000 0.116600
0.160670 0.581553 0.002113 0.000000
0.000000

0.006883 2.046642 8.572557
0.147047 0.016358 2.228191 12.996137 177.659332
0.000000 0.001932 0.000371 0.000000 0.000000 0.000000
0.000000 0.000003 0.000001
3.029332 0.650000 0.000000
764.299377 0.000000
0.000000 0.000000 0.000000 0.000000
0.000000 0.025040
11 0.015000 0.630000 0.001000
0.487000 0.580000 0.780000 0.490000 1.250000 6.700000 0.650000 0.650000
187499.984375 75.360001 0.084000
1.073000 0.050000 0.116600
0.160679 0.527206 0.001915 0.000000
0.000000

0.006393 1.901194 6.964630
0.142144 0.015813 2.165862 12.629399 177.654037
0.000000 0.012342 0.001316 0.000000 0.000000 0.000000
0.000000 0.000003 0.000000
3.135335 0.650000 0.000000
764.299377 0.000000
0.000000 0.000000 0.000000 0.000000
0.000000 0.041353
11 0.015000 0.645000 0.001000
0.487000 0.580000 0.780000 0.490000 1.250000 6.700000 0.650000 0.650000
187499.984375 75.360001 0.084000
1.073000 0.050000 0.116600
0.160690 0.684318 0.002489 0.000000
0.000000

0.005964 1.770524 5.808593
0.136637 0.015200 2.090863 12.183314 177.644974
0.000000 0.056153 0.001902 0.000000 0.000000 0.000000
0.000000 0.000001 0.000000
3.239799 0.650000 0.000000
764.299377 0.000000
0.000000 0.000000 0.000000 0.000000
0.000000 0.144022
11 0.015000 0.660000 0.001000
0.487000 0.580000 0.780000 0.490000 1.250000 6.700000 0.650000 0.650000
187499.984375 75.360001 0.084000
1.073000 0.050000 0.116600
0.160722 0.730072 0.002656 0.000000
0.000000

0.005549 1.649204 5.181445
0.130386 0.014505 1.998623 11.642164 177.636154
0.000000 0.037210 0.003821 0.000000 0.000000 0.000000
0.000000 0.000001 0.000000
3.342717 0.650000 0.000000
764.299377 0.000000
0.000000 0.000000 0.000000 0.000000
0.000000 0.189094
11 0.015000 0.675000 0.001000
0.487000 0.580000 0.780000 0.490000 1.250000 6.700000 0.650000 0.650000
187499.984375 75.360001 0.084000
1.073000 0.050000 0.116600
0.160766 0.770418 0.002804 0.000000
0.000000

0.005160 1.537480 4.803580
0.124008 0.013796 1.902753 11.075513 177.628235
0.000000 0.041411 0.009738 0.000000 0.000000 0.000000
0.000000 0.000001 0.000000
3.444086 0.650000 0.000000
764.299377 0.000000
0.000000 0.000000 0.000000 0.000000
0.000000 0.205688
11 0.015000 0.690000 0.001000
0.487000 0.580000 0.780000 0.490000 1.250000 6.700000 0.650000 0.650000
187499.984375 75.360001 0.084000
1.073000 0.050000 0.116600
0.160815 0.685924 0.002495 0.000000
0.000000

0.004775 1.429628 4.467666
0.118068 0.013135 1.812677 10.549269 177.623901
0.000000 0.044697 0.015140 0.000000 0.000000 0.000000
0.000000 0.000001 0.000000
3.543914 0.650000 0.000000
764.299377 0.000000
0.000000 0.000000 0.000000 0.000000
0.000000 0.185680
11 0.015000 0.705000 0.001000
0.487000 0.580000 0.780000 0.490000 1.250000 6.700000 0.650000 0.650000
187499.984375 75.360001 0.084000
1.073000 0.050000 0.116600
0.160860 0.770469 0.002804 0.000000
0.000000

0.004434 1.335038 4.187558
0.112554 0.012522 1.729415 10.057975 177.621826
0.000000 0.094033 0.016175 0.000000 0.000000 0.000000
0.000000 0.000001 0.000000
3.642215 0.650000 0.000000
764.299377 0.000000
0.000000 0.000000 0.000000 0.000000
0.000000 0.430730
11 0.015000 0.720000 0.001000
0.487000 0.580000 0.780000 0.490000 1.250000 6.700000 0.650000 0.650000
187499.984375 75.360001 0.084000
1.073000 0.050000 0.116600
0.160958 0.843230 0.003070 0.000000
0.000000

0.004228 1.290868 4.035829
0.107591 0.011970 1.658397 9.596027 177.665253
0.000000 2.792803 0.019588 0.000000 0.000000 0.000000
0.000000 0.000000 0.000000
3.739007 0.650000 0.000000
764.299377 0.000000
0.000000 0.000000 0.000000 0.000000
0.000000 15.579129
11 0.015000 0.735000 0.001000
0.487000 0.580000 0.780000 0.490000 1.250000 6.700000 0.650000 0.650000
187499.984375 75.360001 0.084000
1.073000 0.050000 0.116600
0.161327 0.788590 0.002870 0.000000
0.000000

0.000000 0.254920 5.386468
0.069155 0.007688 1.140899 6.300384 178.282166
0.000000 2.285123 0.019148 0.000000 0.000000 0.000000
0.000000 0.000000 0.000000
3.824764 0.999555 0.000000
764.299377 0.000000
0.000000 0.000000 0.000000 0.000000
0.000000 0.687810
11 0.015000 0.750000 0.001000
0.487000 0.580000 0.780000 0.490000 1.250000 6.700000 0.650000 0.650000
187499.984375 75.360001 0.084000
1.073000 0.050000 0.116600
0.164258 0.123552 0.000688 0.000000
0.000000

0.000000 0.250502 5.239472
0.067026 0.007451 1.106354 6.104117 178.411133
0.000000 1.085031 0.017010 0.000000 0.000000 0.000000
0.000000 0.000000 0.000000
3.901039 1.000000 0.000000
764.299377 0.000000
0.000000 0.000000 0.000000 0.000000
0.000000 0.677650
11 0.015000 0.765000 0.001000
0.487000 0.580000 0.780000 0.490000 1.250000 6.700000 0.650000 0.650000
187499.984375 75.360001 0.084000
1.073000 0.050000 0.116600
0.164609 0.123425 0.000688 0.000000
0.000000

0.000000 0.233610 4.904245
0.065301 0.007260 1.078690 5.950915 178.426392
0.000000 0.411252 0.015909 0.000000 0.000000 0.000000
0.000000 0.000001 0.000000
3.975673 1.000000 0.000000
764.299377 0.000000
0.000000 0.000000 0.000000 0.000000
0.000000 0.690933
11 0.015000 0.780000 0.001000
0.487000 0.580000 0.780000 0.490000 1.250000 6.700000 0.650000 0.650000
187499.984375 75.360001 0.084000
1.073000 0.050000 0.116600
0.164652 0.111051 0.000619 0.000000
0.000000

0.000000 0.218780 4.642607
0.063876 0.007101 1.055800 5.824113 178.537720
0.000000 0.151493 0.014791 0.000000 0.000000 0.000000
0.000000 0.000002 0.000000
4.048711 1.000000 0.000000
764.299377 0.000000
0.000000 0.000000 0.000000 0.000000
0.000000 0.674925
11 0.015000 0.795000 0.001000
0.487000 0.580000 0.780000 0.490000 1.250000 6.700000 0.650000 0.650000
187499.984375 75.360001 0.084000
1.073000 0.050000 0.116600
0.164967 0.103931 0.000579 0.000000
0.000000

0.000000 0.203713 4.340859
0.062407 0.006938 1.032335 5.694156 178.544373
0.000000 0.060013 0.013820 0.000000 0.000000 0.000000
0.000000 0.000006 0.000000
4.120191 1.000000 0.000000
764.299377 0.000000
0.000000 0.000000 0.000000 0.000000
0.000000 0.748086
11 0.015000 0.810000 0.001000
0.487000 0.580000 0.780000 0.490000 1.250000 6.700000 0.650000 0.650000
187499.984375 75.360001 0.084000
1.073000 0.050000 0.116600
0.164988 0.104066 0.000580 0.000000
0.000000

0.000000 0.190422 4.069104
0.061033 0.006785 1.010364 5.572467 178.553650
0.000000 0.030281 0.014297 0.000000 0.000000 0.000000
0.000000 0.000009 0.000000
4.190154 1.000000 0.000000
764.299377 0.000000
0.000000 0.000000 0.000000 0.000000
0.000000 0.982427
11 0.015000 0.825000 0.001000
0.487000 0.580000 0.780000 0.490000 1.250000 6.700000 0.650000 0.650000
187499.984375 75.360001 0.084000
1.073000 0.050000 0.116600
0.165017 0.102633 0.000572 0.000000
0.000000

0.000000 0.178156 3.817846
0.059762 0.006644 0.990050 5.459954 178.562531
0.000000 0.063121 0.017003 0.000000 0.000000 0.000000
0.000000 0.000004 0.000000
4.258642 1.000000 0.000000
764.299377 0.000000
0.000000 0.000000 0.000000 0.000000
0.000000 1.639538
11 0.015000 0.840000 0.001000
0.487000 0.580000 0.780000 0.490000 1.250000 6.700000 0.650000 0.650000
187499.984375 75.360001 0.084000
1.073000 0.050000 0.116600
0.165053 0.102058 0.000568 0.000000
0.000000

0.000000 0.165783 3.575614
0.058599 0.006515 0.971536 5.357391 178.569778
0.000000 0.296894 0.022049 0.000000 0.000000 0.000000
0.000000 0.000001 0.000000
4.325700 1.000000 0.000000
764.299377 0.000000
0.000000 0.000000 0.000000 0.000000
0.000000 2.188705
11 0.015000 0.855000 0.001000
0.487000 0.580000 0.780000 0.490000 1.250000 6.700000 0.650000 0.650000
187499.984375 75.360001 0.084000
1.073000 0.050000 0.116600
0.165075 0.111632 0.000622 0.000000
0.000000

0.000000 0.000000 0.434406
0.044261 0.004921 0.745203 4.108932 178.871643
0.000000 0.814599 0.018122 0.000000 0.000000 0.000000
0.000000 0.000000 0.000000
4.391373 1.000000 0.000000
764.299377 0.000000
0.000000 0.000000 0.000000 0.000000
0.000000 0.937784
11 0.015000 0.870000 0.001000
0.487000 0.580000 0.780000 0.490000 1.250000 6.700000 0.650000 0.650000
187499.984375 75.360001 0.084000
1.073000 0.050000 0.116600
0.165920 0.088986 0.000496 0.000000
0.000000

0.000000 0.000000 0.436427
0.044275 0.004922 0.745464 4.110046 178.877258
0.000000 1.424080 0.017952 0.000000 0.000000 0.000000
0.000000 0.000000 0.000000
4.455707 1.000000 0.000000
764.299377 0.000000
0.000000 0.000000 0.000000 0.000000
0.000000 0.938370
11 0.015000 0.885000 0.001000
0.487000 0.580000 0.780000 0.490000 1.250000 6.700000 0.650000 0.650000
187499.984375 75.360001 0.084000
1.073000 0.050000 0.116600
0.165936 0.089138 0.000496 0.000000
0.000000

0.000000 0.000000 0.437720
0.044284 0.004923 0.745654 4.110756 178.883652
0.000000 1.803028 0.017685 0.000000 0.000000 0.000000
0.000000 0.000000 0.000000
4.518746 1.000000 0.000000
764.299377 0.000000
0.000000 0.000000 0.000000 0.000000
0.000000 0.939899
11 0.015000 0.900000 0.001000
0.487000 0.580000 0.780000 0.490000 1.250000 6.700000 0.650000 0.650000
187499.984375 75.360001 0.084000
1.073000 0.050000 0.116600
0.165947 0.089000 0.000496 0.000000
0.000000

0.000000 0.000000 0.438836
0.044293 0.004924 0.745824 4.111365 178.891357
0.000000 1.798362 0.017422 0.000000 0.000000 0.000000
0.000000 0.000000 0.000000
4.580536 1.000000 0.000000
764.299377 0.000000
0.000000 0.000000 0.000000 0.000000
0.000000 0.941485
11 0.015000 0.915000 0.001000
0.487000 0.580000 0.780000 0.490000 1.250000 6.700000 0.650000 0.650000
187499.984375 75.360001 0.084000
1.073000 0.050000 0.116600
0.165957 0.089048 0.000496 0.000000
0.000000

0.000000 0.000000 0.439910
0.044300 0.004925 0.745986 4.111929 178.896988
0.000000 1.504749 0.017097 0.000000 0.000000 0.000000
0.000000 0.000000 0.000000
4.641121 1.000000 0.000000
764.299377 0.000000
0.000000 0.000000 0.000000 0.000000
0.000000 0.942754
11 0.015000 0.930000 0.001000
0.487000 0.580000 0.780000 0.490000 1.250000 6.700000 0.650000 0.650000
187499.984375 75.360001 0.084000
1.073000 0.050000 0.116600
0.165965 0.088925 0.000495 0.000000
0.000000

0.000000 0.000000 0.440992
0.044308 0.004926 0.746147 4.112498 178.902283
0.000000 1.117056 0.016855 0.000000 0.000000 0.000000
0.000000 0.000000 0.000000
4.700546 1.000000 0.000000
764.299377 0.000000
0.000000 0.000000 0.000000 0.000000
0.000000 0.943597
11 0.015000 0.945000 0.001000
0.487000 0.580000 0.780000 0.490000 1.250000 6.700000 0.650000 0.650000
187499.984375 75.360001 0.084000
1.073000 0.050000 0.116600
0.165976 0.089117 0.000496 0.000000
0.000000

0.000000 0.000000 0.442107
0.044317 0.004927 0.746312 4.113111 178.907669
0.000000 0.776798 0.016681 0.000000 0.000000 0.000000
0.000000 0.000000 0.000000
4.758851 1.000000 0.000000
764.299377 0.000000
0.000000 0.000000 0.000000 0.000000
0.000000 0.944024
11 0.015000 0.960000 0.001000
0.487000 0.580000 0.780000 0.490000 1.250000 6.700000 0.650000 0.650000
187499.984375 75.360001 0.084000
1.073000 0.050000 0.116600
0.165986 0.089073 0.000496 0.000000
0.000000

0.000000 0.000000 0.444042
0.044330 0.004929 0.746565 4.114180 178.913177
0.000000 0.530212 0.016508 0.000000 0.000000 0.000000
0.000000 0.000001 0.000000
4.816079 1.000000 0.000000
764.299377 0.000000
0.000000 0.000000 0.000000 0.000000
0.000000 0.944173
11 0.015000 0.975000 0.001000
0.487000 0.580000 0.780000 0.490000 1.250000 6.700000 0.650000 0.650000
187499.984375 75.360001 0.084000
1.073000 0.050000 0.116600
0.166001 0.089037 0.000496 0.000000
0.000000

0.000000 0.000000 0.445508
0.044340 0.004930 0.746763 4.114966 178.919449
0.000000 0.364257 0.016367 0.000000 0.000000 0.000000
0.000000 0.000001 0.000000
4.872269 1.000000 0.000000
764.299377 0.000000
0.000000 0.000000 0.000000 0.000000
0.000000 0.944050
11 0.015000 0.990000 0.001000
0.487000 0.580000 0.780000 0.490000 1.250000 6.700000 0.650000 0.650000
187499.984375 75.360001 0.084000
1.073000 0.050000 0.116600
0.166012 0.089010 0.000496 0.000000
0.000000

0.000000 0.000000 0.446521
0.044348 0.004931 0.746913 4.115499 178.926712
0.000000 0.251263 0.016225 0.000000 0.000000 0.000000
0.000000 0.000002 0.000000
4.927458 1.000000 0.000000
764.299377 0.000000
0.000000 0.000000 0.000000 0.000000
0.000000 0.943723
11 0.015000 1.005000 0.001000
0.487000 0.580000 0.780000 0.490000 1.250000 6.700000 0.650000 0.650000
187499.984375 75.360001 0.084000
1.073000 0.050000 0.116600
0.166021 0.089183 0.000497 0.000000
0.000000

0.000000 0.000000 0.448147
0.044359 0.004932 0.747125 4.116371 178.931610
0.000000 0.170873 0.016090 0.000000 0.000000 0.000000
0.000000 0.000002 0.000000
4.981685 1.000000 0.000000
764.299377 0.000000
0.000000 0.000000 0.000000 0.000000
0.000000 0.943347
11 0.015000 1.020000 0.001000
0.487000 0.580000 0.780000 0.490000 1.250000 6.700000 0.650000 0.650000
187499.984375 75.360001 0.084000
1.073000 0.050000 0.116600
0.166034 0.089039 0.000496 0.000000
0.000000

0.000000 0.000000 0.449147
0.044366 0.004933 0.747278 4.116909 178.935944
0.000000 0.112560 0.015963 0.000000 0.000000 0.000000
0.000000 0.000004 0.000000
5.034983 1.000000 0.000000
764.299377 0.000000
0.000000 0.000000 0.000000 0.000000
0.000000 0.942864
11 0.015000 1.035000 0.001000
0.487000 0.580000 0.780000 0.490000 1.250000 6.700000 0.650000 0.650000
187499.984375 75.360001 0.084000
1.073000 0.050000 0.116600
0.166041 0.089281 0.000497 0.000000
0.000000

0.000000 0.000000 0.450245
0.044374 0.004934 0.747436 4.117498 178.940964
0.000000 0.071191 0.015821 0.000000 0.000000 0.000000
0.000000 0.000006 0.000000
5.087385 1.000000 0.000000
764.299377 0.000000
0.000000 0.000000 0.000000 0.000000
0.000000 0.942354
11 0.015000 1.050000 0.001000
0.487000 0.580000 0.780000 0.490000 1.250000 6.700000 0.650000 0.650000
187499.984375 75.360001 0.084000
1.073000 0.050000 0.116600
0.166052 0.089101 0.000496 0.000000
0.000000

0.000000 0.000000 0.451216
0.044381 0.004934 0.747574 4.117972 178.946106
0.000000 0.043345 0.015612 0.000000 0.000000 0.000000
0.000000 0.000009 0.000000
5.138924 1.000000 0.000000
764.299377 0.000000
0.000000 0.000000 0.000000 0.000000
0.000000 0.941817
11 0.015000 1.065000 0.001000
0.487000 0.580000 0.780000 0.490000 1.250000 6.700000 0.650000 0.650000
187499.984375 75.360001 0.084000
1.073000 0.050000 0.116600
0.166058 0.089300 0.000497 0.000000
0.000000

0.000000 0.000000 0.452248
0.044388 0.004935 0.747723 4.118515 178.950989
0.000000 0.025907 0.015387 0.000000 0.000000 0.000000
0.000000 0.000012 0.000001
5.189629 1.000000 0.000000
764.299377 0.000000
0.000000 0.000000 0.000000 0.000000
0.000000 0.941276
11 0.015000 1.080000 0.001000
0.487000 0.580000 0.780000 0.490000 1.250000 6.700000 0.650000 0.650000
187499.984375 75.360001 0.084000
1.073000 0.050000 0.116600
0.166067 0.089061 0.000496 0.000000
0.000000

0.000000 0.000000 0.454252
0.044401 0.004937 0.747968 4.119587 178.956207
0.000000 0.015804 0.015283 0.000000 0.000000 0.000000
0.000000 0.000016 0.000001
5.239528 1.000000 0.000000
764.299377 0.000000
0.000000 0.000000 0.000000 0.000000
0.000000 0.940813
11 0.015000 1.095000 0.001000
0.487000 0.580000 0.780000 0.490000 1.250000 6.700000 0.650000 0.650000
187499.984375 75.360001 0.084000
1.073000 0.050000 0.116600
0.166083 0.089421 0.000498 0.000000
0.000000

0.000000 0.000000 0.456594
0.044417 0.004938 0.748245 4.120835 178.963409
0.000000 0.010364 0.015109 0.000000 0.000000 0.000000
0.000000 0.000018 0.000002
5.288648 1.000000 0.000000
764.299377 0.000000
0.000000 0.000000 0.000000 0.000000
0.000000 0.940375
11 0.015000 1.110000 0.001000
0.487000 0.580000 0.780000 0.490000 1.250000 6.700000 0.650000 0.650000
187499.984375 75.360001 0.084000
1.073000 0.050000 0.116600
0.166103 0.088960 0.000495 0.000000
0.000000

0.000000 0.000000 0.457555
0.044423 0.004939 0.748382 4.121309 178.967606
0.000000 0.007635 0.015064 0.000000 0.000000 0.000000
0.000000 0.000017 0.000003
5.337013 1.000000 0.000000
764.299377 0.000000
0.000000 0.000000 0.000000 0.000000
0.000000 0.939837
11 0.015000 1.125000 0.001000
0.487000 0.580000 0.780000 0.490000 1.250000 6.700000 0.650000 0.650000
187499.984375 75.360001 0.084000
1.073000 0.050000 0.116600
0.166110 0.089258 0.000497 0.000000
0.000000

0.000000 0.000000 0.458499
0.044430 0.004940 0.748517 4.121787 178.972290
0.000000 0.006328 0.014951 0.000000 0.000000 0.000000
0.000000 0.000016 0.000004
5.384648 1.000000 0.000000
764.299377 0.000000
0.000000 0.000000 0.000000 0.000000
0.000000 0.939316
11 0.015000 1.140000 0.001000
0.487000 0.580000 0.780000 0.490000 1.250000 6.700000 0.650000 0.650000
187499.984375 75.360001 0.084000
1.073000 0.050000 0.116600
0.166119 0.089192 0.000497 0.000000
0.000000

0.000000 0.000000 0.459435
0.044437 0.004941 0.748656 4.122279 178.976440
0.000000 0.005723 0.014913 0.000000 0.000000 0.000000
0.000000 0.000016 0.000004
5.431575 1.000000 0.000000
764.299377 0.000000
0.000000 0.000000 0.000000 0.000000
0.000000 0.938798
11 0.015000 1.155000 0.001000
0.487000 0.580000 0.780000 0.490000 1.250000 6.700000 0.650000 0.650000
187499.984375 75.360001 0.084000
1.073000 0.050000 0.116600
0.166128 0.089286 0.000497 0.000000
0.000000

0.000000 0.000000 0.460541
0.044444 0.004941 0.748803 4.122832 178.980820
0.000000 0.005444 0.014924 0.000000 0.000000 0.000000
0.000000 0.000016 0.000004
5.477814 1.000000 0.000000
764.299377 0.000000
0.000000 0.000000 0.000000 0.000000
0.000000 0.938297
11 0.015000 1.170000 0.001000
0.487000 0.580000 0.780000 0.490000 1.250000 6.700000 0.650000 0.650000
187499.984375 75.360001 0.084000
1.073000 0.050000 0.116600
0.166134 0.089260 0.000497 0.000000
0.000000

0.000000 0.000000 0.461852
0.044453 0.004942 0.748971 4.123497 178.986023
0.000000 0.005296 0.014858 0.000000 0.000000 0.000000
0.000000 0.000016 0.000004
5.523385 1.000000 0.000000
764.299377 0.000000
0.000000 0.000000 0.000000 0.000000
0.000000 0.937825
11 0.015000 1.185000 0.001000
0.487000 0.580000 0.780000 0.490000 1.250000 6.700000 0.650000 0.650000
187499.984375 75.360001 0.084000
1.073000 0.050000 0.116600
0.166144 0.089003 0.000496 0.000000
0.000000

0.000000 0.000000 0.462757
0.044459 0.004943 0.749097 4.123922 178.990753
0.000000 0.005192 0.014794 0.000000 0.000000 0.000000
0.000000 0.000016 0.000004
5.568305 1.000000 0.000000
764.299377 0.000000
0.000000 0.000000 0.000000 0.000000
0.000000 0.937339
11 0.015000 1.200000 0.001000
0.487000 0.580000 0.780000 0.490000 1.250000 6.700000 0.650000 0.650000
187499.984375 75.360001 0.084000
1.073000 0.050000 0.116600
0.166153 0.089184 0.000497 0.000000
0.000000

0.000000 0.000000 0.463655
0.044465 0.004944 0.749225 4.124380 178.994370
0.000000 0.005105 0.014739 0.000000 0.000000 0.000000
0.000000 0.000016 0.000005
5.612593 1.000000 0.000000
764.299377 0.000000
0.000000 0.000000 0.000000 0.000000
0.000000 0.936852
11 0.015000 1.215000 0.001000
0.487000 0.580000 0.780000 0.490000 1.250000 6.700000 0.650000 0.650000
187499.984375 75.360001 0.084000
1.073000 0.050000 0.116600
0.166161 0.089133 0.000496 0.000000
0.000000

0.000000 0.000000 0.464541
0.044471 0.004945 0.749355 4.124846 179.000244
0.000000 0.005028 0.014693 0.000000 0.000000 0.000000
0.000000 0.000016 0.000005
5.656263 1.000000 0.000000
764.299377 0.000000
0.000000 0.000000 0.000000 0.000000
0.000000 0.936380
11 0.015000 1.230000 0.001000
0.487000 0.580000 0.780000 0.490000 1.250000 6.700000 0.650000 0.650000
187499.984375 75.360001 0.084000
1.073000 0.050000 0.116600
0.166167 0.089203 0.000497 0.000000
0.000000

0.000000 0.000000 0.465418
0.044477 0.004945 0.749482 4.125280 179.004349
0.000000 0.004962 0.014691 0.000000 0.000000 0.000000
0.000000 0.000016 0.000005
5.699332 1.000000 0.000000
764.299377 0.000000
0.000000 0.000000 0.000000 0.000000
0.000000 0.935913
11 0.015000 1.245000 0.001000
0.487000 0.580000 0.780000 0.490000 1.250000 6.700000 0.650000 0.650000
187499.984375 75.360001 0.084000
1.073000 0.050000 0.116600
0.166172 0.089280 0.000497 0.000000
0.000000

0.000000 0.000000 0.466287
0.044483 0.004946 0.749604 4.125703 179.008774
0.000000 0.004899 0.014662 0.000000 0.000000 0.000000
0.000000 0.000016 0.000005
5.741813 1.000000 0.000000
764.299377 0.000000
0.000000 0.000000 0.000000 0.000000
0.000000 0.935453
11 0.015000 1.260000 0.001000
0.487000 0.580000 0.780000 0.490000 1.250000 6.700000 0.650000 0.650000
187499.984375 75.360001 0.084000
1.073000 0.050000 0.116600
0.166182 0.089587 0.000499 0.000000
0.000000

0.000000 0.000000 0.467188
0.044489 0.004947 0.749726 4.126131 179.013336
0.000000 0.004841 0.014623 0.000000 0.000000 0.000000
0.000000 0.000016 0.000005
5.783719 1.000000 0.000000
764.299377 0.000000
0.000000 0.000000 0.000000 0.000000
0.000000 0.935005
11 0.015000 1.275000 0.001000
0.487000 0.580000 0.780000 0.490000 1.250000 6.700000 0.650000 0.650000
187499.984375 75.360001 0.084000
1.073000 0.050000 0.116600
0.166188 0.089536 0.000499 0.000000
0.000000

0.000000 0.000000 0.468376
0.044497 0.004947 0.749879 4.126730 179.017700
0.000000 0.004790 0.014593 0.000000 0.000000 0.000000
0.000000 0.000016 0.000005
5.825062 1.000000 0.000000
764.299377 0.000000
0.000000 0.000000 0.000000 0.000000
0.000000 0.934581
11 0.015000 1.290000 0.001000
0.487000 0.580000 0.780000 0.490000 1.250000 6.700000 0.650000 0.650000
187499.984375 75.360001 0.084000
1.073000 0.050000 0.116600
0.166198 0.089542 0.000499 0.000000
0.000000

0.000000 0.000000 0.469610
0.044505 0.004948 0.750036 4.127351 179.022644
0.000000 0.004744 0.014545 0.000000 0.000000 0.000000
0.000000 0.000016 0.000005
5.865855 1.000000 0.000000
764.299377 0.000000
0.000000 0.000000 0.000000 0.000000
0.000000 0.934169
11 0.015000 1.305000 0.001000
0.487000 0.580000 0.780000 0.490000 1.250000 6.700000 0.650000 0.650000
187499.984375 75.360001 0.084000
1.073000 0.050000 0.116600
0.166207 0.089426 0.000498 0.000000
0.000000

0.000000 0.000000 0.470557
0.044511 0.004949 0.750163 4.127803 179.026230
0.000000 0.004702 0.014479 0.000000 0.000000 0.000000
0.000000 0.000016 0.000005
5.906108 1.000000 0.000000
764.299377 0.000000
0.000000 0.000000 0.000000 0.000000
0.000000 0.933738
11 0.015000 1.320000 0.001000
0.487000 0.580000 0.780000 0.490000 1.250000 6.700000 0.650000 0.650000
187499.984375 75.360001 0.084000
1.073000 0.050000 0.116600
0.166214 0.089535 0.000499 0.000000
0.000000

0.000000 0.000000 0.471408
0.044517 0.004950 0.750282 4.128216 179.030853
0.000000 0.004663 0.014438 0.000000 0.000000 0.000000
0.000000 0.000016 0.000005
5.945832 1.000000 0.000000
764.299377 0.000000
0.000000 0.000000 0.000000 0.000000
0.000000 0.933304
11 0.015000 1.335000 0.001000
0.487000 0.580000 0.780000 0.490000 1.250000 6.700000 0.650000 0.650000
187499.984375 75.360001 0.084000
1.073000 0.050000 0.116600
0.166223 0.089445 0.000498 0.000000
0.000000

0.000000 0.000000 0.472229
0.044522 0.004950 0.750397 4.128608 179.036392
0.000000 0.004630 0.014434 0.000000 0.000000 0.000000
0.000000 0.000016 0.000006
5.985035 1.000000 0.000000
764.299377 0.000000
0.000000 0.000000 0.000000 0.000000
0.000000 0.932884
11 0.015000 1.350000 0.001000
0.487000 0.580000 0.780000 0.490000 1.250000 6.700000 0.650000 0.650000
187499.984375 75.360001 0.084000
1.073000 0.050000 0.116600
0.166226 0.089536 0.000499 0.000000
0.000000

0.000000 0.000000 0.473055
0.044528 0.004951 0.750508 4.128988 179.041077
0.000000 0.004607 0.014408 0.000000 0.000000 0.000000
0.000000 0.000016 0.000006
6.023728 1.000000 0.000000
764.299377 0.000000
0.000000 0.000000 0.000000 0.000000
0.000000 0.932457
11 0.015000 1.365000 0.001000
0.487000 0.580000 0.780000 0.490000 1.250000 6.700000 0.650000 0.650000
187499.984375 75.360001 0.084000
1.073000 0.050000 0.116600
0.166235 0.089638 0.000499 0.000000
0.000000

0.000000 0.000000 0.473988
0.044534 0.004952 0.750633 4.129446 179.045380
0.000000 0.004582 0.014363 0.000000 0.000000 0.000000
0.000000 0.000016 0.000006
6.061920 1.000000 0.000000
764.299377 0.000000
0.000000 0.000000 0.000000 0.000000
0.000000 0.932045
11 0.015000 1.380000 0.001000
0.487000 0.580000 0.780000 0.490000 1.250000 6.700000 0.650000 0.650000
187499.984375 75.360001 0.084000
1.073000 0.050000 0.116600
0.166240 0.089826 0.000500 0.000000
0.000000

0.000000 0.000000 0.475924
0.044546 0.004953 0.750847 4.130393 179.050781
0.000000 0.004560 0.014334 0.000000 0.000000 0.000000
0.000000 0.000016 0.000006
6.099617 1.000000 0.000000
764.299377 0.000000
0.000000 0.000000 0.000000 0.000000
0.000000 0.931701
11 0.015000 1.395000 0.001000
0.487000 0.580000 0.780000 0.490000 1.250000 6.700000 0.650000 0.650000
187499.984375 75.360001 0.084000
1.073000 0.050000 0.116600
0.166256 0.089578 0.000499 0.000000
0.000000

0.000000 0.000000 0.476790
0.044551 0.004954 0.750962 4.130797 179.055008
0.000000 0.004538 0.014318 0.000000 0.000000 0.000000
0.000000 0.000016 0.000006
6.136829 1.000000 0.000000
764.299377 0.000000
0.000000 0.000000 0.000000 0.000000
0.000000 0.931290
11 0.015000 1.410000 0.001000
0.487000 0.580000 0.780000 0.490000 1.250000 6.700000 0.650000 0.650000
187499.984375 75.360001 0.084000
1.073000 0.050000 0.116600
0.166264 0.089816 0.000500 0.000000
0.000000

0.000000 0.000000 0.477861
0.044558 0.004954 0.751096 4.131311 179.059448
0.000000 0.004516 0.014265 0.000000 0.000000 0.000000
0.000000 0.000016 0.000006
6.173564 1.000000 0.000000
764.299377 0.000000
0.000000 0.000000 0.000000 0.000000
0.000000 0.930885
11 0.015000 1.425000 0.001000
0.487000 0.580000 0.780000 0.490000 1.250000 6.700000 0.650000 0.650000
187499.984375 75.360001 0.084000
1.073000 0.050000 0.116600
0.166270 0.089550 0.000499 0.000000
0.000000

0.000000 0.000000 0.478787
0.044564 0.004955 0.751213 4.131725 179.064011
0.000000 0.004496 0.014246 0.000000 0.000000 0.000000
0.000000 0.000016 0.000006
6.209827 1.000000 0.000000
764.299377 0.000000
0.000000 0.000000 0.000000 0.000000
0.000000 0.930482
11 0.015000 1.440000 0.001000
0.487000 0.580000 0.780000 0.490000 1.250000 6.700000 0.650000 0.650000
187499.984375 75.360001 0.084000
1.073000 0.050000 0.116600
0.166277 0.089591 0.000499 0.000000
0.000000

0.000000 0.000000 0.479562
0.044569 0.004956 0.751319 4.132088 179.067886
0.000000 0.004475 0.014201 0.000000 0.000000 0.000000
0.000000 0.000016 0.000006
6.245626 1.000000 0.000000
764.299377 0.000000
0.000000 0.000000 0.000000 0.000000
0.000000 0.930071
11 0.015000 1.455000 0.001000
0.487000 0.580000 0.780000 0.490000 1.250000 6.700000 0.650000 0.650000
187499.984375 75.360001 0.084000
1.073000 0.050000 0.116600
0.166287 0.089541 0.000499 0.000000
0.000000

0.000000 0.000000 0.480331
0.044574 0.004956 0.751425 4.132448 179.071350
0.000000 0.004452 0.014153 0.000000 0.000000 0.000000
0.000000 0.000016 0.000006
6.280967 1.000000 0.000000
764.299377 0.000000
0.000000 0.000000 0.000000 0.000000
0.000000 0.929661
11 0.015000 1.470000 0.001000
0.487000 0.580000 0.780000 0.490000 1.250000 6.700000 0.650000 0.650000
187499.984375 75.360001 0.084000
1.073000 0.050000 0.116600
0.166290 0.089612 0.000499 0.000000
0.000000

0.000000 0.000000 0.481092
0.044579 0.004957 0.751531 4.132811 179.075195
0.000000 0.004432 0.014117 0.000000 0.000000 0.000000
0.000000 0.000016 0.000006
6.315856 1.000000 0.000000
764.299377 0.000000
0.000000 0.000000 0.000000 0.000000
0.000000 0.929257
11 0.015000 1.485000 0.001000
0.487000 0.580000 0.780000 0.490000 1.250000 6.700000 0.650000 0.650000
187499.984375 75.360001 0.084000
1.073000 0.050000 0.116600
0.166296 0.089696 0.000500 0.000000
0.000000

0.000000 0.000000 0.481848
0.044584 0.004957 0.751635 4.133165 179.079941
0.000000 0.004412 0.014078 0.000000 0.000000 0.000000
0.000000 0.000016 0.000006
6.350300 1.000000 0.000000
764.299377 0.000000
0.000000 0.000000 0.000000 0.000000
0.000000 0.928871
11 0.015000 1.500000 0.001000
0.487000 0.580000 0.780000 0.490000 1.250000 6.700000 0.650000 0.650000
187499.984375 75.360001 0.084000
1.073000 0.050000 0.116600
0.166300 0.090026 0.000501 0.000000
0.000000

0.000000 0.000000 0.482699
0.044589 0.004958 0.751749 4.133566 179.083908
0.000000 0.004399 0.014084 0.000000 0.000000 0.000000
0.000000 0.000016 0.000007
6.384304 1.000000 0.000000
764.299377 0.000000
0.000000 0.000000 0.000000 0.000000
0.000000 0.928482
11 0.015000 1.515000 0.001000
0.487000 0.580000 0.780000 0.490000 1.250000 6.700000 0.650000 0.650000
187499.984375 75.360001 0.084000
1.073000 0.050000 0.116600
0.166306 0.089761 0.000500 0.000000
0.000000

0.000000 0.000000 0.483500
0.044594 0.004958 0.751852 4.133919 179.087479
0.000000 0.004379 0.014018 0.000000 0.000000 0.000000
0.000000 0.000016 0.000007
6.417875 1.000000 0.000000
764.299377 0.000000
0.000000 0.000000 0.000000 0.000000
0.000000 0.928107
11 0.015000 1.530000 0.001000
0.487000 0.580000 0.780000 0.490000 1.250000 6.700000 0.650000 0.650000
187499.984375 75.360001 0.084000
1.073000 0.050000 0.116600
0.166317 0.089859 0.000500 0.000000
0.000000

0.000000 0.000000 0.487196
0.044615 0.004961 0.752209 4.135671 179.097443
0.000000 0.004355 0.013972 0.000000 0.000000 0.000000
0.000000 0.000016 0.000007
6.451017 1.000000 0.000000
764.299377 0.000000
0.000000 0.000000 0.000000 0.000000
0.000000 0.927950
11 0.015000 1.545000 0.001000
0.487000 0.580000 0.780000 0.490000 1.250000 6.700000 0.650000 0.650000
187499.984375 75.360001 0.084000
1.073000 0.050000 0.116600
0.166343 0.089937 0.000501 0.000000
0.000000

0.000000 0.000000 0.498295
0.044676 0.004968 0.753199 4.140898 179.130630
0.000000 0.004326 0.013906 0.000000 0.000000 0.000000
0.000000 0.000016 0.000007
6.483735 1.000000 0.000000
764.299377 0.000000
0.000000 0.000000 0.000000 0.000000
0.000000 0.928325
11 0.015000 1.560000 0.001000
0.487000 0.580000 0.780000 0.490000 1.250000 6.700000 0.650000 0.650000
187499.984375 75.360001 0.084000
1.073000 0.050000 0.116600
0.166424 0.089639 0.000499 0.000000
0.000000

0.000000 0.000000 0.499046
0.044680 0.004968 0.753295 4.141215 179.134262
0.000000 0.004298 0.013862 0.000000 0.000000 0.000000
0.000000 0.000016 0.000007
6.516035 1.000000 0.000000
764.299377 0.000000
0.000000 0.000000 0.000000 0.000000
0.000000 0.927962
11 0.015000 1.575000 0.001000
0.487000 0.580000 0.780000 0.490000 1.250000 6.700000 0.650000 0.650000
187499.984375 75.360001 0.084000
1.073000 0.050000 0.116600
0.166432 0.089714 0.000500 0.000000
0.000000

0.000000 0.000000 0.499800
0.044685 0.004969 0.753397 4.141567 179.137817
0.000000 0.004276 0.013851 0.000000 0.000000 0.000000
0.000000 0.000016 0.000007
6.547921 1.000000 0.000000
764.299377 0.000000
0.000000 0.000000 0.000000 0.000000
0.000000 0.927606
11 0.015000 1.590000 0.001000
0.487000 0.580000 0.780000 0.490000 1.250000 6.700000 0.650000 0.650000
187499.984375 75.360001 0.084000
1.073000 0.050000 0.116600
0.166437 0.089805 0.000500 0.000000
0.000000

0.000000 0.000000 0.500555
0.044690 0.004969 0.753494 4.141883 179.141754
0.000000 0.004259 0.013815 0.000000 0.000000 0.000000
0.000000 0.000016 0.000007
6.579397 1.000000 0.000000
764.299377 0.000000
0.000000 0.000000 0.000000 0.000000
0.000000 0.927252
11 0.015000 1.605000 0.001000
0.487000 0.580000 0.780000 0.490000 1.250000 6.700000 0.650000 0.650000
187499.984375 75.360001 0.084000
1.073000 0.050000 0.116600
0.166444 0.090055 0.000502 0.000000
0.000000

0.000000 0.000000 0.501436
0.044695 0.004970 0.753600 4.142265 179.145935
0.000000 0.004242 0.013779 0.000000 0.000000 0.000000
0.000000 0.000016 0.000007
6.610469 1.000000 0.000000
764.299377 0.000000
0.000000 0.000000 0.000000 0.000000
0.000000 0.926912
11 0.015000 1.620000 0.001000
0.487000 0.580000 0.780000 0.490000 1.250000 6.700000 0.650000 0.650000
187499.984375 75.360001 0.084000
1.073000 0.050000 0.116600
0.166449 0.089883 0.000501 0.000000
0.000000

0.000000 0.000000 0.508807
0.044734 0.004974 0.754253 4.145639 179.172668
0.000000 0.004215 0.013692 0.000000 0.000000 0.000000
0.000000 0.000016 0.000007
6.641141 1.000000 0.000000
764.299377 0.000000
0.000000 0.000000 0.000000 0.000000
0.000000 0.927051
11 0.015000 1.635000 0.001000
0.487000 0.580000 0.780000 0.490000 1.250000 6.700000 0.650000 0.650000
187499.984375 75.360001 0.084000
1.073000 0.050000 0.116600
0.166503 0.089900 0.000501 0.000000
0.000000

0.000000 0.000000 0.509697
0.044740 0.004975 0.754359 4.146025 179.177658
0.000000 0.004193 0.013683 0.000000 0.000000 0.000000
0.000000 0.000016 0.000007
6.671417 1.000000 0.000000
764.299377 0.000000
0.000000 0.000000 0.000000 0.000000
0.000000 0.926722
11 0.015000 1.650000 0.001000
0.487000 0.580000 0.780000 0.490000 1.250000 6.700000 0.650000 0.650000
187499.984375 75.360001 0.084000
1.073000 0.050000 0.116600
0.166510 0.089774 0.000500 0.000000
0.000000

0.000000 0.000000 0.510451
0.044744 0.004975 0.754456 4.146348 179.181549
0.000000 0.004172 0.013634 0.000000 0.000000 0.000000
0.000000 0.000016 0.000007
6.701301 1.000000 0.000000
764.299377 0.000000
0.000000 0.000000 0.000000 0.000000
0.000000 0.926386
11 0.015000 1.665000 0.001000
0.487000 0.580000 0.780000 0.490000 1.250000 6.700000 0.650000 0.650000
187499.984375 75.360001 0.084000
1.073000 0.050000 0.116600
0.166514 0.089858 0.000500 0.000000
0.000000

0.000000 0.000000 0.511206
0.044749 0.004976 0.754555 4.146680 179.185440
0.000000 0.004151 0.013583 0.000000 0.000000 0.000000
0.000000 0.000016 0.000008
6.730796 1.000000 0.000000
764.299377 0.000000
0.000000 0.000000 0.000000 0.000000
0.000000 0.926062
11 0.015000 1.680000 0.001000
0.487000 0.580000 0.780000 0.490000 1.250000 6.700000 0.650000 0.650000
187499.984375 75.360001 0.084000
1.073000 0.050000 0.116600
0.166521 0.090186 0.000502 0.000000
0.000000

0.000000 0.000000 0.512109
0.044754 0.004976 0.754658 4.147037 179.189697
0.000000 0.004137 0.013586 0.000000 0.000000 0.000000
0.000000 0.000016 0.000008
6.759906 1.000000 0.000000
764.299377 0.000000
0.000000 0.000000 0.000000 0.000000
0.000000 0.925752
11 0.015000 1.695000 0.001000
0.487000 0.580000 0.780000 0.490000 1.250000 6.700000 0.650000 0.650000
187499.984375 75.360001 0.084000
1.073000 0.050000 0.116600
0.166526 0.089954 0.000501 0.000000
0.000000

0.000000 0.000000 0.513267
0.044760 0.004977 0.754790 4.147560 179.195114
0.000000 0.004118 0.013537 0.000000 0.000000 0.000000
0.000000 0.000016 0.000008
6.788637 1.000000 0.000000
764.299377 0.000000
0.000000 0.000000 0.000000 0.000000
0.000000 0.925464
11 0.015000 1.710000 0.001000
0.487000 0.580000 0.780000 0.490000 1.250000 6.700000 0.650000 0.650000
187499.984375 75.360001 0.084000
1.073000 0.050000 0.116600
0.166536 0.090000 0.000501 0.000000
0.000000

0.000000 0.000000 0.514009
0.044765 0.004978 0.754882 4.147864 179.199219
0.000000 0.004099 0.013492 0.000000 0.000000 0.000000
0.000000 0.000016 0.000008
6.816990 1.000000 0.000000
764.299377 0.000000
0.000000 0.000000 0.000000 0.000000
0.000000 0.925147
11 0.015000 1.725000 0.001000
0.487000 0.580000 0.780000 0.490000 1.250000 6.700000 0.650000 0.650000
187499.984375 75.360001 0.084000
1.073000 0.050000 0.116600
0.166540 0.090107 0.000502 0.000000
0.000000

0.000000 0.000000 0.515032
0.044770 0.004978 0.754997 4.148301 179.204254
0.000000 0.004082 0.013456 0.000000 0.000000 0.000000
0.000000 0.000016 0.000008
6.844971 1.000000 0.000000
764.299377 0.000000
0.000000 0.000000 0.000000 0.000000
0.000000 0.924856
11 0.015000 1.740000 0.001000
0.487000 0.580000 0.780000 0.490000 1.250000 6.700000 0.650000 0.650000
187499.984375 75.360001 0.084000
1.073000 0.050000 0.116600
0.166548 0.090194 0.000502 0.000000
0.000000

0.000000 0.000000 0.520083
0.044797 0.004981 0.755440 4.150533 179.220367
0.000000 0.004060 0.013398 0.000000 0.000000 0.000000
0.000000 0.000016 0.000008
6.872581 1.000000 0.000000
764.299377 0.000000
0.000000 0.000000 0.000000 0.000000
0.000000 0.924852
11 0.015000 1.755000 0.001000
0.487000 0.580000 0.780000 0.490000 1.250000 6.700000 0.650000 0.650000
187499.984375 75.360001 0.084000
1.073000 0.050000 0.116600
0.166584 0.090101 0.000502 0.000000
0.000000

0.000000 0.000000 0.528575
0.044840 0.004986 0.756151 4.154233 179.236588
0.000000 0.004036 0.013368 0.000000 0.000000 0.000000
0.000000 0.000016 0.000008
6.899826 1.000000 0.000000
764.299377 0.000000
0.000000 0.000000 0.000000 0.000000
0.000000 0.925094
11 0.015000 1.770000 0.001000
0.487000 0.580000 0.780000 0.490000 1.250000 6.700000 0.650000 0.650000
187499.984375 75.360001 0.084000
1.073000 0.050000 0.116600
0.166644 0.090014 0.000501 0.000000
0.000000

0.000000 0.000000 0.531007
0.044853 0.004987 0.756375 4.155269 179.242935
0.000000 0.004004 0.013276 0.000000 0.000000 0.000000
0.000000 0.000016 0.000008
6.926706 1.000000 0.000000
764.299377 0.000000
0.000000 0.000000 0.000000 0.000000
0.000000 0.924912
11 0.015000 1.785000 0.001000
0.487000 0.580000 0.780000 0.490000 1.250000 6.700000 0.650000 0.650000
187499.984375 75.360001 0.084000
1.073000 0.050000 0.116600
0.166660 0.090321 0.000503 0.000000
0.000000

0.000000 0.000000 0.535210
0.044874 0.004990 0.756732 4.157037 179.249298
0.000000 0.003979 0.013267 0.000000 0.000000 0.000000
0.000000 0.000016 0.000008
6.953227 1.000000 0.000000
764.299377 0.000000
0.000000 0.000000 0.000000 0.000000
0.000000 0.924857
11 0.015000 1.800000 0.001000
0.487000 0.580000 0.780000 0.490000 1.250000 6.700000 0.650000 0.650000
187499.984375 75.360001 0.084000
1.073000 0.050000 0.116600
0.166690 0.090095 0.000502 0.000000
0.000000

0.000000 0.000000 0.536347
0.044880 0.004990 0.756850 4.157497 179.253616
0.000000 0.003955 0.013220 0.000000 0.000000 0.000000
0.000000 0.000016 0.000008
6.979391 1.000000 0.000000
764.299377 0.000000
0.000000 0.000000 0.000000 0.000000
0.000000 0.924591
11 0.015000 1.815000 0.001000
0.487000 0.580000 0.780000 0.490000 1.250000 6.700000 0.650000 0.650000
187499.984375 75.360001 0.084000
1.073000 0.050000 0.116600
0.166698 0.090178 0.000502 0.000000
0.000000

0.000000 0.000000 0.539230
0.044894 0.004992 0.757103 4.158692 179.258972
0.000000 0.003931 0.013175 0.000000 0.000000 0.000000
0.000000 0.000016 0.000008
7.005200 1.000000 0.000000
764.299377 0.000000
0.000000 0.000000 0.000000 0.000000
0.000000 0.924454
11 0.015000 1.830000 0.001000
0.487000 0.580000 0.780000 0.490000 1.250000 6.700000 0.650000 0.650000
187499.984375 75.360001 0.084000
1.073000 0.050000 0.116600
0.166716 0.090154 0.000502 0.000000
0.000000

0.000000 0.000000 0.540022
0.044899 0.004992 0.757194 4.158994 179.262573
0.000000 0.003909 0.013148 0.000000 0.000000 0.000000
0.000000 0.000016 0.000009
7.030658 1.000000 0.000000
764.299377 0.000000
0.000000 0.000000 0.000000 0.000000
0.000000 0.924170
11 0.015000 1.845000 0.001000
0.487000 0.580000 0.780000 0.490000 1.250000 6.700000 0.650000 0.650000
187499.984375 75.360001 0.084000
1.073000 0.050000 0.116600
0.166724 0.090239 0.000503 0.000000
0.000000

0.000000 0.000000 0.540902
0.044903 0.004993 0.757294 4.159349 179.266495
0.000000 0.003890 0.013124 0.000000 0.000000 0.000000
0.000000 0.000016 0.000009
7.055768 1.000000 0.000000
764.299377 0.000000
0.000000 0.000000 0.000000 0.000000
0.000000 0.923903
11 0.015000 1.860000 0.001000
0.487000 0.580000 0.780000 0.490000 1.250000 6.700000 0.650000 0.650000
187499.984375 75.360001 0.084000
1.073000 0.050000 0.116600
0.166730 0.090107 0.000502 0.000000
0.000000

0.000000 0.000000 0.541997
0.044909 0.004994 0.757406 4.159764 179.270721
0.000000 0.003870 0.013080 0.000000 0.000000 0.000000
0.000000 0.000016 0.000009
7.080531 1.000000 0.000000
764.299377 0.000000
0.000000 0.000000 0.000000 0.000000
0.000000 0.923649
11 0.015000 1.875000 0.001000
0.487000 0.580000 0.780000 0.490000 1.250000 6.700000 0.650000 0.650000
187499.984375 75.360001 0.084000
1.073000 0.050000 0.116600
0.166738 0.090240 0.000503 0.000000
0.000000

0.000000 0.000000 0.542868
0.044914 0.004994 0.757506 4.160121 179.274750
0.000000 0.003851 0.013029 0.000000 0.000000 0.000000
0.000000 0.000016 0.000009
7.104951 1.000000 0.000000
764.299377 0.000000
0.000000 0.000000 0.000000 0.000000
0.000000 0.923390
11 0.015000 1.890000 0.001000
0.487000 0.580000 0.780000 0.490000 1.250000 6.700000 0.650000 0.650000
187499.984375 75.360001 0.084000
1.073000 0.050000 0.116600
0.166741 0.090433 0.000504 0.000000
0.000000

0.000000 0.000000 0.543825
0.044919 0.004995 0.757612 4.160504 179.279144
0.000000 0.003834 0.012996 0.000000 0.000000 0.000000
0.000000 0.000016 0.000009
7.129030 1.000000 0.000000
764.299377 0.000000
0.000000 0.000000 0.000000 0.000000
0.000000 0.923143
11 0.015000 1.905000 0.001000
0.487000 0.580000 0.780000 0.490000 1.250000 6.700000 0.650000 0.650000
187499.984375 75.360001 0.084000
1.073000 0.050000 0.116600
0.166751 0.090132 0.000502 0.000000
0.000000

0.000000 0.000000 0.544672
0.044923 0.004995 0.757708 4.160838 179.283142
0.000000 0.003815 0.012960 0.000000 0.000000 0.000000
0.000000 0.000016 0.000009
7.152771 1.000000 0.000000
764.299377 0.000000
0.000000 0.000000 0.000000 0.000000
0.000000 0.922889
11 0.015000 1.920000 0.001000
0.487000 0.580000 0.780000 0.490000 1.250000 6.700000 0.650000 0.650000
187499.984375 75.360001 0.084000
1.073000 0.050000 0.116600
0.166756 0.090122 0.000502 0.000000
0.000000

0.000000 0.000000 0.545417
0.044927 0.004996 0.757791 4.161106 179.287476
0.000000 0.003795 0.012907 0.000000 0.000000 0.000000
0.000000 0.000016 0.000009
7.176177 1.000000 0.000000
764.299377 0.000000
0.000000 0.000000 0.000000 0.000000
0.000000 0.922635
11 0.015000 1.935000 0.001000
0.487000 0.580000 0.780000 0.490000 1.250000 6.700000 0.650000 0.650000
187499.984375 75.360001 0.084000
1.073000 0.050000 0.116600
0.166759 0.090206 0.000502 0.000000
0.000000

0.000000 0.000000 0.546159
0.044931 0.004996 0.757877 4.161399 179.291412
0.000000 0.003772 0.012838 0.000000 0.000000 0.000000
0.000000 0.000016 0.000009
7.199248 1.000000 0.000000
764.299377 0.000000
0.000000 0.000000 0.000000 0.000000
0.000000 0.922384
11 0.015000 1.950000 0.001000
0.487000 0.580000 0.780000 0.490000 1.250000 6.700000 0.650000 0.650000
187499.984375 75.360001 0.084000
1.073000 0.050000 0.116600
0.166764 0.090516 0.000504 0.000000
0.000000

0.000000 0.000000 0.547130
0.044936 0.004997 0.757976 4.161747 179.296082
0.000000 0.003755 0.012830 0.000000 0.000000 0.000000
0.000000 0.000016 0.000009
7.221988 1.000000 0.000000
764.299377 0.000000
0.000000 0.000000 0.000000 0.000000
0.000000 0.922158
11 0.015000 1.965000 0.001000
0.487000 0.580000 0.780000 0.490000 1.250000 6.700000 0.650000 0.650000
187499.984375 75.360001 0.084000
1.073000 0.050000 0.116600
0.166773 0.090404 0.000504 0.000000
0.000000

0.000000 0.000000 0.549931
0.044950 0.004998 0.758215 4.162873 179.302048
0.000000 0.003735 0.012776 0.000000 0.000000 0.000000
0.000000 0.000016 0.000009
7.244398 1.000000 0.000000
764.299377 0.000000
0.000000 0.000000 0.000000 0.000000
0.000000 0.922065
11 0.015000 1.980000 0.001000
0.487000 0.580000 0.780000 0.490000 1.250000 6.700000 0.650000 0.650000
187499.984375 75.360001 0.084000
1.073000 0.050000 0.116600
0.166788 0.090432 0.000504 0.000000
0.000000

0.000000 0.000000 0.551251
0.044956 0.004999 0.758343 4.163385 179.306580
0.000000 0.012400 0.013231 0.000000 0.000000 0.000000
0.000000 0.000024 0.000004
7.266481 1.000000 0.000000
764.299377 0.000000
0.000000 0.000000 0.000000 0.000000
0.000000 0.921838
11 0.015000 1.995000 0.001000
0.487000 0.580000 0.780000 0.490000 1.250000 6.700000 0.650000 0.650000
187499.984375 75.360001 0.084000
1.073000 0.050000 0.116600
0.166799 0.090537 0.000504 0.000000
0.000000
1.000000
2.000000
0.321000 0.000000
0.000000
0
-0.750000
0 0
0.000000
1
0.000000
1.000000
1.000000
1.000000
0.000000 0.000000 0.000000
0.000000 0.000000
0.000000 0.000000 0.000000 0.000000 0.000000 0.000000 0.000000
0.000000 0.000000 0.000000 0.000000 0.000000 0.000000 0.000000
605
2.000000
1
C:\Kingsite\dnd\Ohio1.spf
-1.000000 -1.000000
0.000000
50
50
10.000000
99
