11
Clay
0.580000 0.612000 0.084000 0.780000 0.530000 1.000000 0.000000 0.000000
1.020000 6.700000 1 0.028600 0.500000 0.050000 0.010000 0.027000 0.963000
0.000000 0.015000 2.000000 152999.984375 75.360001 133
0.103800 3.528000 4.728100 0.000000 1
8.234000 8.234000 10.000000 5.000000 25.000000 100.000000
0.000000 0.000000 0.009010 0.000000 113.388603 167.763718
500.000000 0.000000 0.000000

0.244208 255.032364 612.661255
5.050164 0.561386 86.902534 539.680786 3336.430664
0.000000 0.048944 0.010375 0.574294 0.000000 0.000000
0.000001 0.000001 0.000001
-0.261242 0.000010 71.442993
764.299377 0.000000
1.465715 0.000000 0.000000 0.000000
0.000000 0.493288
11 0.015000 0.015000 0.028600
0.612000 0.580000 0.780000 0.530000 1.020000 6.700000 0.780000 0.780000
152999.984375 75.360001 0.084000
1.073000 0.050000 0.116600
2.774197 13.730785 0.011872 0.000000
0.000000

0.243740 27.531464 28.728657
3.216192 0.357523 61.088573 373.727234 4026.713135
0.000000 0.034050 0.088483 0.499431 0.000000 0.000000
0.000009 0.000002 0.000005
-0.125609 0.000010 71.442993
764.299377 0.000000
0.900400 0.000000 0.000000 0.000000
0.000000 0.120642
11 0.015000 0.030000 0.028600
0.612000 0.580000 0.780000 0.530000 1.020000 6.700000 0.780000 0.780000
152999.984375 75.360001 0.084000
1.073000 0.050000 0.116600
3.356797 4.351279 0.001174 0.000000
0.000000

0.230673 23.933163 18.217319
3.217548 0.357673 60.869205 369.532257 4027.210938
0.000000 0.034951 0.083383 0.249715 0.000000 0.000000
0.000009 0.000003 0.000005
-0.032875 0.000010 71.442993
764.299377 0.000000
0.844908 0.000000 0.000000 0.000000
0.000000 0.256832
11 0.015000 0.045000 0.028600
0.612000 0.580000 0.780000 0.530000 1.020000 6.700000 0.780000 0.780000
152999.984375 75.360001 0.084000
1.073000 0.050000 0.116600
3.361110 4.751250 0.001400 0.000000
0.000000

0.217310 22.134830 17.630980
3.519640 0.630811 61.099281 369.020905 4027.526123
0.000000 0.018705 0.033605 0.124858 0.000000 0.000000
0.000008 0.000010 0.000010
0.048244 0.778246 0.000000
764.299377 0.000000
0.272104 0.000000 0.000000 0.000000
0.000000 0.492863
11 0.015000 0.060000 0.028600
0.612000 0.580000 0.780000 0.530000 1.020000 6.700000 0.780000 0.780000
152999.984375 75.360001 0.084000
1.073000 0.050000 0.116600
3.364130 5.031013 0.035141 0.000000
0.000000

0.204132 20.502176 17.061922
3.538802 0.630225 61.238075 368.426880 4027.803467
0.000000 0.021481 0.033594 0.062429 0.000000 0.000000
0.000008 0.000016 0.000009
0.141194 0.778246 0.000000
764.299377 0.000000
0.243306 0.000000 0.000000 0.000000
0.000000 0.772755
11 0.015000 0.075000 0.028600
0.612000 0.580000 0.780000 0.530000 1.020000 6.700000 0.780000 0.780000
152999.984375 75.360001 0.084000
1.073000 0.050000 0.116600
3.366398 5.238591 0.036659 0.000000
0.000000

0.190994 18.958132 16.470837
3.558477 0.629163 61.320969 367.833374 4028.016113
0.000000 0.028242 0.034857 0.031214 0.000000 0.000000
0.000009 0.000019 0.000007
0.234281 0.778246 0.000000
764.299377 0.000000
0.214974 0.000000 0.000000 0.000000
0.000000 1.127619
11 0.015000 0.090000 0.028600
0.612000 0.580000 0.780000 0.530000 1.020000 6.700000 0.780000 0.780000
152999.984375 75.360001 0.084000
1.073000 0.050000 0.116600
3.368109 5.666308 0.039805 0.000000
0.000000

0.178701 17.569908 106.827965
3.705701 0.649254 63.249950 378.518188 4026.512695
0.000000 0.037292 0.034918 0.015607 0.000000 0.000000
0.000009 0.000022 0.000006
0.327523 0.778246 0.000000
764.299377 0.000000
0.193508 0.000000 0.000000 0.000000
0.000000 1.663404
11 0.015000 0.105000 0.028600
0.612000 0.580000 0.780000 0.530000 1.020000 6.700000 0.780000 0.780000
152999.984375 75.360001 0.084000
1.073000 0.050000 0.116600
3.408919 6.261933 0.044224 0.000000
0.000000

0.165786 16.082634 79.148079
1.550913 0.263992 25.602003 152.969147 2942.705322
0.000000 0.048713 0.021268 0.007804 0.000000 0.000000
0.000004 0.000004 0.000001
0.427418 0.648041 0.000000
764.299377 0.000000
0.067370 0.000000 0.000000 0.000000
0.000000 2.321762
11 0.015000 0.120000 0.018000
0.547000 0.580000 0.780000 0.490000 1.150000 6.700000 0.650000 0.650000
172500.000000 75.360001 0.084000
1.073000 0.050000 0.116600
2.688115 7.663007 0.035895 0.000000
0.000000

0.154629 14.880356 74.297951
1.508317 0.243082 24.589840 146.642090 2943.300537
0.000000 0.066855 0.019445 0.003902 0.000000 0.000000
0.000004 0.000004 0.000001
0.534946 0.648041 0.000000
764.299377 0.000000
0.052084 0.000000 0.000000 0.000000
0.000000 3.128442
11 0.015000 0.135000 0.018000
0.547000 0.580000 0.780000 0.490000 1.150000 6.700000 0.650000 0.650000
172500.000000 75.360001 0.084000
1.073000 0.050000 0.116600
2.690467 7.486984 0.035022 0.000000
0.000000

0.143857 13.737773 69.616165
1.468903 0.223603 23.647800 140.821136 2944.051270
0.000000 0.090488 0.017246 0.001951 0.000000 0.000000
0.000003 0.000004 0.000001
0.642675 0.648041 0.000000
764.299377 0.000000
0.038191 0.000000 0.000000 0.000000
0.000000 4.125161
11 0.015000 0.150000 0.018000
0.547000 0.580000 0.780000 0.490000 1.150000 6.700000 0.650000 0.650000
172500.000000 75.360001 0.084000
1.073000 0.050000 0.116600
2.692570 7.537927 0.035275 0.000000
0.000000

0.133977 30.038282 66.457230
1.430040 0.205372 22.979874 136.642197 2944.493896
0.000000 0.100896 0.013814 0.000975 0.000000 0.000000
0.000003 0.000004 0.000001
0.750623 0.648041 0.000000
764.299377 0.000000
0.025575 0.000000 0.000000 0.000000
0.000000 5.508568
11 0.015000 0.165000 0.018000
0.547000 0.580000 0.780000 0.490000 1.150000 6.700000 0.650000 0.650000
172500.000000 75.360001 0.084000
1.073000 0.050000 0.116600
2.694372 7.733130 0.036244 0.000000
0.000000

0.124982 28.064110 62.451603
1.394917 0.187915 22.133430 131.437012 2945.064697
0.000000 0.039965 0.010031 0.000488 0.000000 0.000000
0.000002 0.000010 0.000001
0.861014 0.592611 0.000000
764.299377 0.000000
0.013819 0.000000 0.000000 0.000000
0.000000 4.285070
11 0.015000 0.180000 0.018000
0.547000 0.580000 0.780000 0.490000 1.150000 6.700000 0.650000 0.650000
172500.000000 75.360001 0.084000
1.073000 0.050000 0.116600
2.696232 8.474869 0.036535 0.000000
0.000000

0.116081 26.145344 58.506058
1.366259 0.171492 21.352026 126.657440 2945.494141
0.000000 0.019563 0.006429 0.000244 0.000000 0.000000
0.000001 0.000012 0.000002
0.975848 0.550075 0.000000
764.299377 0.000000
0.000000 0.000000 0.000000 0.000000
0.000000 3.263690
11 0.015000 0.195000 0.018000
0.547000 0.580000 0.780000 0.490000 1.150000 6.700000 0.650000 0.650000
172500.000000 75.360001 0.084000
1.073000 0.050000 0.116600
2.697639 9.105747 0.036618 0.000000
0.000000

0.105737 23.917278 53.247429
1.333110 0.159018 20.582747 122.191544 2944.414551
0.000000 0.014813 0.004722 0.000122 0.000000 0.000000
0.000001 0.000020 0.000004
1.088462 0.650000 0.000000
764.299377 0.000000
0.000000 0.000000 0.000000 0.000000
0.000000 2.949562
11 0.015000 0.210000 0.018000
0.547000 0.580000 0.780000 0.490000 1.150000 6.700000 0.650000 0.650000
172500.000000 75.360001 0.084000
1.073000 0.050000 0.116600
2.693845 6.711427 0.031388 0.000000
0.000000

0.098129 22.224781 50.567268
0.960427 0.109044 14.576348 86.464996 1537.234253
0.000000 0.000562 0.001148 0.000061 0.000000 0.000000
0.000000 0.000000 0.000012
1.198177 0.650000 0.000000
764.299377 0.000000
0.000000 0.000000 0.000000 0.000000
0.000000 2.685449
11 0.015000 0.225000 0.009000
0.527000 0.580000 0.780000 0.490000 1.200000 6.700000 0.650000 0.650000
180000.015625 75.360001 0.084000
1.073000 0.050000 0.116600
1.405975 6.527622 0.028074 0.000000
0.000000

0.090981 20.674208 46.815594
0.924440 0.102799 13.962497 82.762238 1537.315063
0.000000 0.002384 0.002118 0.000030 0.000000 0.000000
0.000000 0.000006 0.000008
1.309139 0.650000 0.000000
764.299377 0.000000
0.000000 0.000000 0.000000 0.000000
0.000000 2.665794
11 0.015000 0.240000 0.009000
0.527000 0.580000 0.780000 0.490000 1.200000 6.700000 0.650000 0.650000
180000.015625 75.360001 0.084000
1.073000 0.050000 0.116600
1.406429 5.835738 0.024954 0.000000
0.000000

0.084406 19.226332 43.440865
0.885689 0.098492 13.386866 79.295570 1537.422852
0.000000 0.005558 0.003266 0.000015 0.000000 0.000000
0.000000 0.000012 0.000005
1.420414 0.650000 0.000000
764.299377 0.000000
0.000000 0.000000 0.000000 0.000000
0.000000 2.714676
11 0.015000 0.255000 0.009000
0.527000 0.580000 0.780000 0.490000 1.200000 6.700000 0.650000 0.650000
180000.015625 75.360001 0.084000
1.073000 0.050000 0.116600
1.406846 5.249964 0.022340 0.000000
0.000000

0.078269 17.877831 40.370300
0.850332 0.094564 12.848223 76.056007 1537.485718
0.000000 0.008745 0.004096 0.000008 0.000000 0.000000
0.000000 0.000015 0.000004
1.532010 0.650000 0.000000
764.299377 0.000000
0.000000 0.000000 0.000000 0.000000
0.000000 2.769647
11 0.015000 0.270000 0.009000
0.527000 0.580000 0.780000 0.490000 1.200000 6.700000 0.650000 0.650000
180000.015625 75.360001 0.084000
1.073000 0.050000 0.116600
1.407217 4.822028 0.020447 0.000000
0.000000

0.072543 16.615894 37.575714
0.818233 0.091000 12.344369 73.031197 1537.587402
0.000000 0.010820 0.004448 0.000004 0.000000 0.000000
0.000000 0.000016 0.000003
1.643936 0.650000 0.000000
764.299377 0.000000
0.000000 0.000000 0.000000 0.000000
0.000000 2.792310
11 0.015000 0.285000 0.009000
0.527000 0.580000 0.780000 0.490000 1.200000 6.700000 0.650000 0.650000
180000.015625 75.360001 0.084000
1.073000 0.050000 0.116600
1.407526 4.338258 0.018322 0.000000
0.000000

0.067235 15.442405 34.955421
0.788268 0.087673 11.877879 70.233200 1537.686768
0.000000 0.011779 0.004673 0.000002 0.000000 0.000000
0.000000 0.000018 0.000004
1.756195 0.650000 0.000000
764.299377 0.000000
0.000000 0.000000 0.000000 0.000000
0.000000 2.766444
11 0.015000 0.300000 0.009000
0.527000 0.580000 0.780000 0.490000 1.200000 6.700000 0.650000 0.650000
180000.015625 75.360001 0.084000
1.073000 0.050000 0.116600
1.407823 3.792104 0.015944 0.000000
0.000000

0.062322 14.350621 32.559944
0.760242 0.084561 11.444747 67.636909 1537.739014
0.000000 0.012355 0.004923 0.000001 0.000000 0.000000
0.000000 0.000019 0.000004
1.868791 0.650000 0.000000
764.299377 0.000000
0.000000 0.000000 0.000000 0.000000
0.000000 2.695551
11 0.015000 0.315000 0.009000
0.527000 0.580000 0.780000 0.490000 1.200000 6.700000 0.650000 0.650000
180000.015625 75.360001 0.084000
1.073000 0.050000 0.116600
1.408168 3.428469 0.014372 0.000000
0.000000

0.057763 13.334508 30.596390
0.646737 0.071940 9.651031 57.009983 1175.018188
0.000000 0.008933 0.004794 0.000000 0.000000 0.000000
0.000000 0.000013 0.000003
1.983228 0.650000 0.000000
764.299377 0.000000
0.000000 0.000000 0.000000 0.000000
0.000000 2.566005
11 0.015000 0.330000 0.006600
0.497000 0.580000 0.780000 0.490000 1.250000 6.700000 0.650000 0.650000
187499.984375 75.360001 0.084000
1.073000 0.050000 0.116600
1.075888 3.224308 0.012204 0.000000
0.000000

0.053533 12.398232 28.465389
0.622392 0.069236 9.279061 54.788616 1175.053589
0.000000 0.008370 0.004770 0.000000 0.000000 0.000000
0.000000 0.000013 0.000004
2.099556 0.650000 0.000000
764.299377 0.000000
0.000000 0.000000 0.000000 0.000000
0.000000 2.439977
11 0.015000 0.345000 0.006600
0.497000 0.580000 0.780000 0.490000 1.250000 6.700000 0.650000 0.650000
187499.984375 75.360001 0.084000
1.073000 0.050000 0.116600
1.076130 2.903808 0.010963 0.000000
0.000000

0.049611 11.521921 26.485184
0.599652 0.066711 8.934122 52.732231 1175.104004
0.000000 0.008473 0.004919 0.000000 0.000000 0.000000
0.000000 0.000014 0.000004
2.216219 0.650000 0.000000
764.299377 0.000000
0.000000 0.000000 0.000000 0.000000
0.000000 2.308921
11 0.015000 0.360000 0.006600
0.497000 0.580000 0.780000 0.490000 1.250000 6.700000 0.650000 0.650000
187499.984375 75.360001 0.084000
1.073000 0.050000 0.116600
1.076380 2.647558 0.009976 0.000000
0.000000

0.045973 10.699566 24.569128
0.578496 0.064361 8.616959 50.840351 1175.145142
0.000000 0.009100 0.005150 0.000000 0.000000 0.000000
0.000000 0.000014 0.000004
2.333209 0.650000 0.000000
764.299377 0.000000
0.000000 0.000000 0.000000 0.000000
0.000000 2.180539
11 0.015000 0.375000 0.006600
0.497000 0.580000 0.780000 0.490000 1.250000 6.700000 0.650000 0.650000
187499.984375 75.360001 0.084000
1.073000 0.050000 0.116600
1.076531 2.350040 0.008834 0.000000
0.000000

0.042603 9.935081 22.795885
0.558713 0.062163 8.322523 49.085354 1175.174194
0.000000 0.009991 0.005457 0.000000 0.000000 0.000000
0.000000 0.000015 0.000004
2.450516 0.650000 0.000000
764.299377 0.000000
0.000000 0.000000 0.000000 0.000000
0.000000 2.061037
11 0.015000 0.390000 0.006600
0.497000 0.580000 0.780000 0.490000 1.250000 6.700000 0.650000 0.650000
187499.984375 75.360001 0.084000
1.073000 0.050000 0.116600
1.076684 2.159756 0.008107 0.000000
0.000000

0.039480 9.224399 21.146231
0.540209 0.060108 8.048959 47.456963 1175.182373
0.000000 0.011269 0.005846 0.000000 0.000000 0.000000
0.000000 0.000016 0.000004
2.568125 0.650000 0.000000
764.299377 0.000000
0.000000 0.000000 0.000000 0.000000
0.000000 1.952483
11 0.015000 0.405000 0.006600
0.497000 0.580000 0.780000 0.490000 1.250000 6.700000 0.650000 0.650000
187499.984375 75.360001 0.084000
1.073000 0.050000 0.116600
1.076811 1.996894 0.007487 0.000000
0.000000

0.036588 8.564160 21.315447
0.377731 0.042031 5.464083 32.206337 587.899719
0.000000 0.004728 0.004605 0.000000 0.000000 0.000000
0.000000 0.000008 0.000003
2.686561 0.650000 0.000000
764.299377 0.000000
0.000000 0.000000 0.000000 0.000000
0.000000 1.823801
11 0.015000 0.420000 0.003300
0.487000 0.580000 0.780000 0.490000 1.250000 6.700000 0.650000 0.650000
187499.984375 75.360001 0.084000
1.073000 0.050000 0.116600
0.538467 1.770249 0.006492 0.000000
0.000000

0.033908 7.950084 19.334396
0.363086 0.040404 5.257605 30.979647 587.892761
0.000000 0.005506 0.005228 0.000000 0.000000 0.000000
0.000000 0.000009 0.000003
2.805807 0.650000 0.000000
764.299377 0.000000
0.000000 0.000000 0.000000 0.000000
0.000000 1.727413
11 0.015000 0.435000 0.003300
0.487000 0.580000 0.780000 0.490000 1.250000 6.700000 0.650000 0.650000
187499.984375 75.360001 0.084000
1.073000 0.050000 0.116600
0.538524 1.566585 0.005736 0.000000
0.000000

0.031423 7.379274 17.673910
0.348866 0.038823 5.056036 29.782969 587.892395
0.000000 0.005732 0.005352 0.000000 0.000000 0.000000
0.000000 0.000009 0.000003
2.925293 0.650000 0.000000
764.299377 0.000000
0.000000 0.000000 0.000000 0.000000
0.000000 1.643507
11 0.015000 0.450000 0.003300
0.487000 0.580000 0.780000 0.490000 1.250000 6.700000 0.650000 0.650000
187499.984375 75.360001 0.084000
1.073000 0.050000 0.116600
0.538577 1.420239 0.005194 0.000000
0.000000

0.029121 6.850383 16.227074
0.335310 0.037316 4.863829 28.642532 587.900452
0.000000 0.007340 0.006232 0.000000 0.000000 0.000000
0.000000 0.000010 0.000002
3.044995 0.650000 0.000000
764.299377 0.000000
0.000000 0.000000 0.000000 0.000000
0.000000 1.570053
11 0.015000 0.465000 0.003300
0.487000 0.580000 0.780000 0.490000 1.250000 6.700000 0.650000 0.650000
187499.984375 75.360001 0.084000
1.073000 0.050000 0.116600
0.538626 1.290589 0.004715 0.000000
0.000000

0.026988 6.361711 14.937545
0.322513 0.035894 4.682778 27.568768 587.897583
0.000000 0.009546 0.007125 0.000000 0.000000 0.000000
0.000000 0.000011 0.000002
3.164882 0.650000 0.000000
764.299377 0.000000
0.000000 0.000000 0.000000 0.000000
0.000000 1.506473
11 0.015000 0.480000 0.003300
0.487000 0.580000 0.780000 0.490000 1.250000 6.700000 0.650000 0.650000
187499.984375 75.360001 0.084000
1.073000 0.050000 0.116600
0.538683 1.166679 0.004259 0.000000
0.000000

0.025014 5.905704 13.763128
0.310499 0.034559 4.513718 26.566462 587.903503
0.000000 0.012792 0.008018 0.000000 0.000000 0.000000
0.000000 0.000011 0.000002
3.284926 0.650000 0.000000
764.299377 0.000000
0.000000 0.000000 0.000000 0.000000
0.000000 1.453691
11 0.015000 0.495000 0.003300
0.487000 0.580000 0.780000 0.490000 1.250000 6.700000 0.650000 0.650000
187499.984375 75.360001 0.084000
1.073000 0.050000 0.116600
0.538737 1.068183 0.003896 0.000000
0.000000

0.023184 5.481914 12.686461
0.299235 0.033307 4.356051 25.631958 587.904358
0.000000 0.018145 0.009080 0.000000 0.000000 0.000000
0.000000 0.000012 0.000001
3.405092 0.650000 0.000000
764.299377 0.000000
0.000000 0.000000 0.000000 0.000000
0.000000 1.415308
11 0.015000 0.510000 0.003300
0.487000 0.580000 0.780000 0.490000 1.250000 6.700000 0.650000 0.650000
187499.984375 75.360001 0.084000
1.073000 0.050000 0.116600
0.538782 0.965688 0.003520 0.000000
0.000000

0.021488 5.091911 15.937991
0.179441 0.019973 2.411312 14.185493 178.361252
0.000000 0.015763 0.006135 0.000000 0.000000 0.000000
0.000000 0.000003 0.000000
3.525347 0.650000 0.000000
764.299377 0.000000
0.000000 0.000000 0.000000 0.000000
0.000000 1.405807
11 0.015000 0.525000 0.001000
0.487000 0.580000 0.780000 0.490000 1.250000 6.700000 0.650000 0.650000
187499.984375 75.360001 0.084000
1.073000 0.050000 0.116600
0.163279 0.839511 0.003057 0.000000
0.000000

0.019946 4.726209 14.514362
0.170937 0.019027 2.301649 13.536287 178.353439
0.000000 0.029957 0.007130 0.000000 0.000000 0.000000
0.000000 0.000002 0.000000
3.645651 0.650000 0.000000
764.299377 0.000000
0.000000 0.000000 0.000000 0.000000
0.000000 1.411172
11 0.015000 0.540000 0.001000
0.487000 0.580000 0.780000 0.490000 1.250000 6.700000 0.650000 0.650000
187499.984375 75.360001 0.084000
1.073000 0.050000 0.116600
0.163291 0.726673 0.002644 0.000000
0.000000

0.018737 4.403296 13.407173
0.162396 0.018077 2.187882 12.856474 178.341827
0.000000 0.054563 0.004460 0.000000 0.000000 0.000000
0.000000 0.000001 0.000000
3.765967 0.650000 0.000000
764.299377 0.000000
0.000000 0.000000 0.000000 0.000000
0.000000 1.458496
11 0.015000 0.555000 0.001000
0.487000 0.580000 0.780000 0.490000 1.250000 6.700000 0.650000 0.650000
187499.984375 75.360001 0.084000
1.073000 0.050000 0.116600
0.163306 0.646828 0.002352 0.000000
0.000000

0.017358 4.085586 12.110850
0.155126 0.017269 2.097209 12.321263 178.333527
0.000000 0.100414 0.004590 0.000000 0.000000 0.000000
0.000000 0.000001 0.000000
3.886254 0.650000 0.000000
764.299377 0.000000
0.000000 0.000000 0.000000 0.000000
0.000000 1.561030
11 0.015000 0.570000 0.001000
0.487000 0.580000 0.780000 0.490000 1.250000 6.700000 0.650000 0.650000
187499.984375 75.360001 0.084000
1.073000 0.050000 0.116600
0.163315 0.572865 0.002082 0.000000
0.000000

0.016081 3.791138 11.144249
0.147732 0.016446 2.000322 11.749852 178.329346
0.000000 0.180853 0.004572 0.000000 0.000000 0.000000
0.000000 0.000000 0.000000
4.006469 0.650000 0.000000
764.299377 0.000000
0.000000 0.000000 0.000000 0.000000
0.000000 1.753596
11 0.015000 0.585000 0.001000
0.487000 0.580000 0.780000 0.490000 1.250000 6.700000 0.650000 0.650000
187499.984375 75.360001 0.084000
1.073000 0.050000 0.116600
0.163325 0.507692 0.001844 0.000000
0.000000

0.014899 3.517668 10.481962
0.140275 0.015617 1.898277 11.148478 178.321350
0.000000 0.309780 0.004523 0.000000 0.000000 0.000000
0.000000 0.000000 0.000000
4.126570 0.650000 0.000000
764.299377 0.000000
0.000000 0.000000 0.000000 0.000000
0.000000 2.086453
11 0.015000 0.600000 0.001000
0.487000 0.580000 0.780000 0.490000 1.250000 6.700000 0.650000 0.650000
187499.984375 75.360001 0.084000
1.073000 0.050000 0.116600
0.163334 0.450668 0.001636 0.000000
0.000000

0.013803 3.263803 9.503167
0.134203 0.014941 1.823077 10.704991 178.310135
0.000000 0.546743 0.004466 0.000000 0.000000 0.000000
0.000000 0.000000 0.000000
4.246511 0.650000 0.000000
764.299377 0.000000
0.000000 0.000000 0.000000 0.000000
0.000000 2.597333
11 0.015000 0.615000 0.001000
0.487000 0.580000 0.780000 0.490000 1.250000 6.700000 0.650000 0.650000
187499.984375 75.360001 0.084000
1.073000 0.050000 0.116600
0.163346 0.404933 0.001469 0.000000
0.000000

0.012789 3.028000 8.435104
0.128924 0.014354 1.762079 10.345103 178.307556
0.000000 0.989505 0.004401 0.000000 0.000000 0.000000
0.000000 0.000000 0.000000
4.366250 0.650000 0.000000
764.299377 0.000000
0.000000 0.000000 0.000000 0.000000
0.000000 3.396431
11 0.015000 0.630000 0.001000
0.487000 0.580000 0.780000 0.490000 1.250000 6.700000 0.650000 0.650000
187499.984375 75.360001 0.084000
1.073000 0.050000 0.116600
0.163353 0.366746 0.001330 0.000000
0.000000

0.011850 2.809458 7.061368
0.124928 0.013910 1.726497 10.134399 178.307404
0.000000 1.518973 0.004369 0.000000 0.000000 0.000000
0.000000 0.000000 0.000000
4.485738 0.650000 0.000000
764.299377 0.000000
0.000000 0.000000 0.000000 0.000000
0.000000 4.241590
11 0.015000 0.645000 0.001000
0.487000 0.580000 0.780000 0.490000 1.250000 6.700000 0.650000 0.650000
187499.984375 75.360001 0.084000
1.073000 0.050000 0.116600
0.163360 0.475261 0.001726 0.000000
0.000000

0.011101 2.617697 5.988081
0.120672 0.013437 1.682807 9.869827 178.305573
0.000000 1.204629 0.011263 0.000000 0.000000 0.000000
0.000000 0.000000 0.000000
4.605069 0.646712 0.000000
764.299377 0.000000
0.000000 0.000000 0.000000 0.000000
0.000000 5.461897
11 0.015000 0.660000 0.001000
0.487000 0.580000 0.780000 0.490000 1.250000 6.700000 0.650000 0.650000
187499.984375 75.360001 0.084000
1.073000 0.050000 0.116600
0.163385 0.538592 0.001947 0.000000
0.000000

0.010528 2.452115 5.391374
0.114171 0.012710 1.622053 9.497992 178.307434
0.000000 0.097497 0.013216 0.000000 0.000000 0.000000
0.000000 0.000000 0.000000
4.731481 0.490001 0.000000
764.299377 0.000000
0.000000 0.000000 0.000000 0.000000
0.000000 2.040626
11 0.015000 0.675000 0.001000
0.487000 0.580000 0.780000 0.490000 1.250000 6.700000 0.650000 0.650000
187499.984375 75.360001 0.084000
1.073000 0.050000 0.116600
0.163421 0.581788 0.001594 0.000000
0.000000

0.009757 2.283421 4.971315
0.109383 0.012178 1.557445 9.113634 178.304718
0.000000 0.169722 0.014553 0.000000 0.000000 0.000000
0.000000 0.000000 0.000000
4.865768 0.490001 0.000000
764.299377 0.000000
0.000000 0.000000 0.000000 0.000000
0.000000 1.806186
11 0.015000 0.690000 0.001000
0.487000 0.580000 0.780000 0.490000 1.250000 6.700000 0.650000 0.650000
187499.984375 75.360001 0.084000
1.073000 0.050000 0.116600
0.163459 0.490925 0.001344 0.000000
0.000000

0.009042 2.124093 4.618103
0.104845 0.011673 1.495582 8.748097 178.307556
0.000000 0.316920 0.015249 0.000000 0.000000 0.000000
0.000000 0.000000 0.000000
4.999644 0.490001 0.000000
764.299377 0.000000
0.000000 0.000000 0.000000 0.000000
0.000000 1.709605
11 0.015000 0.705000 0.001000
0.487000 0.580000 0.780000 0.490000 1.250000 6.700000 0.650000 0.650000
187499.984375 75.360001 0.084000
1.073000 0.050000 0.116600
0.163497 0.471486 0.001291 0.000000
0.000000

0.008381 1.980467 4.335536
0.100571 0.011197 1.437031 8.398754 178.313858
0.000000 0.406819 0.015564 0.000000 0.000000 0.000000
0.000000 0.000000 0.000000
5.133065 0.490001 0.000000
764.299377 0.000000
0.000000 0.000000 0.000000 0.000000
0.000000 1.617809
11 0.015000 0.720000 0.001000
0.487000 0.580000 0.780000 0.490000 1.250000 6.700000 0.650000 0.650000
187499.984375 75.360001 0.084000
1.073000 0.050000 0.116600
0.163574 0.497957 0.001363 0.000000
0.000000

0.007783 1.879380 4.163617
0.096713 0.010768 1.384234 8.064771 178.356277
0.000000 0.768523 0.016480 0.000000 0.000000 0.000000
0.000000 0.000000 0.000000
5.265980 0.490001 0.000000
764.299377 0.000000
0.000000 0.000000 0.000000 0.000000
0.000000 3.326419
11 0.015000 0.735000 0.001000
0.487000 0.580000 0.780000 0.490000 1.250000 6.700000 0.650000 0.650000
187499.984375 75.360001 0.084000
1.073000 0.050000 0.116600
0.163858 0.434963 0.001190 0.000000
0.000000

0.000000 0.287888 5.198647
0.063067 0.007015 1.007110 5.597812 178.825241
0.000000 0.437178 0.015789 0.000000 0.000000 0.000000
0.000000 0.000001 0.000000
5.377305 0.988783 0.000000
764.299377 0.000000
0.000000 0.000000 0.000000 0.000000
0.000000 1.406815
11 0.015000 0.750000 0.001000
0.487000 0.580000 0.780000 0.490000 1.250000 6.700000 0.650000 0.650000
187499.984375 75.360001 0.084000
1.073000 0.050000 0.116600
0.165957 0.103693 0.000571 0.000000
0.000000

0.000000 0.294547 5.064377
0.061146 0.006801 0.983969 5.444432 178.924683
0.000000 0.239504 0.013716 0.000000 0.000000 0.000000
0.000000 0.000001 0.000000
5.472380 1.000000 0.000000
764.299377 0.000000
0.000000 0.000000 0.000000 0.000000
0.000000 2.185518
11 0.015000 0.765000 0.001000
0.487000 0.580000 0.780000 0.490000 1.250000 6.700000 0.650000 0.650000
187499.984375 75.360001 0.084000
1.073000 0.050000 0.116600
0.166227 0.105210 0.000586 0.000000
0.000000

0.000000 0.275280 4.752525
0.059957 0.006668 0.966409 5.346590 178.936035
0.000000 0.141150 0.013144 0.000000 0.000000 0.000000
0.000000 0.000002 0.000000
5.566436 1.000000 0.000000
764.299377 0.000000
0.000000 0.000000 0.000000 0.000000
0.000000 1.256125
11 0.015000 0.780000 0.001000
0.487000 0.580000 0.780000 0.490000 1.250000 6.700000 0.650000 0.650000
187499.984375 75.360001 0.084000
1.073000 0.050000 0.116600
0.166261 0.095418 0.000531 0.000000
0.000000

0.000000 0.261790 4.540933
0.058948 0.006556 0.951046 5.260938 179.046188
0.000000 0.088147 0.012458 0.000000 0.000000 0.000000
0.000000 0.000004 0.000000
5.659694 1.000000 0.000000
764.299377 0.000000
0.000000 0.000000 0.000000 0.000000
0.000000 1.229306
11 0.015000 0.795000 0.001000
0.487000 0.580000 0.780000 0.490000 1.250000 6.700000 0.650000 0.650000
187499.984375 75.360001 0.084000
1.073000 0.050000 0.116600
0.166570 0.094677 0.000527 0.000000
0.000000

0.000000 0.243381 4.256504
0.057952 0.006446 0.936613 5.180473 179.052353
0.000000 0.054819 0.011646 0.000000 0.000000 0.000000
0.000000 0.000006 0.000000
5.752120 1.000000 0.000000
764.299377 0.000000
0.000000 0.000000 0.000000 0.000000
0.000000 1.242525
11 0.015000 0.810000 0.001000
0.487000 0.580000 0.780000 0.490000 1.250000 6.700000 0.650000 0.650000
187499.984375 75.360001 0.084000
1.073000 0.050000 0.116600
0.166587 0.094950 0.000529 0.000000
0.000000

0.000000 0.226275 3.993155
0.057029 0.006343 0.923276 5.106076 179.060822
0.000000 0.030768 0.010663 0.000000 0.000000 0.000000
0.000000 0.000010 0.000000
5.843680 1.000000 0.000000
764.299377 0.000000
0.000000 0.000000 0.000000 0.000000
0.000000 1.270061
11 0.015000 0.825000 0.001000
0.487000 0.580000 0.780000 0.490000 1.250000 6.700000 0.650000 0.650000
187499.984375 75.360001 0.084000
1.073000 0.050000 0.116600
0.166601 0.093538 0.000521 0.000000
0.000000

0.000000 0.210365 3.749061
0.056175 0.006248 0.910959 5.037387 179.068207
0.000000 0.014221 0.009555 0.000000 0.000000 0.000000
0.000000 0.000019 0.000002
5.934345 1.000000 0.000000
764.299377 0.000000
0.000000 0.000000 0.000000 0.000000
0.000000 1.333702
11 0.015000 0.840000 0.001000
0.487000 0.580000 0.780000 0.490000 1.250000 6.700000 0.650000 0.650000
187499.984375 75.360001 0.084000
1.073000 0.050000 0.116600
0.166619 0.093669 0.000522 0.000000
0.000000

0.000000 0.195970 3.524510
0.055375 0.006159 0.899412 4.972956 179.073410
0.000000 0.004384 0.007912 0.000000 0.000000 0.000000
0.000000 0.000016 0.000005
6.024083 1.000000 0.000000
764.299377 0.000000
0.000000 0.000000 0.000000 0.000000
0.000000 1.398398
11 0.015000 0.855000 0.001000
0.487000 0.580000 0.780000 0.490000 1.250000 6.700000 0.650000 0.650000
187499.984375 75.360001 0.084000
1.073000 0.050000 0.116600
0.166638 0.099558 0.000555 0.000000
0.000000

0.000000 0.000000 0.615199
0.045354 0.005045 0.758641 4.194116 179.281357
0.000000 0.007895 0.015274 0.000000 0.000000 0.000000
0.000000 0.000018 0.000003
6.112870 1.000000 0.000000
764.299377 0.000000
0.000000 0.000000 0.000000 0.000000
0.000000 1.045969
11 0.015000 0.870000 0.001000
0.487000 0.580000 0.780000 0.490000 1.250000 6.700000 0.650000 0.650000
187499.984375 75.360001 0.084000
1.073000 0.050000 0.116600
0.167207 0.087707 0.000488 0.000000
0.000000

0.000000 0.000000 0.617629
0.045366 0.005046 0.758851 4.194815 179.285767
0.000000 0.006895 0.015257 0.000000 0.000000 0.000000
0.000000 0.000018 0.000003
6.200679 1.000000 0.000000
764.299377 0.000000
0.000000 0.000000 0.000000 0.000000
0.000000 1.045238
11 0.015000 0.885000 0.001000
0.487000 0.580000 0.780000 0.490000 1.250000 6.700000 0.650000 0.650000
187499.984375 75.360001 0.084000
1.073000 0.050000 0.116600
0.167221 0.087860 0.000489 0.000000
0.000000

0.000000 0.000000 0.619035
0.045374 0.005047 0.759005 4.195213 179.290604
0.000000 0.008818 0.015404 0.000000 0.000000 0.000000
0.000000 0.000019 0.000003
6.287489 1.000000 0.000000
764.299377 0.000000
0.000000 0.000000 0.000000 0.000000
0.000000 1.044654
11 0.015000 0.900000 0.001000
0.487000 0.580000 0.780000 0.490000 1.250000 6.700000 0.650000 0.650000
187499.984375 75.360001 0.084000
1.073000 0.050000 0.116600
0.167230 0.087725 0.000489 0.000000
0.000000

0.000000 0.000000 0.620194
0.045381 0.005048 0.759145 4.195536 179.296280
0.000000 0.013949 0.015586 0.000000 0.000000 0.000000
0.000000 0.000020 0.000002
6.373279 1.000000 0.000000
764.299377 0.000000
0.000000 0.000000 0.000000 0.000000
0.000000 1.044096
11 0.015000 0.915000 0.001000
0.487000 0.580000 0.780000 0.490000 1.250000 6.700000 0.650000 0.650000
187499.984375 75.360001 0.084000
1.073000 0.050000 0.116600
0.167237 0.087776 0.000489 0.000000
0.000000

0.000000 0.000000 0.621296
0.045388 0.005049 0.759274 4.195817 179.300262
0.000000 0.022476 0.015726 0.000000 0.000000 0.000000
0.000000 0.000015 0.000001
6.458028 1.000000 0.000000
764.299377 0.000000
0.000000 0.000000 0.000000 0.000000
0.000000 1.043511
11 0.015000 0.930000 0.001000
0.487000 0.580000 0.780000 0.490000 1.250000 6.700000 0.650000 0.650000
187499.984375 75.360001 0.084000
1.073000 0.050000 0.116600
0.167242 0.087655 0.000488 0.000000
0.000000

0.000000 0.000000 0.622416
0.045395 0.005049 0.759401 4.196100 179.304382
0.000000 0.033943 0.015824 0.000000 0.000000 0.000000
0.000000 0.000011 0.000000
6.541722 1.000000 0.000000
764.299377 0.000000
0.000000 0.000000 0.000000 0.000000
0.000000 1.042986
11 0.015000 0.945000 0.001000
0.487000 0.580000 0.780000 0.490000 1.250000 6.700000 0.650000 0.650000
187499.984375 75.360001 0.084000
1.073000 0.050000 0.116600
0.167251 0.087848 0.000489 0.000000
0.000000

0.000000 0.000000 0.623590
0.045402 0.005050 0.759537 4.196428 179.308472
0.000000 0.046741 0.015840 0.000000 0.000000 0.000000
0.000000 0.000008 0.000000
6.624345 1.000000 0.000000
764.299377 0.000000
0.000000 0.000000 0.000000 0.000000
0.000000 1.042552
11 0.015000 0.960000 0.001000
0.487000 0.580000 0.780000 0.490000 1.250000 6.700000 0.650000 0.650000
187499.984375 75.360001 0.084000
1.073000 0.050000 0.116600
0.167259 0.087807 0.000489 0.000000
0.000000

0.000000 0.000000 0.625918
0.045413 0.005052 0.759738 4.197120 179.312836
0.000000 0.058335 0.015803 0.000000 0.000000 0.000000
0.000000 0.000007 0.000000
6.705884 1.000000 0.000000
764.299377 0.000000
0.000000 0.000000 0.000000 0.000000
0.000000 1.042255
11 0.015000 0.975000 0.001000
0.487000 0.580000 0.780000 0.490000 1.250000 6.700000 0.650000 0.650000
187499.984375 75.360001 0.084000
1.073000 0.050000 0.116600
0.167270 0.087774 0.000489 0.000000
0.000000

0.000000 0.000000 0.627592
0.045422 0.005053 0.759899 4.197597 179.317612
0.000000 0.066053 0.015749 0.000000 0.000000 0.000000
0.000000 0.000006 0.000000
6.786327 1.000000 0.000000
764.299377 0.000000
0.000000 0.000000 0.000000 0.000000
0.000000 1.041932
11 0.015000 0.990000 0.001000
0.487000 0.580000 0.780000 0.490000 1.250000 6.700000 0.650000 0.650000
187499.984375 75.360001 0.084000
1.073000 0.050000 0.116600
0.167281 0.087748 0.000489 0.000000
0.000000

0.000000 0.000000 0.628630
0.045429 0.005053 0.760020 4.197873 179.323227
0.000000 0.068344 0.015696 0.000000 0.000000 0.000000
0.000000 0.000006 0.000000
6.865666 1.000000 0.000000
764.299377 0.000000
0.000000 0.000000 0.000000 0.000000
0.000000 1.041550
11 0.015000 1.005000 0.001000
0.487000 0.580000 0.780000 0.490000 1.250000 6.700000 0.650000 0.650000
187499.984375 75.360001 0.084000
1.073000 0.050000 0.116600
0.167286 0.087923 0.000490 0.000000
0.000000

0.000000 0.000000 0.630535
0.045438 0.005054 0.760188 4.198410 179.326675
0.000000 0.065107 0.015609 0.000000 0.000000 0.000000
0.000000 0.000007 0.000000
6.943891 1.000000 0.000000
764.299377 0.000000
0.000000 0.000000 0.000000 0.000000
0.000000 1.041182
11 0.015000 1.020000 0.001000
0.487000 0.580000 0.780000 0.490000 1.250000 6.700000 0.650000 0.650000
187499.984375 75.360001 0.084000
1.073000 0.050000 0.116600
0.167299 0.087783 0.000489 0.000000
0.000000

0.000000 0.000000 0.631563
0.045444 0.005055 0.760309 4.198682 179.330215
0.000000 0.057534 0.015487 0.000000 0.000000 0.000000
0.000000 0.000008 0.000000
7.020995 1.000000 0.000000
764.299377 0.000000
0.000000 0.000000 0.000000 0.000000
0.000000 1.040713
11 0.015000 1.035000 0.001000
0.487000 0.580000 0.780000 0.490000 1.250000 6.700000 0.650000 0.650000
187499.984375 75.360001 0.084000
1.073000 0.050000 0.116600
0.167303 0.088027 0.000490 0.000000
0.000000

0.000000 0.000000 0.632733
0.045451 0.005056 0.760436 4.198999 179.334000
0.000000 0.047477 0.015316 0.000000 0.000000 0.000000
0.000000 0.000009 0.000000
7.096974 1.000000 0.000000
764.299377 0.000000
0.000000 0.000000 0.000000 0.000000
0.000000 1.040223
11 0.015000 1.050000 0.001000
0.487000 0.580000 0.780000 0.490000 1.250000 6.700000 0.650000 0.650000
187499.984375 75.360001 0.084000
1.073000 0.050000 0.116600
0.167312 0.087848 0.000489 0.000000
0.000000

0.000000 0.000000 0.633724
0.045457 0.005057 0.760545 4.199231 179.337830
0.000000 0.037023 0.015180 0.000000 0.000000 0.000000
0.000000 0.000012 0.000000
7.171824 1.000000 0.000000
764.299377 0.000000
0.000000 0.000000 0.000000 0.000000
0.000000 1.039705
11 0.015000 1.065000 0.001000
0.487000 0.580000 0.780000 0.490000 1.250000 6.700000 0.650000 0.650000
187499.984375 75.360001 0.084000
1.073000 0.050000 0.116600
0.167316 0.088050 0.000490 0.000000
0.000000

0.000000 0.000000 0.634808
0.045463 0.005057 0.760663 4.199516 179.341736
0.000000 0.027590 0.014937 0.000000 0.000000 0.000000
0.000000 0.000015 0.000001
7.245542 1.000000 0.000000
764.299377 0.000000
0.000000 0.000000 0.000000 0.000000
0.000000 1.039147
11 0.015000 1.080000 0.001000
0.487000 0.580000 0.780000 0.490000 1.250000 6.700000 0.650000 0.650000
187499.984375 75.360001 0.084000
1.073000 0.050000 0.116600
0.167323 0.087812 0.000489 0.000000
0.000000

0.000000 0.000000 0.637257
0.045474 0.005059 0.760856 4.200220 179.345840
0.000000 0.019939 0.014753 0.000000 0.000000 0.000000
0.000000 0.000020 0.000001
7.318126 1.000000 0.000000
764.299377 0.000000
0.000000 0.000000 0.000000 0.000000
0.000000 1.038695
11 0.015000 1.095000 0.001000
0.487000 0.580000 0.780000 0.490000 1.250000 6.700000 0.650000 0.650000
187499.984375 75.360001 0.084000
1.073000 0.050000 0.116600
0.167337 0.088174 0.000491 0.000000
0.000000

0.000000 0.000000 0.640182
0.045487 0.005060 0.761074 4.201056 179.351898
0.000000 0.014210 0.014489 0.000000 0.000000 0.000000
0.000000 0.000023 0.000002
7.389575 1.000000 0.000000
764.299377 0.000000
0.000000 0.000000 0.000000 0.000000
0.000000 1.038240
11 0.015000 1.110000 0.001000
0.487000 0.580000 0.780000 0.490000 1.250000 6.700000 0.650000 0.650000
187499.984375 75.360001 0.084000
1.073000 0.050000 0.116600
0.167354 0.087715 0.000489 0.000000
0.000000

0.000000 0.000000 0.641172
0.045493 0.005061 0.761181 4.201292 179.354889
0.000000 0.010210 0.014286 0.000000 0.000000 0.000000
0.000000 0.000022 0.000003
7.459889 1.000000 0.000000
764.299377 0.000000
0.000000 0.000000 0.000000 0.000000
0.000000 1.037674
11 0.015000 1.125000 0.001000
0.487000 0.580000 0.780000 0.490000 1.250000 6.700000 0.650000 0.650000
187499.984375 75.360001 0.084000
1.073000 0.050000 0.116600
0.167359 0.088016 0.000490 0.000000
0.000000

0.000000 0.000000 0.642141
0.045498 0.005061 0.761287 4.201533 179.358246
0.000000 0.007552 0.014058 0.000000 0.000000 0.000000
0.000000 0.000021 0.000004
7.529070 1.000000 0.000000
764.299377 0.000000
0.000000 0.000000 0.000000 0.000000
0.000000 1.037109
11 0.015000 1.140000 0.001000
0.487000 0.580000 0.780000 0.490000 1.250000 6.700000 0.650000 0.650000
187499.984375 75.360001 0.084000
1.073000 0.050000 0.116600
0.167366 0.087951 0.000490 0.000000
0.000000

0.000000 0.000000 0.643100
0.045504 0.005062 0.761396 4.201796 179.361664
0.000000 0.005838 0.013876 0.000000 0.000000 0.000000
0.000000 0.000020 0.000005
7.597120 1.000000 0.000000
764.299377 0.000000
0.000000 0.000000 0.000000 0.000000
0.000000 1.036542
11 0.015000 1.155000 0.001000
0.487000 0.580000 0.780000 0.490000 1.250000 6.700000 0.650000 0.650000
187499.984375 75.360001 0.084000
1.073000 0.050000 0.116600
0.167374 0.088047 0.000490 0.000000
0.000000

0.000000 0.000000 0.644303
0.045510 0.005063 0.761516 4.202111 179.365341
0.000000 0.004801 0.013754 0.000000 0.000000 0.000000
0.000000 0.000018 0.000006
7.664040 1.000000 0.000000
764.299377 0.000000
0.000000 0.000000 0.000000 0.000000
0.000000 1.036008
11 0.015000 1.170000 0.001000
0.487000 0.580000 0.780000 0.490000 1.250000 6.700000 0.650000 0.650000
187499.984375 75.360001 0.084000
1.073000 0.050000 0.116600
0.167378 0.088024 0.000490 0.000000
0.000000

0.000000 0.000000 0.645796
0.045517 0.005064 0.761645 4.202498 179.369125
0.000000 0.004140 0.013621 0.000000 0.000000 0.000000
0.000000 0.000017 0.000007
7.729836 1.000000 0.000000
764.299377 0.000000
0.000000 0.000000 0.000000 0.000000
0.000000 1.035485
11 0.015000 1.185000 0.001000
0.487000 0.580000 0.780000 0.490000 1.250000 6.700000 0.650000 0.650000
187499.984375 75.360001 0.084000
1.073000 0.050000 0.116600
0.167385 0.087768 0.000489 0.000000
0.000000

0.000000 0.000000 0.646723
0.045522 0.005064 0.761744 4.202700 179.372543
0.000000 0.003759 0.013574 0.000000 0.000000 0.000000
0.000000 0.000017 0.000008
7.794508 1.000000 0.000000
764.299377 0.000000
0.000000 0.000000 0.000000 0.000000
0.000000 1.034941
11 0.015000 1.200000 0.001000
0.487000 0.580000 0.780000 0.490000 1.250000 6.700000 0.650000 0.650000
187499.984375 75.360001 0.084000
1.073000 0.050000 0.116600
0.167393 0.087951 0.000490 0.000000
0.000000

0.000000 0.000000 0.647641
0.045527 0.005065 0.761842 4.202929 179.375000
0.000000 0.003510 0.013503 0.000000 0.000000 0.000000
0.000000 0.000016 0.000009
7.858063 1.000000 0.000000
764.299377 0.000000
0.000000 0.000000 0.000000 0.000000
0.000000 1.034412
11 0.015000 1.215000 0.001000
0.487000 0.580000 0.780000 0.490000 1.250000 6.700000 0.650000 0.650000
187499.984375 75.360001 0.084000
1.073000 0.050000 0.116600
0.167399 0.087902 0.000490 0.000000
0.000000

0.000000 0.000000 0.648546
0.045532 0.005065 0.761945 4.203179 179.379547
0.000000 0.003356 0.013460 0.000000 0.000000 0.000000
0.000000 0.000016 0.000009
7.920505 1.000000 0.000000
764.299377 0.000000
0.000000 0.000000 0.000000 0.000000
0.000000 1.033878
11 0.015000 1.230000 0.001000
0.487000 0.580000 0.780000 0.490000 1.250000 6.700000 0.650000 0.650000
187499.984375 75.360001 0.084000
1.073000 0.050000 0.116600
0.167403 0.087974 0.000490 0.000000
0.000000

0.000000 0.000000 0.649440
0.045537 0.005066 0.762044 4.203409 179.382614
0.000000 0.003258 0.013417 0.000000 0.000000 0.000000
0.000000 0.000016 0.000010
7.981839 1.000000 0.000000
764.299377 0.000000
0.000000 0.000000 0.000000 0.000000
0.000000 1.033356
11 0.015000 1.245000 0.001000
0.487000 0.580000 0.780000 0.490000 1.250000 6.700000 0.650000 0.650000
187499.984375 75.360001 0.084000
1.073000 0.050000 0.116600
0.167406 0.088052 0.000490 0.000000
0.000000

0.000000 0.000000 0.650325
0.045542 0.005066 0.762140 4.203615 179.385895
0.000000 0.003200 0.013382 0.000000 0.000000 0.000000
0.000000 0.000015 0.000010
8.042069 1.000000 0.000000
764.299377 0.000000
0.000000 0.000000 0.000000 0.000000
0.000000 1.032837
11 0.015000 1.260000 0.001000
0.487000 0.580000 0.780000 0.490000 1.250000 6.700000 0.650000 0.650000
187499.984375 75.360001 0.084000
1.073000 0.050000 0.116600
0.167415 0.088362 0.000492 0.000000
0.000000

0.000000 0.000000 0.651259
0.045546 0.005067 0.762236 4.203833 179.389267
0.000000 0.003144 0.013345 0.000000 0.000000 0.000000
0.000000 0.000015 0.000010
8.101204 1.000000 0.000000
764.299377 0.000000
0.000000 0.000000 0.000000 0.000000
0.000000 1.032321
11 0.015000 1.275000 0.001000
0.487000 0.580000 0.780000 0.490000 1.250000 6.700000 0.650000 0.650000
187499.984375 75.360001 0.084000
1.073000 0.050000 0.116600
0.167418 0.088313 0.000492 0.000000
0.000000

0.000000 0.000000 0.652593
0.045553 0.005068 0.762354 4.204187 179.392624
0.000000 0.003093 0.013273 0.000000 0.000000 0.000000
0.000000 0.000015 0.000010
8.159246 1.000000 0.000000
764.299377 0.000000
0.000000 0.000000 0.000000 0.000000
0.000000 1.031842
11 0.015000 1.290000 0.001000
0.487000 0.580000 0.780000 0.490000 1.250000 6.700000 0.650000 0.650000
187499.984375 75.360001 0.084000
1.073000 0.050000 0.116600
0.167427 0.088319 0.000492 0.000000
0.000000

0.000000 0.000000 0.653993
0.045559 0.005068 0.762475 4.204560 179.396545
0.000000 0.003064 0.013249 0.000000 0.000000 0.000000
0.000000 0.000015 0.000010
8.216205 1.000000 0.000000
764.299377 0.000000
0.000000 0.000000 0.000000 0.000000
0.000000 1.031368
11 0.015000 1.305000 0.001000
0.487000 0.580000 0.780000 0.490000 1.250000 6.700000 0.650000 0.650000
187499.984375 75.360001 0.084000
1.073000 0.050000 0.116600
0.167433 0.088206 0.000491 0.000000
0.000000

0.000000 0.000000 0.654995
0.045564 0.005069 0.762573 4.204814 179.399094
0.000000 0.003021 0.013196 0.000000 0.000000 0.000000
0.000000 0.000015 0.000011
8.272085 1.000000 0.000000
764.299377 0.000000
0.000000 0.000000 0.000000 0.000000
0.000000 1.030867
11 0.015000 1.320000 0.001000
0.487000 0.580000 0.780000 0.490000 1.250000 6.700000 0.650000 0.650000
187499.984375 75.360001 0.084000
1.073000 0.050000 0.116600
0.167439 0.088316 0.000492 0.000000
0.000000

0.000000 0.000000 0.655868
0.045569 0.005069 0.762666 4.205024 179.402252
0.000000 0.002990 0.013145 0.000000 0.000000 0.000000
0.000000 0.000015 0.000011
8.326893 1.000000 0.000000
764.299377 0.000000
0.000000 0.000000 0.000000 0.000000
0.000000 1.030375
11 0.015000 1.335000 0.001000
0.487000 0.580000 0.780000 0.490000 1.250000 6.700000 0.650000 0.650000
187499.984375 75.360001 0.084000
1.073000 0.050000 0.116600
0.167447 0.088229 0.000491 0.000000
0.000000

0.000000 0.000000 0.656700
0.045573 0.005070 0.762751 4.205215 179.406723
0.000000 0.002966 0.013119 0.000000 0.000000 0.000000
0.000000 0.000015 0.000011
8.380634 1.000000 0.000000
764.299377 0.000000
0.000000 0.000000 0.000000 0.000000
0.000000 1.029893
11 0.015000 1.350000 0.001000
0.487000 0.580000 0.780000 0.490000 1.250000 6.700000 0.650000 0.650000
187499.984375 75.360001 0.084000
1.073000 0.050000 0.116600
0.167448 0.088320 0.000492 0.000000
0.000000

0.000000 0.000000 0.657539
0.045577 0.005070 0.762838 4.205407 179.410324
0.000000 0.002941 0.013082 0.000000 0.000000 0.000000
0.000000 0.000015 0.000011
8.433318 1.000000 0.000000
764.299377 0.000000
0.000000 0.000000 0.000000 0.000000
0.000000 1.029419
11 0.015000 1.365000 0.001000
0.487000 0.580000 0.780000 0.490000 1.250000 6.700000 0.650000 0.650000
187499.984375 75.360001 0.084000
1.073000 0.050000 0.116600
0.167455 0.088424 0.000492 0.000000
0.000000

0.000000 0.000000 0.658531
0.045582 0.005071 0.762933 4.205662 179.413666
0.000000 0.002919 0.013057 0.000000 0.000000 0.000000
0.000000 0.000015 0.000011
8.484951 1.000000 0.000000
764.299377 0.000000
0.000000 0.000000 0.000000 0.000000
0.000000 1.028978
11 0.015000 1.380000 0.001000
0.487000 0.580000 0.780000 0.490000 1.250000 6.700000 0.650000 0.650000
187499.984375 75.360001 0.084000
1.073000 0.050000 0.116600
0.167459 0.088615 0.000494 0.000000
0.000000

0.000000 0.000000 0.660918
0.045591 0.005072 0.763095 4.206294 179.418274
0.000000 0.002901 0.013017 0.000000 0.000000 0.000000
0.000000 0.000015 0.000012
8.535539 1.000000 0.000000
764.299377 0.000000
0.000000 0.000000 0.000000 0.000000
0.000000 1.028599
11 0.015000 1.395000 0.001000
0.487000 0.580000 0.780000 0.490000 1.250000 6.700000 0.650000 0.650000
187499.984375 75.360001 0.084000
1.073000 0.050000 0.116600
0.167473 0.088369 0.000492 0.000000
0.000000

0.000000 0.000000 0.661817
0.045596 0.005073 0.763182 4.206505 179.421524
0.000000 0.002850 0.012925 0.000000 0.000000 0.000000
0.000000 0.000015 0.000012
8.585089 1.000000 0.000000
764.299377 0.000000
0.000000 0.000000 0.000000 0.000000
0.000000 1.028167
11 0.015000 1.410000 0.001000
0.487000 0.580000 0.780000 0.490000 1.250000 6.700000 0.650000 0.650000
187499.984375 75.360001 0.084000
1.073000 0.050000 0.116600
0.167479 0.088606 0.000493 0.000000
0.000000

0.000000 0.000000 0.663006
0.045601 0.005073 0.763283 4.206791 179.425064
0.000000 0.002845 0.012941 0.000000 0.000000 0.000000
0.000000 0.000015 0.000012
8.633609 1.000000 0.000000
764.299377 0.000000
0.000000 0.000000 0.000000 0.000000
0.000000 1.027734
11 0.015000 1.425000 0.001000
0.487000 0.580000 0.780000 0.490000 1.250000 6.700000 0.650000 0.650000
187499.984375 75.360001 0.084000
1.073000 0.050000 0.116600
0.167484 0.088342 0.000492 0.000000
0.000000

0.000000 0.000000 0.663993
0.045605 0.005074 0.763372 4.207018 179.428345
0.000000 0.002832 0.012909 0.000000 0.000000 0.000000
0.000000 0.000015 0.000012
8.681107 1.000000 0.000000
764.299377 0.000000
0.000000 0.000000 0.000000 0.000000
0.000000 1.027344
11 0.015000 1.440000 0.001000
0.487000 0.580000 0.780000 0.490000 1.250000 6.700000 0.650000 0.650000
187499.984375 75.360001 0.084000
1.073000 0.050000 0.116600
0.167489 0.088386 0.000492 0.000000
0.000000

0.000000 0.000000 0.664772
0.045609 0.005074 0.763451 4.207194 179.431183
0.000000 0.002816 0.012901 0.000000 0.000000 0.000000
0.000000 0.000014 0.000012
8.727588 1.000000 0.000000
764.299377 0.000000
0.000000 0.000000 0.000000 0.000000
0.000000 1.026918
11 0.015000 1.455000 0.001000
0.487000 0.580000 0.780000 0.490000 1.250000 6.700000 0.650000 0.650000
187499.984375 75.360001 0.084000
1.073000 0.050000 0.116600
0.167497 0.088337 0.000492 0.000000
0.000000

0.000000 0.000000 0.665547
0.045613 0.005075 0.763532 4.207386 179.433624
0.000000 0.002821 0.012901 0.000000 0.000000 0.000000
0.000000 0.000015 0.000012
8.773061 1.000000 0.000000
764.299377 0.000000
0.000000 0.000000 0.000000 0.000000
0.000000 1.026508
11 0.015000 1.470000 0.001000
0.487000 0.580000 0.780000 0.490000 1.250000 6.700000 0.650000 0.650000
187499.984375 75.360001 0.084000
1.073000 0.050000 0.116600
0.167499 0.088410 0.000492 0.000000
0.000000

0.000000 0.000000 0.666311
0.045617 0.005075 0.763611 4.207577 179.436462
0.000000 0.002786 0.012843 0.000000 0.000000 0.000000
0.000000 0.000014 0.000013
8.817533 1.000000 0.000000
764.299377 0.000000
0.000000 0.000000 0.000000 0.000000
0.000000 1.026118
11 0.015000 1.485000 0.001000
0.487000 0.580000 0.780000 0.490000 1.250000 6.700000 0.650000 0.650000
187499.984375 75.360001 0.084000
1.073000 0.050000 0.116600
0.167503 0.088495 0.000493 0.000000
0.000000

0.000000 0.000000 0.667068
0.045620 0.005075 0.763689 4.207759 179.440308
0.000000 0.002772 0.012792 0.000000 0.000000 0.000000
0.000000 0.000014 0.000013
8.861013 1.000000 0.000000
764.299377 0.000000
0.000000 0.000000 0.000000 0.000000
0.000000 1.025765
11 0.015000 1.500000 0.001000
0.487000 0.580000 0.780000 0.490000 1.250000 6.700000 0.650000 0.650000
187499.984375 75.360001 0.084000
1.073000 0.050000 0.116600
0.167506 0.088826 0.000495 0.000000
0.000000

0.000000 0.000000 0.667961
0.045624 0.005076 0.763770 4.207965 179.442932
0.000000 0.002763 0.012778 0.000000 0.000000 0.000000
0.000000 0.000014 0.000013
8.903506 1.000000 0.000000
764.299377 0.000000
0.000000 0.000000 0.000000 0.000000
0.000000 1.025371
11 0.015000 1.515000 0.001000
0.487000 0.580000 0.780000 0.490000 1.250000 6.700000 0.650000 0.650000
187499.984375 75.360001 0.084000
1.073000 0.050000 0.116600
0.167511 0.088563 0.000493 0.000000
0.000000

0.000000 0.000000 0.668784
0.045628 0.005076 0.763848 4.208156 179.445343
0.000000 0.002732 0.012716 0.000000 0.000000 0.000000
0.000000 0.000014 0.000013
8.945020 1.000000 0.000000
764.299377 0.000000
0.000000 0.000000 0.000000 0.000000
0.000000 1.025005
11 0.015000 1.530000 0.001000
0.487000 0.580000 0.780000 0.490000 1.250000 6.700000 0.650000 0.650000
187499.984375 75.360001 0.084000
1.073000 0.050000 0.116600
0.167519 0.088662 0.000494 0.000000
0.000000

0.000000 0.000000 0.673612
0.045645 0.005078 0.764118 4.209405 179.454163
0.000000 0.002705 0.012676 0.000000 0.000000 0.000000
0.000000 0.000014 0.000013
8.985561 1.000000 0.000000
764.299377 0.000000
0.000000 0.000000 0.000000 0.000000
0.000000 1.024908
11 0.015000 1.545000 0.001000
0.487000 0.580000 0.780000 0.490000 1.250000 6.700000 0.650000 0.650000
187499.984375 75.360001 0.084000
1.073000 0.050000 0.116600
0.167545 0.088743 0.000494 0.000000
0.000000

0.000000 0.000000 0.688671
0.045696 0.005084 0.764864 4.213278 179.486496
0.000000 0.002657 0.012601 0.000000 0.000000 0.000000
0.000000 0.000014 0.000014
9.025139 1.000000 0.000000
764.299377 0.000000
0.000000 0.000000 0.000000 0.000000
0.000000 1.025413
11 0.015000 1.560000 0.001000
0.487000 0.580000 0.780000 0.490000 1.250000 6.700000 0.650000 0.650000
187499.984375 75.360001 0.084000
1.073000 0.050000 0.116600
0.167625 0.088444 0.000493 0.000000
0.000000

0.000000 0.000000 0.689424
0.045699 0.005084 0.764935 4.213432 179.489288
0.000000 0.002640 0.012568 0.000000 0.000000 0.000000
0.000000 0.000014 0.000014
9.063758 1.000000 0.000000
764.299377 0.000000
0.000000 0.000000 0.000000 0.000000
0.000000 1.025054
11 0.015000 1.575000 0.001000
0.487000 0.580000 0.780000 0.490000 1.250000 6.700000 0.650000 0.650000
187499.984375 75.360001 0.084000
1.073000 0.050000 0.116600
0.167630 0.088522 0.000493 0.000000
0.000000

0.000000 0.000000 0.690178
0.045703 0.005085 0.765005 4.213608 179.492081
0.000000 0.002614 0.012500 0.000000 0.000000 0.000000
0.000000 0.000014 0.000014
9.101426 1.000000 0.000000
764.299377 0.000000
0.000000 0.000000 0.000000 0.000000
0.000000 1.024716
11 0.015000 1.590000 0.001000
0.487000 0.580000 0.780000 0.490000 1.250000 6.700000 0.650000 0.650000
187499.984375 75.360001 0.084000
1.073000 0.050000 0.116600
0.167635 0.088613 0.000494 0.000000
0.000000

0.000000 0.000000 0.690941
0.045706 0.005085 0.765074 4.213756 179.494965
0.000000 0.002605 0.012487 0.000000 0.000000 0.000000
0.000000 0.000014 0.000014
9.138151 1.000000 0.000000
764.299377 0.000000
0.000000 0.000000 0.000000 0.000000
0.000000 1.024405
11 0.015000 1.605000 0.001000
0.487000 0.580000 0.780000 0.490000 1.250000 6.700000 0.650000 0.650000
187499.984375 75.360001 0.084000
1.073000 0.050000 0.116600
0.167639 0.088866 0.000495 0.000000
0.000000

0.000000 0.000000 0.691876
0.045710 0.005085 0.765153 4.213960 179.498032
0.000000 0.002579 0.012446 0.000000 0.000000 0.000000
0.000000 0.000014 0.000014
9.173940 1.000000 0.000000
764.299377 0.000000
0.000000 0.000000 0.000000 0.000000
0.000000 1.024042
11 0.015000 1.620000 0.001000
0.487000 0.580000 0.780000 0.490000 1.250000 6.700000 0.650000 0.650000
187499.984375 75.360001 0.084000
1.073000 0.050000 0.116600
0.167644 0.088695 0.000494 0.000000
0.000000

0.000000 0.000000 0.701763
0.045743 0.005089 0.765638 4.216418 179.523743
0.000000 0.002546 0.012383 0.000000 0.000000 0.000000
0.000000 0.000013 0.000014
9.208797 1.000000 0.000000
764.299377 0.000000
0.000000 0.000000 0.000000 0.000000
0.000000 1.024178
11 0.015000 1.635000 0.001000
0.487000 0.580000 0.780000 0.490000 1.250000 6.700000 0.650000 0.650000
187499.984375 75.360001 0.084000
1.073000 0.050000 0.116600
0.167697 0.088713 0.000494 0.000000
0.000000

0.000000 0.000000 0.702711
0.045746 0.005090 0.765719 4.216639 179.527802
0.000000 0.002516 0.012336 0.000000 0.000000 0.000000
0.000000 0.000013 0.000015
9.242733 1.000000 0.000000
764.299377 0.000000
0.000000 0.000000 0.000000 0.000000
0.000000 1.023845
11 0.015000 1.650000 0.001000
0.487000 0.580000 0.780000 0.490000 1.250000 6.700000 0.650000 0.650000
187499.984375 75.360001 0.084000
1.073000 0.050000 0.116600
0.167701 0.088589 0.000493 0.000000
0.000000

0.000000 0.000000 0.703472
0.045749 0.005090 0.765785 4.216792 179.530563
0.000000 0.002493 0.012303 0.000000 0.000000 0.000000
0.000000 0.000013 0.000015
9.275752 1.000000 0.000000
764.299377 0.000000
0.000000 0.000000 0.000000 0.000000
0.000000 1.023511
11 0.015000 1.665000 0.001000
0.487000 0.580000 0.780000 0.490000 1.250000 6.700000 0.650000 0.650000
187499.984375 75.360001 0.084000
1.073000 0.050000 0.116600
0.167705 0.088674 0.000494 0.000000
0.000000

0.000000 0.000000 0.704234
0.045753 0.005090 0.765856 4.216972 179.533340
0.000000 0.002485 0.012283 0.000000 0.000000 0.000000
0.000000 0.000013 0.000015
9.307862 1.000000 0.000000
764.299377 0.000000
0.000000 0.000000 0.000000 0.000000
0.000000 1.023193
11 0.015000 1.680000 0.001000
0.487000 0.580000 0.780000 0.490000 1.250000 6.700000 0.650000 0.650000
187499.984375 75.360001 0.084000
1.073000 0.050000 0.116600
0.167710 0.089003 0.000496 0.000000
0.000000

0.000000 0.000000 0.705202
0.045756 0.005091 0.765924 4.217152 179.536591
0.000000 0.002459 0.012228 0.000000 0.000000 0.000000
0.000000 0.000013 0.000015
9.339068 1.000000 0.000000
764.299377 0.000000
0.000000 0.000000 0.000000 0.000000
0.000000 1.022865
11 0.015000 1.695000 0.001000
0.487000 0.580000 0.780000 0.490000 1.250000 6.700000 0.650000 0.650000
187499.984375 75.360001 0.084000
1.073000 0.050000 0.116600
0.167713 0.088773 0.000494 0.000000
0.000000

0.000000 0.000000 0.706523
0.045761 0.005091 0.766019 4.217466 179.540878
0.000000 0.002436 0.012202 0.000000 0.000000 0.000000
0.000000 0.000013 0.000015
9.369380 1.000000 0.000000
764.299377 0.000000
0.000000 0.000000 0.000000 0.000000
0.000000 1.022584
11 0.015000 1.710000 0.001000
0.487000 0.580000 0.780000 0.490000 1.250000 6.700000 0.650000 0.650000
187499.984375 75.360001 0.084000
1.073000 0.050000 0.116600
0.167723 0.088821 0.000495 0.000000
0.000000

0.000000 0.000000 0.707270
0.045764 0.005091 0.766083 4.217614 179.544052
0.000000 0.002407 0.012142 0.000000 0.000000 0.000000
0.000000 0.000013 0.000015
9.398803 1.000000 0.000000
764.299377 0.000000
0.000000 0.000000 0.000000 0.000000
0.000000 1.022272
11 0.015000 1.725000 0.001000
0.487000 0.580000 0.780000 0.490000 1.250000 6.700000 0.650000 0.650000
187499.984375 75.360001 0.084000
1.073000 0.050000 0.116600
0.167725 0.088929 0.000495 0.000000
0.000000

0.000000 0.000000 0.708408
0.045768 0.005092 0.766166 4.217860 179.548126
0.000000 0.002384 0.012104 0.000000 0.000000 0.000000
0.000000 0.000013 0.000016
9.427343 1.000000 0.000000
764.299377 0.000000
0.000000 0.000000 0.000000 0.000000
0.000000 1.021978
11 0.015000 1.740000 0.001000
0.487000 0.580000 0.780000 0.490000 1.250000 6.700000 0.650000 0.650000
187499.984375 75.360001 0.084000
1.073000 0.050000 0.116600
0.167731 0.089018 0.000496 0.000000
0.000000

0.000000 0.000000 0.715084
0.045789 0.005094 0.766491 4.219451 179.563095
0.000000 0.002363 0.012062 0.000000 0.000000 0.000000
0.000000 0.000013 0.000016
9.455009 1.000000 0.000000
764.299377 0.000000
0.000000 0.000000 0.000000 0.000000
0.000000 1.022021
11 0.015000 1.755000 0.001000
0.487000 0.580000 0.780000 0.490000 1.250000 6.700000 0.650000 0.650000
187499.984375 75.360001 0.084000
1.073000 0.050000 0.116600
0.167767 0.088925 0.000495 0.000000
0.000000

0.000000 0.000000 0.726485
0.045825 0.005098 0.767010 4.222114 179.578323
0.000000 0.002332 0.011998 0.000000 0.000000 0.000000
0.000000 0.000012 0.000016
9.481807 1.000000 0.000000
764.299377 0.000000
0.000000 0.000000 0.000000 0.000000
0.000000 1.022404
11 0.015000 1.770000 0.001000
0.487000 0.580000 0.780000 0.490000 1.250000 6.700000 0.650000 0.650000
187499.984375 75.360001 0.084000
1.073000 0.050000 0.116600
0.167826 0.088839 0.000495 0.000000
0.000000

0.000000 0.000000 0.729555
0.045835 0.005099 0.767171 4.222811 179.583511
0.000000 0.002310 0.011947 0.000000 0.000000 0.000000
0.000000 0.000012 0.000016
9.507742 1.000000 0.000000
764.299377 0.000000
0.000000 0.000000 0.000000 0.000000
0.000000 1.022250
11 0.015000 1.785000 0.001000
0.487000 0.580000 0.780000 0.490000 1.250000 6.700000 0.650000 0.650000
187499.984375 75.360001 0.084000
1.073000 0.050000 0.116600
0.167839 0.089147 0.000497 0.000000
0.000000

0.000000 0.000000 0.735055
0.045852 0.005101 0.767429 4.224044 179.588852
0.000000 0.002278 0.011909 0.000000 0.000000 0.000000
0.000000 0.000012 0.000016
9.532820 1.000000 0.000000
764.299377 0.000000
0.000000 0.000000 0.000000 0.000000
0.000000 1.022243
11 0.015000 1.800000 0.001000
0.487000 0.580000 0.780000 0.490000 1.250000 6.700000 0.650000 0.650000
187499.984375 75.360001 0.084000
1.073000 0.050000 0.116600
0.167869 0.088923 0.000495 0.000000
0.000000

0.000000 0.000000 0.736345
0.045856 0.005102 0.767511 4.224312 179.592010
0.000000 0.002263 0.011887 0.000000 0.000000 0.000000
0.000000 0.000012 0.000017
9.557049 1.000000 0.000000
764.299377 0.000000
0.000000 0.000000 0.000000 0.000000
0.000000 1.021999
11 0.015000 1.815000 0.001000
0.487000 0.580000 0.780000 0.490000 1.250000 6.700000 0.650000 0.650000
187499.984375 75.360001 0.084000
1.073000 0.050000 0.116600
0.167876 0.089006 0.000496 0.000000
0.000000

0.000000 0.000000 0.740031
0.045867 0.005103 0.767694 4.225119 179.596390
0.000000 0.002248 0.011834 0.000000 0.000000 0.000000
0.000000 0.000012 0.000017
9.580434 1.000000 0.000000
764.299377 0.000000
0.000000 0.000000 0.000000 0.000000
0.000000 1.021903
11 0.015000 1.830000 0.001000
0.487000 0.580000 0.780000 0.490000 1.250000 6.700000 0.650000 0.650000
187499.984375 75.360001 0.084000
1.073000 0.050000 0.116600
0.167893 0.088984 0.000496 0.000000
0.000000

0.000000 0.000000 0.740846
0.045870 0.005103 0.767754 4.225270 179.598923
0.000000 0.002225 0.011776 0.000000 0.000000 0.000000
0.000000 0.000012 0.000017
9.602982 1.000000 0.000000
764.299377 0.000000
0.000000 0.000000 0.000000 0.000000
0.000000 1.021621
11 0.015000 1.845000 0.001000
0.487000 0.580000 0.780000 0.490000 1.250000 6.700000 0.650000 0.650000
187499.984375 75.360001 0.084000
1.073000 0.050000 0.116600
0.167899 0.089070 0.000496 0.000000
0.000000

0.000000 0.000000 0.741782
0.045873 0.005104 0.767821 4.225467 179.601837
0.000000 0.002223 0.011786 0.000000 0.000000 0.000000
0.000000 0.000012 0.000017
9.624696 1.000000 0.000000
764.299377 0.000000
0.000000 0.000000 0.000000 0.000000
0.000000 1.021360
11 0.015000 1.860000 0.001000
0.487000 0.580000 0.780000 0.490000 1.250000 6.700000 0.650000 0.650000
187499.984375 75.360001 0.084000
1.073000 0.050000 0.116600
0.167904 0.088940 0.000495 0.000000
0.000000

0.000000 0.000000 0.743016
0.045877 0.005104 0.767899 4.225708 179.604996
0.000000 0.002213 0.011748 0.000000 0.000000 0.000000
0.000000 0.000012 0.000017
9.645583 1.000000 0.000000
764.299377 0.000000
0.000000 0.000000 0.000000 0.000000
0.000000 1.021126
11 0.015000 1.875000 0.001000
0.487000 0.580000 0.780000 0.490000 1.250000 6.700000 0.650000 0.650000
187499.984375 75.360001 0.084000
1.073000 0.050000 0.116600
0.167911 0.089074 0.000496 0.000000
0.000000

0.000000 0.000000 0.743942
0.045880 0.005104 0.767966 4.225902 179.608170
0.000000 0.002191 0.011699 0.000000 0.000000 0.000000
0.000000 0.000012 0.000017
9.665651 1.000000 0.000000
764.299377 0.000000
0.000000 0.000000 0.000000 0.000000
0.000000 1.020875
11 0.015000 1.890000 0.001000
0.487000 0.580000 0.780000 0.490000 1.250000 6.700000 0.650000 0.650000
187499.984375 75.360001 0.084000
1.073000 0.050000 0.116600
0.167913 0.089268 0.000497 0.000000
0.000000

0.000000 0.000000 0.744990
0.045883 0.005105 0.768035 4.226120 179.611435
0.000000 0.002175 0.011663 0.000000 0.000000 0.000000
0.000000 0.000011 0.000017
9.684903 1.000000 0.000000
764.299377 0.000000
0.000000 0.000000 0.000000 0.000000
0.000000 1.020644
11 0.015000 1.905000 0.001000
0.487000 0.580000 0.780000 0.490000 1.250000 6.700000 0.650000 0.650000
187499.984375 75.360001 0.084000
1.073000 0.050000 0.116600
0.167921 0.088968 0.000496 0.000000
0.000000

0.000000 0.000000 0.745884
0.045886 0.005105 0.768102 4.226309 179.614365
0.000000 0.002161 0.011607 0.000000 0.000000 0.000000
0.000000 0.000011 0.000018
9.703345 1.000000 0.000000
764.299377 0.000000
0.000000 0.000000 0.000000 0.000000
0.000000 1.020396
11 0.015000 1.920000 0.001000
0.487000 0.580000 0.780000 0.490000 1.250000 6.700000 0.650000 0.650000
187499.984375 75.360001 0.084000
1.073000 0.050000 0.116600
0.167924 0.088960 0.000495 0.000000
0.000000

0.000000 0.000000 0.746642
0.045888 0.005105 0.768155 4.226431 179.617432
0.000000 0.002141 0.011572 0.000000 0.000000 0.000000
0.000000 0.000011 0.000018
9.720984 1.000000 0.000000
764.299377 0.000000
0.000000 0.000000 0.000000 0.000000
0.000000 1.020147
11 0.015000 1.935000 0.001000
0.487000 0.580000 0.780000 0.490000 1.250000 6.700000 0.650000 0.650000
187499.984375 75.360001 0.084000
1.073000 0.050000 0.116600
0.167926 0.089044 0.000496 0.000000
0.000000

0.000000 0.000000 0.747395
0.045891 0.005106 0.768212 4.226581 179.620178
0.000000 0.002131 0.011554 0.000000 0.000000 0.000000
0.000000 0.000011 0.000018
9.737822 1.000000 0.000000
764.299377 0.000000
0.000000 0.000000 0.000000 0.000000
0.000000 1.019914
11 0.015000 1.950000 0.001000
0.487000 0.580000 0.780000 0.490000 1.250000 6.700000 0.650000 0.650000
187499.984375 75.360001 0.084000
1.073000 0.050000 0.116600
0.167930 0.089356 0.000498 0.000000
0.000000

0.000000 0.000000 0.748461
0.045894 0.005106 0.768278 4.226769 179.623749
0.000000 0.002130 0.011555 0.000000 0.000000 0.000000
0.000000 0.000011 0.000018
9.753866 1.000000 0.000000
764.299377 0.000000
0.000000 0.000000 0.000000 0.000000
0.000000 1.019687
11 0.015000 1.965000 0.001000
0.487000 0.580000 0.780000 0.490000 1.250000 6.700000 0.650000 0.650000
187499.984375 75.360001 0.084000
1.073000 0.050000 0.116600
0.167938 0.089246 0.000497 0.000000
0.000000

0.000000 0.000000 0.752031
0.045904 0.005107 0.768447 4.227537 179.628845
0.000000 0.002096 0.011479 0.000000 0.000000 0.000000
0.000000 0.000011 0.000018
9.769121 1.000000 0.000000
764.299377 0.000000
0.000000 0.000000 0.000000 0.000000
0.000000 1.019632
11 0.015000 1.980000 0.001000
0.487000 0.580000 0.780000 0.490000 1.250000 6.700000 0.650000 0.650000
187499.984375 75.360001 0.084000
1.073000 0.050000 0.116600
0.167952 0.089276 0.000497 0.000000
0.000000

0.000000 0.000000 0.753576
0.045909 0.005108 0.768533 4.227850 179.632736
0.000000 0.005244 0.012060 0.000000 0.000000 0.000000
0.000000 0.000022 0.000009
9.783591 1.000000 0.000000
764.299377 0.000000
0.000000 0.000000 0.000000 0.000000
0.000000 1.019413
11 0.015000 1.995000 0.001000
0.487000 0.580000 0.780000 0.490000 1.250000 6.700000 0.650000 0.650000
187499.984375 75.360001 0.084000
1.073000 0.050000 0.116600
0.167961 0.089380 0.000498 0.000000
0.000000
1.000000
2.000000
0.321000 0.000000
0.000000
0
-0.750000
0 0
0.000000
1
0.000000
1.000000
1.000000
1.000000
0.000000 0.000000 0.000000
0.000000 0.000000
0.000000 0.000000 0.000000 0.000000 0.000000 0.000000 0.000000
0.000000 0.000000 0.000000 0.000000 0.000000 0.000000 0.000000
605
2.000000
1
C:\Kingsite\dnd\Ohio1.spf
-1.000000 -1.000000
0.000000
50
50
10.000000
100
