11
Clay
0.580000 0.612000 0.084000 0.780000 0.530000 1.000000 0.000000 0.000000
1.020000 6.700000 1 0.028600 0.500000 0.050000 0.010000 0.027000 0.963000
0.000000 0.015000 2.000000 152999.984375 75.360001 133
0.103800 3.528000 4.728100 0.000000 1
8.234000 8.234000 10.000000 5.000000 25.000000 100.000000
0.000000 0.000000 0.000669 0.000000 144.014709 213.076477
500.000000 0.000000 0.000000

0.000783 237.445984 496.470612
4.417824 0.491025 53.823582 500.410645 3897.147949
0.000000 0.010835 0.012354 0.664802 0.000000 0.000000
0.000002 0.000000 0.000013
-4.343932 0.000010 71.073196
764.299377 0.000000
1.158014 0.000000 0.000000 0.000000
0.000000 0.477652
11 0.015000 0.015000 0.028600
0.612000 0.580000 0.780000 0.530000 1.020000 6.700000 0.780000 0.780000
152999.984375 75.360001 0.084000
1.073000 0.050000 0.116600
3.108418 26.262930 0.043182 0.000000
0.000000

0.001270 5.379145 70.848022
3.823126 0.424922 52.396828 464.706726 3914.506592
0.000000 0.014374 0.109415 0.499431 0.000000 0.000000
0.000004 0.000000 0.000015
-3.916546 0.000010 71.073196
764.299377 0.000000
0.995567 0.000000 0.000000 0.000000
0.000000 0.240417
11 0.015000 0.030000 0.028600
0.612000 0.580000 0.780000 0.530000 1.020000 6.700000 0.780000 0.780000
152999.984375 75.360001 0.084000
1.073000 0.050000 0.116600
3.127775 7.810632 0.003759 0.000000
0.000000

0.001640 4.118296 66.241463
3.824275 0.425047 53.558617 463.139648 3914.660400
0.000000 0.014134 0.112645 0.249715 0.000000 0.000000
0.000004 0.000000 0.000016
-3.626676 0.000010 71.073196
764.299377 0.000000
0.987424 0.000000 0.000000 0.000000
0.000000 0.214621
11 0.015000 0.045000 0.028600
0.612000 0.580000 0.780000 0.530000 1.020000 6.700000 0.780000 0.780000
152999.984375 75.360001 0.084000
1.073000 0.050000 0.116600
3.130839 7.653435 0.003609 0.000000
0.000000

0.001945 3.874467 64.047852
3.871104 0.430251 54.432697 462.760590 3914.789062
0.000000 0.012711 0.108522 0.124858 0.000000 0.000000
0.000004 0.000000 0.000016
-3.339682 0.000010 71.073196
764.299377 0.000000
0.939855 0.000000 0.000000 0.000000
0.000000 0.175176
11 0.015000 0.060000 0.028600
0.612000 0.580000 0.780000 0.530000 1.020000 6.700000 0.780000 0.780000
152999.984375 75.360001 0.084000
1.073000 0.050000 0.116600
3.132899 7.412278 0.003410 0.000000
0.000000

0.002203 3.638879 61.926941
4.139565 0.625259 55.073231 462.446960 3914.863281
0.000000 0.001398 0.064243 0.062429 0.000000 0.000000
0.000004 0.000000 0.000017
-3.056072 0.000010 71.073196
764.299377 0.000000
0.480901 0.000000 0.000000 0.000000
0.000000 0.147905
11 0.015000 0.075000 0.028600
0.612000 0.580000 0.780000 0.530000 1.020000 6.700000 0.780000 0.780000
152999.984375 75.360001 0.084000
1.073000 0.050000 0.116600
3.134398 7.339246 0.003403 0.000000
0.000000

0.002432 3.415255 59.908897
4.199706 0.612250 55.594357 462.176392 3914.930908
0.000000 0.001527 0.059195 0.031214 0.000000 0.000000
0.000003 0.000000 0.000017
-2.776324 0.000010 71.073196
764.299377 0.000000
0.437165 0.000000 0.000000 0.000000
0.000000 0.137351
11 0.015000 0.090000 0.028600
0.612000 0.580000 0.780000 0.530000 1.020000 6.700000 0.780000 0.780000
152999.984375 75.360001 0.084000
1.073000 0.050000 0.116600
3.135604 7.428346 0.003557 0.000000
0.000000

0.014035 5.738796 138.483902
4.359664 0.613048 73.992279 454.354340 3912.738770
0.000000 0.000713 0.052428 0.015607 0.000000 0.000000
0.000003 0.000000 0.000021
-2.500889 0.000010 71.073196
764.299377 0.000000
0.403284 0.000000 0.000000 0.000000
0.000000 0.181547
11 0.015000 0.105000 0.028600
0.612000 0.580000 0.780000 0.530000 1.020000 6.700000 0.780000 0.780000
152999.984375 75.360001 0.084000
1.073000 0.050000 0.116600
3.172675 7.469430 0.003675 0.000000
0.000000

0.013300 3.301814 93.140221
1.724967 0.233348 29.570007 175.472412 2931.578613
0.000000 0.000082 0.017607 0.007804 0.000000 0.000000
0.000001 0.000000 0.000004
-2.212581 0.000010 52.804691
764.299377 0.000000
0.139195 0.000000 0.000000 0.000000
0.000000 0.161796
11 0.015000 0.120000 0.018000
0.547000 0.580000 0.780000 0.490000 1.150000 6.700000 0.650000 0.650000
172500.000000 75.360001 0.084000
1.073000 0.050000 0.116600
2.650243 8.263274 0.002631 0.000000
0.000000

0.012891 3.054165 87.053429
1.670482 0.216745 28.263321 167.425201 2932.255615
0.000000 0.000355 0.015436 0.003902 0.000000 0.000000
0.000001 0.000000 0.000005
-1.906201 0.000010 52.804691
764.299377 0.000000
0.114442 0.000000 0.000000 0.000000
0.000000 0.151350
11 0.015000 0.135000 0.018000
0.547000 0.580000 0.780000 0.490000 1.150000 6.700000 0.650000 0.650000
172500.000000 75.360001 0.084000
1.073000 0.050000 0.116600
2.653129 8.256516 0.002627 0.000000
0.000000

0.012413 2.826278 81.386566
1.618778 0.201354 27.037849 159.917007 2932.959229
0.000000 0.000145 0.012083 0.001951 0.000000 0.000000
0.000000 0.000000 0.000005
-1.605117 0.000010 52.804691
764.299377 0.000000
0.092059 0.000000 0.000000 0.000000
0.000000 0.145597
11 0.015000 0.150000 0.018000
0.547000 0.580000 0.780000 0.490000 1.150000 6.700000 0.650000 0.650000
172500.000000 75.360001 0.084000
1.073000 0.050000 0.116600
2.655706 7.792639 0.002332 0.000000
0.000000

0.011858 19.172295 77.465530
1.610509 0.191935 26.467813 156.338272 2933.494873
0.000000 0.000000 0.009126 0.000975 0.000000 0.000000
0.000000 0.000000 0.000004
-1.309669 0.000010 52.804691
764.299377 0.000000
0.073694 0.000000 0.000000 0.000000
0.000000 0.199542
11 0.015000 0.165000 0.018000
0.547000 0.580000 0.780000 0.490000 1.150000 6.700000 0.650000 0.650000
172500.000000 75.360001 0.084000
1.073000 0.050000 0.116600
2.657924 8.417292 0.002733 0.000000
0.000000

0.011283 18.063253 72.664734
1.559581 0.178039 25.348272 149.558105 2934.219971
0.000000 0.000000 0.006865 0.000488 0.000000 0.000000
0.000000 0.000000 0.000004
-1.020154 0.000010 52.804691
764.299377 0.000000
0.054843 0.000000 0.000000 0.000000
0.000000 0.206324
11 0.015000 0.180000 0.018000
0.547000 0.580000 0.780000 0.490000 1.150000 6.700000 0.650000 0.650000
172500.000000 75.360001 0.084000
1.073000 0.050000 0.116600
2.660448 8.634237 0.002881 0.000000
0.000000

0.010990 17.071846 68.124283
1.513726 0.168273 24.326855 143.211090 2934.885498
0.000000 0.000000 0.004826 0.000244 0.000000 0.000000
0.000000 0.000000 0.000003
-0.736831 0.000010 52.804691
764.299377 0.000000
0.038011 0.000000 0.000000 0.000000
0.000000 0.208150
11 0.015000 0.195000 0.018000
0.547000 0.580000 0.780000 0.490000 1.150000 6.700000 0.650000 0.650000
172500.000000 75.360001 0.084000
1.073000 0.050000 0.116600
2.662609 9.321894 0.003395 0.000000
0.000000

0.009549 15.370417 61.651684
1.462591 0.162591 23.265541 137.280533 2933.298340
0.000000 0.000000 0.003009 0.000122 0.000000 0.000000
0.000000 0.000000 0.000004
-0.460524 0.000010 53.332493
764.299377 0.000000
0.022762 0.000000 0.000000 0.000000
0.000000 0.183225
11 0.015000 0.210000 0.018000
0.547000 0.580000 0.780000 0.490000 1.150000 6.700000 0.650000 0.650000
172500.000000 75.360001 0.084000
1.073000 0.050000 0.116600
2.657586 7.357784 0.002100 0.000000
0.000000

0.009011 14.095993 58.771599
1.096983 0.121950 17.301710 102.006660 1532.028809
0.000000 0.000000 0.001017 0.000061 0.000000 0.000000
0.000000 0.000000 0.000001
-0.189691 0.000010 51.382496
764.299377 0.000000
0.006974 0.000000 0.000000 0.000000
0.000000 0.149864
11 0.015000 0.225000 0.009000
0.527000 0.580000 0.780000 0.490000 1.200000 6.700000 0.650000 0.650000
180000.015625 75.360001 0.084000
1.073000 0.050000 0.116600
1.387182 7.095910 0.001720 0.000000
0.000000

0.008451 12.869864 54.106495
1.055021 0.117295 16.505867 97.253616 1532.059326
0.000000 0.000000 0.000053 0.000030 0.000000 0.000000
0.000000 0.000000 0.000002
0.067122 0.650000 0.000000
764.299377 0.000000
0.000000 0.000000 0.000000 0.000000
0.000000 0.144280
11 0.015000 0.240000 0.009000
0.527000 0.580000 0.780000 0.490000 1.200000 6.700000 0.650000 0.650000
180000.015625 75.360001 0.084000
1.073000 0.050000 0.116600
1.387732 6.446119 0.027705 0.000000
0.000000

0.007940 11.943738 50.157146
1.006083 0.111858 15.735438 92.650589 1532.151123
0.000000 0.000000 0.000051 0.000015 0.000000 0.000000
0.000000 0.000000 0.000002
0.326825 0.650000 0.000000
764.299377 0.000000
0.000000 0.000000 0.000000 0.000000
0.000000 0.139084
11 0.015000 0.255000 0.009000
0.527000 0.580000 0.780000 0.490000 1.200000 6.700000 0.650000 0.650000
180000.015625 75.360001 0.084000
1.073000 0.050000 0.116600
1.388274 5.835842 0.024954 0.000000
0.000000

0.007437 11.106797 46.511269
0.960084 0.106747 15.014633 88.361839 1532.181885
0.000000 0.000001 0.000104 0.000008 0.000000 0.000000
0.000000 0.000000 0.000002
0.579430 0.650000 0.000000
764.299377 0.000000
0.000000 0.000000 0.000000 0.000000
0.000000 0.134889
11 0.015000 0.270000 0.009000
0.527000 0.580000 0.780000 0.490000 1.200000 6.700000 0.650000 0.650000
180000.015625 75.360001 0.084000
1.073000 0.050000 0.116600
1.388728 5.437984 0.023176 0.000000
0.000000

0.006966 10.333078 43.172253
0.917702 0.102038 14.342727 84.364082 1532.230835
0.000000 0.000002 0.000114 0.000004 0.000000 0.000000
0.000000 0.000000 0.000002
0.824924 0.650000 0.000000
764.299377 0.000000
0.000000 0.000000 0.000000 0.000000
0.000000 0.131984
11 0.015000 0.285000 0.009000
0.527000 0.580000 0.780000 0.490000 1.200000 6.700000 0.650000 0.650000
180000.015625 75.360001 0.084000
1.073000 0.050000 0.116600
1.389141 4.994985 0.021211 0.000000
0.000000

0.006526 9.639680 40.118534
0.878082 0.097637 13.716795 80.638351 1532.310425
0.000000 0.000001 0.000093 0.000002 0.000000 0.000000
0.000000 0.000000 0.000002
1.063328 0.650000 0.000000
764.299377 0.000000
0.000000 0.000000 0.000000 0.000000
0.000000 0.129601
11 0.015000 0.300000 0.009000
0.527000 0.580000 0.780000 0.490000 1.200000 6.700000 0.650000 0.650000
180000.015625 75.360001 0.084000
1.073000 0.050000 0.116600
1.389572 4.524260 0.019137 0.000000
0.000000

0.006104 8.973418 37.242458
0.841550 0.093579 13.138331 77.200577 1532.361206
0.000000 0.000000 0.000094 0.000001 0.000000 0.000000
0.000000 0.000000 0.000002
1.294699 0.650000 0.000000
764.299377 0.000000
0.000000 0.000000 0.000000 0.000000
0.000000 0.127597
11 0.015000 0.315000 0.009000
0.527000 0.580000 0.780000 0.490000 1.200000 6.700000 0.650000 0.650000
180000.015625 75.360001 0.084000
1.073000 0.050000 0.116600
1.389979 4.089333 0.017236 0.000000
0.000000

0.005705 8.354687 35.138538
0.722773 0.080375 11.263593 66.154404 1171.060913
0.000000 0.000000 0.000080 0.000000 0.000000 0.000000
0.000000 0.000000 0.000001
1.522122 0.650000 0.000000
764.299377 0.000000
0.000000 0.000000 0.000000 0.000000
0.000000 0.115523
11 0.015000 0.330000 0.006600
0.497000 0.580000 0.780000 0.490000 1.250000 6.700000 0.650000 0.650000
187499.984375 75.360001 0.084000
1.073000 0.050000 0.116600
1.062063 3.893155 0.014813 0.000000
0.000000

0.005318 7.771070 32.582912
0.691522 0.076902 10.766115 63.210423 1171.053101
0.000000 0.000000 0.000095 0.000000 0.000000 0.000000
0.000000 0.000000 0.000001
1.745633 0.650000 0.000000
764.299377 0.000000
0.000000 0.000000 0.000000 0.000000
0.000000 0.112532
11 0.015000 0.345000 0.006600
0.497000 0.580000 0.780000 0.490000 1.250000 6.700000 0.650000 0.650000
187499.984375 75.360001 0.084000
1.073000 0.050000 0.116600
1.062344 3.534933 0.013412 0.000000
0.000000

0.004963 7.229530 30.211605
0.662136 0.073637 10.305197 60.479641 1171.100220
0.000000 0.000000 0.000102 0.000000 0.000000 0.000000
0.000000 0.000000 0.000001
1.962309 0.650000 0.000000
764.299377 0.000000
0.000000 0.000000 0.000000 0.000000
0.000000 0.109742
11 0.015000 0.360000 0.006600
0.497000 0.580000 0.780000 0.490000 1.250000 6.700000 0.650000 0.650000
187499.984375 75.360001 0.084000
1.073000 0.050000 0.116600
1.062632 3.237122 0.012254 0.000000
0.000000

0.004625 6.722009 27.965286
0.635004 0.070623 9.877473 57.947578 1171.126953
0.000000 0.000000 0.000125 0.000000 0.000000 0.000000
0.000000 0.000000 0.000001
2.172329 0.650000 0.000000
764.299377 0.000000
0.000000 0.000000 0.000000 0.000000
0.000000 0.107401
11 0.015000 0.375000 0.006600
0.497000 0.580000 0.780000 0.490000 1.250000 6.700000 0.650000 0.650000
187499.984375 75.360001 0.084000
1.073000 0.050000 0.116600
1.062815 2.923189 0.011038 0.000000
0.000000

0.004313 6.252120 25.915470
0.609623 0.067803 9.478794 55.588783 1171.135132
0.000000 0.000000 0.000132 0.000000 0.000000 0.000000
0.000000 0.000000 0.000001
2.375892 0.650000 0.000000
764.299377 0.000000
0.000000 0.000000 0.000000 0.000000
0.000000 0.107674
11 0.015000 0.390000 0.006600
0.497000 0.580000 0.780000 0.490000 1.250000 6.700000 0.650000 0.650000
187499.984375 75.360001 0.084000
1.073000 0.050000 0.116600
1.063015 2.662167 0.010032 0.000000
0.000000

0.004020 5.812639 24.019049
0.589005 0.065512 9.107476 53.393471 1171.158569
0.000000 0.000017 0.000338 0.000000 0.000000 0.000000
0.000000 0.000000 0.000010
2.573216 0.650000 0.000000
764.299377 0.000000
0.000000 0.000000 0.000000 0.000000
0.000000 0.111612
11 0.015000 0.405000 0.006600
0.497000 0.580000 0.780000 0.490000 1.250000 6.700000 0.650000 0.650000
187499.984375 75.360001 0.084000
1.073000 0.050000 0.116600
1.063178 2.453093 0.009229 0.000000
0.000000

0.003744 5.402371 24.001497
0.422693 0.047015 6.547124 38.371777 586.088501
0.000000 0.000000 0.000099 0.000000 0.000000 0.000000
0.000000 0.000000 0.000001
2.765412 0.650000 0.000000
764.299377 0.000000
0.000000 0.000000 0.000000 0.000000
0.000000 0.083545
11 0.015000 0.420000 0.003300
0.487000 0.580000 0.780000 0.490000 1.250000 6.700000 0.650000 0.650000
187499.984375 75.360001 0.084000
1.073000 0.050000 0.116600
0.531664 2.222235 0.008178 0.000000
0.000000

0.003485 5.020097 21.913994
0.403700 0.044904 6.248773 36.613033 586.050049
0.000000 0.000000 0.000099 0.000000 0.000000 0.000000
0.000000 0.000000 0.000000
2.952772 0.650000 0.000000
764.299377 0.000000
0.000000 0.000000 0.000000 0.000000
0.000000 0.079221
11 0.015000 0.435000 0.003300
0.487000 0.580000 0.780000 0.490000 1.250000 6.700000 0.650000 0.650000
187499.984375 75.360001 0.084000
1.073000 0.050000 0.116600
0.531735 2.008753 0.007380 0.000000
0.000000

0.003239 4.663129 20.087267
0.385615 0.042894 5.966319 34.948189 586.043640
0.000000 0.000000 0.000105 0.000000 0.000000 0.000000
0.000000 0.000000 0.000000
3.134661 0.650000 0.000000
764.299377 0.000000
0.000000 0.000000 0.000000 0.000000
0.000000 0.076647
11 0.015000 0.450000 0.003300
0.487000 0.580000 0.780000 0.490000 1.250000 6.700000 0.650000 0.650000
187499.984375 75.360001 0.084000
1.073000 0.050000 0.116600
0.531802 1.839264 0.006749 0.000000
0.000000

0.003015 4.332988 18.443979
0.368881 0.041034 5.701620 33.388538 586.021973
0.000000 0.000000 0.000103 0.000000 0.000000 0.000000
0.000000 0.000000 0.000000
3.311333 0.650000 0.000000
764.299377 0.000000
0.000000 0.000000 0.000000 0.000000
0.000000 0.074388
11 0.015000 0.465000 0.003300
0.487000 0.580000 0.780000 0.490000 1.250000 6.700000 0.650000 0.650000
187499.984375 75.360001 0.084000
1.073000 0.050000 0.116600
0.531862 1.616467 0.005921 0.000000
0.000000

0.002805 4.026191 16.960670
0.352971 0.039265 5.454193 31.931393 586.007874
0.000000 0.000000 0.000105 0.000000 0.000000 0.000000
0.000000 0.000000 0.000000
3.483049 0.650000 0.000000
764.299377 0.000000
0.000000 0.000000 0.000000 0.000000
0.000000 0.072240
11 0.015000 0.480000 0.003300
0.487000 0.580000 0.780000 0.490000 1.250000 6.700000 0.650000 0.650000
187499.984375 75.360001 0.084000
1.073000 0.050000 0.116600
0.531933 1.466592 0.005366 0.000000
0.000000

0.002610 3.740619 15.606308
0.338380 0.037644 5.223403 30.572735 585.998657
0.000000 0.000000 0.000103 0.000000 0.000000 0.000000
0.000000 0.000000 0.000000
3.650066 0.650000 0.000000
764.299377 0.000000
0.000000 0.000000 0.000000 0.000000
0.000000 0.073407
11 0.015000 0.495000 0.003300
0.487000 0.580000 0.780000 0.490000 1.250000 6.700000 0.650000 0.650000
187499.984375 75.360001 0.084000
1.073000 0.050000 0.116600
0.532002 1.346454 0.004922 0.000000
0.000000

0.002428 3.474903 14.375999
0.327123 0.036392 5.007272 29.300797 585.997314
0.000000 0.000023 0.000556 0.000000 0.000000 0.000000
0.000000 0.000000 0.000009
3.812640 0.650000 0.000000
764.299377 0.000000
0.000000 0.000000 0.000000 0.000000
0.000000 0.077067
11 0.015000 0.510000 0.003300
0.487000 0.580000 0.780000 0.490000 1.250000 6.700000 0.650000 0.650000
187499.984375 75.360001 0.084000
1.073000 0.050000 0.116600
0.532054 1.233316 0.004504 0.000000
0.000000

0.002258 3.228306 19.270048
0.195670 0.021769 2.999106 17.546135 177.931366
0.000000 0.000000 0.000056 0.000000 0.000000 0.000000
0.000000 0.000000 0.000000
3.971023 0.650000 0.000000
764.299377 0.000000
0.000000 0.000000 0.000000 0.000000
0.000000 0.050207
11 0.015000 0.525000 0.001000
0.487000 0.580000 0.780000 0.490000 1.250000 6.700000 0.650000 0.650000
187499.984375 75.360001 0.084000
1.073000 0.050000 0.116600
0.161243 1.073582 0.003916 0.000000
0.000000

0.002098 2.998251 17.488615
0.186098 0.020704 2.850438 16.672935 177.912506
0.000000 0.000000 0.000057 0.000000 0.000000 0.000000
0.000000 0.000000 0.000000
4.125462 0.650000 0.000000
764.299377 0.000000
0.000000 0.000000 0.000000 0.000000
0.000000 0.046661
11 0.015000 0.540000 0.001000
0.487000 0.580000 0.780000 0.490000 1.250000 6.700000 0.650000 0.650000
187499.984375 75.360001 0.084000
1.073000 0.050000 0.116600
0.161258 0.954469 0.003478 0.000000
0.000000

0.001950 2.786522 16.021084
0.176503 0.019637 2.702674 15.805661 177.884399
0.000000 0.000000 0.000053 0.000000 0.000000 0.000000
0.000000 0.000000 0.000000
4.276195 0.650000 0.000000
764.299377 0.000000
0.000000 0.000000 0.000000 0.000000
0.000000 0.044500
11 0.015000 0.555000 0.001000
0.487000 0.580000 0.780000 0.490000 1.250000 6.700000 0.650000 0.650000
187499.984375 75.360001 0.084000
1.073000 0.050000 0.116600
0.161277 0.863897 0.003146 0.000000
0.000000

0.001813 2.587540 14.393494
0.168554 0.018754 2.579574 15.082880 177.865982
0.000000 0.000000 0.000057 0.000000 0.000000 0.000000
0.000000 0.000000 0.000000
4.423446 0.650000 0.000000
764.299377 0.000000
0.000000 0.000000 0.000000 0.000000
0.000000 0.042886
11 0.015000 0.570000 0.001000
0.487000 0.580000 0.780000 0.490000 1.250000 6.700000 0.650000 0.650000
187499.984375 75.360001 0.084000
1.073000 0.050000 0.116600
0.161288 0.748555 0.002724 0.000000
0.000000

0.001685 2.402768 13.208710
0.160020 0.017804 2.448194 14.312043 177.854721
0.000000 0.000000 0.000054 0.000000 0.000000 0.000000
0.000000 0.000000 0.000000
4.567435 0.650000 0.000000
764.299377 0.000000
0.000000 0.000000 0.000000 0.000000
0.000000 0.041257
11 0.015000 0.585000 0.001000
0.487000 0.580000 0.780000 0.490000 1.250000 6.700000 0.650000 0.650000
187499.984375 75.360001 0.084000
1.073000 0.050000 0.116600
0.161301 0.660373 0.002401 0.000000
0.000000

0.001566 2.231047 12.317282
0.151498 0.016857 2.316329 13.538744 177.834732
0.000000 0.000000 0.000054 0.000000 0.000000 0.000000
0.000000 0.000000 0.000000
4.708367 0.650000 0.000000
764.299377 0.000000
0.000000 0.000000 0.000000 0.000000
0.000000 0.039774
11 0.015000 0.600000 0.001000
0.487000 0.580000 0.780000 0.490000 1.250000 6.700000 0.650000 0.650000
187499.984375 75.360001 0.084000
1.073000 0.050000 0.116600
0.161313 0.586134 0.002130 0.000000
0.000000

0.001455 2.071534 11.065923
0.144982 0.016132 2.215815 12.948969 177.811966
0.000000 0.000000 0.000056 0.000000 0.000000 0.000000
0.000000 0.000000 0.000000
4.846437 0.650000 0.000000
764.299377 0.000000
0.000000 0.000000 0.000000 0.000000
0.000000 0.038454
11 0.015000 0.615000 0.001000
0.487000 0.580000 0.780000 0.490000 1.250000 6.700000 0.650000 0.650000
187499.984375 75.360001 0.084000
1.073000 0.050000 0.116600
0.161326 0.525870 0.001910 0.000000
0.000000

0.001352 1.923317 9.719451
0.143538 0.015972 2.131683 12.455223 177.804123
0.000000 0.000005 0.000079 0.000000 0.000000 0.000000
0.000000 0.000000 0.000006
4.981824 0.650000 0.000000
764.299377 0.000000
0.000000 0.000000 0.000000 0.000000
0.000000 0.050833
11 0.015000 0.630000 0.001000
0.487000 0.580000 0.780000 0.490000 1.250000 6.700000 0.650000 0.650000
187499.984375 75.360001 0.084000
1.073000 0.050000 0.116600
0.161336 0.474330 0.001722 0.000000
0.000000

0.001256 1.785690 8.132613
0.138601 0.015423 2.071719 12.102899 177.800354
0.000000 0.002268 0.001011 0.000000 0.000000 0.000000
0.000000 0.000004 0.000002
5.114702 0.650000 0.000000
764.299377 0.000000
0.000000 0.000000 0.000000 0.000000
0.000000 0.052991
11 0.015000 0.645000 0.001000
0.487000 0.580000 0.780000 0.490000 1.250000 6.700000 0.650000 0.650000
187499.984375 75.360001 0.084000
1.073000 0.050000 0.116600
0.161345 0.537005 0.001951 0.000000
0.000000

0.001167 1.659244 6.916871
0.133308 0.014834 2.002418 11.696198 177.793457
0.000000 0.037415 0.002130 0.000000 0.000000 0.000000
0.000000 0.000002 0.000000
5.245226 0.650000 0.000000
764.299377 0.000000
0.000000 0.000000 0.000000 0.000000
0.000000 0.185664
11 0.015000 0.660000 0.001000
0.487000 0.580000 0.780000 0.490000 1.250000 6.700000 0.650000 0.650000
187499.984375 75.360001 0.084000
1.073000 0.050000 0.116600
0.161373 0.617819 0.002246 0.000000
0.000000

0.001093 1.547961 6.211843
0.127348 0.014171 1.917450 11.194235 177.789154
0.000000 0.025145 0.004962 0.000000 0.000000 0.000000
0.000000 0.000003 0.000000
5.373543 0.650000 0.000000
764.299377 0.000000
0.000000 0.000000 0.000000 0.000000
0.000000 0.198417
11 0.015000 0.675000 0.001000
0.487000 0.580000 0.780000 0.490000 1.250000 6.700000 0.650000 0.650000
187499.984375 75.360001 0.084000
1.073000 0.050000 0.116600
0.161415 0.720268 0.002620 0.000000
0.000000

0.001027 1.442950 5.751390
0.121275 0.013496 1.828357 10.666742 177.782120
0.000000 0.030809 0.006827 0.000000 0.000000 0.000000
0.000000 0.000003 0.000000
5.499785 0.650000 0.000000
764.299377 0.000000
0.000000 0.000000 0.000000 0.000000
0.000000 0.203989
11 0.015000 0.690000 0.001000
0.487000 0.580000 0.780000 0.490000 1.250000 6.700000 0.650000 0.650000
187499.984375 75.360001 0.084000
1.073000 0.050000 0.116600
0.161459 0.632537 0.002299 0.000000
0.000000

0.000962 1.344574 5.347502
0.115595 0.012864 1.744687 10.173083 177.781464
0.000000 0.151172 0.008018 0.000000 0.000000 0.000000
0.000000 0.000001 0.000000
5.624078 0.650000 0.000000
764.299377 0.000000
0.000000 0.000000 0.000000 0.000000
0.000000 1.369560
11 0.015000 0.705000 0.001000
0.487000 0.580000 0.780000 0.490000 1.250000 6.700000 0.650000 0.650000
187499.984375 75.360001 0.084000
1.073000 0.050000 0.116600
0.161504 0.687013 0.002499 0.000000
0.000000

0.000912 1.258893 5.006371
0.110314 0.012276 1.667106 9.710396 177.781158
0.000000 0.166163 0.008790 0.000000 0.000000 0.000000
0.000000 0.000001 0.000000
5.746532 0.650000 0.000000
764.299377 0.000000
0.000000 0.000000 0.000000 0.000000
0.000000 1.564731
11 0.015000 0.720000 0.001000
0.487000 0.580000 0.780000 0.490000 1.250000 6.700000 0.650000 0.650000
187499.984375 75.360001 0.084000
1.073000 0.050000 0.116600
0.161597 0.759766 0.002765 0.000000
0.000000

0.000968 1.220453 4.782357
0.105573 0.011749 1.600268 9.275210 177.825256
0.000000 0.373849 0.017552 0.000000 0.000000 0.000000
0.000000 0.000000 0.000000
5.866277 0.673575 0.000000
764.299377 0.000000
0.000000 0.000000 0.000000 0.000000
0.000000 3.560147
11 0.015000 0.735000 0.001000
0.487000 0.580000 0.780000 0.490000 1.250000 6.700000 0.650000 0.650000
187499.984375 75.360001 0.084000
1.073000 0.050000 0.116600
0.161936 0.675240 0.002545 0.000000
0.000000

0.000000 0.353384 5.883359
0.068141 0.007576 1.094997 6.174325 178.379410
0.000000 0.184747 0.018248 0.000000 0.000000 0.000000
0.000000 0.000006 0.000000
5.972588 1.000000 0.000000
764.299377 0.000000
0.000000 0.000000 0.000000 0.000000
0.000000 0.191623
11 0.015000 0.750000 0.001000
0.487000 0.580000 0.780000 0.490000 1.250000 6.700000 0.650000 0.650000
187499.984375 75.360001 0.084000
1.073000 0.050000 0.116600
0.164580 0.123231 0.000687 0.000000
0.000000

0.000000 0.345244 5.713810
0.066071 0.007346 1.064728 5.981097 178.507767
0.000000 0.064902 0.014290 0.000000 0.000000 0.000000
0.000000 0.000012 0.000001
6.068124 1.000000 0.000000
764.299377 0.000000
0.000000 0.000000 0.000000 0.000000
0.000000 0.198694
11 0.015000 0.765000 0.001000
0.487000 0.580000 0.780000 0.490000 1.250000 6.700000 0.650000 0.650000
187499.984375 75.360001 0.084000
1.073000 0.050000 0.116600
0.164926 0.123109 0.000686 0.000000
0.000000

0.000000 0.321769 5.347361
0.064436 0.007164 1.040021 5.838363 178.523010
0.000000 0.025449 0.013245 0.000000 0.000000 0.000000
0.000000 0.000018 0.000002
6.161941 1.000000 0.000000
764.299377 0.000000
0.000000 0.000000 0.000000 0.000000
0.000000 0.245389
11 0.015000 0.780000 0.001000
0.487000 0.580000 0.780000 0.490000 1.250000 6.700000 0.650000 0.650000
187499.984375 75.360001 0.084000
1.073000 0.050000 0.116600
0.164969 0.110736 0.000617 0.000000
0.000000

0.000000 0.301162 5.061264
0.063083 0.007014 1.019379 5.719971 178.634308
0.000000 0.017078 0.013017 0.000000 0.000000 0.000000
0.000000 0.000022 0.000003
6.254095 1.000000 0.000000
764.299377 0.000000
0.000000 0.000000 0.000000 0.000000
0.000000 0.244709
11 0.015000 0.795000 0.001000
0.487000 0.580000 0.780000 0.490000 1.250000 6.700000 0.650000 0.650000
187499.984375 75.360001 0.084000
1.073000 0.050000 0.116600
0.165284 0.103616 0.000577 0.000000
0.000000

0.000000 0.280258 4.731565
0.061693 0.006859 0.998408 5.599586 178.640656
0.000000 0.039753 0.013639 0.000000 0.000000 0.000000
0.000000 0.000015 0.000001
6.344639 1.000000 0.000000
764.299377 0.000000
0.000000 0.000000 0.000000 0.000000
0.000000 0.379602
11 0.015000 0.810000 0.001000
0.487000 0.580000 0.780000 0.490000 1.250000 6.700000 0.650000 0.650000
187499.984375 75.360001 0.084000
1.073000 0.050000 0.116600
0.165304 0.103751 0.000578 0.000000
0.000000

0.000000 0.261823 4.434662
0.060391 0.006715 0.978551 5.486535 178.649780
0.000000 0.267383 0.013964 0.000000 0.000000 0.000000
0.000000 0.000003 0.000000
6.433615 1.000000 0.000000
764.299377 0.000000
0.000000 0.000000 0.000000 0.000000
0.000000 0.816842
11 0.015000 0.825000 0.001000
0.487000 0.580000 0.780000 0.490000 1.250000 6.700000 0.650000 0.650000
187499.984375 75.360001 0.084000
1.073000 0.050000 0.116600
0.165333 0.102319 0.000570 0.000000
0.000000

0.000000 0.244821 4.160198
0.059186 0.006581 0.960198 5.381982 178.658569
0.000000 2.344367 0.015192 0.000000 0.000000 0.000000
0.000000 0.000000 0.000000
6.521061 1.000000 0.000000
764.299377 0.000000
0.000000 0.000000 0.000000 0.000000
0.000000 2.844526
11 0.015000 0.840000 0.001000
0.487000 0.580000 0.780000 0.490000 1.250000 6.700000 0.650000 0.650000
187499.984375 75.360001 0.084000
1.073000 0.050000 0.116600
0.165368 0.101744 0.000567 0.000000
0.000000

0.000000 0.227692 3.895668
0.058086 0.006458 0.943574 5.287202 178.665955
0.000000 9.945970 0.022992 0.000000 0.000000 0.000000
0.000000 0.000000 0.000000
6.607008 1.000000 0.000000
764.299377 0.000000
0.000000 0.000000 0.000000 0.000000
0.000000 7.155518
11 0.015000 0.855000 0.001000
0.487000 0.580000 0.780000 0.490000 1.250000 6.700000 0.650000 0.650000
187499.984375 75.360001 0.084000
1.073000 0.050000 0.116600
0.165390 0.111319 0.000620 0.000000
0.000000

0.000000 0.000000 0.473220
0.044538 0.004952 0.748351 4.131979 178.969818
0.000000 11.060551 0.016598 0.000000 0.000000 0.000000
0.000000 0.000000 0.000000
6.691479 1.000000 0.000000
764.299377 0.000000
0.000000 0.000000 0.000000 0.000000
0.000000 1.094860
11 0.015000 0.870000 0.001000
0.487000 0.580000 0.780000 0.490000 1.250000 6.700000 0.650000 0.650000
187499.984375 75.360001 0.084000
1.073000 0.050000 0.116600
0.166236 0.088672 0.000494 0.000000
0.000000

0.000000 0.000000 0.475354
0.044551 0.004954 0.748619 4.132978 178.975235
0.000000 7.121082 0.016205 0.000000 0.000000 0.000000
0.000000 0.000000 0.000000
6.774498 1.000000 0.000000
764.299377 0.000000
0.000000 0.000000 0.000000 0.000000
0.000000 1.097622
11 0.015000 0.885000 0.001000
0.487000 0.580000 0.780000 0.490000 1.250000 6.700000 0.650000 0.650000
187499.984375 75.360001 0.084000
1.073000 0.050000 0.116600
0.166251 0.088824 0.000495 0.000000
0.000000

0.000000 0.000000 0.476695
0.044560 0.004955 0.748816 4.133602 178.981308
0.000000 3.666986 0.015837 0.000000 0.000000 0.000000
0.000000 0.000000 0.000000
6.856081 1.000000 0.000000
764.299377 0.000000
0.000000 0.000000 0.000000 0.000000
0.000000 1.100148
11 0.015000 0.900000 0.001000
0.487000 0.580000 0.780000 0.490000 1.250000 6.700000 0.650000 0.650000
187499.984375 75.360001 0.084000
1.073000 0.050000 0.116600
0.166262 0.088687 0.000494 0.000000
0.000000

0.000000 0.000000 0.477843
0.044568 0.004955 0.748994 4.134127 178.988724
0.000000 2.066447 0.015543 0.000000 0.000000 0.000000
0.000000 0.000001 0.000000
6.936243 1.000000 0.000000
764.299377 0.000000
0.000000 0.000000 0.000000 0.000000
0.000000 1.101974
11 0.015000 0.915000 0.001000
0.487000 0.580000 0.780000 0.490000 1.250000 6.700000 0.650000 0.650000
187499.984375 75.360001 0.084000
1.073000 0.050000 0.116600
0.166271 0.088736 0.000494 0.000000
0.000000

0.000000 0.000000 0.478947
0.044575 0.004956 0.749164 4.134618 178.993942
0.000000 1.477638 0.015285 0.000000 0.000000 0.000000
0.000000 0.000001 0.000000
7.014996 1.000000 0.000000
764.299377 0.000000
0.000000 0.000000 0.000000 0.000000
0.000000 1.103290
11 0.015000 0.930000 0.001000
0.487000 0.580000 0.780000 0.490000 1.250000 6.700000 0.650000 0.650000
187499.984375 75.360001 0.084000
1.073000 0.050000 0.116600
0.166279 0.088613 0.000494 0.000000
0.000000

0.000000 0.000000 0.480060
0.044582 0.004957 0.749331 4.135108 178.999039
0.000000 1.157612 0.015010 0.000000 0.000000 0.000000
0.000000 0.000001 0.000000
7.092351 1.000000 0.000000
764.299377 0.000000
0.000000 0.000000 0.000000 0.000000
0.000000 1.104247
11 0.015000 0.945000 0.001000
0.487000 0.580000 0.780000 0.490000 1.250000 6.700000 0.650000 0.650000
187499.984375 75.360001 0.084000
1.073000 0.050000 0.116600
0.166289 0.088805 0.000495 0.000000
0.000000

0.000000 0.000000 0.481210
0.044590 0.004958 0.749507 4.135630 179.004074
0.000000 0.858600 0.014797 0.000000 0.000000 0.000000
0.000000 0.000001 0.000000
7.168315 1.000000 0.000000
764.299377 0.000000
0.000000 0.000000 0.000000 0.000000
0.000000 1.104831
11 0.015000 0.960000 0.001000
0.487000 0.580000 0.780000 0.490000 1.250000 6.700000 0.650000 0.650000
187499.984375 75.360001 0.084000
1.073000 0.050000 0.116600
0.166299 0.088762 0.000494 0.000000
0.000000

0.000000 0.000000 0.483252
0.044603 0.004959 0.749762 4.136606 179.009369
0.000000 0.575891 0.014554 0.000000 0.000000 0.000000
0.000000 0.000002 0.000000
7.242898 1.000000 0.000000
764.299377 0.000000
0.000000 0.000000 0.000000 0.000000
0.000000 1.105092
11 0.015000 0.975000 0.001000
0.487000 0.580000 0.780000 0.490000 1.250000 6.700000 0.650000 0.650000
187499.984375 75.360001 0.084000
1.073000 0.050000 0.116600
0.166313 0.088727 0.000494 0.000000
0.000000

0.000000 0.000000 0.484785
0.044613 0.004961 0.749965 4.137307 179.015381
0.000000 0.348627 0.014423 0.000000 0.000000 0.000000
0.000000 0.000003 0.000000
7.316105 1.000000 0.000000
764.299377 0.000000
0.000000 0.000000 0.000000 0.000000
0.000000 1.105000
11 0.015000 0.990000 0.001000
0.487000 0.580000 0.780000 0.490000 1.250000 6.700000 0.650000 0.650000
187499.984375 75.360001 0.084000
1.073000 0.050000 0.116600
0.166324 0.088700 0.000494 0.000000
0.000000

0.000000 0.000000 0.485825
0.044619 0.004961 0.750123 4.137767 179.022247
0.000000 0.192596 0.014269 0.000000 0.000000 0.000000
0.000000 0.000006 0.000000
7.387944 1.000000 0.000000
764.299377 0.000000
0.000000 0.000000 0.000000 0.000000
0.000000 1.104643
11 0.015000 1.005000 0.001000
0.487000 0.580000 0.780000 0.490000 1.250000 6.700000 0.650000 0.650000
187499.984375 75.360001 0.084000
1.073000 0.050000 0.116600
0.166332 0.088873 0.000495 0.000000
0.000000

0.000000 0.000000 0.487533
0.044630 0.004963 0.750339 4.138550 179.026901
0.000000 0.098810 0.014096 0.000000 0.000000 0.000000
0.000000 0.000010 0.000000
7.458419 1.000000 0.000000
764.299377 0.000000
0.000000 0.000000 0.000000 0.000000
0.000000 1.104220
11 0.015000 1.020000 0.001000
0.487000 0.580000 0.780000 0.490000 1.250000 6.700000 0.650000 0.650000
187499.984375 75.360001 0.084000
1.073000 0.050000 0.116600
0.166345 0.088730 0.000494 0.000000
0.000000

0.000000 0.000000 0.488560
0.044637 0.004963 0.750496 4.139017 179.031235
0.000000 0.048578 0.013935 0.000000 0.000000 0.000000
0.000000 0.000016 0.000001
7.527539 1.000000 0.000000
764.299377 0.000000
0.000000 0.000000 0.000000 0.000000
0.000000 1.103693
11 0.015000 1.035000 0.001000
0.487000 0.580000 0.780000 0.490000 1.250000 6.700000 0.650000 0.650000
187499.984375 75.360001 0.084000
1.073000 0.050000 0.116600
0.166352 0.088972 0.000496 0.000000
0.000000

0.000000 0.000000 0.489695
0.044644 0.004964 0.750661 4.139534 179.035980
0.000000 0.024345 0.013807 0.000000 0.000000 0.000000
0.000000 0.000022 0.000002
7.595309 1.000000 0.000000
764.299377 0.000000
0.000000 0.000000 0.000000 0.000000
0.000000 1.103158
11 0.015000 1.050000 0.001000
0.487000 0.580000 0.780000 0.490000 1.250000 6.700000 0.650000 0.650000
187499.984375 75.360001 0.084000
1.073000 0.050000 0.116600
0.166362 0.088792 0.000495 0.000000
0.000000

0.000000 0.000000 0.490691
0.044650 0.004965 0.750805 4.139932 179.040741
0.000000 0.013761 0.013700 0.000000 0.000000 0.000000
0.000000 0.000026 0.000004
7.661736 1.000000 0.000000
764.299377 0.000000
0.000000 0.000000 0.000000 0.000000
0.000000 1.102604
11 0.015000 1.065000 0.001000
0.487000 0.580000 0.780000 0.490000 1.250000 6.700000 0.650000 0.650000
187499.984375 75.360001 0.084000
1.073000 0.050000 0.116600
0.166368 0.088992 0.000496 0.000000
0.000000

0.000000 0.000000 0.491755
0.044657 0.004966 0.750959 4.140406 179.045380
0.000000 0.009549 0.013614 0.000000 0.000000 0.000000
0.000000 0.000024 0.000006
7.726829 1.000000 0.000000
764.299377 0.000000
0.000000 0.000000 0.000000 0.000000
0.000000 1.102068
11 0.015000 1.080000 0.001000
0.487000 0.580000 0.780000 0.490000 1.250000 6.700000 0.650000 0.650000
187499.984375 75.360001 0.084000
1.073000 0.050000 0.116600
0.166376 0.088754 0.000494 0.000000
0.000000

0.000000 0.000000 0.493875
0.044670 0.004967 0.751205 4.141386 179.050339
0.000000 0.008005 0.013560 0.000000 0.000000 0.000000
0.000000 0.000023 0.000006
7.790595 1.000000 0.000000
764.299377 0.000000
0.000000 0.000000 0.000000 0.000000
0.000000 1.101613
11 0.015000 1.095000 0.001000
0.487000 0.580000 0.780000 0.490000 1.250000 6.700000 0.650000 0.650000
187499.984375 75.360001 0.084000
1.073000 0.050000 0.116600
0.166392 0.089114 0.000496 0.000000
0.000000

0.000000 0.000000 0.496364
0.044684 0.004969 0.751482 4.142534 179.057419
0.000000 0.007455 0.013500 0.000000 0.000000 0.000000
0.000000 0.000023 0.000007
7.853043 1.000000 0.000000
764.299377 0.000000
0.000000 0.000000 0.000000 0.000000
0.000000 1.101196
11 0.015000 1.110000 0.001000
0.487000 0.580000 0.780000 0.490000 1.250000 6.700000 0.650000 0.650000
187499.984375 75.360001 0.084000
1.073000 0.050000 0.116600
0.166411 0.088653 0.000494 0.000000
0.000000

0.000000 0.000000 0.497351
0.044690 0.004969 0.751622 4.142945 179.061386
0.000000 0.007218 0.013453 0.000000 0.000000 0.000000
0.000000 0.000023 0.000007
7.914184 1.000000 0.000000
764.299377 0.000000
0.000000 0.000000 0.000000 0.000000
0.000000 1.100681
11 0.015000 1.125000 0.001000
0.487000 0.580000 0.780000 0.490000 1.250000 6.700000 0.650000 0.650000
187499.984375 75.360001 0.084000
1.073000 0.050000 0.116600
0.166418 0.088952 0.000495 0.000000
0.000000

0.000000 0.000000 0.498320
0.044696 0.004970 0.751762 4.143353 179.065933
0.000000 0.007037 0.013365 0.000000 0.000000 0.000000
0.000000 0.000022 0.000007
7.974026 1.000000 0.000000
764.299377 0.000000
0.000000 0.000000 0.000000 0.000000
0.000000 1.100178
11 0.015000 1.140000 0.001000
0.487000 0.580000 0.780000 0.490000 1.250000 6.700000 0.650000 0.650000
187499.984375 75.360001 0.084000
1.073000 0.050000 0.116600
0.166426 0.088886 0.000495 0.000000
0.000000

0.000000 0.000000 0.499281
0.044702 0.004971 0.751906 4.143787 179.069855
0.000000 0.006841 0.013296 0.000000 0.000000 0.000000
0.000000 0.000022 0.000008
8.032581 1.000000 0.000000
764.299377 0.000000
0.000000 0.000000 0.000000 0.000000
0.000000 1.099687
11 0.015000 1.155000 0.001000
0.487000 0.580000 0.780000 0.490000 1.250000 6.700000 0.650000 0.650000
187499.984375 75.360001 0.084000
1.073000 0.050000 0.116600
0.166435 0.088980 0.000496 0.000000
0.000000

0.000000 0.000000 0.500427
0.044709 0.004971 0.752058 4.144272 179.074203
0.000000 0.006627 0.013260 0.000000 0.000000 0.000000
0.000000 0.000022 0.000008
8.089860 1.000000 0.000000
764.299377 0.000000
0.000000 0.000000 0.000000 0.000000
0.000000 1.099204
11 0.015000 1.170000 0.001000
0.487000 0.580000 0.780000 0.490000 1.250000 6.700000 0.650000 0.650000
187499.984375 75.360001 0.084000
1.073000 0.050000 0.116600
0.166441 0.088955 0.000495 0.000000
0.000000

0.000000 0.000000 0.501796
0.044717 0.004972 0.752229 4.144863 179.079086
0.000000 0.006408 0.013225 0.000000 0.000000 0.000000
0.000000 0.000022 0.000008
8.145876 1.000000 0.000000
764.299377 0.000000
0.000000 0.000000 0.000000 0.000000
0.000000 1.098760
11 0.015000 1.185000 0.001000
0.487000 0.580000 0.780000 0.490000 1.250000 6.700000 0.650000 0.650000
187499.984375 75.360001 0.084000
1.073000 0.050000 0.116600
0.166450 0.088698 0.000494 0.000000
0.000000

0.000000 0.000000 0.502725
0.044723 0.004973 0.752358 4.145230 179.083511
0.000000 0.006190 0.013156 0.000000 0.000000 0.000000
0.000000 0.000022 0.000008
8.200643 1.000000 0.000000
764.299377 0.000000
0.000000 0.000000 0.000000 0.000000
0.000000 1.098292
11 0.015000 1.200000 0.001000
0.487000 0.580000 0.780000 0.490000 1.250000 6.700000 0.650000 0.650000
187499.984375 75.360001 0.084000
1.073000 0.050000 0.116600
0.166459 0.088880 0.000495 0.000000
0.000000

0.000000 0.000000 0.503646
0.044728 0.004974 0.752489 4.145620 179.086761
0.000000 0.005992 0.013106 0.000000 0.000000 0.000000
0.000000 0.000021 0.000009
8.254170 1.000000 0.000000
764.299377 0.000000
0.000000 0.000000 0.000000 0.000000
0.000000 1.097829
11 0.015000 1.215000 0.001000
0.487000 0.580000 0.780000 0.490000 1.250000 6.700000 0.650000 0.650000
187499.984375 75.360001 0.084000
1.073000 0.050000 0.116600
0.166467 0.088829 0.000495 0.000000
0.000000

0.000000 0.000000 0.504554
0.044734 0.004974 0.752623 4.146029 179.092346
0.000000 0.005820 0.013082 0.000000 0.000000 0.000000
0.000000 0.000021 0.000009
8.306478 1.000000 0.000000
764.299377 0.000000
0.000000 0.000000 0.000000 0.000000
0.000000 1.097378
11 0.015000 1.230000 0.001000
0.487000 0.580000 0.780000 0.490000 1.250000 6.700000 0.650000 0.650000
187499.984375 75.360001 0.084000
1.073000 0.050000 0.116600
0.166472 0.088900 0.000495 0.000000
0.000000

0.000000 0.000000 0.505452
0.044740 0.004975 0.752753 4.146412 179.096313
0.000000 0.005675 0.013024 0.000000 0.000000 0.000000
0.000000 0.000021 0.000009
8.357574 1.000000 0.000000
764.299377 0.000000
0.000000 0.000000 0.000000 0.000000
0.000000 1.096941
11 0.015000 1.245000 0.001000
0.487000 0.580000 0.780000 0.490000 1.250000 6.700000 0.650000 0.650000
187499.984375 75.360001 0.084000
1.073000 0.050000 0.116600
0.166477 0.088976 0.000496 0.000000
0.000000

0.000000 0.000000 0.506343
0.044745 0.004976 0.752878 4.146775 179.100708
0.000000 0.005557 0.012956 0.000000 0.000000 0.000000
0.000000 0.000021 0.000009
8.407477 1.000000 0.000000
764.299377 0.000000
0.000000 0.000000 0.000000 0.000000
0.000000 1.096503
11 0.015000 1.260000 0.001000
0.487000 0.580000 0.780000 0.490000 1.250000 6.700000 0.650000 0.650000
187499.984375 75.360001 0.084000
1.073000 0.050000 0.116600
0.166486 0.089285 0.000497 0.000000
0.000000

0.000000 0.000000 0.507269
0.044750 0.004976 0.753003 4.147149 179.105057
0.000000 0.005460 0.012916 0.000000 0.000000 0.000000
0.000000 0.000021 0.000010
8.456202 1.000000 0.000000
764.299377 0.000000
0.000000 0.000000 0.000000 0.000000
0.000000 1.096085
11 0.015000 1.275000 0.001000
0.487000 0.580000 0.780000 0.490000 1.250000 6.700000 0.650000 0.650000
187499.984375 75.360001 0.084000
1.073000 0.050000 0.116600
0.166492 0.089234 0.000497 0.000000
0.000000

0.000000 0.000000 0.508506
0.044757 0.004977 0.753158 4.147677 179.109344
0.000000 0.005385 0.012881 0.000000 0.000000 0.000000
0.000000 0.000021 0.000010
8.503761 1.000000 0.000000
764.299377 0.000000
0.000000 0.000000 0.000000 0.000000
0.000000 1.095689
11 0.015000 1.290000 0.001000
0.487000 0.580000 0.780000 0.490000 1.250000 6.700000 0.650000 0.650000
187499.984375 75.360001 0.084000
1.073000 0.050000 0.116600
0.166502 0.089240 0.000497 0.000000
0.000000

0.000000 0.000000 0.509794
0.044765 0.004978 0.753317 4.148230 179.114105
0.000000 0.005325 0.012851 0.000000 0.000000 0.000000
0.000000 0.000021 0.000010
8.550175 1.000000 0.000000
764.299377 0.000000
0.000000 0.000000 0.000000 0.000000
0.000000 1.095311
11 0.015000 1.305000 0.001000
0.487000 0.580000 0.780000 0.490000 1.250000 6.700000 0.650000 0.650000
187499.984375 75.360001 0.084000
1.073000 0.050000 0.116600
0.166510 0.089125 0.000496 0.000000
0.000000

0.000000 0.000000 0.510769
0.044770 0.004978 0.753445 4.148639 179.117447
0.000000 0.005284 0.012828 0.000000 0.000000 0.000000
0.000000 0.000021 0.000010
8.595455 1.000000 0.000000
764.299377 0.000000
0.000000 0.000000 0.000000 0.000000
0.000000 1.094911
11 0.015000 1.320000 0.001000
0.487000 0.580000 0.780000 0.490000 1.250000 6.700000 0.650000 0.650000
187499.984375 75.360001 0.084000
1.073000 0.050000 0.116600
0.166517 0.089234 0.000497 0.000000
0.000000

0.000000 0.000000 0.511642
0.044776 0.004979 0.753565 4.148997 179.121643
0.000000 0.005247 0.012793 0.000000 0.000000 0.000000
0.000000 0.000021 0.000010
8.639622 1.000000 0.000000
764.299377 0.000000
0.000000 0.000000 0.000000 0.000000
0.000000 1.094519
11 0.015000 1.335000 0.001000
0.487000 0.580000 0.780000 0.490000 1.250000 6.700000 0.650000 0.650000
187499.984375 75.360001 0.084000
1.073000 0.050000 0.116600
0.166526 0.089145 0.000496 0.000000
0.000000

0.000000 0.000000 0.512482
0.044780 0.004980 0.753680 4.149336 179.126907
0.000000 0.005205 0.012714 0.000000 0.000000 0.000000
0.000000 0.000020 0.000010
8.682689 1.000000 0.000000
764.299377 0.000000
0.000000 0.000000 0.000000 0.000000
0.000000 1.094142
11 0.015000 1.350000 0.001000
0.487000 0.580000 0.780000 0.490000 1.250000 6.700000 0.650000 0.650000
187499.984375 75.360001 0.084000
1.073000 0.050000 0.116600
0.166528 0.089235 0.000497 0.000000
0.000000

0.000000 0.000000 0.513327
0.044785 0.004980 0.753795 4.149662 179.131332
0.000000 0.005177 0.012735 0.000000 0.000000 0.000000
0.000000 0.000020 0.000010
8.724672 1.000000 0.000000
764.299377 0.000000
0.000000 0.000000 0.000000 0.000000
0.000000 1.093756
11 0.015000 1.365000 0.001000
0.487000 0.580000 0.780000 0.490000 1.250000 6.700000 0.650000 0.650000
187499.984375 75.360001 0.084000
1.073000 0.050000 0.116600
0.166537 0.089337 0.000498 0.000000
0.000000

0.000000 0.000000 0.514289
0.044791 0.004981 0.753922 4.150062 179.135635
0.000000 0.005152 0.012691 0.000000 0.000000 0.000000
0.000000 0.000020 0.000011
8.765589 1.000000 0.000000
764.299377 0.000000
0.000000 0.000000 0.000000 0.000000
0.000000 1.093396
11 0.015000 1.380000 0.001000
0.487000 0.580000 0.780000 0.490000 1.250000 6.700000 0.650000 0.650000
187499.984375 75.360001 0.084000
1.073000 0.050000 0.116600
0.166542 0.089526 0.000499 0.000000
0.000000

0.000000 0.000000 0.516340
0.044801 0.004982 0.754133 4.150934 179.140884
0.000000 0.005132 0.012676 0.000000 0.000000 0.000000
0.000000 0.000020 0.000011
8.805455 1.000000 0.000000
764.299377 0.000000
0.000000 0.000000 0.000000 0.000000
0.000000 1.093118
11 0.015000 1.395000 0.001000
0.487000 0.580000 0.780000 0.490000 1.250000 6.700000 0.650000 0.650000
187499.984375 75.360001 0.084000
1.073000 0.050000 0.116600
0.166557 0.089279 0.000497 0.000000
0.000000

0.000000 0.000000 0.517229
0.044806 0.004982 0.754249 4.151285 179.145081
0.000000 0.005105 0.012606 0.000000 0.000000 0.000000
0.000000 0.000020 0.000011
8.844285 1.000000 0.000000
764.299377 0.000000
0.000000 0.000000 0.000000 0.000000
0.000000 1.092769
11 0.015000 1.410000 0.001000
0.487000 0.580000 0.780000 0.490000 1.250000 6.700000 0.650000 0.650000
187499.984375 75.360001 0.084000
1.073000 0.050000 0.116600
0.166565 0.089516 0.000499 0.000000
0.000000

0.000000 0.000000 0.518342
0.044812 0.004983 0.754381 4.151730 179.149353
0.000000 0.005081 0.012591 0.000000 0.000000 0.000000
0.000000 0.000020 0.000011
8.882096 1.000000 0.000000
764.299377 0.000000
0.000000 0.000000 0.000000 0.000000
0.000000 1.092435
11 0.015000 1.425000 0.001000
0.487000 0.580000 0.780000 0.490000 1.250000 6.700000 0.650000 0.650000
187499.984375 75.360001 0.084000
1.073000 0.050000 0.116600
0.166571 0.089251 0.000497 0.000000
0.000000

0.000000 0.000000 0.519296
0.044817 0.004984 0.754499 4.152096 179.153641
0.000000 0.005057 0.012556 0.000000 0.000000 0.000000
0.000000 0.000020 0.000011
8.918904 1.000000 0.000000
764.299377 0.000000
0.000000 0.000000 0.000000 0.000000
0.000000 1.092105
11 0.015000 1.440000 0.001000
0.487000 0.580000 0.780000 0.490000 1.250000 6.700000 0.650000 0.650000
187499.984375 75.360001 0.084000
1.073000 0.050000 0.116600
0.166577 0.089293 0.000497 0.000000
0.000000

0.000000 0.000000 0.520087
0.044822 0.004984 0.754607 4.152408 179.157288
0.000000 0.005033 0.012509 0.000000 0.000000 0.000000
0.000000 0.000020 0.000011
8.954726 1.000000 0.000000
764.299377 0.000000
0.000000 0.000000 0.000000 0.000000
0.000000 1.091766
11 0.015000 1.455000 0.001000
0.487000 0.580000 0.780000 0.490000 1.250000 6.700000 0.650000 0.650000
187499.984375 75.360001 0.084000
1.073000 0.050000 0.116600
0.166587 0.089243 0.000497 0.000000
0.000000

0.000000 0.000000 0.520873
0.044826 0.004985 0.754713 4.152717 179.160385
0.000000 0.005011 0.012480 0.000000 0.000000 0.000000
0.000000 0.000020 0.000011
8.989574 1.000000 0.000000
764.299377 0.000000
0.000000 0.000000 0.000000 0.000000
0.000000 1.091436
11 0.015000 1.470000 0.001000
0.487000 0.580000 0.780000 0.490000 1.250000 6.700000 0.650000 0.650000
187499.984375 75.360001 0.084000
1.073000 0.050000 0.116600
0.166590 0.089314 0.000497 0.000000
0.000000

0.000000 0.000000 0.521649
0.044831 0.004985 0.754820 4.153037 179.164001
0.000000 0.004991 0.012447 0.000000 0.000000 0.000000
0.000000 0.000020 0.000011
9.023466 1.000000 0.000000
764.299377 0.000000
0.000000 0.000000 0.000000 0.000000
0.000000 1.091110
11 0.015000 1.485000 0.001000
0.487000 0.580000 0.780000 0.490000 1.250000 6.700000 0.650000 0.650000
187499.984375 75.360001 0.084000
1.073000 0.050000 0.116600
0.166595 0.089398 0.000498 0.000000
0.000000

0.000000 0.000000 0.522421
0.044835 0.004986 0.754923 4.153343 179.168518
0.000000 0.004971 0.012413 0.000000 0.000000 0.000000
0.000000 0.000020 0.000011
9.056415 1.000000 0.000000
764.299377 0.000000
0.000000 0.000000 0.000000 0.000000
0.000000 1.090798
11 0.015000 1.500000 0.001000
0.487000 0.580000 0.780000 0.490000 1.250000 6.700000 0.650000 0.650000
187499.984375 75.360001 0.084000
1.073000 0.050000 0.116600
0.166599 0.089728 0.000500 0.000000
0.000000

0.000000 0.000000 0.523295
0.044840 0.004986 0.755035 4.153697 179.172226
0.000000 0.004953 0.012392 0.000000 0.000000 0.000000
0.000000 0.000020 0.000011
9.088436 1.000000 0.000000
764.299377 0.000000
0.000000 0.000000 0.000000 0.000000
0.000000 1.090488
11 0.015000 1.515000 0.001000
0.487000 0.580000 0.780000 0.490000 1.250000 6.700000 0.650000 0.650000
187499.984375 75.360001 0.084000
1.073000 0.050000 0.116600
0.166605 0.089464 0.000498 0.000000
0.000000

0.000000 0.000000 0.524115
0.044844 0.004987 0.755139 4.154005 179.175491
0.000000 0.004930 0.012340 0.000000 0.000000 0.000000
0.000000 0.000020 0.000012
9.119544 1.000000 0.000000
764.299377 0.000000
0.000000 0.000000 0.000000 0.000000
0.000000 1.090186
11 0.015000 1.530000 0.001000
0.487000 0.580000 0.780000 0.490000 1.250000 6.700000 0.650000 0.650000
187499.984375 75.360001 0.084000
1.073000 0.050000 0.116600
0.166615 0.089562 0.000499 0.000000
0.000000

0.000000 0.000000 0.528074
0.044863 0.004989 0.755483 4.155632 179.185120
0.000000 0.004903 0.012290 0.000000 0.000000 0.000000
0.000000 0.000020 0.000012
9.149753 1.000000 0.000000
764.299377 0.000000
0.000000 0.000000 0.000000 0.000000
0.000000 1.090109
11 0.015000 1.545000 0.001000
0.487000 0.580000 0.780000 0.490000 1.250000 6.700000 0.650000 0.650000
187499.984375 75.360001 0.084000
1.073000 0.050000 0.116600
0.166641 0.089641 0.000499 0.000000
0.000000

0.000000 0.000000 0.540056
0.044921 0.004995 0.756425 4.160566 179.218079
0.000000 0.004873 0.012249 0.000000 0.000000 0.000000
0.000000 0.000020 0.000012
9.179074 1.000000 0.000000
764.299377 0.000000
0.000000 0.000000 0.000000 0.000000
0.000000 1.090582
11 0.015000 1.560000 0.001000
0.487000 0.580000 0.780000 0.490000 1.250000 6.700000 0.650000 0.650000
187499.984375 75.360001 0.084000
1.073000 0.050000 0.116600
0.166722 0.089342 0.000498 0.000000
0.000000

0.000000 0.000000 0.540822
0.044925 0.004996 0.756521 4.160836 179.221527
0.000000 0.004846 0.012219 0.000000 0.000000 0.000000
0.000000 0.000020 0.000012
9.207524 1.000000 0.000000
764.299377 0.000000
0.000000 0.000000 0.000000 0.000000
0.000000 1.090290
11 0.015000 1.575000 0.001000
0.487000 0.580000 0.780000 0.490000 1.250000 6.700000 0.650000 0.650000
187499.984375 75.360001 0.084000
1.073000 0.050000 0.116600
0.166729 0.089418 0.000498 0.000000
0.000000

0.000000 0.000000 0.541590
0.044929 0.004996 0.756621 4.161140 179.224838
0.000000 0.004823 0.012202 0.000000 0.000000 0.000000
0.000000 0.000020 0.000012
9.235115 1.000000 0.000000
764.299377 0.000000
0.000000 0.000000 0.000000 0.000000
0.000000 1.090014
11 0.015000 1.590000 0.001000
0.487000 0.580000 0.780000 0.490000 1.250000 6.700000 0.650000 0.650000
187499.984375 75.360001 0.084000
1.073000 0.050000 0.116600
0.166734 0.089509 0.000499 0.000000
0.000000

0.000000 0.000000 0.542360
0.044933 0.004997 0.756715 4.161413 179.228378
0.000000 0.004809 0.012197 0.000000 0.000000 0.000000
0.000000 0.000020 0.000012
9.261860 1.000000 0.000000
764.299377 0.000000
0.000000 0.000000 0.000000 0.000000
0.000000 1.089732
11 0.015000 1.605000 0.001000
0.487000 0.580000 0.780000 0.490000 1.250000 6.700000 0.650000 0.650000
187499.984375 75.360001 0.084000
1.073000 0.050000 0.116600
0.166741 0.089760 0.000500 0.000000
0.000000

0.000000 0.000000 0.543267
0.044937 0.004997 0.756819 4.161746 179.232193
0.000000 0.004796 0.012159 0.000000 0.000000 0.000000
0.000000 0.000020 0.000012
9.287769 1.000000 0.000000
764.299377 0.000000
0.000000 0.000000 0.000000 0.000000
0.000000 1.089465
11 0.015000 1.620000 0.001000
0.487000 0.580000 0.780000 0.490000 1.250000 6.700000 0.650000 0.650000
187499.984375 75.360001 0.084000
1.073000 0.050000 0.116600
0.166746 0.089588 0.000499 0.000000
0.000000

0.000000 0.000000 0.551204
0.044975 0.005001 0.757439 4.164916 179.258682
0.000000 0.004770 0.012080 0.000000 0.000000 0.000000
0.000000 0.000020 0.000012
9.312857 1.000000 0.000000
764.299377 0.000000
0.000000 0.000000 0.000000 0.000000
0.000000 1.089686
11 0.015000 1.635000 0.001000
0.487000 0.580000 0.780000 0.490000 1.250000 6.700000 0.650000 0.650000
187499.984375 75.360001 0.084000
1.073000 0.050000 0.116600
0.166799 0.089605 0.000499 0.000000
0.000000

0.000000 0.000000 0.552121
0.044979 0.005002 0.757544 4.165260 179.263641
0.000000 0.004741 0.012062 0.000000 0.000000 0.000000
0.000000 0.000020 0.000012
9.337132 1.000000 0.000000
764.299377 0.000000
0.000000 0.000000 0.000000 0.000000
0.000000 1.089432
11 0.015000 1.650000 0.001000
0.487000 0.580000 0.780000 0.490000 1.250000 6.700000 0.650000 0.650000
187499.984375 75.360001 0.084000
1.073000 0.050000 0.116600
0.166806 0.089480 0.000498 0.000000
0.000000

0.000000 0.000000 0.552890
0.044983 0.005002 0.757638 4.165537 179.267242
0.000000 0.004714 0.012020 0.000000 0.000000 0.000000
0.000000 0.000020 0.000012
9.360610 1.000000 0.000000
764.299377 0.000000
0.000000 0.000000 0.000000 0.000000
0.000000 1.089167
11 0.015000 1.665000 0.001000
0.487000 0.580000 0.780000 0.490000 1.250000 6.700000 0.650000 0.650000
187499.984375 75.360001 0.084000
1.073000 0.050000 0.116600
0.166810 0.089564 0.000499 0.000000
0.000000

0.000000 0.000000 0.553659
0.044987 0.005003 0.757733 4.165830 179.270844
0.000000 0.004691 0.011989 0.000000 0.000000 0.000000
0.000000 0.000020 0.000012
9.383298 1.000000 0.000000
764.299377 0.000000
0.000000 0.000000 0.000000 0.000000
0.000000 1.088909
11 0.015000 1.680000 0.001000
0.487000 0.580000 0.780000 0.490000 1.250000 6.700000 0.650000 0.650000
187499.984375 75.360001 0.084000
1.073000 0.050000 0.116600
0.166816 0.089892 0.000501 0.000000
0.000000

0.000000 0.000000 0.554590
0.044991 0.005003 0.757832 4.166146 179.274826
0.000000 0.004674 0.011984 0.000000 0.000000 0.000000
0.000000 0.000020 0.000013
9.405207 1.000000 0.000000
764.299377 0.000000
0.000000 0.000000 0.000000 0.000000
0.000000 1.088664
11 0.015000 1.695000 0.001000
0.487000 0.580000 0.780000 0.490000 1.250000 6.700000 0.650000 0.650000
187499.984375 75.360001 0.084000
1.073000 0.050000 0.116600
0.166821 0.089661 0.000499 0.000000
0.000000

0.000000 0.000000 0.555797
0.044997 0.005004 0.757958 4.166624 179.279968
0.000000 0.004650 0.011911 0.000000 0.000000 0.000000
0.000000 0.000020 0.000013
9.426347 1.000000 0.000000
764.299377 0.000000
0.000000 0.000000 0.000000 0.000000
0.000000 1.088451
11 0.015000 1.710000 0.001000
0.487000 0.580000 0.780000 0.490000 1.250000 6.700000 0.650000 0.650000
187499.984375 75.360001 0.084000
1.073000 0.050000 0.116600
0.166831 0.089707 0.000500 0.000000
0.000000

0.000000 0.000000 0.556552
0.045001 0.005004 0.758046 4.166886 179.283997
0.000000 0.004625 0.011870 0.000000 0.000000 0.000000
0.000000 0.000020 0.000013
9.446728 1.000000 0.000000
764.299377 0.000000
0.000000 0.000000 0.000000 0.000000
0.000000 1.088195
11 0.015000 1.725000 0.001000
0.487000 0.580000 0.780000 0.490000 1.250000 6.700000 0.650000 0.650000
187499.984375 75.360001 0.084000
1.073000 0.050000 0.116600
0.166834 0.089814 0.000500 0.000000
0.000000

0.000000 0.000000 0.557613
0.045006 0.005005 0.758157 4.167273 179.288849
0.000000 0.004600 0.011848 0.000000 0.000000 0.000000
0.000000 0.000020 0.000013
9.466359 1.000000 0.000000
764.299377 0.000000
0.000000 0.000000 0.000000 0.000000
0.000000 1.087974
11 0.015000 1.740000 0.001000
0.487000 0.580000 0.780000 0.490000 1.250000 6.700000 0.650000 0.650000
187499.984375 75.360001 0.084000
1.073000 0.050000 0.116600
0.166842 0.089901 0.000501 0.000000
0.000000

0.000000 0.000000 0.563036
0.045030 0.005007 0.758577 4.169365 179.304688
0.000000 0.004572 0.011802 0.000000 0.000000 0.000000
0.000000 0.000020 0.000013
9.485252 1.000000 0.000000
764.299377 0.000000
0.000000 0.000000 0.000000 0.000000
0.000000 1.088039
11 0.015000 1.755000 0.001000
0.487000 0.580000 0.780000 0.490000 1.250000 6.700000 0.650000 0.650000
187499.984375 75.360001 0.084000
1.073000 0.050000 0.116600
0.166878 0.089809 0.000500 0.000000
0.000000

0.000000 0.000000 0.572180
0.045071 0.005012 0.759249 4.172839 179.320663
0.000000 0.004545 0.011763 0.000000 0.000000 0.000000
0.000000 0.000020 0.000013
9.503414 1.000000 0.000000
764.299377 0.000000
0.000000 0.000000 0.000000 0.000000
0.000000 1.088360
11 0.015000 1.770000 0.001000
0.487000 0.580000 0.780000 0.490000 1.250000 6.700000 0.650000 0.650000
187499.984375 75.360001 0.084000
1.073000 0.050000 0.116600
0.166938 0.089722 0.000500 0.000000
0.000000

0.000000 0.000000 0.574766
0.045083 0.005013 0.759461 4.173799 179.326675
0.000000 0.004516 0.011707 0.000000 0.000000 0.000000
0.000000 0.000020 0.000013
9.520854 1.000000 0.000000
764.299377 0.000000
0.000000 0.000000 0.000000 0.000000
0.000000 1.088242
11 0.015000 1.785000 0.001000
0.487000 0.580000 0.780000 0.490000 1.250000 6.700000 0.650000 0.650000
187499.984375 75.360001 0.084000
1.073000 0.050000 0.116600
0.166953 0.090030 0.000501 0.000000
0.000000

0.000000 0.000000 0.579267
0.045103 0.005015 0.759799 4.175438 179.332825
0.000000 0.004487 0.011668 0.000000 0.000000 0.000000
0.000000 0.000020 0.000013
9.537580 1.000000 0.000000
764.299377 0.000000
0.000000 0.000000 0.000000 0.000000
0.000000 1.088248
11 0.015000 1.800000 0.001000
0.487000 0.580000 0.780000 0.490000 1.250000 6.700000 0.650000 0.650000
187499.984375 75.360001 0.084000
1.073000 0.050000 0.116600
0.166983 0.089804 0.000500 0.000000
0.000000

0.000000 0.000000 0.580450
0.045108 0.005016 0.759914 4.175849 179.336914
0.000000 0.004464 0.011639 0.000000 0.000000 0.000000
0.000000 0.000020 0.000013
9.553599 1.000000 0.000000
764.299377 0.000000
0.000000 0.000000 0.000000 0.000000
0.000000 1.088039
11 0.015000 1.815000 0.001000
0.487000 0.580000 0.780000 0.490000 1.250000 6.700000 0.650000 0.650000
187499.984375 75.360001 0.084000
1.073000 0.050000 0.116600
0.166991 0.089886 0.000501 0.000000
0.000000

0.000000 0.000000 0.583522
0.045121 0.005017 0.760154 4.176952 179.342102
0.000000 0.004440 0.011591 0.000000 0.000000 0.000000
0.000000 0.000020 0.000013
9.568919 1.000000 0.000000
764.299377 0.000000
0.000000 0.000000 0.000000 0.000000
0.000000 1.087964
11 0.015000 1.830000 0.001000
0.487000 0.580000 0.780000 0.490000 1.250000 6.700000 0.650000 0.650000
187499.984375 75.360001 0.084000
1.073000 0.050000 0.116600
0.167009 0.089864 0.000500 0.000000
0.000000

0.000000 0.000000 0.584331
0.045124 0.005018 0.760238 4.177211 179.345428
0.000000 0.004413 0.011544 0.000000 0.000000 0.000000
0.000000 0.000020 0.000013
9.583548 1.000000 0.000000
764.299377 0.000000
0.000000 0.000000 0.000000 0.000000
0.000000 1.087736
11 0.015000 1.845000 0.001000
0.487000 0.580000 0.780000 0.490000 1.250000 6.700000 0.650000 0.650000
187499.984375 75.360001 0.084000
1.073000 0.050000 0.116600
0.167016 0.089948 0.000501 0.000000
0.000000

0.000000 0.000000 0.585236
0.045129 0.005018 0.760334 4.177532 179.349136
0.000000 0.004387 0.011515 0.000000 0.000000 0.000000
0.000000 0.000020 0.000013
9.597491 1.000000 0.000000
764.299377 0.000000
0.000000 0.000000 0.000000 0.000000
0.000000 1.087525
11 0.015000 1.860000 0.001000
0.487000 0.580000 0.780000 0.490000 1.250000 6.700000 0.650000 0.650000
187499.984375 75.360001 0.084000
1.073000 0.050000 0.116600
0.167022 0.089817 0.000500 0.000000
0.000000

0.000000 0.000000 0.586373
0.045133 0.005019 0.760438 4.177908 179.353149
0.000000 0.004364 0.011467 0.000000 0.000000 0.000000
0.000000 0.000020 0.000014
9.610756 1.000000 0.000000
764.299377 0.000000
0.000000 0.000000 0.000000 0.000000
0.000000 1.087327
11 0.015000 1.875000 0.001000
0.487000 0.580000 0.780000 0.490000 1.250000 6.700000 0.650000 0.650000
187499.984375 75.360001 0.084000
1.073000 0.050000 0.116600
0.167030 0.089950 0.000501 0.000000
0.000000

0.000000 0.000000 0.587268
0.045137 0.005019 0.760531 4.178229 179.356934
0.000000 0.004342 0.011429 0.000000 0.000000 0.000000
0.000000 0.000019 0.000014
9.623348 1.000000 0.000000
764.299377 0.000000
0.000000 0.000000 0.000000 0.000000
0.000000 1.087128
11 0.015000 1.890000 0.001000
0.487000 0.580000 0.780000 0.490000 1.250000 6.700000 0.650000 0.650000
187499.984375 75.360001 0.084000
1.073000 0.050000 0.116600
0.167033 0.090143 0.000502 0.000000
0.000000

0.000000 0.000000 0.588256
0.045142 0.005020 0.760631 4.178566 179.361099
0.000000 0.004325 0.011406 0.000000 0.000000 0.000000
0.000000 0.000019 0.000014
9.635274 1.000000 0.000000
764.299377 0.000000
0.000000 0.000000 0.000000 0.000000
0.000000 1.086947
11 0.015000 1.905000 0.001000
0.487000 0.580000 0.780000 0.490000 1.250000 6.700000 0.650000 0.650000
187499.984375 75.360001 0.084000
1.073000 0.050000 0.116600
0.167042 0.089843 0.000500 0.000000
0.000000

0.000000 0.000000 0.589125
0.045145 0.005020 0.760721 4.178867 179.364960
0.000000 0.004307 0.011354 0.000000 0.000000 0.000000
0.000000 0.000019 0.000014
9.646539 1.000000 0.000000
764.299377 0.000000
0.000000 0.000000 0.000000 0.000000
0.000000 1.086748
11 0.015000 1.920000 0.001000
0.487000 0.580000 0.780000 0.490000 1.250000 6.700000 0.650000 0.650000
187499.984375 75.360001 0.084000
1.073000 0.050000 0.116600
0.167047 0.089833 0.000500 0.000000
0.000000

0.000000 0.000000 0.589884
0.045148 0.005021 0.760798 4.179098 179.369019
0.000000 0.004288 0.011318 0.000000 0.000000 0.000000
0.000000 0.000019 0.000014
9.657149 1.000000 0.000000
764.299377 0.000000
0.000000 0.000000 0.000000 0.000000
0.000000 1.086561
11 0.015000 1.935000 0.001000
0.487000 0.580000 0.780000 0.490000 1.250000 6.700000 0.650000 0.650000
187499.984375 75.360001 0.084000
1.073000 0.050000 0.116600
0.167050 0.089917 0.000501 0.000000
0.000000

0.000000 0.000000 0.590640
0.045152 0.005021 0.760880 4.179349 179.372681
0.000000 0.004269 0.011285 0.000000 0.000000 0.000000
0.000000 0.000019 0.000014
9.667109 1.000000 0.000000
764.299377 0.000000
0.000000 0.000000 0.000000 0.000000
0.000000 1.086369
11 0.015000 1.950000 0.001000
0.487000 0.580000 0.780000 0.490000 1.250000 6.700000 0.650000 0.650000
187499.984375 75.360001 0.084000
1.073000 0.050000 0.116600
0.167054 0.090227 0.000503 0.000000
0.000000

0.000000 0.000000 0.591643
0.045156 0.005021 0.760972 4.179666 179.377090
0.000000 0.004247 0.011242 0.000000 0.000000 0.000000
0.000000 0.000019 0.000014
9.676424 1.000000 0.000000
764.299377 0.000000
0.000000 0.000000 0.000000 0.000000
0.000000 1.086205
11 0.015000 1.965000 0.001000
0.487000 0.580000 0.780000 0.490000 1.250000 6.700000 0.650000 0.650000
187499.984375 75.360001 0.084000
1.073000 0.050000 0.116600
0.167063 0.090116 0.000502 0.000000
0.000000

0.000000 0.000000 0.594624
0.045168 0.005023 0.761197 4.180705 179.382843
0.000000 0.004224 0.011186 0.000000 0.000000 0.000000
0.000000 0.000019 0.000014
9.685099 1.000000 0.000000
764.299377 0.000000
0.000000 0.000000 0.000000 0.000000
0.000000 1.086176
11 0.015000 1.980000 0.001000
0.487000 0.580000 0.780000 0.490000 1.250000 6.700000 0.650000 0.650000
187499.984375 75.360001 0.084000
1.073000 0.050000 0.116600
0.167078 0.090144 0.000502 0.000000
0.000000

0.000000 0.000000 0.596004
0.045174 0.005023 0.761316 4.181171 179.387085
0.000000 0.014146 0.011579 0.000000 0.000000 0.000000
0.000000 0.000031 0.000006
9.693136 1.000000 0.000000
764.299377 0.000000
0.000000 0.000000 0.000000 0.000000
0.000000 1.086016
11 0.015000 1.995000 0.001000
0.487000 0.580000 0.780000 0.490000 1.250000 6.700000 0.650000 0.650000
187499.984375 75.360001 0.084000
1.073000 0.050000 0.116600
0.167088 0.090249 0.000503 0.000000
0.000000
1.000000
2.000000
0.321000 0.000000
0.000000
0
-0.750000
0 0
0.000000
1
0.000000
1.000000
1.000000
1.000000
0.000000 0.000000 0.000000
0.000000 0.000000
0.000000 0.000000 0.000000 0.000000 0.000000 0.000000 0.000000
0.000000 0.000000 0.000000 0.000000 0.000000 0.000000 0.000000
240
2.000000
1
C:\Kingsite\dnd\Ohio1.spf
-1.000000 -1.000000
0.000000
50
50
10.000000
99
