11
Clay
0.580000 0.612000 0.084000 0.780000 0.530000 1.000000 0.000000 0.000000
1.020000 6.700000 1 0.028600 0.500000 0.050000 0.010000 0.027000 0.963000
0.000000 0.015000 2.000000 152999.984375 75.360001 133
0.103800 3.528000 4.728100 0.000000 1
8.234000 8.234000 10.000000 5.000000 25.000000 100.000000
0.000000 0.000000 0.000000 0.000000 98.881287 146.299484
500.000000 0.000000 0.000000

0.226844 237.091782 566.156372
8.292926 1.022191 114.772896 709.006531 3808.726807
0.000000 0.001869 0.013414 0.713269 0.000000 0.000000
0.000004 0.000016 0.000465
0.959234 0.769390 0.000000
764.299377 0.000000
0.821937 0.000000 0.000000 0.000000
0.000000 0.161701
11 0.015000 0.015000 0.028600
0.612000 0.580000 0.780000 0.530000 1.020000 6.700000 0.780000 0.780000
152999.984375 75.360001 0.084000
1.073000 0.050000 0.116600
2.890774 18.075924 0.143417 0.000000
0.000000

0.226490 25.795254 28.730236
5.480142 0.609384 83.269577 506.649109 3889.490967
0.000000 0.010251 0.010686 0.499431 0.000000 0.000000
0.000003 0.000023 0.000140
1.088994 0.769390 0.000000
764.299377 0.000000
0.000000 0.000000 0.000000 0.000000
0.000000 0.144031
11 0.015000 0.030000 0.028600
0.612000 0.580000 0.780000 0.530000 1.020000 6.700000 0.780000 0.780000
152999.984375 75.360001 0.084000
1.073000 0.050000 0.116600
2.959697 4.719201 0.032563 0.000000
0.000000

0.214107 22.389891 18.462101
5.433845 0.604231 83.325127 503.098328 3889.786865
0.000000 0.010236 0.011272 0.249715 0.000000 0.000000
0.000003 0.000023 0.000144
1.218485 0.769390 0.000000
764.299377 0.000000
0.000000 0.000000 0.000000 0.000000
0.000000 0.145481
11 0.015000 0.045000 0.028600
0.612000 0.580000 0.780000 0.530000 1.020000 6.700000 0.780000 0.780000
152999.984375 75.360001 0.084000
1.073000 0.050000 0.116600
2.963509 4.670801 0.032213 0.000000
0.000000

0.201858 20.769999 17.929873
5.431271 0.603946 83.711082 502.886200 3889.981934
0.000000 0.009976 0.011044 0.124858 0.000000 0.000000
0.000003 0.000022 0.000149
1.347576 0.769390 0.000000
764.299377 0.000000
0.000000 0.000000 0.000000 0.000000
0.000000 0.150616
11 0.015000 0.060000 0.028600
0.612000 0.580000 0.780000 0.530000 1.020000 6.700000 0.780000 0.780000
152999.984375 75.360001 0.084000
1.073000 0.050000 0.116600
2.966006 5.031575 0.034824 0.000000
0.000000

0.189330 19.234713 17.339664
5.427293 0.603509 83.975197 502.627869 3890.147217
0.000000 0.010025 0.010995 0.062429 0.000000 0.000000
0.000003 0.000022 0.000154
1.476135 0.769390 0.000000
764.299377 0.000000
0.000000 0.000000 0.000000 0.000000
0.000000 0.152223
11 0.015000 0.075000 0.028600
0.612000 0.580000 0.780000 0.530000 1.020000 6.700000 0.780000 0.780000
152999.984375 75.360001 0.084000
1.073000 0.050000 0.116600
2.967898 5.382121 0.037380 0.000000
0.000000

0.177194 17.816233 16.768959
5.422911 0.603028 84.182587 502.359192 3890.293701
0.000000 0.010152 0.010976 0.031214 0.000000 0.000000
0.000003 0.000022 0.000158
1.604034 0.769390 0.000000
764.299377 0.000000
0.000000 0.000000 0.000000 0.000000
0.000000 0.152425
11 0.015000 0.090000 0.028600
0.612000 0.580000 0.780000 0.530000 1.020000 6.700000 0.780000 0.780000
152999.984375 75.360001 0.084000
1.073000 0.050000 0.116600
2.969436 5.673752 0.039519 0.000000
0.000000

0.166031 16.563229 111.434372
5.633068 0.626404 87.203720 519.127747 3887.036377
0.000000 0.005743 0.006772 0.015607 0.000000 0.000000
0.000002 0.000005 0.000181
1.731147 0.769390 0.000000
764.299377 0.000000
0.000000 0.000000 0.000000 0.000000
0.000000 0.216541
11 0.015000 0.105000 0.028600
0.612000 0.580000 0.780000 0.530000 1.020000 6.700000 0.780000 0.780000
152999.984375 75.360001 0.084000
1.073000 0.050000 0.116600
3.006836 5.675565 0.039532 0.000000
0.000000

0.152351 14.952607 82.780380
2.313415 0.257269 34.918396 207.446518 2914.912842
0.000000 0.002280 0.003208 0.007804 0.000000 0.000000
0.000001 0.000000 0.000055
1.866175 0.638256 0.000000
764.299377 0.000000
0.000000 0.000000 0.000000 0.000000
0.000000 0.186739
11 0.015000 0.120000 0.018000
0.547000 0.580000 0.780000 0.490000 1.150000 6.700000 0.650000 0.650000
172500.000000 75.360001 0.084000
1.073000 0.050000 0.116600
2.590086 9.052341 0.042459 0.000000
0.000000

0.141798 13.808640 77.650826
2.196444 0.244266 33.190208 196.841949 2915.555420
0.000000 0.001848 0.002917 0.003902 0.000000 0.000000
0.000001 0.000000 0.000057
2.010359 0.638256 0.000000
764.299377 0.000000
0.000000 0.000000 0.000000 0.000000
0.000000 0.184018
11 0.015000 0.135000 0.018000
0.547000 0.580000 0.780000 0.490000 1.150000 6.700000 0.650000 0.650000
172500.000000 75.360001 0.084000
1.073000 0.050000 0.116600
2.593858 9.738280 0.045959 0.000000
0.000000

0.131855 12.749003 72.859436
2.086685 0.232064 31.558722 186.924057 2916.235107
0.000000 0.001657 0.002876 0.001951 0.000000 0.000000
0.000001 0.000000 0.000059
2.153425 0.638256 0.000000
764.299377 0.000000
0.000000 0.000000 0.000000 0.000000
0.000000 0.180300
11 0.015000 0.150000 0.018000
0.547000 0.580000 0.780000 0.490000 1.150000 6.700000 0.650000 0.650000
172500.000000 75.360001 0.084000
1.073000 0.050000 0.116600
2.597154 10.988156 0.052451 0.000000
0.000000

0.122614 27.459753 69.264305
2.024615 0.225166 31.080681 183.763870 2917.014893
0.000000 0.000997 0.002178 0.000975 0.000000 0.000000
0.000000 0.000000 0.000061
2.295254 0.638256 0.000000
764.299377 0.000000
0.000000 0.000000 0.000000 0.000000
0.000000 0.220951
11 0.015000 0.165000 0.018000
0.547000 0.580000 0.780000 0.490000 1.150000 6.700000 0.650000 0.650000
172500.000000 75.360001 0.084000
1.073000 0.050000 0.116600
2.600182 14.417326 0.071048 0.000000
0.000000

0.114769 25.685413 65.030998
1.926288 0.214234 29.614393 174.760818 2917.729980
0.000000 0.000844 0.001977 0.000488 0.000000 0.000000
0.000001 0.000000 0.000063
2.435729 0.638256 0.000000
764.299377 0.000000
0.000000 0.000000 0.000000 0.000000
0.000000 0.220633
11 0.015000 0.180000 0.018000
0.547000 0.580000 0.780000 0.490000 1.150000 6.700000 0.650000 0.650000
172500.000000 75.360001 0.084000
1.073000 0.050000 0.116600
2.603334 10.729317 0.051095 0.000000
0.000000

0.106576 23.943747 60.936478
1.834816 0.204065 28.234447 166.435608 2918.333252
0.000000 0.000749 0.001966 0.000244 0.000000 0.000000
0.000001 0.000000 0.000065
2.574740 0.638256 0.000000
764.299377 0.000000
0.000000 0.000000 0.000000 0.000000
0.000000 0.218966
11 0.015000 0.195000 0.018000
0.547000 0.580000 0.780000 0.490000 1.150000 6.700000 0.650000 0.650000
172500.000000 75.360001 0.084000
1.073000 0.050000 0.116600
2.606003 10.114856 0.047901 0.000000
0.000000

0.097609 21.817181 54.976795
1.741026 0.193638 26.762381 158.119827 2916.236816
0.000000 0.000788 0.002107 0.000122 0.000000 0.000000
0.000001 0.000000 0.000069
2.711764 0.650000 0.000000
764.299377 0.000000
0.000000 0.000000 0.000000 0.000000
0.000000 0.212869
11 0.015000 0.210000 0.018000
0.547000 0.580000 0.780000 0.490000 1.150000 6.700000 0.650000 0.650000
172500.000000 75.360001 0.084000
1.073000 0.050000 0.116600
2.599816 7.533864 0.035491 0.000000
0.000000

0.090516 20.303555 53.590496
1.369060 0.152270 20.891562 123.332802 1524.487427
0.000000 0.000097 0.000813 0.000061 0.000000 0.000000
0.000000 0.000000 0.000037
2.847852 0.650000 0.000000
764.299377 0.000000
0.000000 0.000000 0.000000 0.000000
0.000000 0.206810
11 0.015000 0.225000 0.009000
0.527000 0.580000 0.780000 0.490000 1.200000 6.700000 0.650000 0.650000
180000.015625 75.360001 0.084000
1.073000 0.050000 0.116600
1.357212 7.396202 0.032043 0.000000
0.000000

0.083985 18.883369 49.403030
1.295784 0.144122 19.789021 116.738548 1524.405151
0.000000 0.000044 0.000628 0.000030 0.000000 0.000000
0.000000 0.000000 0.000037
2.983292 0.650000 0.000000
764.299377 0.000000
0.000000 0.000000 0.000000 0.000000
0.000000 0.202457
11 0.015000 0.240000 0.009000
0.527000 0.580000 0.780000 0.490000 1.200000 6.700000 0.650000 0.650000
180000.015625 75.360001 0.084000
1.073000 0.050000 0.116600
1.357919 7.043212 0.030423 0.000000
0.000000

0.077916 17.560001 45.728172
1.227147 0.136490 18.755486 110.560532 1524.374390
0.000000 0.000021 0.000512 0.000015 0.000000 0.000000
0.000000 0.000000 0.000031
3.116824 0.650000 0.000000
764.299377 0.000000
0.000000 0.000000 0.000000 0.000000
0.000000 0.199041
11 0.015000 0.255000 0.009000
0.527000 0.580000 0.780000 0.490000 1.200000 6.700000 0.650000 0.650000
180000.015625 75.360001 0.084000
1.073000 0.050000 0.116600
1.358597 6.601451 0.028409 0.000000
0.000000

0.072128 16.317749 42.310982
1.163329 0.129394 17.793463 104.829475 1524.306274
0.000000 0.000008 0.000402 0.000008 0.000000 0.000000
0.000000 0.000000 0.000023
3.248366 0.650000 0.000000
764.299377 0.000000
0.000000 0.000000 0.000000 0.000000
0.000000 0.196199
11 0.015000 0.270000 0.009000
0.527000 0.580000 0.780000 0.490000 1.200000 6.700000 0.650000 0.650000
180000.015625 75.360001 0.084000
1.073000 0.050000 0.116600
1.359191 6.270652 0.026911 0.000000
0.000000

0.066873 15.166432 39.248466
1.103546 0.122747 16.893518 99.471245 1524.263794
0.000000 0.000000 0.000316 0.000004 0.000000 0.000000
0.000000 0.000000 0.000015
3.377843 0.650000 0.000000
764.299377 0.000000
0.000000 0.000000 0.000000 0.000000
0.000000 0.193595
11 0.015000 0.285000 0.009000
0.527000 0.580000 0.780000 0.490000 1.200000 6.700000 0.650000 0.650000
180000.015625 75.360001 0.084000
1.073000 0.050000 0.116600
1.359725 5.814564 0.024859 0.000000
0.000000

0.061993 14.095350 36.461430
1.047488 0.116513 16.055643 94.484955 1524.256348
0.000000 0.000000 0.000315 0.000002 0.000000 0.000000
0.000000 0.000000 0.000011
3.505190 0.650000 0.000000
764.299377 0.000000
0.000000 0.000000 0.000000 0.000000
0.000000 0.190430
11 0.015000 0.300000 0.009000
0.527000 0.580000 0.780000 0.490000 1.200000 6.700000 0.650000 0.650000
180000.015625 75.360001 0.084000
1.073000 0.050000 0.116600
1.360258 5.488469 0.023401 0.000000
0.000000

0.057451 13.095624 33.861023
0.995371 0.110718 15.276676 89.857368 1524.217041
0.000000 0.000000 0.000328 0.000001 0.000000 0.000000
0.000000 0.000000 0.000008
3.630347 0.650000 0.000000
764.299377 0.000000
0.000000 0.000000 0.000000 0.000000
0.000000 0.187049
11 0.015000 0.315000 0.009000
0.527000 0.580000 0.780000 0.490000 1.200000 6.700000 0.650000 0.650000
180000.015625 75.360001 0.084000
1.073000 0.050000 0.116600
1.360754 5.021543 0.021328 0.000000
0.000000

0.053227 12.164325 32.047497
0.869221 0.096687 13.333813 78.397179 1165.184570
0.000000 0.000000 0.000282 0.000000 0.000000 0.000000
0.000000 0.000000 0.000005
3.754903 0.650000 0.000000
764.299377 0.000000
0.000000 0.000000 0.000000 0.000000
0.000000 0.179159
11 0.015000 0.330000 0.006600
0.497000 0.580000 0.780000 0.490000 1.250000 6.700000 0.650000 0.650000
187499.984375 75.360001 0.084000
1.073000 0.050000 0.116600
1.039817 5.056503 0.019417 0.000000
0.000000

0.049306 11.290644 29.675938
0.825308 0.091803 12.665302 74.440254 1165.098022
0.000000 0.000000 0.000281 0.000000 0.000000 0.000000
0.000000 0.000000 0.000004
3.878803 0.650000 0.000000
764.299377 0.000000
0.000000 0.000000 0.000000 0.000000
0.000000 0.175473
11 0.015000 0.345000 0.006600
0.497000 0.580000 0.780000 0.490000 1.250000 6.700000 0.650000 0.650000
187499.984375 75.360001 0.084000
1.073000 0.050000 0.116600
1.040157 4.817284 0.018463 0.000000
0.000000

0.045684 10.484084 27.482300
0.785025 0.087324 12.043666 70.763802 1165.081787
0.000000 0.000000 0.000278 0.000000 0.000000 0.000000
0.000000 0.000000 0.000004
4.000323 0.650000 0.000000
764.299377 0.000000
0.000000 0.000000 0.000000 0.000000
0.000000 0.172643
11 0.015000 0.360000 0.006600
0.497000 0.580000 0.780000 0.490000 1.250000 6.700000 0.650000 0.650000
187499.984375 75.360001 0.084000
1.073000 0.050000 0.116600
1.040495 4.517717 0.017274 0.000000
0.000000

0.042526 9.748955 25.453150
0.748134 0.083221 11.465516 67.330093 1165.004517
0.000000 0.000003 0.000332 0.000000 0.000000 0.000000
0.000000 0.000000 0.000006
4.119433 0.650000 0.000000
764.299377 0.000000
0.000000 0.000000 0.000000 0.000000
0.000000 0.170442
11 0.015000 0.375000 0.006600
0.497000 0.580000 0.780000 0.490000 1.250000 6.700000 0.650000 0.650000
187499.984375 75.360001 0.084000
1.073000 0.050000 0.116600
1.040741 4.047264 0.015418 0.000000
0.000000

0.039385 9.052006 23.594095
0.712300 0.079236 10.926763 64.145027 1164.988525
0.000000 0.000032 0.000660 0.000000 0.000000 0.000000
0.000000 0.000000 0.000014
4.236111 0.650000 0.000000
764.299377 0.000000
0.000000 0.000000 0.000000 0.000000
0.000000 0.164818
11 0.015000 0.390000 0.006600
0.497000 0.580000 0.780000 0.490000 1.250000 6.700000 0.650000 0.650000
187499.984375 75.360001 0.084000
1.073000 0.050000 0.116600
1.040992 3.573886 0.013564 0.000000
0.000000

0.036476 8.404033 21.862497
0.678991 0.075531 10.426338 61.188057 1164.972900
0.000000 0.000078 0.001070 0.000000 0.000000 0.000000
0.000000 0.000000 0.000025
4.350340 0.650000 0.000000
764.299377 0.000000
0.000000 0.000000 0.000000 0.000000
0.000000 0.158607
11 0.015000 0.405000 0.006600
0.497000 0.580000 0.780000 0.490000 1.250000 6.700000 0.650000 0.650000
187499.984375 75.360001 0.084000
1.073000 0.050000 0.116600
1.041203 3.282570 0.012430 0.000000
0.000000

0.033780 7.800281 22.060413
0.518020 0.057625 7.938650 46.576168 583.452026
0.000000 0.000000 0.000182 0.000000 0.000000 0.000000
0.000000 0.000000 0.000002
4.462626 0.650000 0.000000
764.299377 0.000000
0.000000 0.000000 0.000000 0.000000
0.000000 0.142849
11 0.015000 0.420000 0.003300
0.487000 0.580000 0.780000 0.490000 1.250000 6.700000 0.650000 0.650000
187499.984375 75.360001 0.084000
1.073000 0.050000 0.116600
0.520698 3.052678 0.011307 0.000000
0.000000

0.031296 7.240804 20.146273
0.494662 0.055027 7.523786 44.129753 583.363586
0.000000 0.000010 0.000417 0.000000 0.000000 0.000000
0.000000 0.000000 0.000006
4.572989 0.650000 0.000000
764.299377 0.000000
0.000000 0.000000 0.000000 0.000000
0.000000 0.142938
11 0.015000 0.435000 0.003300
0.487000 0.580000 0.780000 0.490000 1.250000 6.700000 0.650000 0.650000
187499.984375 75.360001 0.084000
1.073000 0.050000 0.116600
0.520788 2.787479 0.010303 0.000000
0.000000

0.028999 6.721195 18.438063
0.468634 0.052132 7.136394 41.845703 583.319275
0.000000 0.000053 0.001130 0.000000 0.000000 0.000000
0.000000 0.000000 0.000016
4.680915 0.650000 0.000000
764.299377 0.000000
0.000000 0.000000 0.000000 0.000000
0.000000 0.135634
11 0.015000 0.450000 0.003300
0.487000 0.580000 0.780000 0.490000 1.250000 6.700000 0.650000 0.650000
187499.984375 75.360001 0.084000
1.073000 0.050000 0.116600
0.520876 2.562829 0.009456 0.000000
0.000000

0.026857 6.237823 16.905014
0.444346 0.049431 6.774431 39.713745 583.248413
0.000000 0.000102 0.001734 0.000000 0.000000 0.000000
0.000000 0.000000 0.000017
4.786416 0.650000 0.000000
764.299377 0.000000
0.000000 0.000000 0.000000 0.000000
0.000000 0.128387
11 0.015000 0.465000 0.003300
0.487000 0.580000 0.780000 0.490000 1.250000 6.700000 0.650000 0.650000
187499.984375 75.360001 0.084000
1.073000 0.050000 0.116600
0.520953 2.341523 0.008625 0.000000
0.000000

0.024875 5.789091 15.526649
0.421697 0.046912 6.436663 37.724831 583.187378
0.000000 0.000098 0.001657 0.000000 0.000000 0.000000
0.000000 0.000000 0.000017
4.889507 0.650000 0.000000
764.299377 0.000000
0.000000 0.000000 0.000000 0.000000
0.000000 0.121248
11 0.015000 0.480000 0.003300
0.487000 0.580000 0.780000 0.490000 1.250000 6.700000 0.650000 0.650000
187499.984375 75.360001 0.084000
1.073000 0.050000 0.116600
0.521040 2.123444 0.007808 0.000000
0.000000

0.023039 5.372286 14.272670
0.400593 0.044564 6.121844 35.871597 583.146423
0.000000 0.000053 0.001097 0.000000 0.000000 0.000000
0.000000 0.000000 0.000016
4.990210 0.650000 0.000000
764.299377 0.000000
0.000000 0.000000 0.000000 0.000000
0.000000 0.114281
11 0.015000 0.495000 0.003300
0.487000 0.580000 0.780000 0.490000 1.250000 6.700000 0.650000 0.650000
187499.984375 75.360001 0.084000
1.073000 0.050000 0.116600
0.521126 1.945450 0.007144 0.000000
0.000000

0.021339 4.985453 13.132709
0.380928 0.042377 5.828372 34.144661 583.091248
0.000000 0.000104 0.001732 0.000000 0.000000 0.000000
0.000000 0.000000 0.000018
5.088554 0.650000 0.000000
764.299377 0.000000
0.000000 0.000000 0.000000 0.000000
0.000000 0.107562
11 0.015000 0.510000 0.003300
0.487000 0.580000 0.780000 0.490000 1.250000 6.700000 0.650000 0.650000
187499.984375 75.360001 0.084000
1.073000 0.050000 0.116600
0.521195 1.797305 0.006592 0.000000
0.000000

0.019766 4.626559 19.985775
0.249410 0.027746 3.802281 22.270672 177.395615
0.000000 0.000000 0.000091 0.000000 0.000000 0.000000
0.000000 0.000000 0.000001
5.184571 0.650000 0.000000
764.299377 0.000000
0.000000 0.000000 0.000000 0.000000
0.000000 0.091952
11 0.015000 0.525000 0.001000
0.487000 0.580000 0.780000 0.490000 1.250000 6.700000 0.650000 0.650000
187499.984375 75.360001 0.084000
1.073000 0.050000 0.116600
0.157958 1.632590 0.005981 0.000000
0.000000

0.018310 4.293341 17.888374
0.236253 0.026283 3.605045 21.111090 177.344376
0.000000 0.000000 0.000091 0.000000 0.000000 0.000000
0.000000 0.000000 0.000001
5.278299 0.650000 0.000000
764.299377 0.000000
0.000000 0.000000 0.000000 0.000000
0.000000 0.085829
11 0.015000 0.540000 0.001000
0.487000 0.580000 0.780000 0.490000 1.250000 6.700000 0.650000 0.650000
187499.984375 75.360001 0.084000
1.073000 0.050000 0.116600
0.157977 1.459781 0.005340 0.000000
0.000000

0.016961 3.984072 16.126442
0.223539 0.024869 3.413202 19.983786 177.285706
0.000000 0.000000 0.000088 0.000000 0.000000 0.000000
0.000000 0.000000 0.000000
5.369780 0.650000 0.000000
764.299377 0.000000
0.000000 0.000000 0.000000 0.000000
0.000000 0.080279
11 0.015000 0.555000 0.001000
0.487000 0.580000 0.780000 0.490000 1.250000 6.700000 0.650000 0.650000
187499.984375 75.360001 0.084000
1.073000 0.050000 0.116600
0.157998 1.289729 0.004712 0.000000
0.000000

0.015712 3.697109 14.298878
0.212357 0.023625 3.243801 18.988440 177.245148
0.000000 0.000000 0.000084 0.000000 0.000000 0.000000
0.000000 0.000000 0.000000
5.459057 0.650000 0.000000
764.299377 0.000000
0.000000 0.000000 0.000000 0.000000
0.000000 0.075330
11 0.015000 0.570000 0.001000
0.487000 0.580000 0.780000 0.490000 1.250000 6.700000 0.650000 0.650000
187499.984375 75.360001 0.084000
1.073000 0.050000 0.116600
0.158016 1.149016 0.004194 0.000000
0.000000

0.014555 3.431739 13.076089
0.200516 0.022308 3.063271 17.928423 177.205170
0.000000 0.000000 0.000081 0.000000 0.000000 0.000000
0.000000 0.000000 0.000000
5.546180 0.650000 0.000000
764.299377 0.000000
0.000000 0.000000 0.000000 0.000000
0.000000 0.070709
11 0.015000 0.585000 0.001000
0.487000 0.580000 0.780000 0.490000 1.250000 6.700000 0.650000 0.650000
187499.984375 75.360001 0.084000
1.073000 0.050000 0.116600
0.158037 1.030002 0.003756 0.000000
0.000000

0.013484 3.184883 12.219142
0.188658 0.020988 2.882555 16.867889 177.158264
0.000000 0.000000 0.000081 0.000000 0.000000 0.000000
0.000000 0.000000 0.000000
5.631199 0.650000 0.000000
764.299377 0.000000
0.000000 0.000000 0.000000 0.000000
0.000000 0.066291
11 0.015000 0.600000 0.001000
0.487000 0.580000 0.780000 0.490000 1.250000 6.700000 0.650000 0.650000
187499.984375 75.360001 0.084000
1.073000 0.050000 0.116600
0.158055 0.929948 0.003388 0.000000
0.000000

0.012491 2.955108 10.691696
0.179973 0.020022 2.751524 16.098465 177.118622
0.000000 0.000000 0.000079 0.000000 0.000000 0.000000
0.000000 0.000000 0.000000
5.714168 0.650000 0.000000
764.299377 0.000000
0.000000 0.000000 0.000000 0.000000
0.000000 0.062223
11 0.015000 0.615000 0.001000
0.487000 0.580000 0.780000 0.490000 1.250000 6.700000 0.650000 0.650000
187499.984375 75.360001 0.084000
1.073000 0.050000 0.116600
0.158072 0.846554 0.003083 0.000000
0.000000

0.011572 2.742037 9.052783
0.172596 0.019202 2.640792 15.448101 177.095520
0.000000 0.000000 0.000076 0.000000 0.000000 0.000000
0.000000 0.000000 0.000000
5.795146 0.650000 0.000000
764.299377 0.000000
0.000000 0.000000 0.000000 0.000000
0.000000 0.058428
11 0.015000 0.630000 0.001000
0.487000 0.580000 0.780000 0.490000 1.250000 6.700000 0.650000 0.650000
187499.984375 75.360001 0.084000
1.073000 0.050000 0.116600
0.158084 0.767523 0.002793 0.000000
0.000000

0.010721 2.544429 7.421476
0.167919 0.018681 2.540851 14.861174 177.079086
0.000000 0.000020 0.001168 0.000000 0.000000 0.000000
0.000000 0.000000 0.000005
5.874189 0.650000 0.000000
764.299377 0.000000
0.000000 0.000000 0.000000 0.000000
0.000000 0.058389
11 0.015000 0.645000 0.001000
0.487000 0.580000 0.780000 0.490000 1.250000 6.700000 0.650000 0.650000
187499.984375 75.360001 0.084000
1.073000 0.050000 0.116600
0.158098 1.039737 0.003792 0.000000
0.000000

0.010036 2.370073 6.338719
0.159823 0.017781 2.427388 14.188677 177.057114
0.000000 0.000086 0.003649 0.000000 0.000000 0.000000
0.000000 0.000000 0.000006
5.951358 0.650000 0.000000
764.299377 0.000000
0.000000 0.000000 0.000000 0.000000
0.000000 0.054287
11 0.015000 0.660000 0.001000
0.487000 0.580000 0.780000 0.490000 1.250000 6.700000 0.650000 0.650000
187499.984375 75.360001 0.084000
1.073000 0.050000 0.116600
0.158140 1.111241 0.004055 0.000000
0.000000

0.009311 2.203881 5.730740
0.151454 0.016850 2.304459 13.465111 177.041351
0.000000 0.000139 0.005365 0.000000 0.000000 0.000000
0.000000 0.000000 0.000007
6.026717 0.650000 0.000000
764.299377 0.000000
0.000000 0.000000 0.000000 0.000000
0.000000 0.050719
11 0.015000 0.675000 0.001000
0.487000 0.580000 0.780000 0.490000 1.250000 6.700000 0.650000 0.650000
187499.984375 75.360001 0.084000
1.073000 0.050000 0.116600
0.158196 1.143765 0.004174 0.000000
0.000000

0.008713 2.054123 5.305482
0.143346 0.015948 2.183911 12.753262 177.019302
0.000000 0.006770 0.009328 0.000000 0.000000 0.000000
0.000000 0.000006 0.000001
6.100328 0.650000 0.000000
764.299377 0.000000
0.000000 0.000000 0.000000 0.000000
0.000000 0.047491
11 0.015000 0.690000 0.001000
0.487000 0.580000 0.780000 0.490000 1.250000 6.700000 0.650000 0.650000
187499.984375 75.360001 0.084000
1.073000 0.050000 0.116600
0.158255 1.062731 0.003876 0.000000
0.000000

0.008175 1.915894 4.939257
0.135762 0.015104 2.071184 12.085226 177.001266
0.000000 0.028731 0.013769 0.000000 0.000000 0.000000
0.000001 0.000004 0.000000
6.172256 0.650000 0.000000
764.299377 0.000000
0.000000 0.000000 0.000000 0.000000
0.000000 0.178682
11 0.015000 0.705000 0.001000
0.487000 0.580000 0.780000 0.490000 1.250000 6.700000 0.650000 0.650000
187499.984375 75.360001 0.084000
1.073000 0.050000 0.116600
0.158311 1.206938 0.004407 0.000000
0.000000

0.007655 1.789667 4.625023
0.128785 0.014328 1.967483 11.469349 176.988327
0.000000 0.051607 0.017916 0.000000 0.000000 0.000000
0.000001 0.000002 0.000000
6.242566 0.650000 0.000000
764.299377 0.000000
0.000000 0.000000 0.000000 0.000000
0.000000 0.253927
11 0.015000 0.720000 0.001000
0.487000 0.580000 0.780000 0.490000 1.250000 6.700000 0.650000 0.650000
187499.984375 75.360001 0.084000
1.073000 0.050000 0.116600
0.158431 1.431404 0.005236 0.000000
0.000000

0.007261 1.696290 4.438595
0.122583 0.013638 1.877885 10.918117 177.033188
0.000000 2.200532 0.023133 0.000000 0.000000 0.000000
0.000001 0.000000 0.000000
6.311323 0.650000 0.000000
764.299377 0.000000
0.000000 0.000000 0.000000 0.000000
0.000000 15.179922
11 0.015000 0.735000 0.001000
0.487000 0.580000 0.780000 0.490000 1.250000 6.700000 0.650000 0.650000
187499.984375 75.360001 0.084000
1.073000 0.050000 0.116600
0.158876 1.288541 0.004708 0.000000
0.000000

0.000000 0.274915 5.964109
0.077786 0.008648 1.281119 7.080853 177.762009
0.000000 2.169286 0.017591 0.000000 0.000000 0.000000
0.000000 0.000000 0.000000
6.372051 0.987318 0.000000
764.299377 0.000000
0.000000 0.000000 0.000000 0.000000
0.000000 0.987745
11 0.015000 0.750000 0.001000
0.487000 0.580000 0.780000 0.490000 1.250000 6.700000 0.650000 0.650000
187499.984375 75.360001 0.084000
1.073000 0.050000 0.116600
0.162582 0.157336 0.000866 0.000000
0.000000

0.000000 0.276380 5.889738
0.074692 0.008303 1.233726 6.805801 177.946884
0.000000 1.257172 0.016447 0.000000 0.000000 0.000000
0.000000 0.000001 0.000000
6.425608 1.000000 0.000000
764.299377 0.000000
0.000000 0.000000 0.000000 0.000000
0.000000 0.979871
11 0.015000 0.765000 0.001000
0.487000 0.580000 0.780000 0.490000 1.250000 6.700000 0.650000 0.650000
187499.984375 75.360001 0.084000
1.073000 0.050000 0.116600
0.163108 0.141160 0.000786 0.000000
0.000000

0.000000 0.263573 5.570197
0.072185 0.008025 1.192900 6.579827 177.981186
0.000000 0.543140 0.016566 0.000000 0.000000 0.000000
0.000000 0.000001 0.000000
6.477435 1.000000 0.000000
764.299377 0.000000
0.000000 0.000000 0.000000 0.000000
0.000000 0.957785
11 0.015000 0.780000 0.001000
0.487000 0.580000 0.780000 0.490000 1.250000 6.700000 0.650000 0.650000
187499.984375 75.360001 0.084000
1.073000 0.050000 0.116600
0.163222 0.126026 0.000702 0.000000
0.000000

0.000000 0.248661 5.252913
0.070176 0.007801 1.160495 6.400351 178.094650
0.000000 0.211811 0.015600 0.000000 0.000000 0.000000
0.000000 0.000003 0.000000
6.527757 1.000000 0.000000
764.299377 0.000000
0.000000 0.000000 0.000000 0.000000
0.000000 0.906080
11 0.015000 0.795000 0.001000
0.487000 0.580000 0.780000 0.490000 1.250000 6.700000 0.650000 0.650000
187499.984375 75.360001 0.084000
1.073000 0.050000 0.116600
0.163550 0.117096 0.000652 0.000000
0.000000

0.000000 0.232556 4.907536
0.068135 0.007575 1.127672 6.218638 178.103333
0.000000 0.098774 0.015167 0.000000 0.000000 0.000000
0.000000 0.000005 0.000000
6.576633 1.000000 0.000000
764.299377 0.000000
0.000000 0.000000 0.000000 0.000000
0.000000 1.055475
11 0.015000 0.810000 0.001000
0.487000 0.580000 0.780000 0.490000 1.250000 6.700000 0.650000 0.650000
187499.984375 75.360001 0.084000
1.073000 0.050000 0.116600
0.163582 0.111185 0.000619 0.000000
0.000000

0.000000 0.216790 4.587003
0.066258 0.007366 1.097506 6.051626 178.113464
0.000000 0.110579 0.015925 0.000000 0.000000 0.000000
0.000000 0.000004 0.000000
6.624126 1.000000 0.000000
764.299377 0.000000
0.000000 0.000000 0.000000 0.000000
0.000000 1.229105
11 0.015000 0.825000 0.001000
0.487000 0.580000 0.780000 0.490000 1.250000 6.700000 0.650000 0.650000
187499.984375 75.360001 0.084000
1.073000 0.050000 0.116600
0.163616 0.109171 0.000608 0.000000
0.000000

0.000000 0.202088 4.289355
0.064523 0.007173 1.069652 5.897405 178.124680
0.000000 0.405433 0.016956 0.000000 0.000000 0.000000
0.000000 0.000001 0.000000
6.670291 1.000000 0.000000
764.299377 0.000000
0.000000 0.000000 0.000000 0.000000
0.000000 1.709135
11 0.015000 0.840000 0.001000
0.487000 0.580000 0.780000 0.490000 1.250000 6.700000 0.650000 0.650000
187499.984375 75.360001 0.084000
1.073000 0.050000 0.116600
0.163655 0.109517 0.000610 0.000000
0.000000

0.000000 0.187972 4.005695
0.062922 0.006995 1.043984 5.755269 178.130875
0.000000 1.746642 0.023531 0.000000 0.000000 0.000000
0.000000 0.000000 0.000000
6.715188 1.000000 0.000000
764.299377 0.000000
0.000000 0.000000 0.000000 0.000000
0.000000 2.452567
11 0.015000 0.855000 0.001000
0.487000 0.580000 0.780000 0.490000 1.250000 6.700000 0.650000 0.650000
187499.984375 75.360001 0.084000
1.073000 0.050000 0.116600
0.163683 0.120149 0.000669 0.000000
0.000000

0.000000 0.000000 0.309517
0.043193 0.004802 0.728027 4.012985 178.477005
0.000000 3.573063 0.018641 0.000000 0.000000 0.000000
0.000000 0.000000 0.000000
6.758871 1.000000 0.000000
764.299377 0.000000
0.000000 0.000000 0.000000 0.000000
0.000000 0.973618
11 0.015000 0.870000 0.001000
0.487000 0.580000 0.780000 0.490000 1.250000 6.700000 0.650000 0.650000
187499.984375 75.360001 0.084000
1.073000 0.050000 0.116600
0.164676 0.090224 0.000503 0.000000
0.000000

0.000000 0.000000 0.311179
0.043210 0.004804 0.728365 4.014451 178.484238
0.000000 4.434669 0.017966 0.000000 0.000000 0.000000
0.000000 0.000000 0.000000
6.801396 1.000000 0.000000
764.299377 0.000000
0.000000 0.000000 0.000000 0.000000
0.000000 0.977415
11 0.015000 0.885000 0.001000
0.487000 0.580000 0.780000 0.490000 1.250000 6.700000 0.650000 0.650000
187499.984375 75.360001 0.084000
1.073000 0.050000 0.116600
0.164694 0.090373 0.000503 0.000000
0.000000

0.000000 0.000000 0.312319
0.043222 0.004805 0.728620 4.015469 178.492065
0.000000 3.885771 0.016947 0.000000 0.000000 0.000000
0.000000 0.000000 0.000000
6.842816 1.000000 0.000000
764.299377 0.000000
0.000000 0.000000 0.000000 0.000000
0.000000 0.983377
11 0.015000 0.900000 0.001000
0.487000 0.580000 0.780000 0.490000 1.250000 6.700000 0.650000 0.650000
187499.984375 75.360001 0.084000
1.073000 0.050000 0.116600
0.164707 0.090233 0.000503 0.000000
0.000000

0.000000 0.000000 0.313333
0.043233 0.004806 0.728850 4.016358 178.501617
0.000000 2.618814 0.016264 0.000000 0.000000 0.000000
0.000000 0.000000 0.000000
6.883183 1.000000 0.000000
764.299377 0.000000
0.000000 0.000000 0.000000 0.000000
0.000000 0.987561
11 0.015000 0.915000 0.001000
0.487000 0.580000 0.780000 0.490000 1.250000 6.700000 0.650000 0.650000
187499.984375 75.360001 0.084000
1.073000 0.050000 0.116600
0.164720 0.090278 0.000503 0.000000
0.000000

0.000000 0.000000 0.314312
0.043243 0.004807 0.729073 4.017197 178.508392
0.000000 1.432818 0.015875 0.000000 0.000000 0.000000
0.000000 0.000000 0.000000
6.922549 1.000000 0.000000
764.299377 0.000000
0.000000 0.000000 0.000000 0.000000
0.000000 0.989336
11 0.015000 0.930000 0.001000
0.487000 0.580000 0.780000 0.490000 1.250000 6.700000 0.650000 0.650000
187499.984375 75.360001 0.084000
1.073000 0.050000 0.116600
0.164731 0.090153 0.000502 0.000000
0.000000

0.000000 0.000000 0.315296
0.043253 0.004808 0.729290 4.018015 178.515091
0.000000 0.661144 0.015664 0.000000 0.000000 0.000000
0.000000 0.000001 0.000000
6.960961 1.000000 0.000000
764.299377 0.000000
0.000000 0.000000 0.000000 0.000000
0.000000 0.989662
11 0.015000 0.945000 0.001000
0.487000 0.580000 0.780000 0.490000 1.250000 6.700000 0.650000 0.650000
187499.984375 75.360001 0.084000
1.073000 0.050000 0.116600
0.164744 0.090341 0.000503 0.000000
0.000000

0.000000 0.000000 0.316301
0.043263 0.004810 0.729515 4.018902 178.521439
0.000000 0.265710 0.015479 0.000000 0.000000 0.000000
0.000000 0.000002 0.000000
6.998466 1.000000 0.000000
764.299377 0.000000
0.000000 0.000000 0.000000 0.000000
0.000000 0.989364
11 0.015000 0.960000 0.001000
0.487000 0.580000 0.780000 0.490000 1.250000 6.700000 0.650000 0.650000
187499.984375 75.360001 0.084000
1.073000 0.050000 0.116600
0.164756 0.090296 0.000503 0.000000
0.000000

0.000000 0.000000 0.317892
0.043280 0.004811 0.729837 4.020311 178.528229
0.000000 0.096957 0.015294 0.000000 0.000000 0.000000
0.000000 0.000005 0.000000
7.035109 1.000000 0.000000
764.299377 0.000000
0.000000 0.000000 0.000000 0.000000
0.000000 0.988916
11 0.015000 0.975000 0.001000
0.487000 0.580000 0.780000 0.490000 1.250000 6.700000 0.650000 0.650000
187499.984375 75.360001 0.084000
1.073000 0.050000 0.116600
0.164773 0.090259 0.000503 0.000000
0.000000

0.000000 0.000000 0.319146
0.043292 0.004813 0.730096 4.021386 178.535980
0.000000 0.035160 0.015239 0.000000 0.000000 0.000000
0.000000 0.000012 0.000001
7.070934 1.000000 0.000000
764.299377 0.000000
0.000000 0.000000 0.000000 0.000000
0.000000 0.988386
11 0.015000 0.990000 0.001000
0.487000 0.580000 0.780000 0.490000 1.250000 6.700000 0.650000 0.650000
187499.984375 75.360001 0.084000
1.073000 0.050000 0.116600
0.164786 0.090228 0.000503 0.000000
0.000000

0.000000 0.000000 0.320073
0.043302 0.004814 0.730302 4.022172 178.544434
0.000000 0.015558 0.015186 0.000000 0.000000 0.000000
0.000000 0.000021 0.000002
7.105983 1.000000 0.000000
764.299377 0.000000
0.000000 0.000000 0.000000 0.000000
0.000000 0.987824
11 0.015000 1.005000 0.001000
0.487000 0.580000 0.780000 0.490000 1.250000 6.700000 0.650000 0.650000
187499.984375 75.360001 0.084000
1.073000 0.050000 0.116600
0.164798 0.090400 0.000503 0.000000
0.000000

0.000000 0.000000 0.321437
0.043315 0.004815 0.730576 4.023328 178.550507
0.000000 0.010385 0.015189 0.000000 0.000000 0.000000
0.000000 0.000020 0.000003
7.140296 1.000000 0.000000
764.299377 0.000000
0.000000 0.000000 0.000000 0.000000
0.000000 0.987303
11 0.015000 1.020000 0.001000
0.487000 0.580000 0.780000 0.490000 1.250000 6.700000 0.650000 0.650000
187499.984375 75.360001 0.084000
1.073000 0.050000 0.116600
0.164813 0.090253 0.000503 0.000000
0.000000

0.000000 0.000000 0.322351
0.043324 0.004816 0.730780 4.024122 178.556335
0.000000 0.009525 0.015159 0.000000 0.000000 0.000000
0.000000 0.000020 0.000003
7.173909 1.000000 0.000000
764.299377 0.000000
0.000000 0.000000 0.000000 0.000000
0.000000 0.986747
11 0.015000 1.035000 0.001000
0.487000 0.580000 0.780000 0.490000 1.250000 6.700000 0.650000 0.650000
187499.984375 75.360001 0.084000
1.073000 0.050000 0.116600
0.164823 0.090492 0.000504 0.000000
0.000000

0.000000 0.000000 0.323335
0.043334 0.004818 0.730991 4.024955 178.562881
0.000000 0.009741 0.015140 0.000000 0.000000 0.000000
0.000000 0.000021 0.000003
7.206861 1.000000 0.000000
764.299377 0.000000
0.000000 0.000000 0.000000 0.000000
0.000000 0.986217
11 0.015000 1.050000 0.001000
0.487000 0.580000 0.780000 0.490000 1.250000 6.700000 0.650000 0.650000
187499.984375 75.360001 0.084000
1.073000 0.050000 0.116600
0.164835 0.090312 0.000503 0.000000
0.000000

0.000000 0.000000 0.324225
0.043343 0.004819 0.731179 4.025671 178.569092
0.000000 0.010068 0.015081 0.000000 0.000000 0.000000
0.000000 0.000021 0.000003
7.239184 1.000000 0.000000
764.299377 0.000000
0.000000 0.000000 0.000000 0.000000
0.000000 0.985681
11 0.015000 1.065000 0.001000
0.487000 0.580000 0.780000 0.490000 1.250000 6.700000 0.650000 0.650000
187499.984375 75.360001 0.084000
1.073000 0.050000 0.116600
0.164844 0.090507 0.000504 0.000000
0.000000

0.000000 0.000000 0.325157
0.043352 0.004820 0.731379 4.026446 178.575394
0.000000 0.010224 0.015018 0.000000 0.000000 0.000000
0.000000 0.000021 0.000003
7.270912 1.000000 0.000000
764.299377 0.000000
0.000000 0.000000 0.000000 0.000000
0.000000 0.985155
11 0.015000 1.080000 0.001000
0.487000 0.580000 0.780000 0.490000 1.250000 6.700000 0.650000 0.650000
187499.984375 75.360001 0.084000
1.073000 0.050000 0.116600
0.164854 0.090267 0.000503 0.000000
0.000000

0.000000 0.000000 0.326786
0.043368 0.004821 0.731685 4.027826 178.582214
0.000000 0.010142 0.014977 0.000000 0.000000 0.000000
0.000000 0.000021 0.000003
7.302075 1.000000 0.000000
764.299377 0.000000
0.000000 0.000000 0.000000 0.000000
0.000000 0.984697
11 0.015000 1.095000 0.001000
0.487000 0.580000 0.780000 0.490000 1.250000 6.700000 0.650000 0.650000
187499.984375 75.360001 0.084000
1.073000 0.050000 0.116600
0.164873 0.090623 0.000505 0.000000
0.000000

0.000000 0.000000 0.328659
0.043386 0.004823 0.732029 4.029407 178.590591
0.000000 0.009830 0.014886 0.000000 0.000000 0.000000
0.000000 0.000021 0.000003
7.332704 1.000000 0.000000
764.299377 0.000000
0.000000 0.000000 0.000000 0.000000
0.000000 0.984264
11 0.015000 1.110000 0.001000
0.487000 0.580000 0.780000 0.490000 1.250000 6.700000 0.650000 0.650000
187499.984375 75.360001 0.084000
1.073000 0.050000 0.116600
0.164895 0.090162 0.000502 0.000000
0.000000

0.000000 0.000000 0.329537
0.043394 0.004824 0.732212 4.030105 178.596069
0.000000 0.009344 0.014806 0.000000 0.000000 0.000000
0.000000 0.000021 0.000003
7.362825 1.000000 0.000000
764.299377 0.000000
0.000000 0.000000 0.000000 0.000000
0.000000 0.983757
11 0.015000 1.125000 0.001000
0.487000 0.580000 0.780000 0.490000 1.250000 6.700000 0.650000 0.650000
187499.984375 75.360001 0.084000
1.073000 0.050000 0.116600
0.164904 0.090457 0.000504 0.000000
0.000000

0.000000 0.000000 0.330401
0.043403 0.004825 0.732394 4.030811 178.602234
0.000000 0.008761 0.014771 0.000000 0.000000 0.000000
0.000000 0.000021 0.000003
7.392465 1.000000 0.000000
764.299377 0.000000
0.000000 0.000000 0.000000 0.000000
0.000000 0.983267
11 0.015000 1.140000 0.001000
0.487000 0.580000 0.780000 0.490000 1.250000 6.700000 0.650000 0.650000
187499.984375 75.360001 0.084000
1.073000 0.050000 0.116600
0.164914 0.090390 0.000503 0.000000
0.000000

0.000000 0.000000 0.331258
0.043412 0.004826 0.732578 4.031531 178.607620
0.000000 0.008142 0.014678 0.000000 0.000000 0.000000
0.000000 0.000020 0.000003
7.421647 1.000000 0.000000
764.299377 0.000000
0.000000 0.000000 0.000000 0.000000
0.000000 0.982777
11 0.015000 1.155000 0.001000
0.487000 0.580000 0.780000 0.490000 1.250000 6.700000 0.650000 0.650000
187499.984375 75.360001 0.084000
1.073000 0.050000 0.116600
0.164926 0.090481 0.000504 0.000000
0.000000

0.000000 0.000000 0.332233
0.043421 0.004827 0.732773 4.032311 178.613098
0.000000 0.007545 0.014618 0.000000 0.000000 0.000000
0.000000 0.000020 0.000004
7.450394 1.000000 0.000000
764.299377 0.000000
0.000000 0.000000 0.000000 0.000000
0.000000 0.982306
11 0.015000 1.170000 0.001000
0.487000 0.580000 0.780000 0.490000 1.250000 6.700000 0.650000 0.650000
187499.984375 75.360001 0.084000
1.073000 0.050000 0.116600
0.164933 0.090454 0.000504 0.000000
0.000000

0.000000 0.000000 0.333359
0.043432 0.004828 0.732992 4.033231 178.619461
0.000000 0.007016 0.014583 0.000000 0.000000 0.000000
0.000000 0.000020 0.000004
7.478728 1.000000 0.000000
764.299377 0.000000
0.000000 0.000000 0.000000 0.000000
0.000000 0.981847
11 0.015000 1.185000 0.001000
0.487000 0.580000 0.780000 0.490000 1.250000 6.700000 0.650000 0.650000
187499.984375 75.360001 0.084000
1.073000 0.050000 0.116600
0.164945 0.090196 0.000502 0.000000
0.000000

0.000000 0.000000 0.334189
0.043439 0.004829 0.733161 4.033880 178.625290
0.000000 0.006565 0.014499 0.000000 0.000000 0.000000
0.000000 0.000020 0.000004
7.506668 1.000000 0.000000
764.299377 0.000000
0.000000 0.000000 0.000000 0.000000
0.000000 0.981367
11 0.015000 1.200000 0.001000
0.487000 0.580000 0.780000 0.490000 1.250000 6.700000 0.650000 0.650000
187499.984375 75.360001 0.084000
1.073000 0.050000 0.116600
0.164957 0.090374 0.000503 0.000000
0.000000

0.000000 0.000000 0.335013
0.043447 0.004830 0.733332 4.034548 178.630157
0.000000 0.006196 0.014437 0.000000 0.000000 0.000000
0.000000 0.000019 0.000005
7.534233 1.000000 0.000000
764.299377 0.000000
0.000000 0.000000 0.000000 0.000000
0.000000 0.980894
11 0.015000 1.215000 0.001000
0.487000 0.580000 0.780000 0.490000 1.250000 6.700000 0.650000 0.650000
187499.984375 75.360001 0.084000
1.073000 0.050000 0.116600
0.164965 0.090321 0.000503 0.000000
0.000000

0.000000 0.000000 0.335827
0.043455 0.004831 0.733505 4.035231 178.637344
0.000000 0.005910 0.014416 0.000000 0.000000 0.000000
0.000000 0.000019 0.000005
7.561440 1.000000 0.000000
764.299377 0.000000
0.000000 0.000000 0.000000 0.000000
0.000000 0.980431
11 0.015000 1.230000 0.001000
0.487000 0.580000 0.780000 0.490000 1.250000 6.700000 0.650000 0.650000
187499.984375 75.360001 0.084000
1.073000 0.050000 0.116600
0.164973 0.090389 0.000503 0.000000
0.000000

0.000000 0.000000 0.336634
0.043463 0.004832 0.733670 4.035869 178.642776
0.000000 0.005695 0.014412 0.000000 0.000000 0.000000
0.000000 0.000019 0.000005
7.588305 1.000000 0.000000
764.299377 0.000000
0.000000 0.000000 0.000000 0.000000
0.000000 0.979969
11 0.015000 1.245000 0.001000
0.487000 0.580000 0.780000 0.490000 1.250000 6.700000 0.650000 0.650000
187499.984375 75.360001 0.084000
1.073000 0.050000 0.116600
0.164980 0.090463 0.000504 0.000000
0.000000

0.000000 0.000000 0.337433
0.043470 0.004833 0.733833 4.036487 178.648376
0.000000 0.005529 0.014328 0.000000 0.000000 0.000000
0.000000 0.000019 0.000005
7.614843 1.000000 0.000000
764.299377 0.000000
0.000000 0.000000 0.000000 0.000000
0.000000 0.979510
11 0.015000 1.260000 0.001000
0.487000 0.580000 0.780000 0.490000 1.250000 6.700000 0.650000 0.650000
187499.984375 75.360001 0.084000
1.073000 0.050000 0.116600
0.164992 0.090770 0.000506 0.000000
0.000000

0.000000 0.000000 0.338255
0.043478 0.004834 0.733996 4.037122 178.654022
0.000000 0.005405 0.014297 0.000000 0.000000 0.000000
0.000000 0.000019 0.000005
7.641067 1.000000 0.000000
764.299377 0.000000
0.000000 0.000000 0.000000 0.000000
0.000000 0.979059
11 0.015000 1.275000 0.001000
0.487000 0.580000 0.780000 0.490000 1.250000 6.700000 0.650000 0.650000
187499.984375 75.360001 0.084000
1.073000 0.050000 0.116600
0.165000 0.090718 0.000505 0.000000
0.000000

0.000000 0.000000 0.339283
0.043488 0.004835 0.734191 4.037935 178.659866
0.000000 0.005313 0.014260 0.000000 0.000000 0.000000
0.000000 0.000019 0.000005
7.666988 1.000000 0.000000
764.299377 0.000000
0.000000 0.000000 0.000000 0.000000
0.000000 0.978638
11 0.015000 1.290000 0.001000
0.487000 0.580000 0.780000 0.490000 1.250000 6.700000 0.650000 0.650000
187499.984375 75.360001 0.084000
1.073000 0.050000 0.116600
0.165011 0.090722 0.000505 0.000000
0.000000

0.000000 0.000000 0.340343
0.043498 0.004836 0.734395 4.038800 178.666000
0.000000 0.005244 0.014224 0.000000 0.000000 0.000000
0.000000 0.000019 0.000005
7.692620 1.000000 0.000000
764.299377 0.000000
0.000000 0.000000 0.000000 0.000000
0.000000 0.978212
11 0.015000 1.305000 0.001000
0.487000 0.580000 0.780000 0.490000 1.250000 6.700000 0.650000 0.650000
187499.984375 75.360001 0.084000
1.073000 0.050000 0.116600
0.165023 0.090604 0.000505 0.000000
0.000000

0.000000 0.000000 0.341194
0.043506 0.004837 0.734561 4.039465 178.670868
0.000000 0.005190 0.014170 0.000000 0.000000 0.000000
0.000000 0.000019 0.000006
7.717971 1.000000 0.000000
764.299377 0.000000
0.000000 0.000000 0.000000 0.000000
0.000000 0.977793
11 0.015000 1.320000 0.001000
0.487000 0.580000 0.780000 0.490000 1.250000 6.700000 0.650000 0.650000
187499.984375 75.360001 0.084000
1.073000 0.050000 0.116600
0.165031 0.090712 0.000505 0.000000
0.000000

0.000000 0.000000 0.341976
0.043513 0.004837 0.734717 4.040072 178.676514
0.000000 0.005146 0.014146 0.000000 0.000000 0.000000
0.000000 0.000019 0.000006
7.743052 1.000000 0.000000
764.299377 0.000000
0.000000 0.000000 0.000000 0.000000
0.000000 0.977367
11 0.015000 1.335000 0.001000
0.487000 0.580000 0.780000 0.490000 1.250000 6.700000 0.650000 0.650000
187499.984375 75.360001 0.084000
1.073000 0.050000 0.116600
0.165042 0.090619 0.000505 0.000000
0.000000

0.000000 0.000000 0.342734
0.043520 0.004838 0.734865 4.040645 178.683243
0.000000 0.005108 0.014088 0.000000 0.000000 0.000000
0.000000 0.000019 0.000006
7.767871 1.000000 0.000000
764.299377 0.000000
0.000000 0.000000 0.000000 0.000000
0.000000 0.976950
11 0.015000 1.350000 0.001000
0.487000 0.580000 0.780000 0.490000 1.250000 6.700000 0.650000 0.650000
187499.984375 75.360001 0.084000
1.073000 0.050000 0.116600
0.165047 0.090709 0.000505 0.000000
0.000000

0.000000 0.000000 0.343494
0.043527 0.004839 0.735012 4.041220 178.688873
0.000000 0.005084 0.014092 0.000000 0.000000 0.000000
0.000000 0.000019 0.000006
7.792436 1.000000 0.000000
764.299377 0.000000
0.000000 0.000000 0.000000 0.000000
0.000000 0.976540
11 0.015000 1.365000 0.001000
0.487000 0.580000 0.780000 0.490000 1.250000 6.700000 0.650000 0.650000
187499.984375 75.360001 0.084000
1.073000 0.050000 0.116600
0.165057 0.090808 0.000506 0.000000
0.000000

0.000000 0.000000 0.344331
0.043535 0.004840 0.735178 4.041886 178.694565
0.000000 0.005061 0.014021 0.000000 0.000000 0.000000
0.000000 0.000019 0.000006
7.816753 1.000000 0.000000
764.299377 0.000000
0.000000 0.000000 0.000000 0.000000
0.000000 0.976144
11 0.015000 1.380000 0.001000
0.487000 0.580000 0.780000 0.490000 1.250000 6.700000 0.650000 0.650000
187499.984375 75.360001 0.084000
1.073000 0.050000 0.116600
0.165064 0.090995 0.000507 0.000000
0.000000

0.000000 0.000000 0.345897
0.043548 0.004841 0.735440 4.043097 178.701111
0.000000 0.005040 0.014009 0.000000 0.000000 0.000000
0.000000 0.000019 0.000006
7.840830 1.000000 0.000000
764.299377 0.000000
0.000000 0.000000 0.000000 0.000000
0.000000 0.975810
11 0.015000 1.395000 0.001000
0.487000 0.580000 0.780000 0.490000 1.250000 6.700000 0.650000 0.650000
187499.984375 75.360001 0.084000
1.073000 0.050000 0.116600
0.165082 0.090747 0.000505 0.000000
0.000000

0.000000 0.000000 0.346684
0.043556 0.004842 0.735591 4.043707 178.706451
0.000000 0.005013 0.013937 0.000000 0.000000 0.000000
0.000000 0.000019 0.000006
7.864671 1.000000 0.000000
764.299377 0.000000
0.000000 0.000000 0.000000 0.000000
0.000000 0.975423
11 0.015000 1.410000 0.001000
0.487000 0.580000 0.780000 0.490000 1.250000 6.700000 0.650000 0.650000
187499.984375 75.360001 0.084000
1.073000 0.050000 0.116600
0.165091 0.090982 0.000507 0.000000
0.000000

0.000000 0.000000 0.347620
0.043564 0.004843 0.735764 4.044429 178.711868
0.000000 0.004988 0.013920 0.000000 0.000000 0.000000
0.000000 0.000019 0.000006
7.888281 1.000000 0.000000
764.299377 0.000000
0.000000 0.000000 0.000000 0.000000
0.000000 0.975055
11 0.015000 1.425000 0.001000
0.487000 0.580000 0.780000 0.490000 1.250000 6.700000 0.650000 0.650000
187499.984375 75.360001 0.084000
1.073000 0.050000 0.116600
0.165099 0.090715 0.000505 0.000000
0.000000

0.000000 0.000000 0.348448
0.043571 0.004844 0.735914 4.045026 178.717514
0.000000 0.004964 0.013892 0.000000 0.000000 0.000000
0.000000 0.000019 0.000006
7.911665 1.000000 0.000000
764.299377 0.000000
0.000000 0.000000 0.000000 0.000000
0.000000 0.974684
11 0.015000 1.440000 0.001000
0.487000 0.580000 0.780000 0.490000 1.250000 6.700000 0.650000 0.650000
187499.984375 75.360001 0.084000
1.073000 0.050000 0.116600
0.165108 0.090754 0.000505 0.000000
0.000000

0.000000 0.000000 0.349166
0.043578 0.004845 0.736054 4.045569 178.722382
0.000000 0.004943 0.013862 0.000000 0.000000 0.000000
0.000000 0.000019 0.000006
7.934827 1.000000 0.000000
764.299377 0.000000
0.000000 0.000000 0.000000 0.000000
0.000000 0.974315
11 0.015000 1.455000 0.001000
0.487000 0.580000 0.780000 0.490000 1.250000 6.700000 0.650000 0.650000
187499.984375 75.360001 0.084000
1.073000 0.050000 0.116600
0.165119 0.090703 0.000505 0.000000
0.000000

0.000000 0.000000 0.349879
0.043584 0.004845 0.736193 4.046117 178.726974
0.000000 0.004921 0.013822 0.000000 0.000000 0.000000
0.000000 0.000019 0.000006
7.957771 1.000000 0.000000
764.299377 0.000000
0.000000 0.000000 0.000000 0.000000
0.000000 0.973945
11 0.015000 1.470000 0.001000
0.487000 0.580000 0.780000 0.490000 1.250000 6.700000 0.650000 0.650000
187499.984375 75.360001 0.084000
1.073000 0.050000 0.116600
0.165124 0.090772 0.000506 0.000000
0.000000

0.000000 0.000000 0.350584
0.043591 0.004846 0.736331 4.046652 178.732010
0.000000 0.004900 0.013786 0.000000 0.000000 0.000000
0.000000 0.000019 0.000006
7.980498 1.000000 0.000000
764.299377 0.000000
0.000000 0.000000 0.000000 0.000000
0.000000 0.973579
11 0.015000 1.485000 0.001000
0.487000 0.580000 0.780000 0.490000 1.250000 6.700000 0.650000 0.650000
187499.984375 75.360001 0.084000
1.073000 0.050000 0.116600
0.165131 0.090855 0.000506 0.000000
0.000000

0.000000 0.000000 0.351287
0.043597 0.004847 0.736467 4.047194 178.737839
0.000000 0.004883 0.013791 0.000000 0.000000 0.000000
0.000000 0.000019 0.000006
8.003012 1.000000 0.000000
764.299377 0.000000
0.000000 0.000000 0.000000 0.000000
0.000000 0.973232
11 0.015000 1.500000 0.001000
0.487000 0.580000 0.780000 0.490000 1.250000 6.700000 0.650000 0.650000
187499.984375 75.360001 0.084000
1.073000 0.050000 0.116600
0.165137 0.091182 0.000508 0.000000
0.000000

0.000000 0.000000 0.352057
0.043604 0.004848 0.736613 4.047789 178.742752
0.000000 0.004864 0.013738 0.000000 0.000000 0.000000
0.000000 0.000019 0.000006
8.025314 1.000000 0.000000
764.299377 0.000000
0.000000 0.000000 0.000000 0.000000
0.000000 0.972883
11 0.015000 1.515000 0.001000
0.487000 0.580000 0.780000 0.490000 1.250000 6.700000 0.650000 0.650000
187499.984375 75.360001 0.084000
1.073000 0.050000 0.116600
0.165144 0.090915 0.000506 0.000000
0.000000

0.000000 0.000000 0.352791
0.043611 0.004848 0.736747 4.048317 178.747314
0.000000 0.004842 0.013693 0.000000 0.000000 0.000000
0.000000 0.000019 0.000006
8.047407 1.000000 0.000000
764.299377 0.000000
0.000000 0.000000 0.000000 0.000000
0.000000 0.972546
11 0.015000 1.530000 0.001000
0.487000 0.580000 0.780000 0.490000 1.250000 6.700000 0.650000 0.650000
187499.984375 75.360001 0.084000
1.073000 0.050000 0.116600
0.165157 0.091012 0.000507 0.000000
0.000000

0.000000 0.000000 0.355635
0.043635 0.004851 0.737175 4.050455 178.758438
0.000000 0.004819 0.013668 0.000000 0.000000 0.000000
0.000000 0.000019 0.000006
8.069292 1.000000 0.000000
764.299377 0.000000
0.000000 0.000000 0.000000 0.000000
0.000000 0.972367
11 0.015000 1.545000 0.001000
0.487000 0.580000 0.780000 0.490000 1.250000 6.700000 0.650000 0.650000
187499.984375 75.360001 0.084000
1.073000 0.050000 0.116600
0.165184 0.091089 0.000507 0.000000
0.000000

0.000000 0.000000 0.363887
0.043704 0.004859 0.738335 4.056627 178.792709
0.000000 0.004792 0.013582 0.000000 0.000000 0.000000
0.000000 0.000019 0.000006
8.090971 1.000000 0.000000
764.299377 0.000000
0.000000 0.000000 0.000000 0.000000
0.000000 0.972595
11 0.015000 1.560000 0.001000
0.487000 0.580000 0.780000 0.490000 1.250000 6.700000 0.650000 0.650000
187499.984375 75.360001 0.084000
1.073000 0.050000 0.116600
0.165265 0.090790 0.000506 0.000000
0.000000

0.000000 0.000000 0.364586
0.043709 0.004859 0.738461 4.057110 178.797104
0.000000 0.004768 0.013594 0.000000 0.000000 0.000000
0.000000 0.000019 0.000007
8.112446 1.000000 0.000000
764.299377 0.000000
0.000000 0.000000 0.000000 0.000000
0.000000 0.972261
11 0.015000 1.575000 0.001000
0.487000 0.580000 0.780000 0.490000 1.250000 6.700000 0.650000 0.650000
187499.984375 75.360001 0.084000
1.073000 0.050000 0.116600
0.165277 0.090864 0.000506 0.000000
0.000000

0.000000 0.000000 0.365285
0.043716 0.004860 0.738595 4.057644 178.801971
0.000000 0.004747 0.013572 0.000000 0.000000 0.000000
0.000000 0.000019 0.000007
8.133717 1.000000 0.000000
764.299377 0.000000
0.000000 0.000000 0.000000 0.000000
0.000000 0.971946
11 0.015000 1.590000 0.001000
0.487000 0.580000 0.780000 0.490000 1.250000 6.700000 0.650000 0.650000
187499.984375 75.360001 0.084000
1.073000 0.050000 0.116600
0.165282 0.090953 0.000507 0.000000
0.000000

0.000000 0.000000 0.365984
0.043722 0.004861 0.738719 4.058137 178.807022
0.000000 0.004724 0.013522 0.000000 0.000000 0.000000
0.000000 0.000019 0.000007
8.154784 1.000000 0.000000
764.299377 0.000000
0.000000 0.000000 0.000000 0.000000
0.000000 0.971627
11 0.015000 1.605000 0.001000
0.487000 0.580000 0.780000 0.490000 1.250000 6.700000 0.650000 0.650000
187499.984375 75.360001 0.084000
1.073000 0.050000 0.116600
0.165289 0.091202 0.000508 0.000000
0.000000

0.000000 0.000000 0.366774
0.043728 0.004861 0.738856 4.058697 178.812241
0.000000 0.004696 0.013453 0.000000 0.000000 0.000000
0.000000 0.000019 0.000007
8.175648 1.000000 0.000000
764.299377 0.000000
0.000000 0.000000 0.000000 0.000000
0.000000 0.971323
11 0.015000 1.620000 0.001000
0.487000 0.580000 0.780000 0.490000 1.250000 6.700000 0.650000 0.650000
187499.984375 75.360001 0.084000
1.073000 0.050000 0.116600
0.165297 0.091028 0.000507 0.000000
0.000000

0.000000 0.000000 0.372314
0.043773 0.004866 0.739625 4.062727 178.840149
0.000000 0.004667 0.013405 0.000000 0.000000 0.000000
0.000000 0.000019 0.000007
8.196310 1.000000 0.000000
764.299377 0.000000
0.000000 0.000000 0.000000 0.000000
0.000000 0.971370
11 0.015000 1.635000 0.001000
0.487000 0.580000 0.780000 0.490000 1.250000 6.700000 0.650000 0.650000
187499.984375 75.360001 0.084000
1.073000 0.050000 0.116600
0.165352 0.091045 0.000507 0.000000
0.000000

0.000000 0.000000 0.373111
0.043780 0.004867 0.739762 4.063293 178.846283
0.000000 0.004637 0.013362 0.000000 0.000000 0.000000
0.000000 0.000019 0.000007
8.216769 1.000000 0.000000
764.299377 0.000000
0.000000 0.000000 0.000000 0.000000
0.000000 0.971072
11 0.015000 1.650000 0.001000
0.487000 0.580000 0.780000 0.490000 1.250000 6.700000 0.650000 0.650000
187499.984375 75.360001 0.084000
1.073000 0.050000 0.116600
0.165360 0.090918 0.000506 0.000000
0.000000

0.000000 0.000000 0.373810
0.043786 0.004868 0.739886 4.063788 178.851151
0.000000 0.004612 0.013346 0.000000 0.000000 0.000000
0.000000 0.000019 0.000007
8.237027 1.000000 0.000000
764.299377 0.000000
0.000000 0.000000 0.000000 0.000000
0.000000 0.970779
11 0.015000 1.665000 0.001000
0.487000 0.580000 0.780000 0.490000 1.250000 6.700000 0.650000 0.650000
187499.984375 75.360001 0.084000
1.073000 0.050000 0.116600
0.165366 0.091000 0.000507 0.000000
0.000000

0.000000 0.000000 0.374507
0.043792 0.004869 0.740012 4.064286 178.856293
0.000000 0.004589 0.013301 0.000000 0.000000 0.000000
0.000000 0.000019 0.000007
8.257083 1.000000 0.000000
764.299377 0.000000
0.000000 0.000000 0.000000 0.000000
0.000000 0.970483
11 0.015000 1.680000 0.001000
0.487000 0.580000 0.780000 0.490000 1.250000 6.700000 0.650000 0.650000
187499.984375 75.360001 0.084000
1.073000 0.050000 0.116600
0.165374 0.091327 0.000509 0.000000
0.000000

0.000000 0.000000 0.375312
0.043798 0.004869 0.740143 4.064826 178.861603
0.000000 0.004569 0.013297 0.000000 0.000000 0.000000
0.000000 0.000019 0.000007
8.276937 1.000000 0.000000
764.299377 0.000000
0.000000 0.000000 0.000000 0.000000
0.000000 0.970201
11 0.015000 1.695000 0.001000
0.487000 0.580000 0.780000 0.490000 1.250000 6.700000 0.650000 0.650000
187499.984375 75.360001 0.084000
1.073000 0.050000 0.116600
0.165380 0.091094 0.000507 0.000000
0.000000

0.000000 0.000000 0.376304
0.043807 0.004870 0.740306 4.065545 178.868256
0.000000 0.004549 0.013259 0.000000 0.000000 0.000000
0.000000 0.000019 0.000007
8.296591 1.000000 0.000000
764.299377 0.000000
0.000000 0.000000 0.000000 0.000000
0.000000 0.969936
11 0.015000 1.710000 0.001000
0.487000 0.580000 0.780000 0.490000 1.250000 6.700000 0.650000 0.650000
187499.984375 75.360001 0.084000
1.073000 0.050000 0.116600
0.165392 0.091137 0.000508 0.000000
0.000000

0.000000 0.000000 0.376989
0.043812 0.004871 0.740424 4.066018 178.873367
0.000000 0.004525 0.013208 0.000000 0.000000 0.000000
0.000000 0.000019 0.000007
8.316043 1.000000 0.000000
764.299377 0.000000
0.000000 0.000000 0.000000 0.000000
0.000000 0.969657
11 0.015000 1.725000 0.001000
0.487000 0.580000 0.780000 0.490000 1.250000 6.700000 0.650000 0.650000
187499.984375 75.360001 0.084000
1.073000 0.050000 0.116600
0.165397 0.091243 0.000508 0.000000
0.000000

0.000000 0.000000 0.377881
0.043819 0.004872 0.740566 4.066619 178.879517
0.000000 0.004503 0.013177 0.000000 0.000000 0.000000
0.000000 0.000019 0.000007
8.335294 1.000000 0.000000
764.299377 0.000000
0.000000 0.000000 0.000000 0.000000
0.000000 0.969395
11 0.015000 1.740000 0.001000
0.487000 0.580000 0.780000 0.490000 1.250000 6.700000 0.650000 0.650000
187499.984375 75.360001 0.084000
1.073000 0.050000 0.116600
0.165407 0.091328 0.000509 0.000000
0.000000

0.000000 0.000000 0.381729
0.043850 0.004875 0.741094 4.069329 178.896515
0.000000 0.004482 0.013144 0.000000 0.000000 0.000000
0.000000 0.000019 0.000007
8.354344 1.000000 0.000000
764.299377 0.000000
0.000000 0.000000 0.000000 0.000000
0.000000 0.969348
11 0.015000 1.755000 0.001000
0.487000 0.580000 0.780000 0.490000 1.250000 6.700000 0.650000 0.650000
187499.984375 75.360001 0.084000
1.073000 0.050000 0.116600
0.165444 0.091235 0.000508 0.000000
0.000000

0.000000 0.000000 0.388105
0.043899 0.004881 0.741934 4.073767 178.913681
0.000000 0.004454 0.013087 0.000000 0.000000 0.000000
0.000000 0.000019 0.000007
8.373193 1.000000 0.000000
764.299377 0.000000
0.000000 0.000000 0.000000 0.000000
0.000000 0.969489
11 0.015000 1.770000 0.001000
0.487000 0.580000 0.780000 0.490000 1.250000 6.700000 0.650000 0.650000
187499.984375 75.360001 0.084000
1.073000 0.050000 0.116600
0.165505 0.091147 0.000508 0.000000
0.000000

0.000000 0.000000 0.390032
0.043914 0.004882 0.742206 4.075083 178.920975
0.000000 0.004428 0.013070 0.000000 0.000000 0.000000
0.000000 0.000019 0.000007
8.391841 1.000000 0.000000
764.299377 0.000000
0.000000 0.000000 0.000000 0.000000
0.000000 0.969310
11 0.015000 1.785000 0.001000
0.487000 0.580000 0.780000 0.490000 1.250000 6.700000 0.650000 0.650000
187499.984375 75.360001 0.084000
1.073000 0.050000 0.116600
0.165521 0.091454 0.000509 0.000000
0.000000

0.000000 0.000000 0.393263
0.043939 0.004885 0.742636 4.077275 178.928574
0.000000 0.004400 0.013001 0.000000 0.000000 0.000000
0.000000 0.000019 0.000007
8.410287 1.000000 0.000000
764.299377 0.000000
0.000000 0.000000 0.000000 0.000000
0.000000 0.969227
11 0.015000 1.800000 0.001000
0.487000 0.580000 0.780000 0.490000 1.250000 6.700000 0.650000 0.650000
187499.984375 75.360001 0.084000
1.073000 0.050000 0.116600
0.165552 0.091227 0.000508 0.000000
0.000000

0.000000 0.000000 0.394239
0.043947 0.004886 0.742786 4.077924 178.934265
0.000000 0.004373 0.012957 0.000000 0.000000 0.000000
0.000000 0.000019 0.000008
8.428533 1.000000 0.000000
764.299377 0.000000
0.000000 0.000000 0.000000 0.000000
0.000000 0.968991
11 0.015000 1.815000 0.001000
0.487000 0.580000 0.780000 0.490000 1.250000 6.700000 0.650000 0.650000
187499.984375 75.360001 0.084000
1.073000 0.050000 0.116600
0.165562 0.091308 0.000509 0.000000
0.000000

0.000000 0.000000 0.396501
0.043964 0.004888 0.743090 4.079435 178.940887
0.000000 0.004349 0.012943 0.000000 0.000000 0.000000
0.000000 0.000019 0.000008
8.446577 1.000000 0.000000
764.299377 0.000000
0.000000 0.000000 0.000000 0.000000
0.000000 0.968844
11 0.015000 1.830000 0.001000
0.487000 0.580000 0.780000 0.490000 1.250000 6.700000 0.650000 0.650000
187499.984375 75.360001 0.084000
1.073000 0.050000 0.116600
0.165582 0.091284 0.000508 0.000000
0.000000

0.000000 0.000000 0.397223
0.043970 0.004888 0.743204 4.079907 178.945709
0.000000 0.004325 0.012884 0.000000 0.000000 0.000000
0.000000 0.000019 0.000008
8.464422 1.000000 0.000000
764.299377 0.000000
0.000000 0.000000 0.000000 0.000000
0.000000 0.968596
11 0.015000 1.845000 0.001000
0.487000 0.580000 0.780000 0.490000 1.250000 6.700000 0.650000 0.650000
187499.984375 75.360001 0.084000
1.073000 0.050000 0.116600
0.165590 0.091367 0.000509 0.000000
0.000000

0.000000 0.000000 0.398011
0.043976 0.004889 0.743329 4.080424 178.950378
0.000000 0.004300 0.012853 0.000000 0.000000 0.000000
0.000000 0.000019 0.000008
8.482066 1.000000 0.000000
764.299377 0.000000
0.000000 0.000000 0.000000 0.000000
0.000000 0.968351
11 0.015000 1.860000 0.001000
0.487000 0.580000 0.780000 0.490000 1.250000 6.700000 0.650000 0.650000
187499.984375 75.360001 0.084000
1.073000 0.050000 0.116600
0.165598 0.091232 0.000508 0.000000
0.000000

0.000000 0.000000 0.398956
0.043983 0.004890 0.743466 4.081013 178.955460
0.000000 0.004277 0.012830 0.000000 0.000000 0.000000
0.000000 0.000019 0.000008
8.499512 1.000000 0.000000
764.299377 0.000000
0.000000 0.000000 0.000000 0.000000
0.000000 0.968130
11 0.015000 1.875000 0.001000
0.487000 0.580000 0.780000 0.490000 1.250000 6.700000 0.650000 0.650000
187499.984375 75.360001 0.084000
1.073000 0.050000 0.116600
0.165607 0.091364 0.000509 0.000000
0.000000

0.000000 0.000000 0.399736
0.043989 0.004890 0.743590 4.081538 178.960388
0.000000 0.004255 0.012811 0.000000 0.000000 0.000000
0.000000 0.000019 0.000008
8.516756 1.000000 0.000000
764.299377 0.000000
0.000000 0.000000 0.000000 0.000000
0.000000 0.967899
11 0.015000 1.890000 0.001000
0.487000 0.580000 0.780000 0.490000 1.250000 6.700000 0.650000 0.650000
187499.984375 75.360001 0.084000
1.073000 0.050000 0.116600
0.165611 0.091557 0.000510 0.000000
0.000000

0.000000 0.000000 0.400580
0.043995 0.004891 0.743719 4.082092 178.965958
0.000000 0.004232 0.012755 0.000000 0.000000 0.000000
0.000000 0.000019 0.000008
8.533803 1.000000 0.000000
764.299377 0.000000
0.000000 0.000000 0.000000 0.000000
0.000000 0.967678
11 0.015000 1.905000 0.001000
0.487000 0.580000 0.780000 0.490000 1.250000 6.700000 0.650000 0.650000
187499.984375 75.360001 0.084000
1.073000 0.050000 0.116600
0.165622 0.091255 0.000508 0.000000
0.000000

0.000000 0.000000 0.401340
0.044001 0.004892 0.743839 4.082590 178.971039
0.000000 0.004211 0.012722 0.000000 0.000000 0.000000
0.000000 0.000018 0.000008
8.550651 1.000000 0.000000
764.299377 0.000000
0.000000 0.000000 0.000000 0.000000
0.000000 0.967456
11 0.015000 1.920000 0.001000
0.487000 0.580000 0.780000 0.490000 1.250000 6.700000 0.650000 0.650000
187499.984375 75.360001 0.084000
1.073000 0.050000 0.116600
0.165629 0.091243 0.000508 0.000000
0.000000

0.000000 0.000000 0.402026
0.044006 0.004892 0.743941 4.083000 178.976425
0.000000 0.004190 0.012671 0.000000 0.000000 0.000000
0.000000 0.000018 0.000008
8.567300 1.000000 0.000000
764.299377 0.000000
0.000000 0.000000 0.000000 0.000000
0.000000 0.967232
11 0.015000 1.935000 0.001000
0.487000 0.580000 0.780000 0.490000 1.250000 6.700000 0.650000 0.650000
187499.984375 75.360001 0.084000
1.073000 0.050000 0.116600
0.165633 0.091325 0.000509 0.000000
0.000000

0.000000 0.000000 0.402709
0.044011 0.004893 0.744050 4.083451 178.981354
0.000000 0.004175 0.012677 0.000000 0.000000 0.000000
0.000000 0.000018 0.000008
8.583753 1.000000 0.000000
764.299377 0.000000
0.000000 0.000000 0.000000 0.000000
0.000000 0.967014
11 0.015000 1.950000 0.001000
0.487000 0.580000 0.780000 0.490000 1.250000 6.700000 0.650000 0.650000
187499.984375 75.360001 0.084000
1.073000 0.050000 0.116600
0.165639 0.091635 0.000510 0.000000
0.000000

0.000000 0.000000 0.403560
0.044017 0.004894 0.744172 4.083967 178.986984
0.000000 0.004152 0.012599 0.000000 0.000000 0.000000
0.000000 0.000018 0.000008
8.600011 1.000000 0.000000
764.299377 0.000000
0.000000 0.000000 0.000000 0.000000
0.000000 0.966816
11 0.015000 1.965000 0.001000
0.487000 0.580000 0.780000 0.490000 1.250000 6.700000 0.650000 0.650000
187499.984375 75.360001 0.084000
1.073000 0.050000 0.116600
0.165649 0.091522 0.000510 0.000000
0.000000

0.000000 0.000000 0.405761
0.044034 0.004895 0.744458 4.085388 178.993912
0.000000 0.004130 0.012581 0.000000 0.000000 0.000000
0.000000 0.000018 0.000008
8.616074 1.000000 0.000000
764.299377 0.000000
0.000000 0.000000 0.000000 0.000000
0.000000 0.966718
11 0.015000 1.980000 0.001000
0.487000 0.580000 0.780000 0.490000 1.250000 6.700000 0.650000 0.650000
187499.984375 75.360001 0.084000
1.073000 0.050000 0.116600
0.165665 0.091549 0.000510 0.000000
0.000000

0.000000 0.000000 0.406871
0.044042 0.004896 0.744615 4.086093 178.999237
0.000000 0.013235 0.012863 0.000000 0.000000 0.000000
0.000000 0.000025 0.000003
8.631944 1.000000 0.000000
764.299377 0.000000
0.000000 0.000000 0.000000 0.000000
0.000000 0.966511
11 0.015000 1.995000 0.001000
0.487000 0.580000 0.780000 0.490000 1.250000 6.700000 0.650000 0.650000
187499.984375 75.360001 0.084000
1.073000 0.050000 0.116600
0.165678 0.091653 0.000510 0.000000
0.000000
1.000000
2.000000
0.321000 0.000000
0.000000
0
-0.750000
0 0
0.000000
1
0.000000
1.000000
1.000000
1.000000
0.000000 0.000000 0.000000
0.000000 0.000000
0.000000 0.000000 0.000000 0.000000 0.000000 0.000000 0.000000
0.000000 0.000000 0.000000 0.000000 0.000000 0.000000 0.000000
605
2.000000
1
C:\Kingsite\dnd\Ohio1.spf
-1.000000 -1.000000
0.000000
50
50
10.000000
102
