11
Clay
0.580000 0.612000 0.084000 0.780000 0.530000 1.000000 0.000000 0.000000
1.020000 6.700000 1 0.028600 0.500000 0.050000 0.010000 0.027000 0.963000
0.000000 0.015000 2.000000 152999.984375 75.360001 133
0.103800 3.528000 4.728100 0.000000 1
8.234000 8.234000 10.000000 5.000000 25.000000 100.000000
0.000000 0.000000 0.003316 0.000000 202.847107 300.121735
500.000000 0.000000 0.000000

0.000414 390.053802 723.909363
4.724293 0.618115 67.753708 652.393250 3491.066162
0.000000 0.000000 0.170131 0.998862 0.000000 0.000000
0.000001 0.000000 0.000000
-1.088126 0.000010 71.524002
764.299377 0.000000
3.691254 0.000000 0.000000 0.000000
0.000000 2.133644
11 0.015000 0.015000 0.028600
0.612000 0.580000 0.780000 0.530000 1.020000 6.700000 0.780000 0.780000
152999.984375 75.360001 0.084000
1.073000 0.050000 0.116600
2.304302 5.241928 0.000000 0.000000
0.000000

0.000699 9.008392 88.666443
4.461313 0.530289 71.894760 659.915649 3675.354004
0.000000 0.005245 0.305382 0.499431 0.000000 0.000000
0.000001 0.000000 0.000000
-0.996493 0.000010 71.524002
764.299377 0.000000
2.437199 0.000000 0.000000 0.000000
0.000000 1.749362
11 0.015000 0.030000 0.028600
0.612000 0.580000 0.780000 0.530000 1.020000 6.700000 0.780000 0.780000
152999.984375 75.360001 0.084000
1.073000 0.050000 0.116600
2.430527 6.255044 0.000001 0.000000
0.000000

0.000898 6.783473 81.310043
4.515306 0.524640 73.701355 659.587585 3675.253906
0.000000 0.011793 0.304344 0.249715 0.000000 0.000000
0.000001 0.000000 0.000000
-0.949430 0.000010 69.916382
764.299377 0.000000
2.398062 0.000000 0.000000 0.000000
0.000000 1.548741
11 0.015000 0.045000 0.028600
0.612000 0.580000 0.780000 0.530000 1.020000 6.700000 0.780000 0.780000
152999.984375 75.360001 0.084000
1.073000 0.050000 0.116600
2.432916 6.716413 0.000001 0.000000
0.000000

0.001061 6.304193 77.644119
4.597055 0.521919 74.946930 659.395081 3675.198975
0.000000 0.014687 0.295295 0.124858 0.000000 0.000000
0.000001 0.000000 0.000000
-0.858873 0.000010 69.060646
764.299377 0.000000
2.327856 0.000000 0.000000 0.000000
0.000000 1.477297
11 0.015000 0.060000 0.028600
0.612000 0.580000 0.780000 0.530000 1.020000 6.700000 0.780000 0.780000
152999.984375 75.360001 0.084000
1.073000 0.050000 0.116600
2.434515 6.931359 0.000001 0.000000
0.000000

0.001200 5.853254 74.175056
4.637760 0.515528 75.881798 659.226990 3675.152100
0.000000 0.019342 0.289760 0.062429 0.000000 0.000000
0.000001 0.000000 0.000000
-0.844095 0.000010 68.707687
764.299377 0.000000
2.304497 0.000000 0.000000 0.000000
0.000000 1.388342
11 0.015000 0.075000 0.028600
0.612000 0.580000 0.780000 0.530000 1.020000 6.700000 0.780000 0.780000
152999.984375 75.360001 0.084000
1.073000 0.050000 0.116600
2.435705 7.028297 0.000001 0.000000
0.000000

0.001323 5.440679 70.902740
4.743663 0.527298 76.632225 659.077942 3675.104004
0.000000 0.021317 0.276389 0.031214 0.000000 0.000000
0.000001 0.000000 0.000000
-0.699369 0.000010 68.485435
764.299377 0.000000
2.191098 0.000000 0.000000 0.000000
0.000000 1.251244
11 0.015000 0.090000 0.028600
0.612000 0.580000 0.780000 0.530000 1.020000 6.700000 0.780000 0.780000
152999.984375 75.360001 0.084000
1.073000 0.050000 0.116600
2.436655 7.372498 0.000001 0.000000
0.000000

0.008330 6.550228 132.015945
4.889098 0.543463 104.780060 654.779968 3669.307861
0.000000 0.017301 0.287480 0.015607 0.000000 0.000000
0.000001 0.000000 0.000000
-0.762427 0.000010 68.485435
764.299377 0.000000
2.286944 0.000000 0.000000 0.000000
0.000000 1.503913
11 0.015000 0.105000 0.028600
0.612000 0.580000 0.780000 0.530000 1.020000 6.700000 0.780000 0.780000
152999.984375 75.360001 0.084000
1.073000 0.050000 0.116600
2.467041 7.354071 0.000001 0.000000
0.000000

0.008590 4.825981 114.910011
2.159164 0.240010 45.908485 273.815155 2881.126953
0.000000 0.000682 0.107111 0.007804 0.000000 0.000000
0.000000 0.000000 0.000000
-0.465674 0.000010 50.315002
764.299377 0.000000
0.868644 0.000000 0.000000 0.000000
0.000000 1.254474
11 0.015000 0.120000 0.018000
0.547000 0.580000 0.780000 0.490000 1.150000 6.700000 0.650000 0.650000
172500.000000 75.360001 0.084000
1.073000 0.050000 0.116600
2.461385 8.760839 0.000001 0.000000
0.000000

0.008325 4.449801 107.536469
1.986884 0.220859 43.360218 258.124817 2881.438477
0.000000 0.002159 0.108743 0.003902 0.000000 0.000000
0.000000 0.000000 0.000000
-0.706098 0.000010 50.315002
764.299377 0.000000
0.873367 0.000000 0.000000 0.000000
0.000000 1.308932
11 0.015000 0.135000 0.018000
0.547000 0.580000 0.780000 0.490000 1.150000 6.700000 0.650000 0.650000
172500.000000 75.360001 0.084000
1.073000 0.050000 0.116600
2.466910 8.980301 0.000001 0.000000
0.000000

0.007969 4.106982 100.677376
1.995993 0.221873 40.958920 243.485580 2881.771240
0.000000 0.000000 0.083906 0.001951 0.000000 0.000000
0.000000 0.000000 0.000000
-0.249211 0.000010 49.405521
764.299377 0.000000
0.687835 0.000000 0.000000 0.000000
0.000000 1.028843
11 0.015000 0.150000 0.018000
0.547000 0.580000 0.780000 0.490000 1.150000 6.700000 0.650000 0.650000
172500.000000 75.360001 0.084000
1.073000 0.050000 0.116600
2.471939 8.691670 0.000001 0.000000
0.000000

0.007655 16.894453 94.542221
1.919482 0.213369 40.763802 241.960831 2883.123047
0.000000 0.000000 0.091866 0.000975 0.000000 0.000000
0.000000 0.000000 0.000000
-0.562827 0.000010 46.701237
764.299377 0.000000
0.754179 0.000000 0.000000 0.000000
0.000000 0.997393
11 0.015000 0.165000 0.018000
0.547000 0.580000 0.780000 0.490000 1.150000 6.700000 0.650000 0.650000
172500.000000 75.360001 0.084000
1.073000 0.050000 0.116600
2.476794 9.454720 0.000001 0.000000
0.000000

0.007494 15.893104 88.348663
1.953898 0.217198 38.556267 228.318832 2883.400146
0.000000 0.000000 0.067635 0.000488 0.000000 0.000000
0.000000 0.000000 0.000000
-0.060346 0.000010 46.701237
764.299377 0.000000
0.553852 0.000000 0.000000 0.000000
0.000000 0.961894
11 0.015000 0.180000 0.018000
0.547000 0.580000 0.780000 0.490000 1.150000 6.700000 0.650000 0.650000
172500.000000 75.360001 0.084000
1.073000 0.050000 0.116600
2.481063 9.496635 0.000001 0.000000
0.000000

0.007174 14.914278 82.570099
1.819846 0.202299 36.463894 215.631134 2883.757080
0.000000 0.000000 0.067488 0.000244 0.000000 0.000000
0.000000 0.000000 0.000000
-0.336584 0.000010 46.701237
764.299377 0.000000
0.553199 0.000000 0.000000 0.000000
0.000000 0.934486
11 0.015000 0.195000 0.018000
0.547000 0.580000 0.780000 0.490000 1.150000 6.700000 0.650000 0.650000
172500.000000 75.360001 0.084000
1.073000 0.050000 0.116600
2.484849 9.500528 0.000001 0.000000
0.000000

0.006277 13.577872 75.183281
1.832464 0.203712 34.092701 202.096512 2879.935303
0.000000 0.000000 0.046309 0.000122 0.000000 0.000000
0.000000 0.000000 0.000000
0.000000 0.231409 34.345364
764.299377 0.000000
0.378962 0.000000 0.000000 0.000000
0.000000 0.909277
11 0.015000 0.210000 0.018000
0.547000 0.580000 0.780000 0.490000 1.150000 6.700000 0.650000 0.650000
172500.000000 75.360001 0.084000
1.073000 0.050000 0.116600
2.475724 8.382032 0.013181 0.000000
0.000000

0.005939 12.650662 70.424774
1.544106 0.171654 28.598288 169.375565 1509.723511
0.000000 0.000000 0.037609 0.000061 0.000000 0.000000
0.000000 0.000000 0.000000
-0.052049 0.000010 51.382496
764.299377 0.000000
0.307359 0.000000 0.000000 0.000000
0.000000 0.759720
11 0.015000 0.225000 0.009000
0.527000 0.580000 0.780000 0.490000 1.200000 6.700000 0.650000 0.650000
180000.015625 75.360001 0.084000
1.073000 0.050000 0.116600
1.292819 8.846407 0.000001 0.000000
0.000000

0.005593 11.800385 65.572090
1.522320 0.169244 26.866049 159.000336 1509.163330
0.000000 0.000000 0.025799 0.000030 0.000000 0.000000
0.000000 0.000000 0.000000
0.219092 0.650000 0.000000
764.299377 0.000000
0.210932 0.000000 0.000000 0.000000
0.000000 0.736278
11 0.015000 0.240000 0.009000
0.527000 0.580000 0.780000 0.490000 1.200000 6.700000 0.650000 0.650000
180000.015625 75.360001 0.084000
1.073000 0.050000 0.116600
1.293906 8.507787 0.034951 0.000000
0.000000

0.005262 11.026460 61.216038
1.454397 0.161695 25.246922 149.318130 1508.658813
0.000000 0.000000 0.020997 0.000015 0.000000 0.000000
0.000000 0.000000 0.000000
0.000000 0.592464 4.548218
764.299377 0.000000
0.171278 0.000000 0.000000 0.000000
0.000000 0.713806
11 0.015000 0.255000 0.009000
0.527000 0.580000 0.780000 0.490000 1.200000 6.700000 0.650000 0.650000
180000.015625 75.360001 0.084000
1.073000 0.050000 0.116600
1.294907 8.160285 0.030332 0.000000
0.000000

0.004942 10.274345 56.888306
1.419889 0.157869 23.752829 140.400543 1508.207031
0.000000 0.000000 0.013026 0.000008 0.000000 0.000000
0.000000 0.000000 0.000000
0.392080 0.650000 0.000000
764.299377 0.000000
0.106411 0.000000 0.000000 0.000000
0.000000 0.693949
11 0.015000 0.270000 0.009000
0.527000 0.580000 0.780000 0.490000 1.200000 6.700000 0.650000 0.650000
180000.015625 75.360001 0.084000
1.073000 0.050000 0.116600
1.295799 7.673118 0.032981 0.000000
0.000000

0.004644 9.573571 52.875778
1.361723 0.151404 22.364122 132.107346 1507.804443
0.000000 0.000000 0.008886 0.000004 0.000000 0.000000
0.000000 0.000000 0.000000
0.450982 0.650000 0.000000
764.299377 0.000000
0.072416 0.000000 0.000000 0.000000
0.000000 0.670565
11 0.015000 0.285000 0.009000
0.527000 0.580000 0.780000 0.490000 1.200000 6.700000 0.650000 0.650000
180000.015625 75.360001 0.084000
1.073000 0.050000 0.116600
1.296590 7.352465 0.031733 0.000000
0.000000

0.004347 8.909994 49.111408
1.313199 0.146016 21.073727 124.425621 1507.454102
0.000000 0.000000 0.004401 0.000002 0.000000 0.000000
0.000000 0.000000 0.000000
0.572307 0.650000 0.000000
764.299377 0.000000
0.035686 0.000000 0.000000 0.000000
0.000000 0.651902
11 0.015000 0.300000 0.009000
0.527000 0.580000 0.780000 0.490000 1.200000 6.700000 0.650000 0.650000
180000.015625 75.360001 0.084000
1.073000 0.050000 0.116600
1.297359 6.995104 0.030164 0.000000
0.000000

0.004055 8.286178 45.598461
1.258542 0.139950 19.871120 117.289963 1507.084229
0.000000 0.000002 0.001694 0.000001 0.000000 0.000000
0.000000 0.000000 0.000001
0.659384 0.650000 0.000000
764.299377 0.000000
0.014001 0.000000 0.000000 0.000000
0.000000 0.634463
11 0.015000 0.315000 0.009000
0.527000 0.580000 0.780000 0.490000 1.200000 6.700000 0.650000 0.650000
180000.015625 75.360001 0.084000
1.073000 0.050000 0.116600
1.298060 6.621272 0.028495 0.000000
0.000000

0.003791 7.700849 42.566174
1.134832 0.126201 17.787071 104.945168 1153.101685
0.000000 0.000001 0.000535 0.000000 0.000000 0.000000
0.000000 0.000000 0.000001
0.767647 0.650000 0.000000
764.299377 0.000000
0.005356 0.000000 0.000000 0.000000
0.000000 0.588571
11 0.015000 0.330000 0.006600
0.497000 0.580000 0.780000 0.490000 1.250000 6.700000 0.650000 0.650000
187499.984375 75.360001 0.084000
1.073000 0.050000 0.116600
0.992081 6.801888 0.026484 0.000000
0.000000

0.003541 7.161264 39.486580
1.073401 0.119378 16.748556 98.781311 1152.716187
0.000000 0.000000 0.000050 0.000000 0.000000 0.000000
0.000000 0.000000 0.000000
0.867821 0.650000 0.000000
764.299377 0.000000
0.000000 0.000000 0.000000 0.000000
0.000000 0.571271
11 0.015000 0.345000 0.006600
0.497000 0.580000 0.780000 0.490000 1.250000 6.700000 0.650000 0.650000
187499.984375 75.360001 0.084000
1.073000 0.050000 0.116600
0.992551 6.554035 0.025469 0.000000
0.000000

0.003314 6.662908 36.635204
1.011595 0.112507 15.785841 93.056351 1152.431519
0.000000 0.000000 0.000069 0.000000 0.000000 0.000000
0.000000 0.000000 0.000000
0.974002 0.650000 0.000000
764.299377 0.000000
0.000000 0.000000 0.000000 0.000000
0.000000 0.555206
11 0.015000 0.360000 0.006600
0.497000 0.580000 0.780000 0.490000 1.250000 6.700000 0.650000 0.650000
187499.984375 75.360001 0.084000
1.073000 0.050000 0.116600
0.993028 6.075346 0.023519 0.000000
0.000000

0.003094 6.183540 33.889267
0.955319 0.106252 14.891976 87.753944 1152.124146
0.000000 0.000000 0.000072 0.000000 0.000000 0.000000
0.000000 0.000000 0.000000
1.078106 0.650000 0.000000
764.299377 0.000000
0.000000 0.000000 0.000000 0.000000
0.000000 0.537216
11 0.015000 0.375000 0.006600
0.497000 0.580000 0.780000 0.490000 1.250000 6.700000 0.650000 0.650000
187499.984375 75.360001 0.084000
1.073000 0.050000 0.116600
0.993376 5.610018 0.021637 0.000000
0.000000

0.002886 5.746453 31.437445
0.905239 0.100686 14.056767 82.805054 1151.853027
0.000000 0.000003 0.000313 0.000000 0.000000 0.000000
0.000000 0.000000 0.000003
1.184266 0.650000 0.000000
764.299377 0.000000
0.000000 0.000000 0.000000 0.000000
0.000000 0.518891
11 0.015000 0.390000 0.006600
0.497000 0.580000 0.780000 0.490000 1.250000 6.700000 0.650000 0.650000
187499.984375 75.360001 0.084000
1.073000 0.050000 0.116600
0.993733 5.183777 0.019925 0.000000
0.000000

0.002686 5.338277 29.185907
0.855676 0.095178 13.278767 78.203697 1151.666992
0.000000 0.000154 0.001204 0.000000 0.000000 0.000000
0.000000 0.000000 0.000010
1.290298 0.650000 0.000000
764.299377 0.000000
0.000000 0.000000 0.000000 0.000000
0.000000 0.493467
11 0.015000 0.405000 0.006600
0.497000 0.580000 0.780000 0.490000 1.250000 6.700000 0.650000 0.650000
187499.984375 75.360001 0.084000
1.073000 0.050000 0.116600
0.994052 4.842654 0.018564 0.000000
0.000000

0.002499 4.958132 27.951828
0.704990 0.078422 10.960969 64.540070 578.355164
0.000000 0.000000 0.000070 0.000000 0.000000 0.000000
0.000000 0.000000 0.000000
1.397773 0.650000 0.000000
764.299377 0.000000
0.000000 0.000000 0.000000 0.000000
0.000000 0.411102
11 0.015000 0.420000 0.003300
0.487000 0.580000 0.780000 0.490000 1.250000 6.700000 0.650000 0.650000
187499.984375 75.360001 0.084000
1.073000 0.050000 0.116600
0.497163 4.604555 0.017264 0.000000
0.000000

0.002326 4.605630 25.782642
0.663181 0.073776 10.294015 60.599102 578.056763
0.000000 0.000000 0.000079 0.000000 0.000000 0.000000
0.000000 0.000000 0.000000
1.506075 0.650000 0.000000
764.299377 0.000000
0.000000 0.000000 0.000000 0.000000
0.000000 0.407689
11 0.015000 0.435000 0.003300
0.487000 0.580000 0.780000 0.490000 1.250000 6.700000 0.650000 0.650000
187499.984375 75.360001 0.084000
1.073000 0.050000 0.116600
0.497303 4.320436 0.016162 0.000000
0.000000

0.002164 4.277230 23.799721
0.623597 0.069376 9.673980 56.937492 577.818665
0.000000 0.000000 0.000075 0.000000 0.000000 0.000000
0.000000 0.000000 0.000000
1.614977 0.650000 0.000000
764.299377 0.000000
0.000000 0.000000 0.000000 0.000000
0.000000 0.399379
11 0.015000 0.450000 0.003300
0.487000 0.580000 0.780000 0.490000 1.250000 6.700000 0.650000 0.650000
187499.984375 75.360001 0.084000
1.073000 0.050000 0.116600
0.497436 4.063731 0.015171 0.000000
0.000000

0.002013 3.972761 21.991220
0.591201 0.065776 9.096298 53.526470 577.578308
0.000000 0.000007 0.000499 0.000000 0.000000 0.000000
0.000000 0.000000 0.000005
1.724280 0.650000 0.000000
764.299377 0.000000
0.000000 0.000000 0.000000 0.000000
0.000000 0.386780
11 0.015000 0.465000 0.003300
0.487000 0.580000 0.780000 0.490000 1.250000 6.700000 0.650000 0.650000
187499.984375 75.360001 0.084000
1.073000 0.050000 0.116600
0.497551 3.756794 0.013992 0.000000
0.000000

0.001876 3.692170 20.355621
0.556803 0.061952 8.560354 50.357857 577.360107
0.000000 0.000059 0.000977 0.000000 0.000000 0.000000
0.000000 0.000000 0.000007
1.834030 0.650000 0.000000
764.299377 0.000000
0.000000 0.000000 0.000000 0.000000
0.000000 0.366302
11 0.015000 0.480000 0.003300
0.487000 0.580000 0.780000 0.490000 1.250000 6.700000 0.650000 0.650000
187499.984375 75.360001 0.084000
1.073000 0.050000 0.116600
0.497687 3.422064 0.012711 0.000000
0.000000

0.001743 3.428522 18.846294
0.524770 0.058391 8.061533 47.415714 577.164185
0.000000 0.000254 0.001820 0.000000 0.000000 0.000000
0.000000 0.000000 0.000007
1.944139 0.650000 0.000000
764.299377 0.000000
0.000000 0.000000 0.000000 0.000000
0.000000 0.346878
11 0.015000 0.495000 0.003300
0.487000 0.580000 0.780000 0.490000 1.250000 6.700000 0.650000 0.650000
187499.984375 75.360001 0.084000
1.073000 0.050000 0.116600
0.497803 3.136961 0.011626 0.000000
0.000000

0.001620 3.183359 17.456596
0.494961 0.055077 7.598202 44.684113 576.986389
0.000000 0.000506 0.002530 0.000000 0.000000 0.000000
0.000000 0.000000 0.000008
2.054592 0.650000 0.000000
764.299377 0.000000
0.000000 0.000000 0.000000 0.000000
0.000000 0.328576
11 0.015000 0.510000 0.003300
0.487000 0.580000 0.780000 0.490000 1.250000 6.700000 0.650000 0.650000
187499.984375 75.360001 0.084000
1.073000 0.050000 0.116600
0.497915 2.877264 0.010643 0.000000
0.000000

0.001504 2.956352 23.452639
0.374138 0.041635 5.768591 33.919834 176.724121
0.000000 0.000000 0.000055 0.000000 0.000000 0.000000
0.000000 0.000000 0.000000
2.165333 0.650000 0.000000
764.299377 0.000000
0.000000 0.000000 0.000000 0.000000
0.000000 0.223942
11 0.015000 0.525000 0.001000
0.487000 0.580000 0.780000 0.490000 1.250000 6.700000 0.650000 0.650000
187499.984375 75.360001 0.084000
1.073000 0.050000 0.116600
0.150911 2.665162 0.009842 0.000000
0.000000

0.001397 2.744610 21.066931
0.351870 0.039159 5.418814 31.859039 176.556259
0.000000 0.000000 0.000056 0.000000 0.000000 0.000000
0.000000 0.000000 0.000000
2.276324 0.650000 0.000000
764.299377 0.000000
0.000000 0.000000 0.000000 0.000000
0.000000 0.212871
11 0.015000 0.540000 0.001000
0.487000 0.580000 0.780000 0.490000 1.250000 6.700000 0.650000 0.650000
187499.984375 75.360001 0.084000
1.073000 0.050000 0.116600
0.150940 2.488296 0.009176 0.000000
0.000000

0.001297 2.547426 18.948864
0.330910 0.036828 5.090963 29.927858 176.404007
0.000000 0.000000 0.000055 0.000000 0.000000 0.000000
0.000000 0.000000 0.000000
2.387518 0.650000 0.000000
764.299377 0.000000
0.000000 0.000000 0.000000 0.000000
0.000000 0.202524
11 0.015000 0.555000 0.001000
0.487000 0.580000 0.780000 0.490000 1.250000 6.700000 0.650000 0.650000
187499.984375 75.360001 0.084000
1.073000 0.050000 0.116600
0.150968 2.300905 0.008472 0.000000
0.000000

0.001204 2.364382 17.264116
0.310164 0.034521 4.768081 28.026480 176.261719
0.000000 0.000000 0.000056 0.000000 0.000000 0.000000
0.000000 0.000000 0.000000
2.498874 0.650000 0.000000
764.299377 0.000000
0.000000 0.000000 0.000000 0.000000
0.000000 0.192282
11 0.015000 0.570000 0.001000
0.487000 0.580000 0.780000 0.490000 1.250000 6.700000 0.650000 0.650000
187499.984375 75.360001 0.084000
1.073000 0.050000 0.116600
0.150995 2.123325 0.007808 0.000000
0.000000

0.001118 2.194216 15.597623
0.291745 0.032472 4.480340 26.332256 176.125961
0.000000 0.000000 0.000051 0.000000 0.000000 0.000000
0.000000 0.000000 0.000000
2.610345 0.650000 0.000000
764.299377 0.000000
0.000000 0.000000 0.000000 0.000000
0.000000 0.183292
11 0.015000 0.585000 0.001000
0.487000 0.580000 0.780000 0.490000 1.250000 6.700000 0.650000 0.650000
187499.984375 75.360001 0.084000
1.073000 0.050000 0.116600
0.151022 1.943968 0.007138 0.000000
0.000000

0.001038 2.036620 14.253887
0.274156 0.030516 4.206389 24.719585 175.995392
0.000000 0.000000 0.000052 0.000000 0.000000 0.000000
0.000000 0.000000 0.000000
2.721887 0.650000 0.000000
764.299377 0.000000
0.000000 0.000000 0.000000 0.000000
0.000000 0.174975
11 0.015000 0.600000 0.001000
0.487000 0.580000 0.780000 0.490000 1.250000 6.700000 0.650000 0.650000
187499.984375 75.360001 0.084000
1.073000 0.050000 0.116600
0.151048 1.776831 0.006516 0.000000
0.000000

0.000963 1.889987 12.475472
0.259146 0.028847 3.972292 23.341394 175.880981
0.000000 0.000000 0.000049 0.000000 0.000000 0.000000
0.000000 0.000000 0.000000
2.833453 0.650000 0.000000
764.299377 0.000000
0.000000 0.000000 0.000000 0.000000
0.000000 0.167400
11 0.015000 0.615000 0.001000
0.487000 0.580000 0.780000 0.490000 1.250000 6.700000 0.650000 0.650000
187499.984375 75.360001 0.084000
1.073000 0.050000 0.116600
0.151075 1.643078 0.006019 0.000000
0.000000

0.000894 1.753791 10.648841
0.245529 0.027332 3.761132 22.098417 175.793335
0.000000 0.000000 0.000049 0.000000 0.000000 0.000000
0.000000 0.000000 0.000000
2.944999 0.650000 0.000000
764.299377 0.000000
0.000000 0.000000 0.000000 0.000000
0.000000 0.175454
11 0.015000 0.630000 0.001000
0.487000 0.580000 0.780000 0.490000 1.250000 6.700000 0.650000 0.650000
187499.984375 75.360001 0.084000
1.073000 0.050000 0.116600
0.151093 1.504916 0.005508 0.000000
0.000000

0.000830 1.627764 9.221678
0.234942 0.026154 3.547606 20.841831 175.718826
0.000000 0.001945 0.002862 0.000000 0.000000 0.000000
0.000000 0.000003 0.000001
3.056479 0.650000 0.000000
764.299377 0.000000
0.000000 0.000000 0.000000 0.000000
0.000000 0.225167
11 0.015000 0.645000 0.001000
0.487000 0.580000 0.780000 0.490000 1.250000 6.700000 0.650000 0.650000
187499.984375 75.360001 0.084000
1.073000 0.050000 0.116600
0.151117 2.167056 0.007972 0.000000
0.000000

0.000776 1.514720 8.350679
0.220673 0.024567 3.333876 19.577635 175.635651
0.000000 0.009329 0.004747 0.000000 0.000000 0.000000
0.000000 0.000003 0.000000
3.167849 0.650000 0.000000
764.299377 0.000000
0.000000 0.000000 0.000000 0.000000
0.000000 0.249930
11 0.015000 0.660000 0.001000
0.487000 0.580000 0.780000 0.490000 1.250000 6.700000 0.650000 0.650000
187499.984375 75.360001 0.084000
1.073000 0.050000 0.116600
0.151190 2.418388 0.008913 0.000000
0.000000

0.000732 1.411728 7.715697
0.207340 0.023084 3.132747 18.383467 175.553497
0.000000 0.032148 0.006048 0.000000 0.000000 0.000000
0.000000 0.000001 0.000000
3.279062 0.650000 0.000000
764.299377 0.000000
0.000000 0.000000 0.000000 0.000000
0.000000 0.253858
11 0.015000 0.675000 0.001000
0.487000 0.580000 0.780000 0.490000 1.250000 6.700000 0.650000 0.650000
187499.984375 75.360001 0.084000
1.073000 0.050000 0.116600
0.151268 2.692386 0.009944 0.000000
0.000000

0.000699 1.320624 7.190920
0.194984 0.021709 2.946791 17.270927 175.473846
0.000000 0.070908 0.006774 0.000000 0.000000 0.000000
0.000000 0.000001 0.000000
3.390076 0.650000 0.000000
764.299377 0.000000
0.000000 0.000000 0.000000 0.000000
0.000000 0.326197
11 0.015000 0.690000 0.001000
0.487000 0.580000 0.780000 0.490000 1.250000 6.700000 0.650000 0.650000
187499.984375 75.360001 0.084000
1.073000 0.050000 0.116600
0.151369 2.738779 0.010119 0.000000
0.000000

0.000658 1.232140 6.701884
0.183520 0.020433 2.772879 16.243710 175.410263
0.000000 0.065537 0.007831 0.000000 0.000000 0.000000
0.000000 0.000001 0.000000
3.500845 0.650000 0.000000
764.299377 0.000000
0.000000 0.000000 0.000000 0.000000
0.000000 0.261355
11 0.015000 0.705000 0.001000
0.487000 0.580000 0.780000 0.490000 1.250000 6.700000 0.650000 0.650000
187499.984375 75.360001 0.084000
1.073000 0.050000 0.116600
0.151466 3.154773 0.011694 0.000000
0.000000

0.000627 1.155929 6.273713
0.173080 0.019272 2.615362 15.305422 175.357986
0.000000 0.060735 0.009825 0.000000 0.000000 0.000000
0.000000 0.000001 0.000000
3.611326 0.650000 0.000000
764.299377 0.000000
0.000000 0.000000 0.000000 0.000000
0.000000 0.225755
11 0.015000 0.720000 0.001000
0.487000 0.580000 0.780000 0.490000 1.250000 6.700000 0.650000 0.650000
187499.984375 75.360001 0.084000
1.073000 0.050000 0.116600
0.151665 4.068334 0.015189 0.000000
0.000000

0.000680 1.130354 6.053581
0.164524 0.018320 2.484544 14.508991 175.401703
0.000000 0.037423 0.012702 0.000000 0.000000 0.000000
0.000000 0.000001 0.000000
3.721477 0.650000 0.000000
764.299377 0.000000
0.000000 0.000000 0.000000 0.000000
0.000000 0.225935
11 0.015000 0.735000 0.001000
0.487000 0.580000 0.780000 0.490000 1.250000 6.700000 0.650000 0.650000
187499.984375 75.360001 0.084000
1.073000 0.050000 0.116600
0.152433 4.798358 0.018018 0.000000
0.000000

0.000000 0.472624 7.833372
0.102504 0.011400 1.613597 9.203806 176.378662
0.000000 0.025163 0.020600 0.000000 0.000000 0.000000
0.000000 0.000006 0.000000
3.820563 0.987798 0.000000
764.299377 0.000000
0.000000 0.000000 0.000000 0.000000
0.000000 0.171395
11 0.015000 0.750000 0.001000
0.487000 0.580000 0.780000 0.490000 1.250000 6.700000 0.650000 0.650000
187499.984375 75.360001 0.084000
1.073000 0.050000 0.116600
0.158170 0.406466 0.002242 0.000000
0.000000

0.000000 0.458323 7.627506
0.097678 0.010863 1.551875 8.789054 176.630386
0.000000 0.019273 0.017630 0.000000 0.000000 0.000000
0.000000 0.000008 0.000000
3.910124 1.000000 0.000000
764.299377 0.000000
0.000000 0.000000 0.000000 0.000000
0.000000 0.158844
11 0.015000 0.765000 0.001000
0.487000 0.580000 0.780000 0.490000 1.250000 6.700000 0.650000 0.650000
187499.984375 75.360001 0.084000
1.073000 0.050000 0.116600
0.158920 0.321815 0.001796 0.000000
0.000000

0.000000 0.429776 7.162955
0.093432 0.010391 1.487510 8.405896 176.673187
0.000000 0.015491 0.016595 0.000000 0.000000 0.000000
0.000000 0.000010 0.000001
3.998913 1.000000 0.000000
764.299377 0.000000
0.000000 0.000000 0.000000 0.000000
0.000000 0.142280
11 0.015000 0.780000 0.001000
0.487000 0.580000 0.780000 0.490000 1.250000 6.700000 0.650000 0.650000
187499.984375 75.360001 0.084000
1.073000 0.050000 0.116600
0.159084 0.267638 0.001493 0.000000
0.000000

0.000000 0.400180 6.725893
0.089792 0.009986 1.430755 8.081558 176.805222
0.000000 0.030643 0.016557 0.000000 0.000000 0.000000
0.000000 0.000006 0.000000
4.087161 1.000000 0.000000
764.299377 0.000000
0.000000 0.000000 0.000000 0.000000
0.000000 0.256539
11 0.015000 0.795000 0.001000
0.487000 0.580000 0.780000 0.490000 1.250000 6.700000 0.650000 0.650000
187499.984375 75.360001 0.084000
1.073000 0.050000 0.116600
0.159492 0.237061 0.001322 0.000000
0.000000

0.000000 0.372024 6.265462
0.086118 0.009577 1.373447 7.755566 176.810379
0.000000 0.103022 0.016442 0.000000 0.000000 0.000000
0.000000 0.000002 0.000000
4.174831 1.000000 0.000000
764.299377 0.000000
0.000000 0.000000 0.000000 0.000000
0.000000 0.452441
11 0.015000 0.810000 0.001000
0.487000 0.580000 0.780000 0.490000 1.250000 6.700000 0.650000 0.650000
187499.984375 75.360001 0.084000
1.073000 0.050000 0.116600
0.159542 0.198399 0.001106 0.000000
0.000000

0.000000 0.345969 5.836889
0.082719 0.009200 1.320494 7.454323 176.817795
0.000000 0.599882 0.016033 0.000000 0.000000 0.000000
0.000000 0.000000 0.000000
4.261890 1.000000 0.000000
764.299377 0.000000
0.000000 0.000000 0.000000 0.000000
0.000000 1.178234
11 0.015000 0.825000 0.001000
0.487000 0.580000 0.780000 0.490000 1.250000 6.700000 0.650000 0.650000
187499.984375 75.360001 0.084000
1.073000 0.050000 0.116600
0.159592 0.175682 0.000979 0.000000
0.000000

0.000000 0.321947 5.446379
0.079580 0.008850 1.271707 7.176034 176.832703
0.000000 3.470914 0.016290 0.000000 0.000000 0.000000
0.000000 0.000000 0.000000
4.348306 1.000000 0.000000
764.299377 0.000000
0.000000 0.000000 0.000000 0.000000
0.000000 3.282990
11 0.015000 0.840000 0.001000
0.487000 0.580000 0.780000 0.490000 1.250000 6.700000 0.650000 0.650000
187499.984375 75.360001 0.084000
1.073000 0.050000 0.116600
0.159667 0.153308 0.000854 0.000000
0.000000

0.000000 0.300857 5.080830
0.076635 0.008523 1.226544 6.914407 176.836853
0.000000 14.118936 0.023073 0.000000 0.000000 0.000000
0.000000 0.000000 0.000000
4.434045 1.000000 0.000000
764.299377 0.000000
0.000000 0.000000 0.000000 0.000000
0.000000 10.728680
11 0.015000 0.855000 0.001000
0.487000 0.580000 0.780000 0.490000 1.250000 6.700000 0.650000 0.650000
187499.984375 75.360001 0.084000
1.073000 0.050000 0.116600
0.159716 0.168887 0.000941 0.000000
0.000000

0.000000 0.000000 0.118015
0.039880 0.004435 0.669257 3.708080 177.301865
0.000000 3.968516 0.015740 0.000000 0.000000 0.000000
0.000000 0.000000 0.000000
4.519080 1.000000 0.000000
764.299377 0.000000
0.000000 0.000000 0.000000 0.000000
0.000000 1.158882
11 0.015000 0.870000 0.001000
0.487000 0.580000 0.780000 0.490000 1.250000 6.700000 0.650000 0.650000
187499.984375 75.360001 0.084000
1.073000 0.050000 0.116600
0.161184 0.093692 0.000522 0.000000
0.000000

0.000000 0.000000 0.118880
0.039907 0.004438 0.669747 3.710373 177.313400
0.000000 0.590459 0.015661 0.000000 0.000000 0.000000
0.000000 0.000000 0.000000
4.603381 1.000000 0.000000
764.299377 0.000000
0.000000 0.000000 0.000000 0.000000
0.000000 1.158302
11 0.015000 0.885000 0.001000
0.487000 0.580000 0.780000 0.490000 1.250000 6.700000 0.650000 0.650000
187499.984375 75.360001 0.084000
1.073000 0.050000 0.116600
0.161211 0.093837 0.000523 0.000000
0.000000

0.000000 0.000000 0.119545
0.039927 0.004441 0.670140 3.712133 177.325333
0.000000 0.070692 0.015606 0.000000 0.000000 0.000000
0.000000 0.000003 0.000000
4.686922 1.000000 0.000000
764.299377 0.000000
0.000000 0.000000 0.000000 0.000000
0.000000 1.157635
11 0.015000 0.900000 0.001000
0.487000 0.580000 0.780000 0.490000 1.250000 6.700000 0.650000 0.650000
187499.984375 75.360001 0.084000
1.073000 0.050000 0.116600
0.161233 0.093689 0.000522 0.000000
0.000000

0.000000 0.000000 0.120160
0.039947 0.004443 0.670508 3.713754 177.339401
0.000000 0.015578 0.015548 0.000000 0.000000 0.000000
0.000000 0.000012 0.000001
4.769676 1.000000 0.000000
764.299377 0.000000
0.000000 0.000000 0.000000 0.000000
0.000000 1.156972
11 0.015000 0.915000 0.001000
0.487000 0.580000 0.780000 0.490000 1.250000 6.700000 0.650000 0.650000
187499.984375 75.360001 0.084000
1.073000 0.050000 0.116600
0.161249 0.093728 0.000522 0.000000
0.000000

0.000000 0.000000 0.120760
0.039965 0.004445 0.670858 3.715306 177.349609
0.000000 0.010292 0.015538 0.000000 0.000000 0.000000
0.000000 0.000015 0.000001
4.851619 1.000000 0.000000
764.299377 0.000000
0.000000 0.000000 0.000000 0.000000
0.000000 1.156320
11 0.015000 0.930000 0.001000
0.487000 0.580000 0.780000 0.490000 1.250000 6.700000 0.650000 0.650000
187499.984375 75.360001 0.084000
1.073000 0.050000 0.116600
0.161269 0.093598 0.000521 0.000000
0.000000

0.000000 0.000000 0.121362
0.039983 0.004447 0.671205 3.716831 177.360428
0.000000 0.009821 0.015482 0.000000 0.000000 0.000000
0.000000 0.000015 0.000001
4.932729 1.000000 0.000000
764.299377 0.000000
0.000000 0.000000 0.000000 0.000000
0.000000 1.155666
11 0.015000 0.945000 0.001000
0.487000 0.580000 0.780000 0.490000 1.250000 6.700000 0.650000 0.650000
187499.984375 75.360001 0.084000
1.073000 0.050000 0.116600
0.161286 0.093777 0.000522 0.000000
0.000000

0.000000 0.000000 0.121969
0.040002 0.004449 0.671560 3.718402 177.370636
0.000000 0.010233 0.015463 0.000000 0.000000 0.000000
0.000000 0.000016 0.000001
5.012984 1.000000 0.000000
764.299377 0.000000
0.000000 0.000000 0.000000 0.000000
0.000000 1.155033
11 0.015000 0.960000 0.001000
0.487000 0.580000 0.780000 0.490000 1.250000 6.700000 0.650000 0.650000
187499.984375 75.360001 0.084000
1.073000 0.050000 0.116600
0.161305 0.093728 0.000522 0.000000
0.000000

0.000000 0.000000 0.122800
0.040027 0.004452 0.672022 3.720572 177.380630
0.000000 0.010959 0.015447 0.000000 0.000000 0.000000
0.000000 0.000016 0.000001
5.092364 1.000000 0.000000
764.299377 0.000000
0.000000 0.000000 0.000000 0.000000
0.000000 1.154431
11 0.015000 0.975000 0.001000
0.487000 0.580000 0.780000 0.490000 1.250000 6.700000 0.650000 0.650000
187499.984375 75.360001 0.084000
1.073000 0.050000 0.116600
0.161330 0.093684 0.000522 0.000000
0.000000

0.000000 0.000000 0.123501
0.040048 0.004454 0.672412 3.722349 177.392044
0.000000 0.011779 0.015432 0.000000 0.000000 0.000000
0.000000 0.000016 0.000001
5.170851 1.000000 0.000000
764.299377 0.000000
0.000000 0.000000 0.000000 0.000000
0.000000 1.153830
11 0.015000 0.990000 0.001000
0.487000 0.580000 0.780000 0.490000 1.250000 6.700000 0.650000 0.650000
187499.984375 75.360001 0.084000
1.073000 0.050000 0.116600
0.161347 0.093648 0.000522 0.000000
0.000000

0.000000 0.000000 0.124075
0.040065 0.004456 0.672743 3.723804 177.403763
0.000000 0.012480 0.015441 0.000000 0.000000 0.000000
0.000000 0.000016 0.000001
5.248427 1.000000 0.000000
764.299377 0.000000
0.000000 0.000000 0.000000 0.000000
0.000000 1.153217
11 0.015000 1.005000 0.001000
0.487000 0.580000 0.780000 0.490000 1.250000 6.700000 0.650000 0.650000
187499.984375 75.360001 0.084000
1.073000 0.050000 0.116600
0.161366 0.093813 0.000523 0.000000
0.000000

0.000000 0.000000 0.124816
0.040087 0.004459 0.673146 3.725664 177.413132
0.000000 0.012880 0.015364 0.000000 0.000000 0.000000
0.000000 0.000016 0.000001
5.325077 1.000000 0.000000
764.299377 0.000000
0.000000 0.000000 0.000000 0.000000
0.000000 1.152640
11 0.015000 1.020000 0.001000
0.487000 0.580000 0.780000 0.490000 1.250000 6.700000 0.650000 0.650000
187499.984375 75.360001 0.084000
1.073000 0.050000 0.116600
0.161386 0.093663 0.000522 0.000000
0.000000

0.000000 0.000000 0.125381
0.040104 0.004461 0.673475 3.727118 177.423004
0.000000 0.012960 0.015338 0.000000 0.000000 0.000000
0.000000 0.000016 0.000001
5.400786 1.000000 0.000000
764.299377 0.000000
0.000000 0.000000 0.000000 0.000000
0.000000 1.152040
11 0.015000 1.035000 0.001000
0.487000 0.580000 0.780000 0.490000 1.250000 6.700000 0.650000 0.650000
187499.984375 75.360001 0.084000
1.073000 0.050000 0.116600
0.161403 0.093894 0.000523 0.000000
0.000000

0.000000 0.000000 0.125974
0.040121 0.004463 0.673806 3.728582 177.433090
0.000000 0.012682 0.015288 0.000000 0.000000 0.000000
0.000000 0.000016 0.000001
5.475541 1.000000 0.000000
764.299377 0.000000
0.000000 0.000000 0.000000 0.000000
0.000000 1.151473
11 0.015000 1.050000 0.001000
0.487000 0.580000 0.780000 0.490000 1.250000 6.700000 0.650000 0.650000
187499.984375 75.360001 0.084000
1.073000 0.050000 0.116600
0.161419 0.093707 0.000522 0.000000
0.000000

0.000000 0.000000 0.126528
0.040137 0.004464 0.674114 3.729929 177.443176
0.000000 0.012122 0.015256 0.000000 0.000000 0.000000
0.000000 0.000017 0.000001
5.549329 1.000000 0.000000
764.299377 0.000000
0.000000 0.000000 0.000000 0.000000
0.000000 1.150901
11 0.015000 1.065000 0.001000
0.487000 0.580000 0.780000 0.490000 1.250000 6.700000 0.650000 0.650000
187499.984375 75.360001 0.084000
1.073000 0.050000 0.116600
0.161435 0.093900 0.000523 0.000000
0.000000

0.000000 0.000000 0.127096
0.040154 0.004466 0.674432 3.731336 177.452591
0.000000 0.011412 0.015205 0.000000 0.000000 0.000000
0.000000 0.000017 0.000002
5.622141 1.000000 0.000000
764.299377 0.000000
0.000000 0.000000 0.000000 0.000000
0.000000 1.150343
11 0.015000 1.080000 0.001000
0.487000 0.580000 0.780000 0.490000 1.250000 6.700000 0.650000 0.650000
187499.984375 75.360001 0.084000
1.073000 0.050000 0.116600
0.161450 0.093654 0.000522 0.000000
0.000000

0.000000 0.000000 0.127939
0.040178 0.004469 0.674872 3.733423 177.463211
0.000000 0.010664 0.015165 0.000000 0.000000 0.000000
0.000000 0.000017 0.000002
5.693967 1.000000 0.000000
764.299377 0.000000
0.000000 0.000000 0.000000 0.000000
0.000000 1.149823
11 0.015000 1.095000 0.001000
0.487000 0.580000 0.780000 0.490000 1.250000 6.700000 0.650000 0.650000
187499.984375 75.360001 0.084000
1.073000 0.050000 0.116600
0.161474 0.094002 0.000524 0.000000
0.000000

0.000000 0.000000 0.128874
0.040204 0.004472 0.675347 3.735714 177.475189
0.000000 0.009964 0.015132 0.000000 0.000000 0.000000
0.000000 0.000017 0.000002
5.764799 1.000000 0.000000
764.299377 0.000000
0.000000 0.000000 0.000000 0.000000
0.000000 1.149328
11 0.015000 1.110000 0.001000
0.487000 0.580000 0.780000 0.490000 1.250000 6.700000 0.650000 0.650000
187499.984375 75.360001 0.084000
1.073000 0.050000 0.116600
0.161501 0.093535 0.000521 0.000000
0.000000

0.000000 0.000000 0.129419
0.040219 0.004474 0.675643 3.737006 177.483597
0.000000 0.009366 0.015077 0.000000 0.000000 0.000000
0.000000 0.000017 0.000002
5.834630 1.000000 0.000000
764.299377 0.000000
0.000000 0.000000 0.000000 0.000000
0.000000 1.148812
11 0.015000 1.125000 0.001000
0.487000 0.580000 0.780000 0.490000 1.250000 6.700000 0.650000 0.650000
187499.984375 75.360001 0.084000
1.073000 0.050000 0.116600
0.161516 0.093827 0.000523 0.000000
0.000000

0.000000 0.000000 0.129958
0.040235 0.004476 0.675944 3.738333 177.493515
0.000000 0.008913 0.015063 0.000000 0.000000 0.000000
0.000000 0.000017 0.000002
5.903454 1.000000 0.000000
764.299377 0.000000
0.000000 0.000000 0.000000 0.000000
0.000000 1.148293
11 0.015000 1.140000 0.001000
0.487000 0.580000 0.780000 0.490000 1.250000 6.700000 0.650000 0.650000
187499.984375 75.360001 0.084000
1.073000 0.050000 0.116600
0.161532 0.093754 0.000522 0.000000
0.000000

0.000000 0.000000 0.130494
0.040250 0.004477 0.676239 3.739632 177.502716
0.000000 0.008568 0.015001 0.000000 0.000000 0.000000
0.000000 0.000017 0.000002
5.971266 1.000000 0.000000
764.299377 0.000000
0.000000 0.000000 0.000000 0.000000
0.000000 1.147789
11 0.015000 1.155000 0.001000
0.487000 0.580000 0.780000 0.490000 1.250000 6.700000 0.650000 0.650000
187499.984375 75.360001 0.084000
1.073000 0.050000 0.116600
0.161548 0.093841 0.000523 0.000000
0.000000

0.000000 0.000000 0.131074
0.040267 0.004479 0.676547 3.741011 177.512192
0.000000 0.008303 0.014965 0.000000 0.000000 0.000000
0.000000 0.000017 0.000002
6.038063 1.000000 0.000000
764.299377 0.000000
0.000000 0.000000 0.000000 0.000000
0.000000 1.147294
11 0.015000 1.170000 0.001000
0.487000 0.580000 0.780000 0.490000 1.250000 6.700000 0.650000 0.650000
187499.984375 75.360001 0.084000
1.073000 0.050000 0.116600
0.161560 0.093807 0.000522 0.000000
0.000000

0.000000 0.000000 0.131714
0.040284 0.004481 0.676883 3.742539 177.521790
0.000000 0.008129 0.014931 0.000000 0.000000 0.000000
0.000000 0.000017 0.000002
6.103841 1.000000 0.000000
764.299377 0.000000
0.000000 0.000000 0.000000 0.000000
0.000000 1.146835
11 0.015000 1.185000 0.001000
0.487000 0.580000 0.780000 0.490000 1.250000 6.700000 0.650000 0.650000
187499.984375 75.360001 0.084000
1.073000 0.050000 0.116600
0.161579 0.093544 0.000521 0.000000
0.000000

0.000000 0.000000 0.132236
0.040299 0.004483 0.677161 3.743753 177.530624
0.000000 0.008009 0.014917 0.000000 0.000000 0.000000
0.000000 0.000018 0.000003
6.168600 1.000000 0.000000
764.299377 0.000000
0.000000 0.000000 0.000000 0.000000
0.000000 1.146359
11 0.015000 1.200000 0.001000
0.487000 0.580000 0.780000 0.490000 1.250000 6.700000 0.650000 0.650000
187499.984375 75.360001 0.084000
1.073000 0.050000 0.116600
0.161594 0.093718 0.000522 0.000000
0.000000

0.000000 0.000000 0.132756
0.040313 0.004484 0.677443 3.744987 177.538269
0.000000 0.007908 0.014856 0.000000 0.000000 0.000000
0.000000 0.000018 0.000003
6.232337 1.000000 0.000000
764.299377 0.000000
0.000000 0.000000 0.000000 0.000000
0.000000 1.145900
11 0.015000 1.215000 0.001000
0.487000 0.580000 0.780000 0.490000 1.250000 6.700000 0.650000 0.650000
187499.984375 75.360001 0.084000
1.073000 0.050000 0.116600
0.161608 0.093659 0.000522 0.000000
0.000000

0.000000 0.000000 0.133268
0.040328 0.004486 0.677722 3.746214 177.548553
0.000000 0.007850 0.014859 0.000000 0.000000 0.000000
0.000000 0.000018 0.000003
6.295054 1.000000 0.000000
764.299377 0.000000
0.000000 0.000000 0.000000 0.000000
0.000000 1.145447
11 0.015000 1.230000 0.001000
0.487000 0.580000 0.780000 0.490000 1.250000 6.700000 0.650000 0.650000
187499.984375 75.360001 0.084000
1.073000 0.050000 0.116600
0.161621 0.093722 0.000522 0.000000
0.000000

0.000000 0.000000 0.133779
0.040342 0.004488 0.677992 3.747399 177.557266
0.000000 0.007798 0.014807 0.000000 0.000000 0.000000
0.000000 0.000018 0.000003
6.356750 1.000000 0.000000
764.299377 0.000000
0.000000 0.000000 0.000000 0.000000
0.000000 1.145004
11 0.015000 1.245000 0.001000
0.487000 0.580000 0.780000 0.490000 1.250000 6.700000 0.650000 0.650000
187499.984375 75.360001 0.084000
1.073000 0.050000 0.116600
0.161632 0.093794 0.000522 0.000000
0.000000

0.000000 0.000000 0.134285
0.040356 0.004489 0.678261 3.748577 177.566589
0.000000 0.007741 0.014775 0.000000 0.000000 0.000000
0.000000 0.000018 0.000003
6.417429 1.000000 0.000000
764.299377 0.000000
0.000000 0.000000 0.000000 0.000000
0.000000 1.144575
11 0.015000 1.260000 0.001000
0.487000 0.580000 0.780000 0.490000 1.250000 6.700000 0.650000 0.650000
187499.984375 75.360001 0.084000
1.073000 0.050000 0.116600
0.161651 0.094094 0.000524 0.000000
0.000000

0.000000 0.000000 0.134799
0.040370 0.004491 0.678528 3.749745 177.575775
0.000000 0.007687 0.014728 0.000000 0.000000 0.000000
0.000000 0.000018 0.000003
6.477092 1.000000 0.000000
764.299377 0.000000
0.000000 0.000000 0.000000 0.000000
0.000000 1.144157
11 0.015000 1.275000 0.001000
0.487000 0.580000 0.780000 0.490000 1.250000 6.700000 0.650000 0.650000
187499.984375 75.360001 0.084000
1.073000 0.050000 0.116600
0.161662 0.094037 0.000524 0.000000
0.000000

0.000000 0.000000 0.135394
0.040386 0.004493 0.678830 3.751108 177.584839
0.000000 0.007636 0.014690 0.000000 0.000000 0.000000
0.000000 0.000018 0.000003
6.535742 1.000000 0.000000
764.299377 0.000000
0.000000 0.000000 0.000000 0.000000
0.000000 1.143747
11 0.015000 1.290000 0.001000
0.487000 0.580000 0.780000 0.490000 1.250000 6.700000 0.650000 0.650000
187499.984375 75.360001 0.084000
1.073000 0.050000 0.116600
0.161678 0.094037 0.000524 0.000000
0.000000

0.000000 0.000000 0.136004
0.040402 0.004494 0.679145 3.752550 177.594116
0.000000 0.007595 0.014657 0.000000 0.000000 0.000000
0.000000 0.000018 0.000003
6.593385 1.000000 0.000000
764.299377 0.000000
0.000000 0.000000 0.000000 0.000000
0.000000 1.143356
11 0.015000 1.305000 0.001000
0.487000 0.580000 0.780000 0.490000 1.250000 6.700000 0.650000 0.650000
187499.984375 75.360001 0.084000
1.073000 0.050000 0.116600
0.161694 0.093913 0.000523 0.000000
0.000000

0.000000 0.000000 0.136526
0.040417 0.004496 0.679417 3.753749 177.602661
0.000000 0.007567 0.014641 0.000000 0.000000 0.000000
0.000000 0.000018 0.000003
6.650023 1.000000 0.000000
764.299377 0.000000
0.000000 0.000000 0.000000 0.000000
0.000000 1.142947
11 0.015000 1.320000 0.001000
0.487000 0.580000 0.780000 0.490000 1.250000 6.700000 0.650000 0.650000
187499.984375 75.360001 0.084000
1.073000 0.050000 0.116600
0.161709 0.094016 0.000524 0.000000
0.000000

0.000000 0.000000 0.137023
0.040430 0.004498 0.679673 3.754879 177.611557
0.000000 0.007526 0.014595 0.000000 0.000000 0.000000
0.000000 0.000018 0.000003
6.705664 1.000000 0.000000
764.299377 0.000000
0.000000 0.000000 0.000000 0.000000
0.000000 1.142561
11 0.015000 1.335000 0.001000
0.487000 0.580000 0.780000 0.490000 1.250000 6.700000 0.650000 0.650000
187499.984375 75.360001 0.084000
1.073000 0.050000 0.116600
0.161724 0.093920 0.000523 0.000000
0.000000

0.000000 0.000000 0.137509
0.040443 0.004499 0.679922 3.755959 177.621368
0.000000 0.007493 0.014558 0.000000 0.000000 0.000000
0.000000 0.000018 0.000003
6.760311 1.000000 0.000000
764.299377 0.000000
0.000000 0.000000 0.000000 0.000000
0.000000 1.142192
11 0.015000 1.350000 0.001000
0.487000 0.580000 0.780000 0.490000 1.250000 6.700000 0.650000 0.650000
187499.984375 75.360001 0.084000
1.073000 0.050000 0.116600
0.161733 0.094005 0.000524 0.000000
0.000000

0.000000 0.000000 0.137993
0.040455 0.004500 0.680170 3.757033 177.630051
0.000000 0.007462 0.014540 0.000000 0.000000 0.000000
0.000000 0.000019 0.000003
6.813972 1.000000 0.000000
764.299377 0.000000
0.000000 0.000000 0.000000 0.000000
0.000000 1.141811
11 0.015000 1.365000 0.001000
0.487000 0.580000 0.780000 0.490000 1.250000 6.700000 0.650000 0.650000
187499.984375 75.360001 0.084000
1.073000 0.050000 0.116600
0.161745 0.094099 0.000524 0.000000
0.000000

0.000000 0.000000 0.138508
0.040469 0.004502 0.680435 3.758211 177.639313
0.000000 0.007439 0.014493 0.000000 0.000000 0.000000
0.000000 0.000019 0.000003
6.866653 1.000000 0.000000
764.299377 0.000000
0.000000 0.000000 0.000000 0.000000
0.000000 1.141448
11 0.015000 1.380000 0.001000
0.487000 0.580000 0.780000 0.490000 1.250000 6.700000 0.650000 0.650000
187499.984375 75.360001 0.084000
1.073000 0.050000 0.116600
0.161759 0.094281 0.000525 0.000000
0.000000

0.000000 0.000000 0.139318
0.040490 0.004504 0.680815 3.760029 177.649216
0.000000 0.007403 0.014445 0.000000 0.000000 0.000000
0.000000 0.000019 0.000003
6.918361 1.000000 0.000000
764.299377 0.000000
0.000000 0.000000 0.000000 0.000000
0.000000 1.141124
11 0.015000 1.395000 0.001000
0.487000 0.580000 0.780000 0.490000 1.250000 6.700000 0.650000 0.650000
187499.984375 75.360001 0.084000
1.073000 0.050000 0.116600
0.161782 0.094028 0.000524 0.000000
0.000000

0.000000 0.000000 0.139812
0.040503 0.004506 0.681065 3.761134 177.657791
0.000000 0.007365 0.014415 0.000000 0.000000 0.000000
0.000000 0.000019 0.000003
6.969104 1.000000 0.000000
764.299377 0.000000
0.000000 0.000000 0.000000 0.000000
0.000000 1.140774
11 0.015000 1.410000 0.001000
0.487000 0.580000 0.780000 0.490000 1.250000 6.700000 0.650000 0.650000
187499.984375 75.360001 0.084000
1.073000 0.050000 0.116600
0.161794 0.094260 0.000525 0.000000
0.000000

0.000000 0.000000 0.140365
0.040517 0.004507 0.681338 3.762361 177.666122
0.000000 0.007343 0.014395 0.000000 0.000000 0.000000
0.000000 0.000019 0.000003
7.018889 1.000000 0.000000
764.299377 0.000000
0.000000 0.000000 0.000000 0.000000
0.000000 1.140440
11 0.015000 1.425000 0.001000
0.487000 0.580000 0.780000 0.490000 1.250000 6.700000 0.650000 0.650000
187499.984375 75.360001 0.084000
1.073000 0.050000 0.116600
0.161806 0.093990 0.000524 0.000000
0.000000

0.000000 0.000000 0.140875
0.040530 0.004509 0.681589 3.763466 177.674881
0.000000 0.007307 0.014345 0.000000 0.000000 0.000000
0.000000 0.000019 0.000003
7.067726 1.000000 0.000000
764.299377 0.000000
0.000000 0.000000 0.000000 0.000000
0.000000 1.140105
11 0.015000 1.440000 0.001000
0.487000 0.580000 0.780000 0.490000 1.250000 6.700000 0.650000 0.650000
187499.984375 75.360001 0.084000
1.073000 0.050000 0.116600
0.161820 0.094022 0.000524 0.000000
0.000000

0.000000 0.000000 0.141340
0.040543 0.004510 0.681825 3.764489 177.682465
0.000000 0.007277 0.014319 0.000000 0.000000 0.000000
0.000000 0.000019 0.000003
7.115621 1.000000 0.000000
764.299377 0.000000
0.000000 0.000000 0.000000 0.000000
0.000000 1.139779
11 0.015000 1.455000 0.001000
0.487000 0.580000 0.780000 0.490000 1.250000 6.700000 0.650000 0.650000
187499.984375 75.360001 0.084000
1.073000 0.050000 0.116600
0.161838 0.093968 0.000523 0.000000
0.000000

0.000000 0.000000 0.141803
0.040555 0.004512 0.682057 3.765511 177.690140
0.000000 0.007260 0.014295 0.000000 0.000000 0.000000
0.000000 0.000019 0.000004
7.162585 1.000000 0.000000
764.299377 0.000000
0.000000 0.000000 0.000000 0.000000
0.000000 1.139450
11 0.015000 1.470000 0.001000
0.487000 0.580000 0.780000 0.490000 1.250000 6.700000 0.650000 0.650000
187499.984375 75.360001 0.084000
1.073000 0.050000 0.116600
0.161844 0.094033 0.000524 0.000000
0.000000

0.000000 0.000000 0.142261
0.040566 0.004513 0.682288 3.766513 177.697968
0.000000 0.007235 0.014264 0.000000 0.000000 0.000000
0.000000 0.000019 0.000004
7.208626 1.000000 0.000000
764.299377 0.000000
0.000000 0.000000 0.000000 0.000000
0.000000 1.139136
11 0.015000 1.485000 0.001000
0.487000 0.580000 0.780000 0.490000 1.250000 6.700000 0.650000 0.650000
187499.984375 75.360001 0.084000
1.073000 0.050000 0.116600
0.161855 0.094113 0.000524 0.000000
0.000000

0.000000 0.000000 0.142717
0.040578 0.004514 0.682517 3.767514 177.706970
0.000000 0.007206 0.014217 0.000000 0.000000 0.000000
0.000000 0.000019 0.000004
7.253754 1.000000 0.000000
764.299377 0.000000
0.000000 0.000000 0.000000 0.000000
0.000000 1.138831
11 0.015000 1.500000 0.001000
0.487000 0.580000 0.780000 0.490000 1.250000 6.700000 0.650000 0.650000
187499.984375 75.360001 0.084000
1.073000 0.050000 0.116600
0.161866 0.094434 0.000526 0.000000
0.000000

0.000000 0.000000 0.143201
0.040591 0.004516 0.682760 3.768587 177.714890
0.000000 0.007178 0.014190 0.000000 0.000000 0.000000
0.000000 0.000019 0.000004
7.297977 1.000000 0.000000
764.299377 0.000000
0.000000 0.000000 0.000000 0.000000
0.000000 1.138533
11 0.015000 1.515000 0.001000
0.487000 0.580000 0.780000 0.490000 1.250000 6.700000 0.650000 0.650000
187499.984375 75.360001 0.084000
1.073000 0.050000 0.116600
0.161877 0.094164 0.000524 0.000000
0.000000

0.000000 0.000000 0.143669
0.040602 0.004517 0.682986 3.769571 177.723129
0.000000 0.007151 0.014158 0.000000 0.000000 0.000000
0.000000 0.000019 0.000004
7.341306 1.000000 0.000000
764.299377 0.000000
0.000000 0.000000 0.000000 0.000000
0.000000 1.138236
11 0.015000 1.530000 0.001000
0.487000 0.580000 0.780000 0.490000 1.250000 6.700000 0.650000 0.650000
187499.984375 75.360001 0.084000
1.073000 0.050000 0.116600
0.161896 0.094257 0.000525 0.000000
0.000000

0.000000 0.000000 0.144997
0.040635 0.004521 0.683552 3.772435 177.737518
0.000000 0.007117 0.014117 0.000000 0.000000 0.000000
0.000000 0.000019 0.000004
7.383750 1.000000 0.000000
764.299377 0.000000
0.000000 0.000000 0.000000 0.000000
0.000000 1.138023
11 0.015000 1.545000 0.001000
0.487000 0.580000 0.780000 0.490000 1.250000 6.700000 0.650000 0.650000
187499.984375 75.360001 0.084000
1.073000 0.050000 0.116600
0.161925 0.094330 0.000525 0.000000
0.000000

0.000000 0.000000 0.148533
0.040719 0.004530 0.684968 3.779993 177.775024
0.000000 0.007098 0.014103 0.000000 0.000000 0.000000
0.000000 0.000019 0.000004
7.425320 1.000000 0.000000
764.299377 0.000000
0.000000 0.000000 0.000000 0.000000
0.000000 1.138003
11 0.015000 1.560000 0.001000
0.487000 0.580000 0.780000 0.490000 1.250000 6.700000 0.650000 0.650000
187499.984375 75.360001 0.084000
1.073000 0.050000 0.116600
0.162006 0.094027 0.000524 0.000000
0.000000

0.000000 0.000000 0.148990
0.040730 0.004531 0.685184 3.780931 177.782486
0.000000 0.007078 0.014067 0.000000 0.000000 0.000000
0.000000 0.000020 0.000004
7.466024 1.000000 0.000000
764.299377 0.000000
0.000000 0.000000 0.000000 0.000000
0.000000 1.137724
11 0.015000 1.575000 0.001000
0.487000 0.580000 0.780000 0.490000 1.250000 6.700000 0.650000 0.650000
187499.984375 75.360001 0.084000
1.073000 0.050000 0.116600
0.162027 0.094100 0.000524 0.000000
0.000000

0.000000 0.000000 0.149447
0.040741 0.004532 0.685408 3.781909 177.790756
0.000000 0.007039 0.013982 0.000000 0.000000 0.000000
0.000000 0.000020 0.000004
7.505872 1.000000 0.000000
764.299377 0.000000
0.000000 0.000000 0.000000 0.000000
0.000000 1.137457
11 0.015000 1.590000 0.001000
0.487000 0.580000 0.780000 0.490000 1.250000 6.700000 0.650000 0.650000
187499.984375 75.360001 0.084000
1.073000 0.050000 0.116600
0.162032 0.094184 0.000525 0.000000
0.000000

0.000000 0.000000 0.149902
0.040752 0.004534 0.685625 3.782852 177.799011
0.000000 0.007015 0.013974 0.000000 0.000000 0.000000
0.000000 0.000020 0.000004
7.544874 1.000000 0.000000
764.299377 0.000000
0.000000 0.000000 0.000000 0.000000
0.000000 1.137189
11 0.015000 1.605000 0.001000
0.487000 0.580000 0.780000 0.490000 1.250000 6.700000 0.650000 0.650000
187499.984375 75.360001 0.084000
1.073000 0.050000 0.116600
0.162046 0.094429 0.000526 0.000000
0.000000

0.000000 0.000000 0.150396
0.040764 0.004535 0.685854 3.783864 177.807404
0.000000 0.006997 0.013935 0.000000 0.000000 0.000000
0.000000 0.000020 0.000004
7.583040 1.000000 0.000000
764.299377 0.000000
0.000000 0.000000 0.000000 0.000000
0.000000 1.136932
11 0.015000 1.620000 0.001000
0.487000 0.580000 0.780000 0.490000 1.250000 6.700000 0.650000 0.650000
187499.984375 75.360001 0.084000
1.073000 0.050000 0.116600
0.162057 0.094250 0.000525 0.000000
0.000000

0.000000 0.000000 0.152838
0.040821 0.004541 0.686822 3.788957 177.838425
0.000000 0.006974 0.013906 0.000000 0.000000 0.000000
0.000000 0.000020 0.000004
7.620378 1.000000 0.000000
764.299377 0.000000
0.000000 0.000000 0.000000 0.000000
0.000000 1.136839
11 0.015000 1.635000 0.001000
0.487000 0.580000 0.780000 0.490000 1.250000 6.700000 0.650000 0.650000
187499.984375 75.360001 0.084000
1.073000 0.050000 0.116600
0.162113 0.094266 0.000525 0.000000
0.000000

0.000000 0.000000 0.153334
0.040833 0.004543 0.687051 3.789973 177.847763
0.000000 0.006932 0.013839 0.000000 0.000000 0.000000
0.000000 0.000020 0.000004
7.656901 1.000000 0.000000
764.299377 0.000000
0.000000 0.000000 0.000000 0.000000
0.000000 1.136583
11 0.015000 1.650000 0.001000
0.487000 0.580000 0.780000 0.490000 1.250000 6.700000 0.650000 0.650000
187499.984375 75.360001 0.084000
1.073000 0.050000 0.116600
0.162126 0.094134 0.000524 0.000000
0.000000

0.000000 0.000000 0.153790
0.040843 0.004544 0.687260 3.790883 177.856125
0.000000 0.006905 0.013817 0.000000 0.000000 0.000000
0.000000 0.000020 0.000004
7.692615 1.000000 0.000000
764.299377 0.000000
0.000000 0.000000 0.000000 0.000000
0.000000 1.136331
11 0.015000 1.665000 0.001000
0.487000 0.580000 0.780000 0.490000 1.250000 6.700000 0.650000 0.650000
187499.984375 75.360001 0.084000
1.073000 0.050000 0.116600
0.162137 0.094213 0.000525 0.000000
0.000000

0.000000 0.000000 0.154245
0.040855 0.004545 0.687475 3.791827 177.864853
0.000000 0.006893 0.013791 0.000000 0.000000 0.000000
0.000000 0.000020 0.000004
7.727531 1.000000 0.000000
764.299377 0.000000
0.000000 0.000000 0.000000 0.000000
0.000000 1.136090
11 0.015000 1.680000 0.001000
0.487000 0.580000 0.780000 0.490000 1.250000 6.700000 0.650000 0.650000
187499.984375 75.360001 0.084000
1.073000 0.050000 0.116600
0.162148 0.094536 0.000527 0.000000
0.000000

0.000000 0.000000 0.154744
0.040866 0.004546 0.687699 3.792821 177.872986
0.000000 0.006872 0.013771 0.000000 0.000000 0.000000
0.000000 0.000020 0.000004
7.761658 1.000000 0.000000
764.299377 0.000000
0.000000 0.000000 0.000000 0.000000
0.000000 1.135852
11 0.015000 1.695000 0.001000
0.487000 0.580000 0.780000 0.490000 1.250000 6.700000 0.650000 0.650000
187499.984375 75.360001 0.084000
1.073000 0.050000 0.116600
0.162158 0.094300 0.000525 0.000000
0.000000

0.000000 0.000000 0.155320
0.040880 0.004548 0.687956 3.793998 177.882706
0.000000 0.006842 0.013710 0.000000 0.000000 0.000000
0.000000 0.000020 0.000004
7.795006 1.000000 0.000000
764.299377 0.000000
0.000000 0.000000 0.000000 0.000000
0.000000 1.135620
11 0.015000 1.710000 0.001000
0.487000 0.580000 0.780000 0.490000 1.250000 6.700000 0.650000 0.650000
187499.984375 75.360001 0.084000
1.073000 0.050000 0.116600
0.162173 0.094337 0.000525 0.000000
0.000000

0.000000 0.000000 0.155769
0.040890 0.004549 0.688161 3.794884 177.890915
0.000000 0.006813 0.013668 0.000000 0.000000 0.000000
0.000000 0.000020 0.000004
7.827583 1.000000 0.000000
764.299377 0.000000
0.000000 0.000000 0.000000 0.000000
0.000000 1.135373
11 0.015000 1.725000 0.001000
0.487000 0.580000 0.780000 0.490000 1.250000 6.700000 0.650000 0.650000
187499.984375 75.360001 0.084000
1.073000 0.050000 0.116600
0.162182 0.094442 0.000526 0.000000
0.000000

0.000000 0.000000 0.156303
0.040903 0.004551 0.688395 3.795944 177.900650
0.000000 0.006780 0.013619 0.000000 0.000000 0.000000
0.000000 0.000020 0.000004
7.859397 1.000000 0.000000
764.299377 0.000000
0.000000 0.000000 0.000000 0.000000
0.000000 1.135137
11 0.015000 1.740000 0.001000
0.487000 0.580000 0.780000 0.490000 1.250000 6.700000 0.650000 0.650000
187499.984375 75.360001 0.084000
1.073000 0.050000 0.116600
0.162195 0.094521 0.000526 0.000000
0.000000

0.000000 0.000000 0.158060
0.040942 0.004555 0.689078 3.799472 177.920822
0.000000 0.006748 0.013596 0.000000 0.000000 0.000000
0.000000 0.000020 0.000004
7.890458 1.000000 0.000000
764.299377 0.000000
0.000000 0.000000 0.000000 0.000000
0.000000 1.135003
11 0.015000 1.755000 0.001000
0.487000 0.580000 0.780000 0.490000 1.250000 6.700000 0.650000 0.650000
187499.984375 75.360001 0.084000
1.073000 0.050000 0.116600
0.162235 0.094428 0.000526 0.000000
0.000000

0.000000 0.000000 0.160866
0.041004 0.004562 0.690132 3.805049 177.940903
0.000000 0.006714 0.013557 0.000000 0.000000 0.000000
0.000000 0.000020 0.000005
7.920774 1.000000 0.000000
764.299377 0.000000
0.000000 0.000000 0.000000 0.000000
0.000000 1.134964
11 0.015000 1.770000 0.001000
0.487000 0.580000 0.780000 0.490000 1.250000 6.700000 0.650000 0.650000
187499.984375 75.360001 0.084000
1.073000 0.050000 0.116600
0.162300 0.094335 0.000525 0.000000
0.000000

0.000000 0.000000 0.161833
0.041026 0.004564 0.690516 3.806937 177.951126
0.000000 0.006700 0.013524 0.000000 0.000000 0.000000
0.000000 0.000020 0.000005
7.950354 1.000000 0.000000
764.299377 0.000000
0.000000 0.000000 0.000000 0.000000
0.000000 1.134779
11 0.015000 1.785000 0.001000
0.487000 0.580000 0.780000 0.490000 1.250000 6.700000 0.650000 0.650000
187499.984375 75.360001 0.084000
1.073000 0.050000 0.116600
0.162319 0.094639 0.000527 0.000000
0.000000

0.000000 0.000000 0.163341
0.041059 0.004568 0.691090 3.809872 177.961853
0.000000 0.006674 0.013489 0.000000 0.000000 0.000000
0.000000 0.000020 0.000005
7.979204 1.000000 0.000000
764.299377 0.000000
0.000000 0.000000 0.000000 0.000000
0.000000 1.134649
11 0.015000 1.800000 0.001000
0.487000 0.580000 0.780000 0.490000 1.250000 6.700000 0.650000 0.650000
187499.984375 75.360001 0.084000
1.073000 0.050000 0.116600
0.162352 0.094408 0.000526 0.000000
0.000000

0.000000 0.000000 0.163916
0.041071 0.004569 0.691332 3.810972 177.971252
0.000000 0.006634 0.013418 0.000000 0.000000 0.000000
0.000000 0.000020 0.000005
8.007333 1.000000 0.000000
764.299377 0.000000
0.000000 0.000000 0.000000 0.000000
0.000000 1.134444
11 0.015000 1.815000 0.001000
0.487000 0.580000 0.780000 0.490000 1.250000 6.700000 0.650000 0.650000
187499.984375 75.360001 0.084000
1.073000 0.050000 0.116600
0.162367 0.094487 0.000526 0.000000
0.000000

0.000000 0.000000 0.165022
0.041095 0.004572 0.691756 3.813078 177.981125
0.000000 0.006600 0.013383 0.000000 0.000000 0.000000
0.000000 0.000020 0.000005
8.034748 1.000000 0.000000
764.299377 0.000000
0.000000 0.000000 0.000000 0.000000
0.000000 1.134295
11 0.015000 1.830000 0.001000
0.487000 0.580000 0.780000 0.490000 1.250000 6.700000 0.650000 0.650000
187499.984375 75.360001 0.084000
1.073000 0.050000 0.116600
0.162389 0.094459 0.000526 0.000000
0.000000

0.000000 0.000000 0.165490
0.041105 0.004573 0.691953 3.813941 177.988617
0.000000 0.006572 0.013357 0.000000 0.000000 0.000000
0.000000 0.000020 0.000005
8.061458 1.000000 0.000000
764.299377 0.000000
0.000000 0.000000 0.000000 0.000000
0.000000 1.134100
11 0.015000 1.845000 0.001000
0.487000 0.580000 0.780000 0.490000 1.250000 6.700000 0.650000 0.650000
187499.984375 75.360001 0.084000
1.073000 0.050000 0.116600
0.162401 0.094539 0.000527 0.000000
0.000000

0.000000 0.000000 0.165983
0.041116 0.004574 0.692162 3.814867 177.995697
0.000000 0.006556 0.013323 0.000000 0.000000 0.000000
0.000000 0.000020 0.000005
8.087467 1.000000 0.000000
764.299377 0.000000
0.000000 0.000000 0.000000 0.000000
0.000000 1.133907
11 0.015000 1.860000 0.001000
0.487000 0.580000 0.780000 0.490000 1.250000 6.700000 0.650000 0.650000
187499.984375 75.360001 0.084000
1.073000 0.050000 0.116600
0.162411 0.094399 0.000526 0.000000
0.000000

0.000000 0.000000 0.166543
0.041128 0.004576 0.692390 3.815901 178.003799
0.000000 0.006533 0.013273 0.000000 0.000000 0.000000
0.000000 0.000020 0.000005
8.112783 1.000000 0.000000
764.299377 0.000000
0.000000 0.000000 0.000000 0.000000
0.000000 1.133736
11 0.015000 1.875000 0.001000
0.487000 0.580000 0.780000 0.490000 1.250000 6.700000 0.650000 0.650000
187499.984375 75.360001 0.084000
1.073000 0.050000 0.116600
0.162426 0.094531 0.000527 0.000000
0.000000

0.000000 0.000000 0.167034
0.041139 0.004577 0.692598 3.816822 178.012161
0.000000 0.006502 0.013231 0.000000 0.000000 0.000000
0.000000 0.000020 0.000005
8.137415 1.000000 0.000000
764.299377 0.000000
0.000000 0.000000 0.000000 0.000000
0.000000 1.133567
11 0.015000 1.890000 0.001000
0.487000 0.580000 0.780000 0.490000 1.250000 6.700000 0.650000 0.650000
187499.984375 75.360001 0.084000
1.073000 0.050000 0.116600
0.162432 0.094719 0.000528 0.000000
0.000000

0.000000 0.000000 0.167549
0.041150 0.004578 0.692813 3.817785 178.020905
0.000000 0.006484 0.013221 0.000000 0.000000 0.000000
0.000000 0.000020 0.000005
8.161365 1.000000 0.000000
764.299377 0.000000
0.000000 0.000000 0.000000 0.000000
0.000000 1.133403
11 0.015000 1.905000 0.001000
0.487000 0.580000 0.780000 0.490000 1.250000 6.700000 0.650000 0.650000
187499.984375 75.360001 0.084000
1.073000 0.050000 0.116600
0.162445 0.094412 0.000526 0.000000
0.000000

0.000000 0.000000 0.168031
0.041160 0.004579 0.693019 3.818704 178.028885
0.000000 0.006456 0.013155 0.000000 0.000000 0.000000
0.000000 0.000020 0.000005
8.184640 1.000000 0.000000
764.299377 0.000000
0.000000 0.000000 0.000000 0.000000
0.000000 1.133247
11 0.015000 1.920000 0.001000
0.487000 0.580000 0.780000 0.490000 1.250000 6.700000 0.650000 0.650000
187499.984375 75.360001 0.084000
1.073000 0.050000 0.116600
0.162458 0.094396 0.000526 0.000000
0.000000

0.000000 0.000000 0.168483
0.041170 0.004580 0.693202 3.819489 178.036911
0.000000 0.006435 0.013130 0.000000 0.000000 0.000000
0.000000 0.000020 0.000005
8.207245 1.000000 0.000000
764.299377 0.000000
0.000000 0.000000 0.000000 0.000000
0.000000 1.133086
11 0.015000 1.935000 0.001000
0.487000 0.580000 0.780000 0.490000 1.250000 6.700000 0.650000 0.650000
187499.984375 75.360001 0.084000
1.073000 0.050000 0.116600
0.162464 0.094476 0.000526 0.000000
0.000000

0.000000 0.000000 0.168931
0.041180 0.004581 0.693394 3.820338 178.044617
0.000000 0.006412 0.013097 0.000000 0.000000 0.000000
0.000000 0.000020 0.000005
8.229187 1.000000 0.000000
764.299377 0.000000
0.000000 0.000000 0.000000 0.000000
0.000000 1.132940
11 0.015000 1.950000 0.001000
0.487000 0.580000 0.780000 0.490000 1.250000 6.700000 0.650000 0.650000
187499.984375 75.360001 0.084000
1.073000 0.050000 0.116600
0.162473 0.094782 0.000528 0.000000
0.000000

0.000000 0.000000 0.169451
0.041190 0.004583 0.693602 3.821262 178.053192
0.000000 0.006395 0.013057 0.000000 0.000000 0.000000
0.000000 0.000020 0.000005
8.250471 1.000000 0.000000
764.299377 0.000000
0.000000 0.000000 0.000000 0.000000
0.000000 1.132803
11 0.015000 1.965000 0.001000
0.487000 0.580000 0.780000 0.490000 1.250000 6.700000 0.650000 0.650000
187499.984375 75.360001 0.084000
1.073000 0.050000 0.116600
0.162487 0.094666 0.000527 0.000000
0.000000

0.000000 0.000000 0.170536
0.041213 0.004585 0.694003 3.823254 178.063019
0.000000 0.006377 0.013010 0.000000 0.000000 0.000000
0.000000 0.000020 0.000005
8.271101 1.000000 0.000000
764.299377 0.000000
0.000000 0.000000 0.000000 0.000000
0.000000 1.132722
11 0.015000 1.980000 0.001000
0.487000 0.580000 0.780000 0.490000 1.250000 6.700000 0.650000 0.650000
187499.984375 75.360001 0.084000
1.073000 0.050000 0.116600
0.162506 0.094691 0.000527 0.000000
0.000000

0.000000 0.000000 0.171164
0.041226 0.004587 0.694248 3.824393 178.071167
0.000000 0.014636 0.013086 0.000000 0.000000 0.000000
0.000000 0.000024 0.000002
8.291081 1.000000 0.000000
764.299377 0.000000
0.000000 0.000000 0.000000 0.000000
0.000000 1.132562
11 0.015000 1.995000 0.001000
0.487000 0.580000 0.780000 0.490000 1.250000 6.700000 0.650000 0.650000
187499.984375 75.360001 0.084000
1.073000 0.050000 0.116600
0.162521 0.094790 0.000528 0.000000
0.000000
1.000000
2.000000
0.321000 0.000000
0.000000
0
-0.750000
0 0
0.000000
1
0.000000
1.000000
1.000000
1.000000
0.000000 0.000000 0.000000
0.000000 0.000000
0.000000 0.000000 0.000000 0.000000 0.000000 0.000000 0.000000
0.000000 0.000000 0.000000 0.000000 0.000000 0.000000 0.000000
240
2.000000
1
C:\Kingsite\dnd\Ohio1.spf
-1.000000 -1.000000
0.000000
50
50
10.000000
100
