11
Clay
0.580000 0.612000 0.084000 0.780000 0.530000 1.000000 0.000000 0.000000
1.020000 6.700000 1 0.028600 0.500000 0.050000 0.010000 0.027000 0.963000
0.000000 0.015000 2.000000 152999.984375 75.360001 133
0.103800 3.528000 4.728100 0.000000 1
8.234000 8.234000 10.000000 5.000000 25.000000 100.000000
0.000000 0.000000 0.055864 0.000000 115.513390 170.907593
500.000000 0.000000 0.000000

0.295363 297.308441 599.996887
3.685983 0.500565 95.398453 587.410583 3884.668945
0.000000 0.127740 0.222890 0.998862 0.000000 0.000000
0.000003 0.000000 0.000000
-2.820025 0.000010 71.603996
764.299377 0.000000
5.071449 0.000000 0.000000 0.000000
0.000000 0.385011
11 0.015000 0.015000 0.028600
0.612000 0.580000 0.780000 0.530000 1.020000 6.700000 0.780000 0.780000
152999.984375 75.360001 0.084000
1.073000 0.050000 0.116600
3.144690 23.223070 0.001835 0.000000
0.000000

0.291728 33.095303 25.627977
2.412542 0.698578 66.888588 406.031738 3920.524414
0.000000 0.013918 0.199305 0.499431 0.000000 0.000000
0.000004 0.000000 0.000001
-2.777668 0.000010 71.603996
764.299377 0.000000
1.927205 0.000000 0.000000 0.000000
0.000000 0.058834
11 0.015000 0.030000 0.028600
0.612000 0.580000 0.780000 0.530000 1.020000 6.700000 0.780000 0.780000
152999.984375 75.360001 0.084000
1.073000 0.050000 0.116600
3.183069 7.234046 0.000016 0.000000
0.000000

0.273585 28.831083 16.476368
2.466508 0.710222 66.900429 403.105255 3921.036865
0.000000 0.020714 0.194761 0.249715 0.000000 0.000000
0.000004 0.000000 0.000001
-2.743329 0.000010 71.603996
764.299377 0.000000
1.810551 0.000000 0.000000 0.000000
0.000000 0.049233
11 0.015000 0.045000 0.028600
0.612000 0.580000 0.780000 0.530000 1.020000 6.700000 0.780000 0.780000
152999.984375 75.360001 0.084000
1.073000 0.050000 0.116600
3.187997 7.075579 0.000015 0.000000
0.000000

0.257457 26.749714 16.052828
2.534331 0.700500 67.205048 402.888153 3921.367920
0.000000 0.021841 0.196264 0.124858 0.000000 0.000000
0.000004 0.000000 0.000001
-2.703806 0.000010 71.603996
764.299377 0.000000
1.744799 0.000000 0.000000 0.000000
0.000000 0.055195
11 0.015000 0.060000 0.028600
0.612000 0.580000 0.780000 0.530000 1.020000 6.700000 0.780000 0.780000
152999.984375 75.360001 0.084000
1.073000 0.050000 0.116600
3.191331 6.576086 0.000011 0.000000
0.000000

0.240930 24.754364 15.583851
2.593479 0.684123 67.405304 402.614075 3921.644531
0.000000 0.022212 0.194202 0.062429 0.000000 0.000000
0.000003 0.000000 0.000001
-2.659121 0.000010 71.603996
764.299377 0.000000
1.695767 0.000000 0.000000 0.000000
0.000000 0.059807
11 0.015000 0.075000 0.028600
0.612000 0.580000 0.780000 0.530000 1.020000 6.700000 0.780000 0.780000
152999.984375 75.360001 0.084000
1.073000 0.050000 0.116600
3.193803 5.846166 0.000007 0.000000
0.000000

0.224424 22.843155 15.142942
2.661148 0.659419 67.532921 402.315552 3921.833252
0.000000 0.020976 0.190684 0.031214 0.000000 0.000000
0.000003 0.000000 0.000001
-2.609307 0.000010 71.603996
764.299377 0.000000
1.645853 0.000000 0.000000 0.000000
0.000000 0.064084
11 0.015000 0.090000 0.028600
0.612000 0.580000 0.780000 0.530000 1.020000 6.700000 0.780000 0.780000
152999.984375 75.360001 0.084000
1.073000 0.050000 0.116600
3.195746 5.697625 0.000007 0.000000
0.000000

0.209861 21.219347 111.218712
2.880438 0.665070 70.399910 418.424622 3920.253174
0.000000 0.017222 0.191065 0.015607 0.000000 0.000000
0.000003 0.000000 0.000001
-2.554415 0.000010 71.603996
764.299377 0.000000
1.667475 0.000000 0.000000 0.000000
0.000000 0.098279
11 0.015000 0.105000 0.028600
0.612000 0.580000 0.780000 0.530000 1.020000 6.700000 0.780000 0.780000
152999.984375 75.360001 0.084000
1.073000 0.050000 0.116600
3.248537 5.849271 0.000007 0.000000
0.000000

0.194737 19.456413 76.441330
1.271245 0.266126 28.244354 167.622162 2935.288086
0.000000 0.012033 0.088374 0.007804 0.000000 0.000000
0.000001 0.000000 0.000000
-2.488908 0.000010 53.332493
764.299377 0.000000
0.688549 0.000000 0.000000 0.000000
0.000000 0.118413
11 0.015000 0.120000 0.018000
0.547000 0.580000 0.780000 0.490000 1.150000 6.700000 0.650000 0.650000
172500.000000 75.360001 0.084000
1.073000 0.050000 0.116600
2.662851 8.167750 0.000012 0.000000
0.000000

0.181611 18.036053 71.742676
1.250355 0.239409 27.028589 160.131836 2935.947754
0.000000 0.010425 0.081820 0.003902 0.000000 0.000000
0.000001 0.000000 0.000000
-2.412048 0.000010 53.332493
764.299377 0.000000
0.635663 0.000000 0.000000 0.000000
0.000000 0.124999
11 0.015000 0.135000 0.018000
0.547000 0.580000 0.780000 0.490000 1.150000 6.700000 0.650000 0.650000
172500.000000 75.360001 0.084000
1.073000 0.050000 0.116600
2.665570 8.127389 0.000012 0.000000
0.000000

0.169007 16.688601 67.232697
1.237841 0.214950 25.901045 153.188034 2936.658447
0.000000 0.008978 0.075750 0.001951 0.000000 0.000000
0.000001 0.000000 0.000000
-2.330680 0.000010 53.332493
764.299377 0.000000
0.589661 0.000000 0.000000 0.000000
0.000000 0.134421
11 0.015000 0.150000 0.018000
0.547000 0.580000 0.780000 0.490000 1.150000 6.700000 0.650000 0.650000
172500.000000 75.360001 0.084000
1.073000 0.050000 0.116600
2.667996 7.882700 0.000011 0.000000
0.000000

0.156798 32.020554 64.117844
1.190733 0.191710 25.318661 149.545975 2937.179932
0.000000 0.007447 0.068259 0.000975 0.000000 0.000000
0.000001 0.000000 0.000000
-2.244918 0.000010 53.332493
764.299377 0.000000
0.534139 0.000000 0.000000 0.000000
0.000000 0.171909
11 0.015000 0.165000 0.018000
0.547000 0.580000 0.780000 0.490000 1.150000 6.700000 0.650000 0.650000
172500.000000 75.360001 0.084000
1.073000 0.050000 0.116600
2.670094 8.398720 0.000014 0.000000
0.000000

0.145550 29.999289 60.396980
1.176778 0.174701 24.297060 143.255402 2937.909668
0.000000 0.006532 0.062513 0.000488 0.000000 0.000000
0.000000 0.000000 0.000000
-2.154878 0.000010 53.332493
764.299377 0.000000
0.487578 0.000000 0.000000 0.000000
0.000000 0.178832
11 0.015000 0.180000 0.018000
0.547000 0.580000 0.780000 0.490000 1.150000 6.700000 0.650000 0.650000
172500.000000 75.360001 0.084000
1.073000 0.050000 0.116600
2.672514 8.608707 0.000015 0.000000
0.000000

0.134970 28.069103 56.762421
1.164374 0.158496 23.334227 137.447083 2938.526367
0.000000 0.005575 0.056949 0.000244 0.000000 0.000000
0.000000 0.000000 0.000000
-2.060695 0.000010 53.332493
764.299377 0.000000
0.442755 0.000000 0.000000 0.000000
0.000000 0.189043
11 0.015000 0.195000 0.018000
0.547000 0.580000 0.780000 0.490000 1.150000 6.700000 0.650000 0.650000
172500.000000 75.360001 0.084000
1.073000 0.050000 0.116600
2.674448 9.261464 0.000020 0.000000
0.000000

0.123396 25.496660 51.166191
1.153869 0.143859 22.395544 132.049561 2937.031494
0.000000 0.006616 0.051489 0.000122 0.000000 0.000000
0.000000 0.000000 0.000000
-1.962502 0.000010 53.332493
764.299377 0.000000
0.397561 0.000000 0.000000 0.000000
0.000000 0.198781
11 0.015000 0.210000 0.018000
0.547000 0.580000 0.780000 0.490000 1.150000 6.700000 0.650000 0.650000
172500.000000 75.360001 0.084000
1.073000 0.050000 0.116600
2.669643 7.233561 0.000008 0.000000
0.000000

0.114324 23.592752 48.668083
0.897703 0.104979 16.416662 96.720650 1533.752808
0.000000 0.004468 0.035946 0.000061 0.000000 0.000000
0.000000 0.000000 0.000000
-1.858767 0.000010 51.382492
764.299377 0.000000
0.272822 0.000000 0.000000 0.000000
0.000000 0.215045
11 0.015000 0.225000 0.009000
0.527000 0.580000 0.780000 0.490000 1.200000 6.700000 0.650000 0.650000
180000.015625 75.360001 0.084000
1.073000 0.050000 0.116600
1.393435 6.824948 0.000005 0.000000
0.000000

0.105757 21.903978 45.027027
0.886258 0.100414 15.661719 92.210541 1533.817505
0.000000 0.003485 0.031455 0.000030 0.000000 0.000000
0.000000 0.000000 0.000000
-1.749509 0.000010 51.382496
764.299377 0.000000
0.237800 0.000000 0.000000 0.000000
0.000000 0.236290
11 0.015000 0.240000 0.009000
0.527000 0.580000 0.780000 0.490000 1.200000 6.700000 0.650000 0.650000
180000.015625 75.360001 0.084000
1.073000 0.050000 0.116600
1.393951 6.166039 0.000003 0.000000
0.000000

0.097876 20.342672 41.805759
0.869018 0.096769 14.951684 87.974632 1533.922852
0.000000 0.002906 0.027707 0.000015 0.000000 0.000000
0.000000 0.000000 0.000000
-1.636641 0.000010 51.382496
764.299377 0.000000
0.207609 0.000000 0.000000 0.000000
0.000000 0.249025
11 0.015000 0.255000 0.009000
0.527000 0.580000 0.780000 0.490000 1.200000 6.700000 0.650000 0.650000
180000.015625 75.360001 0.084000
1.073000 0.050000 0.116600
1.394454 5.623916 0.000002 0.000000
0.000000

0.090660 18.913572 38.838306
0.848218 0.094460 14.290664 84.028763 1533.957642
0.000000 0.002597 0.024454 0.000008 0.000000 0.000000
0.000000 0.000000 0.000000
-1.520339 0.000010 51.382496
764.299377 0.000000
0.179124 0.000000 0.000000 0.000000
0.000000 0.262921
11 0.015000 0.270000 0.009000
0.527000 0.580000 0.780000 0.490000 1.200000 6.700000 0.650000 0.650000
180000.015625 75.360001 0.084000
1.073000 0.050000 0.116600
1.394886 5.230318 0.000002 0.000000
0.000000

0.083957 17.583534 36.158321
0.828604 0.092283 13.670795 80.343109 1534.017334
0.000000 0.002415 0.021427 0.000004 0.000000 0.000000
0.000000 0.000000 0.000000
-1.400789 0.000010 51.382496
764.299377 0.000000
0.152981 0.000000 0.000000 0.000000
0.000000 0.278546
11 0.015000 0.285000 0.009000
0.527000 0.580000 0.780000 0.490000 1.200000 6.700000 0.650000 0.650000
180000.015625 75.360001 0.084000
1.073000 0.050000 0.116600
1.395273 4.779051 0.000001 0.000000
0.000000

0.077723 16.367035 33.688145
0.810937 0.090325 13.093985 76.918343 1534.126343
0.000000 0.002354 0.018687 0.000002 0.000000 0.000000
0.000000 0.000000 0.000000
-1.278176 0.000010 51.382496
764.299377 0.000000
0.129099 0.000000 0.000000 0.000000
0.000000 0.297516
11 0.015000 0.300000 0.009000
0.527000 0.580000 0.780000 0.490000 1.200000 6.700000 0.650000 0.650000
180000.015625 75.360001 0.084000
1.073000 0.050000 0.116600
1.395673 4.291905 0.000001 0.000000
0.000000

0.071925 15.204170 31.349070
0.794544 0.088509 12.562962 73.765320 1534.184814
0.000000 0.002400 0.016222 0.000001 0.000000 0.000000
0.000000 0.000000 0.000000
-1.152694 0.000010 51.382496
764.299377 0.000000
0.107138 0.000000 0.000000 0.000000
0.000000 0.319361
11 0.015000 0.315000 0.009000
0.527000 0.580000 0.780000 0.490000 1.200000 6.700000 0.650000 0.650000
180000.015625 75.360001 0.084000
1.073000 0.050000 0.116600
1.396060 3.847450 0.000001 0.000000
0.000000

0.066547 14.125414 29.540033
0.702839 0.078302 10.717456 62.900600 1172.394043
0.000000 0.002289 0.012780 0.000000 0.000000 0.000000
0.000000 0.000000 0.000000
-1.021567 0.000010 48.457500
764.299377 0.000000
0.078086 0.000000 0.000000 0.000000
0.000000 0.345931
11 0.015000 0.330000 0.006600
0.497000 0.580000 0.780000 0.490000 1.250000 6.700000 0.650000 0.650000
187499.984375 75.360001 0.084000
1.073000 0.050000 0.116600
1.066689 3.615824 0.000000 0.000000
0.000000

0.061555 13.117296 27.453417
0.687557 0.076610 10.261269 60.200615 1172.404175
0.000000 0.002390 0.010799 0.000000 0.000000 0.000000
0.000000 0.000000 0.000000
-0.884822 0.000010 48.457500
764.299377 0.000000
0.060456 0.000000 0.000000 0.000000
0.000000 0.375114
11 0.015000 0.345000 0.006600
0.497000 0.580000 0.780000 0.490000 1.250000 6.700000 0.650000 0.650000
187499.984375 75.360001 0.084000
1.073000 0.050000 0.116600
1.066953 3.270880 0.000000 0.000000
0.000000

0.056937 12.179382 25.512369
0.672868 0.074983 9.838260 57.698887 1172.450317
0.000000 0.002501 0.008958 0.000000 0.000000 0.000000
0.000000 0.000000 0.000000
-0.745779 0.000010 48.457500
764.299377 0.000000
0.044239 0.000000 0.000000 0.000000
0.000000 0.407071
11 0.015000 0.360000 0.006600
0.497000 0.580000 0.780000 0.490000 1.250000 6.700000 0.650000 0.650000
187499.984375 75.360001 0.084000
1.073000 0.050000 0.116600
1.067226 2.992039 0.000000 0.000000
0.000000

0.052627 11.302986 23.651264
0.657718 0.073307 9.446587 55.383862 1172.488770
0.000000 0.002759 0.007456 0.000000 0.000000 0.000000
0.000000 0.000000 0.000000
-0.604648 0.000010 48.457500
764.299377 0.000000
0.032149 0.000000 0.000000 0.000000
0.000000 0.442534
11 0.015000 0.375000 0.006600
0.497000 0.580000 0.780000 0.490000 1.250000 6.700000 0.650000 0.650000
187499.984375 75.360001 0.084000
1.073000 0.050000 0.116600
1.067401 2.686008 0.000004 0.000000
0.000000

0.048691 10.495032 21.935307
0.639111 0.071243 9.082804 53.234715 1172.500244
0.000000 0.002872 0.006601 0.000000 0.000000 0.000000
0.000000 0.000000 0.000000
-0.461641 0.000010 48.457500
764.299377 0.000000
0.023901 0.000000 0.000000 0.000000
0.000000 0.475301
11 0.015000 0.390000 0.006600
0.497000 0.580000 0.780000 0.490000 1.250000 6.700000 0.650000 0.650000
187499.984375 75.360001 0.084000
1.073000 0.050000 0.116600
1.067588 2.436891 0.000003 0.000000
0.000000

0.045051 9.741579 20.334579
0.621573 0.069296 8.745485 51.241943 1172.531982
0.000000 0.002976 0.005844 0.000000 0.000000 0.000000
0.000000 0.000000 0.000000
-0.316967 0.000010 48.457500
764.299377 0.000000
0.016184 0.000000 0.000000 0.000000
0.000000 0.505577
11 0.015000 0.405000 0.006600
0.497000 0.580000 0.780000 0.490000 1.250000 6.700000 0.650000 0.650000
187499.984375 75.360001 0.084000
1.073000 0.050000 0.116600
1.067733 2.241630 0.000003 0.000000
0.000000

0.041682 9.040069 20.442259
0.468644 0.052249 6.180625 36.203712 586.693604
0.000000 0.002151 0.003158 0.000000 0.000000 0.000000
0.000000 0.000000 0.000000
-0.170193 0.000010 47.482494
764.299377 0.000000
0.006921 0.000000 0.000000 0.000000
0.000000 0.533748
11 0.015000 0.420000 0.003300
0.487000 0.580000 0.780000 0.490000 1.250000 6.700000 0.650000 0.650000
187499.984375 75.360001 0.084000
1.073000 0.050000 0.116600
0.533935 2.005995 0.000002 0.000000
0.000000

0.038559 8.388654 18.619719
0.454189 0.050644 5.911200 34.616898 586.667786
0.000000 0.002209 0.002821 0.000000 0.000000 0.000000
0.000000 0.000000 0.000000
-0.021528 0.000010 47.482494
764.299377 0.000000
0.000000 0.000000 0.000000 0.000000
0.000000 0.553497
11 0.015000 0.435000 0.003300
0.487000 0.580000 0.780000 0.490000 1.250000 6.700000 0.650000 0.650000
187499.984375 75.360001 0.084000
1.073000 0.050000 0.116600
0.534005 1.788035 0.000001 0.000000
0.000000

0.035615 7.780501 17.055058
0.436602 0.048694 5.653832 33.104549 586.662964
0.000000 0.002132 0.003249 0.000000 0.000000 0.000000
0.000000 0.000001 0.000001
0.118851 0.650000 0.000000
764.299377 0.000000
0.000000 0.000000 0.000000 0.000000
0.000000 0.569194
11 0.015000 0.450000 0.003300
0.487000 0.580000 0.780000 0.490000 1.250000 6.700000 0.650000 0.650000
187499.984375 75.360001 0.084000
1.073000 0.050000 0.116600
0.534063 1.615285 0.005916 0.000000
0.000000

0.032948 7.219694 15.664569
0.417811 0.046604 5.412372 31.684069 586.659180
0.000000 0.002086 0.003784 0.000000 0.000000 0.000000
0.000000 0.000002 0.000001
0.251917 0.650000 0.000000
764.299377 0.000000
0.000000 0.000000 0.000000 0.000000
0.000000 0.573836
11 0.015000 0.465000 0.003300
0.487000 0.580000 0.780000 0.490000 1.250000 6.700000 0.650000 0.650000
187499.984375 75.360001 0.084000
1.073000 0.050000 0.116600
0.534118 1.468601 0.005373 0.000000
0.000000

0.030485 6.699836 14.411721
0.400103 0.044634 5.186699 30.356804 586.647400
0.000000 0.002010 0.004241 0.000000 0.000000 0.000000
0.000000 0.000002 0.000001
0.385719 0.650000 0.000000
764.299377 0.000000
0.000000 0.000000 0.000000 0.000000
0.000000 0.570953
11 0.015000 0.480000 0.003300
0.487000 0.580000 0.780000 0.490000 1.250000 6.700000 0.650000 0.650000
187499.984375 75.360001 0.084000
1.073000 0.050000 0.116600
0.534186 1.332978 0.004872 0.000000
0.000000

0.028212 6.216874 13.263371
0.383432 0.042780 4.976606 29.121580 586.642578
0.000000 0.001933 0.004705 0.000000 0.000000 0.000000
0.000000 0.000002 0.000001
0.520078 0.650000 0.000000
764.299377 0.000000
0.000000 0.000000 0.000000 0.000000
0.000000 0.561223
11 0.015000 0.495000 0.003300
0.487000 0.580000 0.780000 0.490000 1.250000 6.700000 0.650000 0.650000
187499.984375 75.360001 0.084000
1.073000 0.050000 0.116600
0.534245 1.223698 0.004469 0.000000
0.000000

0.026108 5.768400 12.207461
0.367742 0.041034 4.781045 27.972141 586.642212
0.000000 0.001882 0.005259 0.000000 0.000000 0.000000
0.000000 0.000003 0.000001
0.654822 0.650000 0.000000
764.299377 0.000000
0.000000 0.000000 0.000000 0.000000
0.000000 0.545722
11 0.015000 0.510000 0.003300
0.487000 0.580000 0.780000 0.490000 1.250000 6.700000 0.650000 0.650000
187499.984375 75.360001 0.084000
1.073000 0.050000 0.116600
0.534298 1.117743 0.004078 0.000000
0.000000

0.024160 5.353350 16.772820
0.246118 0.027459 2.784320 16.287628 178.070251
0.000000 0.000229 0.000211 0.000000 0.000000 0.000000
0.000000 0.000001 0.000001
0.789784 0.650000 0.000000
764.299377 0.000000
0.000000 0.000000 0.000000 0.000000
0.000000 0.532596
11 0.015000 0.525000 0.001000
0.487000 0.580000 0.780000 0.490000 1.250000 6.700000 0.650000 0.650000
187499.984375 75.360001 0.084000
1.073000 0.050000 0.116600
0.161922 0.974410 0.003551 0.000000
0.000000

0.022356 4.966698 15.176496
0.232464 0.025939 2.652179 15.512321 178.057404
0.000000 0.000106 0.000148 0.000000 0.000000 0.000000
0.000000 0.000000 0.000002
0.924804 0.650000 0.000000
764.299377 0.000000
0.000000 0.000000 0.000000 0.000000
0.000000 0.509341
11 0.015000 0.540000 0.001000
0.487000 0.580000 0.780000 0.490000 1.250000 6.700000 0.650000 0.650000
187499.984375 75.360001 0.084000
1.073000 0.050000 0.116600
0.161935 0.860471 0.003133 0.000000
0.000000

0.020691 4.612147 13.912894
0.219485 0.024494 2.517480 14.722339 178.035553
0.000000 0.000000 0.000013 0.000000 0.000000 0.000000
0.000000 0.000000 0.000002
1.059731 0.650000 0.000000
764.299377 0.000000
0.000000 0.000000 0.000000 0.000000
0.000000 0.484189
11 0.015000 0.555000 0.001000
0.487000 0.580000 0.780000 0.490000 1.250000 6.700000 0.650000 0.650000
187499.984375 75.360001 0.084000
1.073000 0.050000 0.116600
0.161953 0.775762 0.002823 0.000000
0.000000

0.019151 4.278601 12.460439
0.213806 0.023863 2.406843 14.073288 178.018921
0.000000 0.000000 0.000018 0.000000 0.000000 0.000000
0.000000 0.000000 0.000000
1.194420 0.650000 0.000000
764.299377 0.000000
0.000000 0.000000 0.000000 0.000000
0.000000 0.455420
11 0.015000 0.570000 0.001000
0.487000 0.580000 0.780000 0.490000 1.250000 6.700000 0.650000 0.650000
187499.984375 75.360001 0.084000
1.073000 0.050000 0.116600
0.161963 0.666177 0.002422 0.000000
0.000000

0.017726 3.969203 11.397502
0.204555 0.022833 2.289581 13.385811 178.011642
0.000000 0.000135 0.000553 0.000000 0.000000 0.000000
0.000000 0.000000 0.000002
1.328733 0.650000 0.000000
764.299377 0.000000
0.000000 0.000000 0.000000 0.000000
0.000000 0.431753
11 0.015000 0.585000 0.001000
0.487000 0.580000 0.780000 0.490000 1.250000 6.700000 0.650000 0.650000
187499.984375 75.360001 0.084000
1.073000 0.050000 0.116600
0.161974 0.585421 0.002127 0.000000
0.000000

0.016408 3.682078 10.675175
0.194159 0.021675 2.167490 12.670361 177.997574
0.000000 0.000118 0.000746 0.000000 0.000000 0.000000
0.000000 0.000000 0.000002
1.462540 0.650000 0.000000
764.299377 0.000000
0.000000 0.000000 0.000000 0.000000
0.000000 0.406310
11 0.015000 0.600000 0.001000
0.487000 0.580000 0.780000 0.490000 1.250000 6.700000 0.650000 0.650000
187499.984375 75.360001 0.084000
1.073000 0.050000 0.116600
0.161986 0.520571 0.001891 0.000000
0.000000

0.015189 3.415668 9.586848
0.184759 0.020628 2.076258 12.135555 177.978378
0.000000 0.000155 0.001559 0.000000 0.000000 0.000000
0.000000 0.000000 0.000002
1.595720 0.650000 0.000000
764.299377 0.000000
0.000000 0.000000 0.000000 0.000000
0.000000 0.381239
11 0.015000 0.615000 0.001000
0.487000 0.580000 0.780000 0.490000 1.250000 6.700000 0.650000 0.650000
187499.984375 75.360001 0.084000
1.073000 0.050000 0.116600
0.161997 0.467275 0.001697 0.000000
0.000000

0.014061 3.168473 8.406857
0.176035 0.019657 2.000759 11.692836 177.971771
0.000000 0.000172 0.002396 0.000000 0.000000 0.000000
0.000000 0.000000 0.000002
1.728159 0.650000 0.000000
764.299377 0.000000
0.000000 0.000000 0.000000 0.000000
0.000000 0.357129
11 0.015000 0.630000 0.001000
0.487000 0.580000 0.780000 0.490000 1.250000 6.700000 0.650000 0.650000
187499.984375 75.360001 0.084000
1.073000 0.050000 0.116600
0.162007 0.422368 0.001533 0.000000
0.000000

0.013018 2.939226 7.002602
0.168009 0.018763 1.946872 11.376558 177.968964
0.000000 0.000256 0.004705 0.000000 0.000000 0.000000
0.000000 0.000000 0.000002
1.859749 0.650000 0.000000
764.299377 0.000000
0.000000 0.000000 0.000000 0.000000
0.000000 0.333865
11 0.015000 0.645000 0.001000
0.487000 0.580000 0.780000 0.490000 1.250000 6.700000 0.650000 0.650000
187499.984375 75.360001 0.084000
1.073000 0.050000 0.116600
0.162014 0.505679 0.001836 0.000000
0.000000

0.012053 2.729330 5.892271
0.160271 0.017902 1.886580 11.022982 177.966003
0.000000 0.000335 0.006768 0.000000 0.000000 0.000000
0.000000 0.000000 0.000002
1.990394 0.650000 0.000000
764.299377 0.000000
0.000000 0.000000 0.000000 0.000000
0.000000 0.312179
11 0.015000 0.660000 0.001000
0.487000 0.580000 0.780000 0.490000 1.250000 6.700000 0.650000 0.650000
187499.984375 75.360001 0.084000
1.073000 0.050000 0.116600
0.162042 0.574339 0.002087 0.000000
0.000000

0.011163 2.539843 5.227739
0.152820 0.017071 1.812338 10.587087 177.964035
0.000000 0.000414 0.008467 0.000000 0.000000 0.000000
0.000000 0.000001 0.000002
2.120000 0.650000 0.000000
764.299377 0.000000
0.000000 0.000000 0.000000 0.000000
0.000000 0.292319
11 0.015000 0.675000 0.001000
0.487000 0.580000 0.780000 0.490000 1.250000 6.700000 0.650000 0.650000
187499.984375 75.360001 0.084000
1.073000 0.050000 0.116600
0.162080 0.629392 0.002288 0.000000
0.000000

0.010336 2.358330 4.829020
0.145596 0.016266 1.731301 10.112719 177.958267
0.000000 0.000528 0.010280 0.000000 0.000000 0.000000
0.000000 0.000001 0.000002
2.248485 0.650000 0.000000
764.299377 0.000000
0.000000 0.000000 0.000000 0.000000
0.000000 0.273987
11 0.015000 0.690000 0.001000
0.487000 0.580000 0.780000 0.490000 1.250000 6.700000 0.650000 0.650000
187499.984375 75.360001 0.084000
1.073000 0.050000 0.116600
0.162121 0.552786 0.002008 0.000000
0.000000

0.009571 2.191291 4.489228
0.138846 0.015514 1.655380 9.664585 177.958267
0.000000 0.025412 0.015696 0.000000 0.000000 0.000000
0.000000 0.000001 0.000000
2.375773 0.650000 0.000000
764.299377 0.000000
0.000000 0.000000 0.000000 0.000000
0.000000 0.257186
11 0.015000 0.705000 0.001000
0.487000 0.580000 0.780000 0.490000 1.250000 6.700000 0.650000 0.650000
187499.984375 75.360001 0.084000
1.073000 0.050000 0.116600
0.162161 0.569868 0.002071 0.000000
0.000000

0.008865 2.040165 4.209874
0.132615 0.014819 1.584670 9.243127 177.959702
0.000000 0.099227 0.017398 0.000000 0.000000 0.000000
0.000000 0.000000 0.000000
2.501795 0.650000 0.000000
764.299377 0.000000
0.000000 0.000000 0.000000 0.000000
0.000000 0.538891
11 0.015000 0.720000 0.001000
0.487000 0.580000 0.780000 0.490000 1.250000 6.700000 0.650000 0.650000
187499.984375 75.360001 0.084000
1.073000 0.050000 0.116600
0.162249 0.631817 0.002297 0.000000
0.000000

0.008439 1.929660 4.032152
0.124973 0.013961 1.521927 8.852712 178.001328
0.000000 4.631305 0.019670 0.000000 0.000000 0.000000
0.000000 0.000000 0.000000
2.626487 0.650000 0.000000
764.299377 0.000000
0.000000 0.000000 0.000000 0.000000
0.000000 15.288274
11 0.015000 0.735000 0.001000
0.487000 0.580000 0.780000 0.490000 1.250000 6.700000 0.650000 0.650000
187499.984375 75.360001 0.084000
1.073000 0.050000 0.116600
0.162559 0.586543 0.002132 0.000000
0.000000

0.000000 0.239324 5.173609
0.071370 0.007950 1.075814 5.982852 178.538910
0.000000 1.958296 0.017549 0.000000 0.000000 0.000000
0.000000 0.000000 0.000000
2.737709 0.990348 0.000000
764.299377 0.000000
0.000000 0.000000 0.000000 0.000000
0.000000 0.743228
11 0.015000 0.750000 0.001000
0.487000 0.580000 0.780000 0.490000 1.250000 6.700000 0.650000 0.650000
187499.984375 75.360001 0.084000
1.073000 0.050000 0.116600
0.165036 0.115738 0.000639 0.000000
0.000000

0.000000 0.242842 5.054932
0.069323 0.007722 1.047656 5.800509 178.658554
0.000000 0.546164 0.015607 0.000000 0.000000 0.000000
0.000000 0.000000 0.000000
2.837145 1.000000 0.000000
764.299377 0.000000
0.000000 0.000000 0.000000 0.000000
0.000000 0.721086
11 0.015000 0.765000 0.001000
0.487000 0.580000 0.780000 0.490000 1.250000 6.700000 0.650000 0.650000
187499.984375 75.360001 0.084000
1.073000 0.050000 0.116600
0.165359 0.115589 0.000644 0.000000
0.000000

0.000000 0.226593 4.736357
0.067600 0.007531 1.024760 5.673345 178.670822
0.000000 0.152962 0.015103 0.000000 0.000000 0.000000
0.000000 0.000001 0.000000
2.934681 1.000000 0.000000
764.299377 0.000000
0.000000 0.000000 0.000000 0.000000
0.000000 0.723649
11 0.015000 0.780000 0.001000
0.487000 0.580000 0.780000 0.490000 1.250000 6.700000 0.650000 0.650000
187499.984375 75.360001 0.084000
1.073000 0.050000 0.116600
0.165397 0.103693 0.000578 0.000000
0.000000

0.000000 0.213659 4.503371
0.066196 0.007374 1.005549 5.566138 178.781448
0.000000 0.085949 0.015152 0.000000 0.000000 0.000000
0.000000 0.000001 0.000000
3.030516 1.000000 0.000000
764.299377 0.000000
0.000000 0.000000 0.000000 0.000000
0.000000 0.759462
11 0.015000 0.795000 0.001000
0.487000 0.580000 0.780000 0.490000 1.250000 6.700000 0.650000 0.650000
187499.984375 75.360001 0.084000
1.073000 0.050000 0.116600
0.165710 0.098921 0.000551 0.000000
0.000000

0.000000 0.198665 4.214536
0.064711 0.007209 0.986352 5.459405 178.787537
0.000000 0.119600 0.015369 0.000000 0.000000 0.000000
0.000000 0.000001 0.000000
3.124629 1.000000 0.000000
764.299377 0.000000
0.000000 0.000000 0.000000 0.000000
0.000000 0.867680
11 0.015000 0.810000 0.001000
0.487000 0.580000 0.780000 0.490000 1.250000 6.700000 0.650000 0.650000
187499.984375 75.360001 0.084000
1.073000 0.050000 0.116600
0.165728 0.098129 0.000547 0.000000
0.000000

0.000000 0.186725 3.958365
0.063323 0.007055 0.969428 5.356332 178.796585
0.000000 0.348114 0.016088 0.000000 0.000000 0.000000
0.000000 0.000000 0.000000
3.217000 1.000000 0.000000
764.299377 0.000000
0.000000 0.000000 0.000000 0.000000
0.000000 1.298493
11 0.015000 0.825000 0.001000
0.487000 0.580000 0.780000 0.490000 1.250000 6.700000 0.650000 0.650000
187499.984375 75.360001 0.084000
1.073000 0.050000 0.116600
0.165755 0.097353 0.000542 0.000000
0.000000

0.000000 0.175821 3.721934
0.062036 0.006912 0.954073 5.260633 178.804901
0.000000 1.438282 0.017459 0.000000 0.000000 0.000000
0.000000 0.000000 0.000000
3.307621 1.000000 0.000000
764.299377 0.000000
0.000000 0.000000 0.000000 0.000000
0.000000 1.854374
11 0.015000 0.840000 0.001000
0.487000 0.580000 0.780000 0.490000 1.250000 6.700000 0.650000 0.650000
187499.984375 75.360001 0.084000
1.073000 0.050000 0.116600
0.165788 0.097668 0.000544 0.000000
0.000000

0.000000 0.163658 3.491600
0.060845 0.006779 0.938847 5.176211 178.810577
0.000000 5.516725 0.028224 0.000000 0.000000 0.000000
0.000000 0.000000 0.000000
3.396485 1.000000 0.000000
764.299377 0.000000
0.000000 0.000000 0.000000 0.000000
0.000000 2.618261
11 0.015000 0.855000 0.001000
0.487000 0.580000 0.780000 0.490000 1.250000 6.700000 0.650000 0.650000
187499.984375 75.360001 0.084000
1.073000 0.050000 0.116600
0.165808 0.104711 0.000583 0.000000
0.000000

0.000000 0.000000 0.516743
0.045369 0.005056 0.753504 4.151898 179.077393
0.000000 9.068917 0.019591 0.000000 0.000000 0.000000
0.000000 0.000000 0.000000
3.483595 1.000000 0.000000
764.299377 0.000000
0.000000 0.000000 0.000000 0.000000
0.000000 1.018573
11 0.015000 0.870000 0.001000
0.487000 0.580000 0.780000 0.490000 1.250000 6.700000 0.650000 0.650000
187499.984375 75.360001 0.084000
1.073000 0.050000 0.116600
0.166561 0.088349 0.000492 0.000000
0.000000

0.000000 0.000000 0.518969
0.045391 0.005058 0.753742 4.152795 179.082458
0.000000 8.863592 0.018633 0.000000 0.000000 0.000000
0.000000 0.000000 0.000000
3.568956 1.000000 0.000000
764.299377 0.000000
0.000000 0.000000 0.000000 0.000000
0.000000 1.023678
11 0.015000 0.885000 0.001000
0.487000 0.580000 0.780000 0.490000 1.250000 6.700000 0.650000 0.650000
187499.984375 75.360001 0.084000
1.073000 0.050000 0.116600
0.166576 0.088501 0.000493 0.000000
0.000000

0.000000 0.000000 0.520331
0.045407 0.005060 0.753915 4.153341 179.088043
0.000000 6.077028 0.017513 0.000000 0.000000 0.000000
0.000000 0.000000 0.000000
3.652578 1.000000 0.000000
764.299377 0.000000
0.000000 0.000000 0.000000 0.000000
0.000000 1.029970
11 0.015000 0.900000 0.001000
0.487000 0.580000 0.780000 0.490000 1.250000 6.700000 0.650000 0.650000
187499.984375 75.360001 0.084000
1.073000 0.050000 0.116600
0.166586 0.088365 0.000492 0.000000
0.000000

0.000000 0.000000 0.521484
0.045421 0.005062 0.754070 4.153795 179.094803
0.000000 3.197040 0.016738 0.000000 0.000000 0.000000
0.000000 0.000000 0.000000
3.734476 1.000000 0.000000
764.299377 0.000000
0.000000 0.000000 0.000000 0.000000
0.000000 1.033961
11 0.015000 0.915000 0.001000
0.487000 0.580000 0.780000 0.490000 1.250000 6.700000 0.650000 0.650000
187499.984375 75.360001 0.084000
1.073000 0.050000 0.116600
0.166594 0.088415 0.000492 0.000000
0.000000

0.000000 0.000000 0.522589
0.045436 0.005064 0.754217 4.154206 179.099625
0.000000 1.365203 0.016354 0.000000 0.000000 0.000000
0.000000 0.000000 0.000000
3.814670 1.000000 0.000000
764.299377 0.000000
0.000000 0.000000 0.000000 0.000000
0.000000 1.035438
11 0.015000 0.930000 0.001000
0.487000 0.580000 0.780000 0.490000 1.250000 6.700000 0.650000 0.650000
187499.984375 75.360001 0.084000
1.073000 0.050000 0.116600
0.166601 0.088292 0.000492 0.000000
0.000000

0.000000 0.000000 0.523706
0.045450 0.005065 0.754362 4.154619 179.104492
0.000000 0.493389 0.016160 0.000000 0.000000 0.000000
0.000000 0.000000 0.000000
3.893181 1.000000 0.000000
764.299377 0.000000
0.000000 0.000000 0.000000 0.000000
0.000000 1.035519
11 0.015000 0.945000 0.001000
0.487000 0.580000 0.780000 0.490000 1.250000 6.700000 0.650000 0.650000
187499.984375 75.360001 0.084000
1.073000 0.050000 0.116600
0.166610 0.088485 0.000493 0.000000
0.000000

0.000000 0.000000 0.524865
0.045464 0.005067 0.754515 4.155080 179.109100
0.000000 0.158013 0.016007 0.000000 0.000000 0.000000
0.000000 0.000001 0.000000
3.970034 1.000000 0.000000
764.299377 0.000000
0.000000 0.000000 0.000000 0.000000
0.000000 1.035066
11 0.015000 0.960000 0.001000
0.487000 0.580000 0.780000 0.490000 1.250000 6.700000 0.650000 0.650000
187499.984375 75.360001 0.084000
1.073000 0.050000 0.116600
0.166620 0.088442 0.000493 0.000000
0.000000

0.000000 0.000000 0.526996
0.045484 0.005069 0.754742 4.155959 179.113922
0.000000 0.049512 0.015750 0.000000 0.000000 0.000000
0.000000 0.000003 0.000000
4.045258 1.000000 0.000000
764.299377 0.000000
0.000000 0.000000 0.000000 0.000000
0.000000 1.034535
11 0.015000 0.975000 0.001000
0.487000 0.580000 0.780000 0.490000 1.250000 6.700000 0.650000 0.650000
187499.984375 75.360001 0.084000
1.073000 0.050000 0.116600
0.166633 0.088409 0.000492 0.000000
0.000000

0.000000 0.000000 0.528575
0.045501 0.005071 0.754923 4.156583 179.119553
0.000000 0.019744 0.015615 0.000000 0.000000 0.000000
0.000000 0.000008 0.000000
4.118883 1.000000 0.000000
764.299377 0.000000
0.000000 0.000000 0.000000 0.000000
0.000000 1.033947
11 0.015000 0.990000 0.001000
0.487000 0.580000 0.780000 0.490000 1.250000 6.700000 0.650000 0.650000
187499.984375 75.360001 0.084000
1.073000 0.050000 0.116600
0.166644 0.088382 0.000492 0.000000
0.000000

0.000000 0.000000 0.529616
0.045514 0.005073 0.755061 4.156972 179.125961
0.000000 0.013230 0.015573 0.000000 0.000000 0.000000
0.000000 0.000011 0.000001
4.190941 1.000000 0.000000
764.299377 0.000000
0.000000 0.000000 0.000000 0.000000
0.000000 1.033306
11 0.015000 1.005000 0.001000
0.487000 0.580000 0.780000 0.490000 1.250000 6.700000 0.650000 0.650000
187499.984375 75.360001 0.084000
1.073000 0.050000 0.116600
0.166651 0.088556 0.000493 0.000000
0.000000

0.000000 0.000000 0.531386
0.045531 0.005075 0.755253 4.157670 179.130264
0.000000 0.012663 0.015529 0.000000 0.000000 0.000000
0.000000 0.000012 0.000001
4.261466 1.000000 0.000000
764.299377 0.000000
0.000000 0.000000 0.000000 0.000000
0.000000 1.032722
11 0.015000 1.020000 0.001000
0.487000 0.580000 0.780000 0.490000 1.250000 6.700000 0.650000 0.650000
187499.984375 75.360001 0.084000
1.073000 0.050000 0.116600
0.166664 0.088414 0.000492 0.000000
0.000000

0.000000 0.000000 0.532416
0.045544 0.005077 0.755390 4.158065 179.134430
0.000000 0.013322 0.015538 0.000000 0.000000 0.000000
0.000000 0.000011 0.000001
4.330493 1.000000 0.000000
764.299377 0.000000
0.000000 0.000000 0.000000 0.000000
0.000000 1.032094
11 0.015000 1.035000 0.001000
0.487000 0.580000 0.780000 0.490000 1.250000 6.700000 0.650000 0.650000
187499.984375 75.360001 0.084000
1.073000 0.050000 0.116600
0.166670 0.088656 0.000494 0.000000
0.000000

0.000000 0.000000 0.533564
0.045558 0.005078 0.755534 4.158509 179.138885
0.000000 0.013957 0.015490 0.000000 0.000000 0.000000
0.000000 0.000011 0.000001
4.398059 1.000000 0.000000
764.299377 0.000000
0.000000 0.000000 0.000000 0.000000
0.000000 1.031484
11 0.015000 1.050000 0.001000
0.487000 0.580000 0.780000 0.490000 1.250000 6.700000 0.650000 0.650000
187499.984375 75.360001 0.084000
1.073000 0.050000 0.116600
0.166680 0.088476 0.000493 0.000000
0.000000

0.000000 0.000000 0.534561
0.045570 0.005080 0.755659 4.158850 179.143295
0.000000 0.014225 0.015426 0.000000 0.000000 0.000000
0.000000 0.000011 0.000001
4.464201 1.000000 0.000000
764.299377 0.000000
0.000000 0.000000 0.000000 0.000000
0.000000 1.030870
11 0.015000 1.065000 0.001000
0.487000 0.580000 0.780000 0.490000 1.250000 6.700000 0.650000 0.650000
187499.984375 75.360001 0.084000
1.073000 0.050000 0.116600
0.166685 0.088677 0.000494 0.000000
0.000000

0.000000 0.000000 0.535634
0.045583 0.005081 0.755796 4.159257 179.147659
0.000000 0.014045 0.015369 0.000000 0.000000 0.000000
0.000000 0.000012 0.000001
4.528955 1.000000 0.000000
764.299377 0.000000
0.000000 0.000000 0.000000 0.000000
0.000000 1.030268
11 0.015000 1.080000 0.001000
0.487000 0.580000 0.780000 0.490000 1.250000 6.700000 0.650000 0.650000
187499.984375 75.360001 0.084000
1.073000 0.050000 0.116600
0.166692 0.088439 0.000493 0.000000
0.000000

0.000000 0.000000 0.537857
0.045602 0.005083 0.756018 4.160140 179.152328
0.000000 0.013445 0.015274 0.000000 0.000000 0.000000
0.000000 0.000012 0.000001
4.592361 1.000000 0.000000
764.299377 0.000000
0.000000 0.000000 0.000000 0.000000
0.000000 1.029760
11 0.015000 1.095000 0.001000
0.487000 0.580000 0.780000 0.490000 1.250000 6.700000 0.650000 0.650000
187499.984375 75.360001 0.084000
1.073000 0.050000 0.116600
0.166708 0.088800 0.000495 0.000000
0.000000

0.000000 0.000000 0.540483
0.045624 0.005086 0.756269 4.161182 179.159088
0.000000 0.012544 0.015138 0.000000 0.000000 0.000000
0.000000 0.000013 0.000001
4.654454 1.000000 0.000000
764.299377 0.000000
0.000000 0.000000 0.000000 0.000000
0.000000 1.029291
11 0.015000 1.110000 0.001000
0.487000 0.580000 0.780000 0.490000 1.250000 6.700000 0.650000 0.650000
187499.984375 75.360001 0.084000
1.073000 0.050000 0.116600
0.166726 0.088340 0.000492 0.000000
0.000000

0.000000 0.000000 0.541473
0.045635 0.005087 0.756391 4.161531 179.162689
0.000000 0.011485 0.015052 0.000000 0.000000 0.000000
0.000000 0.000014 0.000001
4.715274 1.000000 0.000000
764.299377 0.000000
0.000000 0.000000 0.000000 0.000000
0.000000 1.028721
11 0.015000 1.125000 0.001000
0.487000 0.580000 0.780000 0.490000 1.250000 6.700000 0.650000 0.650000
187499.984375 75.360001 0.084000
1.073000 0.050000 0.116600
0.166732 0.088639 0.000494 0.000000
0.000000

0.000000 0.000000 0.542446
0.045647 0.005089 0.756515 4.161882 179.166885
0.000000 0.010403 0.014909 0.000000 0.000000 0.000000
0.000000 0.000015 0.000001
4.774858 1.000000 0.000000
764.299377 0.000000
0.000000 0.000000 0.000000 0.000000
0.000000 1.028160
11 0.015000 1.140000 0.001000
0.487000 0.580000 0.780000 0.490000 1.250000 6.700000 0.650000 0.650000
187499.984375 75.360001 0.084000
1.073000 0.050000 0.116600
0.166740 0.088574 0.000493 0.000000
0.000000

0.000000 0.000000 0.543409
0.045659 0.005090 0.756642 4.162255 179.170578
0.000000 0.009402 0.014803 0.000000 0.000000 0.000000
0.000000 0.000015 0.000001
4.833241 1.000000 0.000000
764.299377 0.000000
0.000000 0.000000 0.000000 0.000000
0.000000 1.027608
11 0.015000 1.155000 0.001000
0.487000 0.580000 0.780000 0.490000 1.250000 6.700000 0.650000 0.650000
187499.984375 75.360001 0.084000
1.073000 0.050000 0.116600
0.166749 0.088668 0.000494 0.000000
0.000000

0.000000 0.000000 0.544576
0.045671 0.005092 0.756776 4.162679 179.174683
0.000000 0.008559 0.014750 0.000000 0.000000 0.000000
0.000000 0.000015 0.000002
4.890461 1.000000 0.000000
764.299377 0.000000
0.000000 0.000000 0.000000 0.000000
0.000000 1.027072
11 0.015000 1.170000 0.001000
0.487000 0.580000 0.780000 0.490000 1.250000 6.700000 0.650000 0.650000
187499.984375 75.360001 0.084000
1.073000 0.050000 0.116600
0.166754 0.088644 0.000494 0.000000
0.000000

0.000000 0.000000 0.545987
0.045685 0.005093 0.756929 4.163203 179.179199
0.000000 0.007877 0.014648 0.000000 0.000000 0.000000
0.000000 0.000015 0.000002
4.946552 1.000000 0.000000
764.299377 0.000000
0.000000 0.000000 0.000000 0.000000
0.000000 1.026573
11 0.015000 1.185000 0.001000
0.487000 0.580000 0.780000 0.490000 1.250000 6.700000 0.650000 0.650000
187499.984375 75.360001 0.084000
1.073000 0.050000 0.116600
0.166762 0.088388 0.000492 0.000000
0.000000

0.000000 0.000000 0.546919
0.045695 0.005095 0.757040 4.163511 179.183212
0.000000 0.007359 0.014565 0.000000 0.000000 0.000000
0.000000 0.000015 0.000002
5.001548 1.000000 0.000000
764.299377 0.000000
0.000000 0.000000 0.000000 0.000000
0.000000 1.026047
11 0.015000 1.200000 0.001000
0.487000 0.580000 0.780000 0.490000 1.250000 6.700000 0.650000 0.650000
187499.984375 75.360001 0.084000
1.073000 0.050000 0.116600
0.166771 0.088570 0.000493 0.000000
0.000000

0.000000 0.000000 0.547842
0.045706 0.005096 0.757158 4.163839 179.186188
0.000000 0.006985 0.014512 0.000000 0.000000 0.000000
0.000000 0.000015 0.000002
5.055483 1.000000 0.000000
764.299377 0.000000
0.000000 0.000000 0.000000 0.000000
0.000000 1.025536
11 0.015000 1.215000 0.001000
0.487000 0.580000 0.780000 0.490000 1.250000 6.700000 0.650000 0.650000
187499.984375 75.360001 0.084000
1.073000 0.050000 0.116600
0.166778 0.088519 0.000493 0.000000
0.000000

0.000000 0.000000 0.548753
0.045717 0.005097 0.757277 4.164190 179.191483
0.000000 0.006718 0.014434 0.000000 0.000000 0.000000
0.000000 0.000015 0.000002
5.108389 1.000000 0.000000
764.299377 0.000000
0.000000 0.000000 0.000000 0.000000
0.000000 1.025026
11 0.015000 1.230000 0.001000
0.487000 0.580000 0.780000 0.490000 1.250000 6.700000 0.650000 0.650000
187499.984375 75.360001 0.084000
1.073000 0.050000 0.116600
0.166783 0.088591 0.000493 0.000000
0.000000

0.000000 0.000000 0.549653
0.045727 0.005098 0.757392 4.164520 179.195023
0.000000 0.006540 0.014434 0.000000 0.000000 0.000000
0.000000 0.000015 0.000002
5.160296 1.000000 0.000000
764.299377 0.000000
0.000000 0.000000 0.000000 0.000000
0.000000 1.024538
11 0.015000 1.245000 0.001000
0.487000 0.580000 0.780000 0.490000 1.250000 6.700000 0.650000 0.650000
187499.984375 75.360001 0.084000
1.073000 0.050000 0.116600
0.166787 0.088667 0.000494 0.000000
0.000000

0.000000 0.000000 0.550547
0.045737 0.005100 0.757502 4.164829 179.199142
0.000000 0.006400 0.014349 0.000000 0.000000 0.000000
0.000000 0.000015 0.000002
5.211235 1.000000 0.000000
764.299377 0.000000
0.000000 0.000000 0.000000 0.000000
0.000000 1.024052
11 0.015000 1.260000 0.001000
0.487000 0.580000 0.780000 0.490000 1.250000 6.700000 0.650000 0.650000
187499.984375 75.360001 0.084000
1.073000 0.050000 0.116600
0.166796 0.088976 0.000496 0.000000
0.000000

0.000000 0.000000 0.551479
0.045748 0.005101 0.757615 4.165140 179.203125
0.000000 0.006307 0.014283 0.000000 0.000000 0.000000
0.000000 0.000015 0.000002
5.261233 1.000000 0.000000
764.299377 0.000000
0.000000 0.000000 0.000000 0.000000
0.000000 1.023575
11 0.015000 1.275000 0.001000
0.487000 0.580000 0.780000 0.490000 1.250000 6.700000 0.650000 0.650000
187499.984375 75.360001 0.084000
1.073000 0.050000 0.116600
0.166801 0.088927 0.000495 0.000000
0.000000

0.000000 0.000000 0.552751
0.045760 0.005102 0.757753 4.165615 179.207108
0.000000 0.006235 0.014249 0.000000 0.000000 0.000000
0.000000 0.000015 0.000002
5.310318 1.000000 0.000000
764.299377 0.000000
0.000000 0.000000 0.000000 0.000000
0.000000 1.023137
11 0.015000 1.290000 0.001000
0.487000 0.580000 0.780000 0.490000 1.250000 6.700000 0.650000 0.650000
187499.984375 75.360001 0.084000
1.073000 0.050000 0.116600
0.166811 0.088933 0.000495 0.000000
0.000000

0.000000 0.000000 0.554077
0.045772 0.005104 0.757898 4.166104 179.211563
0.000000 0.006185 0.014211 0.000000 0.000000 0.000000
0.000000 0.000015 0.000003
5.358517 1.000000 0.000000
764.299377 0.000000
0.000000 0.000000 0.000000 0.000000
0.000000 1.022706
11 0.015000 1.305000 0.001000
0.487000 0.580000 0.780000 0.490000 1.250000 6.700000 0.650000 0.650000
187499.984375 75.360001 0.084000
1.073000 0.050000 0.116600
0.166818 0.088818 0.000495 0.000000
0.000000

0.000000 0.000000 0.555065
0.045782 0.005105 0.758012 4.166454 179.214706
0.000000 0.006145 0.014188 0.000000 0.000000 0.000000
0.000000 0.000016 0.000003
5.405853 1.000000 0.000000
764.299377 0.000000
0.000000 0.000000 0.000000 0.000000
0.000000 1.022256
11 0.015000 1.320000 0.001000
0.487000 0.580000 0.780000 0.490000 1.250000 6.700000 0.650000 0.650000
187499.984375 75.360001 0.084000
1.073000 0.050000 0.116600
0.166825 0.088928 0.000495 0.000000
0.000000

0.000000 0.000000 0.555943
0.045792 0.005106 0.758120 4.166759 179.218536
0.000000 0.006093 0.014117 0.000000 0.000000 0.000000
0.000000 0.000016 0.000003
5.452349 1.000000 0.000000
764.299377 0.000000
0.000000 0.000000 0.000000 0.000000
0.000000 1.021817
11 0.015000 1.335000 0.001000
0.487000 0.580000 0.780000 0.490000 1.250000 6.700000 0.650000 0.650000
187499.984375 75.360001 0.084000
1.073000 0.050000 0.116600
0.166833 0.088839 0.000495 0.000000
0.000000

0.000000 0.000000 0.556785
0.045801 0.005107 0.758223 4.167033 179.223434
0.000000 0.006052 0.014058 0.000000 0.000000 0.000000
0.000000 0.000016 0.000003
5.498028 1.000000 0.000000
764.299377 0.000000
0.000000 0.000000 0.000000 0.000000
0.000000 1.021387
11 0.015000 1.350000 0.001000
0.487000 0.580000 0.780000 0.490000 1.250000 6.700000 0.650000 0.650000
187499.984375 75.360001 0.084000
1.073000 0.050000 0.116600
0.166835 0.088930 0.000495 0.000000
0.000000

0.000000 0.000000 0.557634
0.045810 0.005108 0.758327 4.167316 179.227737
0.000000 0.006021 0.014032 0.000000 0.000000 0.000000
0.000000 0.000016 0.000003
5.542911 1.000000 0.000000
764.299377 0.000000
0.000000 0.000000 0.000000 0.000000
0.000000 1.020961
11 0.015000 1.365000 0.001000
0.487000 0.580000 0.780000 0.490000 1.250000 6.700000 0.650000 0.650000
187499.984375 75.360001 0.084000
1.073000 0.050000 0.116600
0.166843 0.089032 0.000496 0.000000
0.000000

0.000000 0.000000 0.558610
0.045820 0.005109 0.758440 4.167669 179.231628
0.000000 0.006005 0.014018 0.000000 0.000000 0.000000
0.000000 0.000016 0.000003
5.587015 1.000000 0.000000
764.299377 0.000000
0.000000 0.000000 0.000000 0.000000
0.000000 1.020556
11 0.015000 1.380000 0.001000
0.487000 0.580000 0.780000 0.490000 1.250000 6.700000 0.650000 0.650000
187499.984375 75.360001 0.084000
1.073000 0.050000 0.116600
0.166848 0.089222 0.000497 0.000000
0.000000

0.000000 0.000000 0.560769
0.045836 0.005111 0.758635 4.168457 179.236633
0.000000 0.005982 0.013969 0.000000 0.000000 0.000000
0.000000 0.000016 0.000003
5.630361 1.000000 0.000000
764.299377 0.000000
0.000000 0.000000 0.000000 0.000000
0.000000 1.020238
11 0.015000 1.395000 0.001000
0.487000 0.580000 0.780000 0.490000 1.250000 6.700000 0.650000 0.650000
187499.984375 75.360001 0.084000
1.073000 0.050000 0.116600
0.166863 0.088975 0.000496 0.000000
0.000000

0.000000 0.000000 0.561667
0.045845 0.005112 0.758739 4.168756 179.240448
0.000000 0.005943 0.013897 0.000000 0.000000 0.000000
0.000000 0.000016 0.000003
5.672965 1.000000 0.000000
764.299377 0.000000
0.000000 0.000000 0.000000 0.000000
0.000000 1.019839
11 0.015000 1.410000 0.001000
0.487000 0.580000 0.780000 0.490000 1.250000 6.700000 0.650000 0.650000
187499.984375 75.360001 0.084000
1.073000 0.050000 0.116600
0.166870 0.089212 0.000497 0.000000
0.000000

0.000000 0.000000 0.562809
0.045855 0.005114 0.758859 4.169145 179.244492
0.000000 0.005906 0.013858 0.000000 0.000000 0.000000
0.000000 0.000016 0.000003
5.714843 1.000000 0.000000
764.299377 0.000000
0.000000 0.000000 0.000000 0.000000
0.000000 1.019468
11 0.015000 1.425000 0.001000
0.487000 0.580000 0.780000 0.490000 1.250000 6.700000 0.650000 0.650000
187499.984375 75.360001 0.084000
1.073000 0.050000 0.116600
0.166876 0.088948 0.000495 0.000000
0.000000

0.000000 0.000000 0.563778
0.045864 0.005115 0.758966 4.169460 179.248459
0.000000 0.005880 0.013836 0.000000 0.000000 0.000000
0.000000 0.000016 0.000003
5.756010 1.000000 0.000000
764.299377 0.000000
0.000000 0.000000 0.000000 0.000000
0.000000 1.019103
11 0.015000 1.440000 0.001000
0.487000 0.580000 0.780000 0.490000 1.250000 6.700000 0.650000 0.650000
187499.984375 75.360001 0.084000
1.073000 0.050000 0.116600
0.166881 0.088990 0.000496 0.000000
0.000000

0.000000 0.000000 0.564572
0.045872 0.005116 0.759063 4.169724 179.251862
0.000000 0.005859 0.013813 0.000000 0.000000 0.000000
0.000000 0.000016 0.000003
5.796479 1.000000 0.000000
764.299377 0.000000
0.000000 0.000000 0.000000 0.000000
0.000000 1.018725
11 0.015000 1.455000 0.001000
0.487000 0.580000 0.780000 0.490000 1.250000 6.700000 0.650000 0.650000
187499.984375 75.360001 0.084000
1.073000 0.050000 0.116600
0.166891 0.088941 0.000495 0.000000
0.000000

0.000000 0.000000 0.565360
0.045880 0.005117 0.759160 4.169992 179.254745
0.000000 0.005837 0.013760 0.000000 0.000000 0.000000
0.000000 0.000016 0.000003
5.836264 1.000000 0.000000
764.299377 0.000000
0.000000 0.000000 0.000000 0.000000
0.000000 1.018357
11 0.015000 1.470000 0.001000
0.487000 0.580000 0.780000 0.490000 1.250000 6.700000 0.650000 0.650000
187499.984375 75.360001 0.084000
1.073000 0.050000 0.116600
0.166893 0.089012 0.000496 0.000000
0.000000

0.000000 0.000000 0.566139
0.045888 0.005118 0.759259 4.170261 179.258011
0.000000 0.005828 0.013746 0.000000 0.000000 0.000000
0.000000 0.000016 0.000003
5.875375 1.000000 0.000000
764.299377 0.000000
0.000000 0.000000 0.000000 0.000000
0.000000 1.017994
11 0.015000 1.485000 0.001000
0.487000 0.580000 0.780000 0.490000 1.250000 6.700000 0.650000 0.650000
187499.984375 75.360001 0.084000
1.073000 0.050000 0.116600
0.166898 0.089097 0.000496 0.000000
0.000000

0.000000 0.000000 0.566912
0.045896 0.005118 0.759353 4.170518 179.262329
0.000000 0.005811 0.013709 0.000000 0.000000 0.000000
0.000000 0.000016 0.000003
5.913826 1.000000 0.000000
764.299377 0.000000
0.000000 0.000000 0.000000 0.000000
0.000000 1.017652
11 0.015000 1.500000 0.001000
0.487000 0.580000 0.780000 0.490000 1.250000 6.700000 0.650000 0.650000
187499.984375 75.360001 0.084000
1.073000 0.050000 0.116600
0.166902 0.089427 0.000498 0.000000
0.000000

0.000000 0.000000 0.567798
0.045904 0.005119 0.759456 4.170817 179.265686
0.000000 0.005788 0.013661 0.000000 0.000000 0.000000
0.000000 0.000016 0.000003
5.951624 1.000000 0.000000
764.299377 0.000000
0.000000 0.000000 0.000000 0.000000
0.000000 1.017304
11 0.015000 1.515000 0.001000
0.487000 0.580000 0.780000 0.490000 1.250000 6.700000 0.650000 0.650000
187499.984375 75.360001 0.084000
1.073000 0.050000 0.116600
0.166907 0.089163 0.000497 0.000000
0.000000

0.000000 0.000000 0.568626
0.045912 0.005120 0.759552 4.171078 179.268677
0.000000 0.005757 0.013599 0.000000 0.000000 0.000000
0.000000 0.000017 0.000003
5.988781 1.000000 0.000000
764.299377 0.000000
0.000000 0.000000 0.000000 0.000000
0.000000 1.016968
11 0.015000 1.530000 0.001000
0.487000 0.580000 0.780000 0.490000 1.250000 6.700000 0.650000 0.650000
187499.984375 75.360001 0.084000
1.073000 0.050000 0.116600
0.166917 0.089262 0.000497 0.000000
0.000000

0.000000 0.000000 0.572859
0.045938 0.005123 0.759873 4.172585 179.277985
0.000000 0.005725 0.013544 0.000000 0.000000 0.000000
0.000000 0.000017 0.000003
6.025304 1.000000 0.000000
764.299377 0.000000
0.000000 0.000000 0.000000 0.000000
0.000000 1.016871
11 0.015000 1.545000 0.001000
0.487000 0.580000 0.780000 0.490000 1.250000 6.700000 0.650000 0.650000
187499.984375 75.360001 0.084000
1.073000 0.050000 0.116600
0.166943 0.089341 0.000498 0.000000
0.000000

0.000000 0.000000 0.585795
0.046012 0.005132 0.760756 4.177173 179.310822
0.000000 0.005685 0.013504 0.000000 0.000000 0.000000
0.000000 0.000017 0.000003
6.061201 1.000000 0.000000
764.299377 0.000000
0.000000 0.000000 0.000000 0.000000
0.000000 1.017368
11 0.015000 1.560000 0.001000
0.487000 0.580000 0.780000 0.490000 1.250000 6.700000 0.650000 0.650000
187499.984375 75.360001 0.084000
1.073000 0.050000 0.116600
0.167023 0.089042 0.000496 0.000000
0.000000

0.000000 0.000000 0.586564
0.046019 0.005132 0.760842 4.177398 179.314224
0.000000 0.005647 0.013445 0.000000 0.000000 0.000000
0.000000 0.000017 0.000004
6.096480 1.000000 0.000000
764.299377 0.000000
0.000000 0.000000 0.000000 0.000000
0.000000 1.017048
11 0.015000 1.575000 0.001000
0.487000 0.580000 0.780000 0.490000 1.250000 6.700000 0.650000 0.650000
187499.984375 75.360001 0.084000
1.073000 0.050000 0.116600
0.167030 0.089119 0.000496 0.000000
0.000000

0.000000 0.000000 0.587335
0.046026 0.005133 0.760934 4.177651 179.317566
0.000000 0.005607 0.013406 0.000000 0.000000 0.000000
0.000000 0.000017 0.000004
6.131147 1.000000 0.000000
764.299377 0.000000
0.000000 0.000000 0.000000 0.000000
0.000000 1.016737
11 0.015000 1.590000 0.001000
0.487000 0.580000 0.780000 0.490000 1.250000 6.700000 0.650000 0.650000
187499.984375 75.360001 0.084000
1.073000 0.050000 0.116600
0.167035 0.089210 0.000497 0.000000
0.000000

0.000000 0.000000 0.588110
0.046033 0.005134 0.761020 4.177876 179.320953
0.000000 0.005575 0.013409 0.000000 0.000000 0.000000
0.000000 0.000017 0.000004
6.165210 1.000000 0.000000
764.299377 0.000000
0.000000 0.000000 0.000000 0.000000
0.000000 1.016432
11 0.015000 1.605000 0.001000
0.487000 0.580000 0.780000 0.490000 1.250000 6.700000 0.650000 0.650000
187499.984375 75.360001 0.084000
1.073000 0.050000 0.116600
0.167041 0.089462 0.000498 0.000000
0.000000

0.000000 0.000000 0.589033
0.046040 0.005135 0.761117 4.178156 179.324509
0.000000 0.005550 0.013363 0.000000 0.000000 0.000000
0.000000 0.000017 0.000004
6.198672 1.000000 0.000000
764.299377 0.000000
0.000000 0.000000 0.000000 0.000000
0.000000 1.016136
11 0.015000 1.620000 0.001000
0.487000 0.580000 0.780000 0.490000 1.250000 6.700000 0.650000 0.650000
187499.984375 75.360001 0.084000
1.073000 0.050000 0.116600
0.167046 0.089290 0.000497 0.000000
0.000000

0.000000 0.000000 0.597579
0.046089 0.005140 0.761699 4.181087 179.350800
0.000000 0.005507 0.013267 0.000000 0.000000 0.000000
0.000000 0.000017 0.000004
6.231540 1.000000 0.000000
764.299377 0.000000
0.000000 0.000000 0.000000 0.000000
0.000000 1.016350
11 0.015000 1.635000 0.001000
0.487000 0.580000 0.780000 0.490000 1.250000 6.700000 0.650000 0.650000
187499.984375 75.360001 0.084000
1.073000 0.050000 0.116600
0.167099 0.089307 0.000497 0.000000
0.000000

0.000000 0.000000 0.598514
0.046096 0.005141 0.761797 4.181379 179.355392
0.000000 0.005485 0.013252 0.000000 0.000000 0.000000
0.000000 0.000017 0.000004
6.263818 1.000000 0.000000
764.299377 0.000000
0.000000 0.000000 0.000000 0.000000
0.000000 1.016067
11 0.015000 1.650000 0.001000
0.487000 0.580000 0.780000 0.490000 1.250000 6.700000 0.650000 0.650000
187499.984375 75.360001 0.084000
1.073000 0.050000 0.116600
0.167105 0.089182 0.000497 0.000000
0.000000

0.000000 0.000000 0.599288
0.046103 0.005142 0.761885 4.181613 179.358704
0.000000 0.005453 0.013203 0.000000 0.000000 0.000000
0.000000 0.000017 0.000004
6.295510 1.000000 0.000000
764.299377 0.000000
0.000000 0.000000 0.000000 0.000000
0.000000 1.015781
11 0.015000 1.665000 0.001000
0.487000 0.580000 0.780000 0.490000 1.250000 6.700000 0.650000 0.650000
187499.984375 75.360001 0.084000
1.073000 0.050000 0.116600
0.167109 0.089267 0.000497 0.000000
0.000000

0.000000 0.000000 0.600063
0.046109 0.005143 0.761975 4.181864 179.362030
0.000000 0.005424 0.013176 0.000000 0.000000 0.000000
0.000000 0.000017 0.000004
6.326622 1.000000 0.000000
764.299377 0.000000
0.000000 0.000000 0.000000 0.000000
0.000000 1.015503
11 0.015000 1.680000 0.001000
0.487000 0.580000 0.780000 0.490000 1.250000 6.700000 0.650000 0.650000
187499.984375 75.360001 0.084000
1.073000 0.050000 0.116600
0.167114 0.089595 0.000499 0.000000
0.000000

0.000000 0.000000 0.601014
0.046116 0.005144 0.762066 4.182122 179.365738
0.000000 0.005393 0.013142 0.000000 0.000000 0.000000
0.000000 0.000017 0.000004
6.357157 1.000000 0.000000
764.299377 0.000000
0.000000 0.000000 0.000000 0.000000
0.000000 1.015242
11 0.015000 1.695000 0.001000
0.487000 0.580000 0.780000 0.490000 1.250000 6.700000 0.650000 0.650000
187499.984375 75.360001 0.084000
1.073000 0.050000 0.116600
0.167119 0.089364 0.000498 0.000000
0.000000

0.000000 0.000000 0.602264
0.046125 0.005145 0.762185 4.182535 179.370590
0.000000 0.005368 0.013085 0.000000 0.000000 0.000000
0.000000 0.000017 0.000004
6.387118 1.000000 0.000000
764.299377 0.000000
0.000000 0.000000 0.000000 0.000000
0.000000 1.015003
11 0.015000 1.710000 0.001000
0.487000 0.580000 0.780000 0.490000 1.250000 6.700000 0.650000 0.650000
187499.984375 75.360001 0.084000
1.073000 0.050000 0.116600
0.167129 0.089411 0.000498 0.000000
0.000000

0.000000 0.000000 0.603026
0.046130 0.005145 0.762269 4.182752 179.374313
0.000000 0.005342 0.013049 0.000000 0.000000 0.000000
0.000000 0.000017 0.000004
6.416509 1.000000 0.000000
764.299377 0.000000
0.000000 0.000000 0.000000 0.000000
0.000000 1.014743
11 0.015000 1.725000 0.001000
0.487000 0.580000 0.780000 0.490000 1.250000 6.700000 0.650000 0.650000
187499.984375 75.360001 0.084000
1.073000 0.050000 0.116600
0.167132 0.089518 0.000499 0.000000
0.000000

0.000000 0.000000 0.604120
0.046138 0.005146 0.762373 4.183089 179.378937
0.000000 0.005308 0.012967 0.000000 0.000000 0.000000
0.000000 0.000017 0.000004
6.445333 1.000000 0.000000
764.299377 0.000000
0.000000 0.000000 0.000000 0.000000
0.000000 1.014504
11 0.015000 1.740000 0.001000
0.487000 0.580000 0.780000 0.490000 1.250000 6.700000 0.650000 0.650000
187499.984375 75.360001 0.084000
1.073000 0.050000 0.116600
0.167139 0.089606 0.000499 0.000000
0.000000

0.000000 0.000000 0.609938
0.046170 0.005150 0.762767 4.185007 179.394394
0.000000 0.005273 0.012924 0.000000 0.000000 0.000000
0.000000 0.000017 0.000004
6.473594 1.000000 0.000000
764.299377 0.000000
0.000000 0.000000 0.000000 0.000000
0.000000 1.014589
11 0.015000 1.755000 0.001000
0.487000 0.580000 0.780000 0.490000 1.250000 6.700000 0.650000 0.650000
187499.984375 75.360001 0.084000
1.073000 0.050000 0.116600
0.167175 0.089513 0.000499 0.000000
0.000000

0.000000 0.000000 0.619788
0.046223 0.005156 0.763394 4.188216 179.410126
0.000000 0.005240 0.012898 0.000000 0.000000 0.000000
0.000000 0.000017 0.000004
6.501294 1.000000 0.000000
764.299377 0.000000
0.000000 0.000000 0.000000 0.000000
0.000000 1.014948
11 0.015000 1.770000 0.001000
0.487000 0.580000 0.780000 0.490000 1.250000 6.700000 0.650000 0.650000
187499.984375 75.360001 0.084000
1.073000 0.050000 0.116600
0.167235 0.089427 0.000498 0.000000
0.000000

0.000000 0.000000 0.622533
0.046239 0.005157 0.763593 4.189083 179.415741
0.000000 0.005206 0.012849 0.000000 0.000000 0.000000
0.000000 0.000017 0.000004
6.528437 1.000000 0.000000
764.299377 0.000000
0.000000 0.000000 0.000000 0.000000
0.000000 1.014839
11 0.015000 1.785000 0.001000
0.487000 0.580000 0.780000 0.490000 1.250000 6.700000 0.650000 0.650000
187499.984375 75.360001 0.084000
1.073000 0.050000 0.116600
0.167249 0.089735 0.000500 0.000000
0.000000

0.000000 0.000000 0.627352
0.046265 0.005160 0.763910 4.190587 179.421646
0.000000 0.005166 0.012803 0.000000 0.000000 0.000000
0.000000 0.000017 0.000004
6.555024 1.000000 0.000000
764.299377 0.000000
0.000000 0.000000 0.000000 0.000000
0.000000 1.014867
11 0.015000 1.800000 0.001000
0.487000 0.580000 0.780000 0.490000 1.250000 6.700000 0.650000 0.650000
187499.984375 75.360001 0.084000
1.073000 0.050000 0.116600
0.167279 0.089509 0.000499 0.000000
0.000000

0.000000 0.000000 0.628578
0.046273 0.005161 0.764018 4.190947 179.425339
0.000000 0.005134 0.012783 0.000000 0.000000 0.000000
0.000000 0.000017 0.000004
6.581059 1.000000 0.000000
764.299377 0.000000
0.000000 0.000000 0.000000 0.000000
0.000000 1.014673
11 0.015000 1.815000 0.001000
0.487000 0.580000 0.780000 0.490000 1.250000 6.700000 0.650000 0.650000
187499.984375 75.360001 0.084000
1.073000 0.050000 0.116600
0.167287 0.089592 0.000499 0.000000
0.000000

0.000000 0.000000 0.631850
0.046291 0.005163 0.764243 4.191955 179.430328
0.000000 0.005097 0.012697 0.000000 0.000000 0.000000
0.000000 0.000017 0.000004
6.606545 1.000000 0.000000
764.299377 0.000000
0.000000 0.000000 0.000000 0.000000
0.000000 1.014606
11 0.015000 1.830000 0.001000
0.487000 0.580000 0.780000 0.490000 1.250000 6.700000 0.650000 0.650000
187499.984375 75.360001 0.084000
1.073000 0.050000 0.116600
0.167305 0.089570 0.000499 0.000000
0.000000

0.000000 0.000000 0.632671
0.046296 0.005164 0.764324 4.192163 179.433319
0.000000 0.005063 0.012641 0.000000 0.000000 0.000000
0.000000 0.000017 0.000005
6.631483 1.000000 0.000000
764.299377 0.000000
0.000000 0.000000 0.000000 0.000000
0.000000 1.014384
11 0.015000 1.845000 0.001000
0.487000 0.580000 0.780000 0.490000 1.250000 6.700000 0.650000 0.650000
187499.984375 75.360001 0.084000
1.073000 0.050000 0.116600
0.167311 0.089655 0.000499 0.000000
0.000000

0.000000 0.000000 0.633596
0.046302 0.005164 0.764416 4.192441 179.436707
0.000000 0.005041 0.012640 0.000000 0.000000 0.000000
0.000000 0.000017 0.000005
6.655877 1.000000 0.000000
764.299377 0.000000
0.000000 0.000000 0.000000 0.000000
0.000000 1.014175
11 0.015000 1.860000 0.001000
0.487000 0.580000 0.780000 0.490000 1.250000 6.700000 0.650000 0.650000
187499.984375 75.360001 0.084000
1.073000 0.050000 0.116600
0.167317 0.089523 0.000499 0.000000
0.000000

0.000000 0.000000 0.634774
0.046308 0.005165 0.764516 4.192759 179.440323
0.000000 0.005026 0.012605 0.000000 0.000000 0.000000
0.000000 0.000017 0.000005
6.679729 1.000000 0.000000
764.299377 0.000000
0.000000 0.000000 0.000000 0.000000
0.000000 1.013986
11 0.015000 1.875000 0.001000
0.487000 0.580000 0.780000 0.490000 1.250000 6.700000 0.650000 0.650000
187499.984375 75.360001 0.084000
1.073000 0.050000 0.116600
0.167325 0.089657 0.000499 0.000000
0.000000

0.000000 0.000000 0.635689
0.046314 0.005166 0.764607 4.193031 179.443817
0.000000 0.005007 0.012562 0.000000 0.000000 0.000000
0.000000 0.000017 0.000005
6.703041 1.000000 0.000000
764.299377 0.000000
0.000000 0.000000 0.000000 0.000000
0.000000 1.013792
11 0.015000 1.890000 0.001000
0.487000 0.580000 0.780000 0.490000 1.250000 6.700000 0.650000 0.650000
187499.984375 75.360001 0.084000
1.073000 0.050000 0.116600
0.167327 0.089851 0.000500 0.000000
0.000000

0.000000 0.000000 0.636707
0.046320 0.005167 0.764702 4.193325 179.447708
0.000000 0.004988 0.012538 0.000000 0.000000 0.000000
0.000000 0.000017 0.000005
6.725816 1.000000 0.000000
764.299377 0.000000
0.000000 0.000000 0.000000 0.000000
0.000000 1.013609
11 0.015000 1.905000 0.001000
0.487000 0.580000 0.780000 0.490000 1.250000 6.700000 0.650000 0.650000
187499.984375 75.360001 0.084000
1.073000 0.050000 0.116600
0.167336 0.089550 0.000499 0.000000
0.000000

0.000000 0.000000 0.637594
0.046325 0.005167 0.764790 4.193583 179.451279
0.000000 0.004954 0.012474 0.000000 0.000000 0.000000
0.000000 0.000017 0.000005
6.748057 1.000000 0.000000
764.299377 0.000000
0.000000 0.000000 0.000000 0.000000
0.000000 1.013417
11 0.015000 1.920000 0.001000
0.487000 0.580000 0.780000 0.490000 1.250000 6.700000 0.650000 0.650000
187499.984375 75.360001 0.084000
1.073000 0.050000 0.116600
0.167340 0.089541 0.000499 0.000000
0.000000

0.000000 0.000000 0.638365
0.046329 0.005168 0.764864 4.193771 179.454941
0.000000 0.004928 0.012443 0.000000 0.000000 0.000000
0.000000 0.000017 0.000005
6.769766 1.000000 0.000000
764.299377 0.000000
0.000000 0.000000 0.000000 0.000000
0.000000 1.013228
11 0.015000 1.935000 0.001000
0.487000 0.580000 0.780000 0.490000 1.250000 6.700000 0.650000 0.650000
187499.984375 75.360001 0.084000
1.073000 0.050000 0.116600
0.167343 0.089625 0.000499 0.000000
0.000000

0.000000 0.000000 0.639130
0.046334 0.005168 0.764944 4.193985 179.458359
0.000000 0.004907 0.012397 0.000000 0.000000 0.000000
0.000000 0.000017 0.000005
6.790946 1.000000 0.000000
764.299377 0.000000
0.000000 0.000000 0.000000 0.000000
0.000000 1.013043
11 0.015000 1.950000 0.001000
0.487000 0.580000 0.780000 0.490000 1.250000 6.700000 0.650000 0.650000
187499.984375 75.360001 0.084000
1.073000 0.050000 0.116600
0.167347 0.089936 0.000501 0.000000
0.000000

0.000000 0.000000 0.640165
0.046339 0.005169 0.765035 4.194256 179.462433
0.000000 0.004882 0.012341 0.000000 0.000000 0.000000
0.000000 0.000017 0.000005
6.811601 1.000000 0.000000
764.299377 0.000000
0.000000 0.000000 0.000000 0.000000
0.000000 1.012879
11 0.015000 1.965000 0.001000
0.487000 0.580000 0.780000 0.490000 1.250000 6.700000 0.650000 0.650000
187499.984375 75.360001 0.084000
1.073000 0.050000 0.116600
0.167356 0.089825 0.000500 0.000000
0.000000

0.000000 0.000000 0.643340
0.046355 0.005171 0.765247 4.195199 179.468048
0.000000 0.004849 0.012291 0.000000 0.000000 0.000000
0.000000 0.000017 0.000005
6.831732 1.000000 0.000000
764.299377 0.000000
0.000000 0.000000 0.000000 0.000000
0.000000 1.012870
11 0.015000 1.980000 0.001000
0.487000 0.580000 0.780000 0.490000 1.250000 6.700000 0.650000 0.650000
187499.984375 75.360001 0.084000
1.073000 0.050000 0.116600
0.167371 0.089854 0.000500 0.000000
0.000000

0.000000 0.000000 0.644783
0.046362 0.005171 0.765361 4.195612 179.472366
0.000000 0.013781 0.012708 0.000000 0.000000 0.000000
0.000000 0.000021 0.000002
6.851343 1.000000 0.000000
764.299377 0.000000
0.000000 0.000000 0.000000 0.000000
0.000000 1.012714
11 0.015000 1.995000 0.001000
0.487000 0.580000 0.780000 0.490000 1.250000 6.700000 0.650000 0.650000
187499.984375 75.360001 0.084000
1.073000 0.050000 0.116600
0.167380 0.089958 0.000501 0.000000
0.000000
1.000000
2.000000
0.321000 0.000000
0.000000
0
-0.750000
0 0
0.000000
1
0.000000
1.000000
1.000000
1.000000
0.000000 0.000000 0.000000
0.000000 0.000000
0.000000 0.000000 0.000000 0.000000 0.000000 0.000000 0.000000
0.000000 0.000000 0.000000 0.000000 0.000000 0.000000 0.000000
605
2.000000
1
C:\Kingsite\dnd\Ohio1.spf
-1.000000 -1.000000
0.000000
50
50
10.000000
99
