11
Clay
0.580000 0.612000 0.084000 0.780000 0.530000 1.000000 0.000000 0.000000
1.020000 6.700000 1 0.028600 0.500000 0.050000 0.010000 0.027000 0.963000
0.000000 0.015000 2.000000 152999.984375 75.360001 133
0.103800 3.528000 4.728100 0.000000 1
8.234000 8.234000 10.000000 5.000000 25.000000 100.000000
0.000000 0.036939 0.004184 0.000000 113.894539 168.512268
500.000000 0.000000 0.000000

0.263312 270.026550 602.338074
3.825444 0.425197 53.986252 333.469330 3990.732178
0.000000 0.000000 0.009957 0.555186 0.000000 0.000000
0.000007 0.000945 0.000011
4.076229 0.780000 0.000000
764.299377 0.000000
1.489453 0.000000 0.000000 0.000000
0.000000 0.031160
11 0.015000 0.015000 0.028600
0.612000 0.580000 0.780000 0.530000 1.020000 6.700000 0.780000 0.780000
152999.984375 75.360001 0.084000
1.073000 0.050000 0.116600
3.625433 12.706206 0.084954 0.000000
0.000000

0.262663 29.768105 24.242956
1.581326 0.175757 23.936657 145.637253 4148.836914
0.000000 0.000000 0.009436 0.481407 0.000000 0.000000
0.000006 0.000092 0.000002
3.962409 0.780000 0.000000
764.299377 0.000000
0.088769 0.000000 0.000000 0.000000
0.000000 0.020370
11 0.015000 0.030000 0.028600
0.612000 0.580000 0.780000 0.530000 1.020000 6.700000 0.780000 0.780000
152999.984375 75.360001 0.084000
1.073000 0.050000 0.116600
3.777122 4.711174 0.031499 0.000000
0.000000

0.247686 25.874088 14.335351
1.541200 0.171293 23.443956 141.564560 4149.669434
0.000000 0.000006 0.004730 0.241251 0.000000 0.000000
0.000003 0.000134 0.000002
3.886353 0.780000 0.000000
764.299377 0.000000
0.000000 0.000000 0.000000 0.000000
0.000000 0.029656
11 0.015000 0.045000 0.028600
0.612000 0.580000 0.780000 0.530000 1.020000 6.700000 0.780000 0.780000
152999.984375 75.360001 0.084000
1.073000 0.050000 0.116600
3.781730 6.198741 0.041445 0.000000
0.000000

0.233246 23.966696 13.766801
1.529144 0.169951 23.421429 140.711578 4150.347656
0.000000 0.000346 0.002413 0.122836 0.000000 0.000000
0.000001 0.001822 0.000016
3.812432 0.780000 0.000000
764.299377 0.000000
0.000000 0.000000 0.000000 0.000000
0.000000 0.026456
11 0.015000 0.060000 0.028600
0.612000 0.580000 0.780000 0.530000 1.020000 6.700000 0.780000 0.780000
152999.984375 75.360001 0.084000
1.073000 0.050000 0.116600
3.784862 8.057518 0.053873 0.000000
0.000000

0.218779 22.198334 13.190097
1.517857 0.168694 23.374374 139.910599 4150.833008
0.000000 0.000444 0.001227 0.062346 0.000000 0.000000
0.000001 0.001784 0.000020
3.741025 0.780000 0.000000
764.299377 0.000000
0.000000 0.000000 0.000000 0.000000
0.000000 0.023828
11 0.015000 0.075000 0.028600
0.612000 0.580000 0.780000 0.530000 1.020000 6.700000 0.780000 0.780000
152999.984375 75.360001 0.084000
1.073000 0.050000 0.116600
3.787153 9.473205 0.063341 0.000000
0.000000

0.204517 20.535059 12.672094
1.507245 0.167513 23.315897 139.152740 4151.193359
0.000000 0.000631 0.001335 0.031214 0.000000 0.000000
0.000002 0.001674 0.000024
3.672495 0.780000 0.000000
764.299377 0.000000
0.000000 0.000000 0.000000 0.000000
0.000000 0.021597
11 0.015000 0.090000 0.028600
0.612000 0.580000 0.780000 0.530000 1.020000 6.700000 0.780000 0.780000
152999.984375 75.360001 0.084000
1.073000 0.050000 0.116600
3.788967 6.499704 0.043462 0.000000
0.000000

0.191094 19.020670 67.979874
1.533361 0.170414 23.728771 141.290283 4154.087402
0.000000 0.000466 0.000901 0.015607 0.000000 0.000000
0.000001 0.001579 0.000028
3.607183 0.780000 0.000000
764.299377 0.000000
0.000000 0.000000 0.000000 0.000000
0.000000 0.029258
11 0.015000 0.105000 0.028600
0.612000 0.580000 0.780000 0.530000 1.020000 6.700000 0.780000 0.780000
152999.984375 75.360001 0.084000
1.073000 0.050000 0.116600
3.832431 5.609886 0.037518 0.000000
0.000000

0.175342 17.214705 50.478176
0.963153 0.107043 14.767029 87.871918 2973.385986
0.000000 0.000876 0.001296 0.007804 0.000000 0.000000
0.000001 0.000900 0.000015
3.541129 0.650000 0.000000
764.299377 0.000000
0.000000 0.000000 0.000000 0.000000
0.000000 0.024066
11 0.015000 0.120000 0.018000
0.547000 0.580000 0.780000 0.490000 1.150000 6.700000 0.650000 0.650000
172500.000000 75.360001 0.084000
1.073000 0.050000 0.116600
2.787529 4.748167 0.020988 0.000000
0.000000

0.162945 15.869785 48.116993
0.947761 0.105332 14.588040 86.668747 2973.638184
0.000000 0.001154 0.001354 0.003902 0.000000 0.000000
0.000001 0.000829 0.000018
3.473858 0.650000 0.000000
764.299377 0.000000
0.000000 0.000000 0.000000 0.000000
0.000000 0.021966
11 0.015000 0.135000 0.018000
0.547000 0.580000 0.780000 0.490000 1.150000 6.700000 0.650000 0.650000
172500.000000 75.360001 0.084000
1.073000 0.050000 0.116600
2.788332 4.259358 0.018838 0.000000
0.000000

0.151302 14.627663 45.893131
0.933554 0.103752 14.419849 85.551796 2973.946045
0.000000 0.001424 0.001388 0.001951 0.000000 0.000000
0.000001 0.000766 0.000020
3.410580 0.650000 0.000000
764.299377 0.000000
0.000000 0.000000 0.000000 0.000000
0.000000 0.020123
11 0.015000 0.150000 0.018000
0.547000 0.580000 0.780000 0.490000 1.150000 6.700000 0.650000 0.650000
172500.000000 75.360001 0.084000
1.073000 0.050000 0.116600
2.788993 3.929031 0.017392 0.000000
0.000000

0.140545 26.766703 43.902325
0.879871 0.097785 13.751446 81.478699 2974.156250
0.000000 0.001569 0.001198 0.000975 0.000000 0.000000
0.000001 0.000695 0.000023
3.351570 0.650000 0.000000
764.299377 0.000000
0.000000 0.000000 0.000000 0.000000
0.000000 0.026304
11 0.015000 0.165000 0.018000
0.547000 0.580000 0.780000 0.490000 1.150000 6.700000 0.650000 0.650000
172500.000000 75.360001 0.084000
1.073000 0.050000 0.116600
2.789582 3.812527 0.016895 0.000000
0.000000

0.130447 24.892633 42.042534
0.870402 0.096732 13.634268 80.687523 2974.448486
0.000000 0.001760 0.001093 0.000488 0.000000 0.000000
0.000001 0.000621 0.000025
3.297071 0.650000 0.000000
764.299377 0.000000
0.000000 0.000000 0.000000 0.000000
0.000000 0.024224
11 0.015000 0.180000 0.018000
0.547000 0.580000 0.780000 0.490000 1.150000 6.700000 0.650000 0.650000
172500.000000 75.360001 0.084000
1.073000 0.050000 0.116600
2.790268 3.579363 0.015886 0.000000
0.000000

0.121004 23.147242 40.273434
0.861700 0.095765 13.529685 79.953796 2974.635010
0.000000 0.001879 0.001077 0.000244 0.000000 0.000000
0.000001 0.000548 0.000027
3.247302 0.650000 0.000000
764.299377 0.000000
0.000000 0.000000 0.000000 0.000000
0.000000 0.022379
11 0.015000 0.195000 0.018000
0.547000 0.580000 0.780000 0.490000 1.150000 6.700000 0.650000 0.650000
172500.000000 75.360001 0.084000
1.073000 0.050000 0.116600
2.790768 3.143641 0.013977 0.000000
0.000000

0.111863 21.350826 37.767967
0.854407 0.094954 13.426601 79.375336 2974.139404
0.000000 0.001920 0.000984 0.000122 0.000000 0.000000
0.000001 0.000476 0.000028
3.202449 0.650000 0.000000
764.299377 0.000000
0.000000 0.000000 0.000000 0.000000
0.000000 0.020521
11 0.015000 0.210000 0.018000
0.547000 0.580000 0.780000 0.490000 1.150000 6.700000 0.650000 0.650000
172500.000000 75.360001 0.084000
1.073000 0.050000 0.116600
2.788886 2.741694 0.012214 0.000000
0.000000

0.103708 19.827663 29.399288
0.484543 0.053849 7.569394 44.715145 1551.833862
0.000000 0.001905 0.000952 0.000061 0.000000 0.000000
0.000000 0.000298 0.000014
3.162333 0.650000 0.000000
764.299377 0.000000
0.000000 0.000000 0.000000 0.000000
0.000000 0.016882
11 0.015000 0.225000 0.009000
0.527000 0.580000 0.780000 0.490000 1.200000 6.700000 0.650000 0.650000
180000.015625 75.360001 0.084000
1.073000 0.050000 0.116600
1.455242 2.174325 0.008966 0.000000
0.000000

0.096132 18.410778 27.891100
0.477822 0.053102 7.479226 44.150009 1551.917236
0.000000 0.001765 0.000820 0.000030 0.000000 0.000000
0.000000 0.000256 0.000014
3.127240 0.650000 0.000000
764.299377 0.000000
0.000000 0.000000 0.000000 0.000000
0.000000 0.015633
11 0.015000 0.240000 0.009000
0.527000 0.580000 0.780000 0.490000 1.200000 6.700000 0.650000 0.650000
180000.015625 75.360001 0.084000
1.073000 0.050000 0.116600
1.455398 1.829537 0.007562 0.000000
0.000000

0.089081 17.092245 26.484169
0.471653 0.052416 7.395954 43.629734 1551.976318
0.000000 0.001570 0.000702 0.000015 0.000000 0.000000
0.000000 0.000211 0.000015
3.097621 0.650000 0.000000
764.299377 0.000000
0.000000 0.000000 0.000000 0.000000
0.000000 0.014527
11 0.015000 0.255000 0.009000
0.527000 0.580000 0.780000 0.490000 1.200000 6.700000 0.650000 0.650000
180000.015625 75.360001 0.084000
1.073000 0.050000 0.116600
1.455562 1.689725 0.006999 0.000000
0.000000

0.082531 15.863556 25.160440
0.466015 0.051790 7.319551 43.153351 1552.029297
0.000000 0.001343 0.000570 0.000008 0.000000 0.000000
0.000000 0.000174 0.000015
3.073552 0.650000 0.000000
764.299377 0.000000
0.000000 0.000000 0.000000 0.000000
0.000000 0.013546
11 0.015000 0.270000 0.009000
0.527000 0.580000 0.780000 0.490000 1.200000 6.700000 0.650000 0.650000
180000.015625 75.360001 0.084000
1.073000 0.050000 0.116600
1.455699 1.568898 0.006511 0.000000
0.000000

0.076495 14.723672 23.935005
0.460789 0.051209 7.247894 42.710300 1552.089722
0.000000 0.001107 0.000448 0.000004 0.000000 0.000000
0.000000 0.000155 0.000016
3.055080 0.650000 0.000000
764.299377 0.000000
0.000000 0.000000 0.000000 0.000000
0.000000 0.012681
11 0.015000 0.285000 0.009000
0.527000 0.580000 0.780000 0.490000 1.200000 6.700000 0.650000 0.650000
180000.015625 75.360001 0.084000
1.073000 0.050000 0.116600
1.455795 1.467899 0.006101 0.000000
0.000000

0.070837 13.661734 22.780943
0.456026 0.050679 7.182677 42.305782 1552.161621
0.000000 0.000893 0.000414 0.000002 0.000000 0.000000
0.000000 0.000140 0.000016
3.042223 0.650000 0.000000
764.299377 0.000000
0.000000 0.000000 0.000000 0.000000
0.000000 0.011912
11 0.015000 0.300000 0.009000
0.527000 0.580000 0.780000 0.490000 1.200000 6.700000 0.650000 0.650000
180000.015625 75.360001 0.084000
1.073000 0.050000 0.116600
1.455907 1.336579 0.005562 0.000000
0.000000

0.065604 12.677173 21.715240
0.451613 0.050189 7.121969 41.929459 1552.191895
0.000000 0.000699 0.000388 0.000001 0.000000 0.000000
0.000000 0.000124 0.000017
3.034972 0.650000 0.000000
764.299377 0.000000
0.000000 0.000000 0.000000 0.000000
0.000000 0.011234
11 0.015000 0.315000 0.009000
0.527000 0.580000 0.780000 0.490000 1.200000 6.700000 0.650000 0.650000
180000.015625 75.360001 0.084000
1.073000 0.050000 0.116600
1.455998 1.241710 0.005171 0.000000
0.000000

0.060801 11.768320 18.978642
0.353925 0.039332 5.572633 32.793633 1185.821045
0.000000 0.000519 0.000250 0.000000 0.000000 0.000000
0.000000 0.000095 0.000013
3.033270 0.650000 0.000000
764.299377 0.000000
0.000000 0.000000 0.000000 0.000000
0.000000 0.010127
11 0.015000 0.330000 0.006600
0.497000 0.580000 0.780000 0.490000 1.250000 6.700000 0.650000 0.650000
187499.984375 75.360001 0.084000
1.073000 0.050000 0.116600
1.112308 1.044622 0.003944 0.000000
0.000000

0.056324 10.922669 18.057396
0.350152 0.038913 5.519860 32.470230 1185.838989
0.000000 0.000390 0.000279 0.000000 0.000000 0.000000
0.000000 0.000080 0.000013
3.037191 0.650000 0.000000
764.299377 0.000000
0.000000 0.000000 0.000000 0.000000
0.000000 0.009598
11 0.015000 0.345000 0.006600
0.497000 0.580000 0.780000 0.490000 1.250000 6.700000 0.650000 0.650000
187499.984375 75.360001 0.084000
1.073000 0.050000 0.116600
1.112387 0.961526 0.003630 0.000000
0.000000

0.052180 10.143899 17.224665
0.346589 0.038517 5.469694 32.163166 1185.882568
0.000000 0.000304 0.000357 0.000000 0.000000 0.000000
0.000000 0.000065 0.000013
3.046673 0.650000 0.000000
764.299377 0.000000
0.000000 0.000000 0.000000 0.000000
0.000000 0.009134
11 0.015000 0.360000 0.006600
0.497000 0.580000 0.780000 0.490000 1.250000 6.700000 0.650000 0.650000
187499.984375 75.360001 0.084000
1.073000 0.050000 0.116600
1.112485 0.892766 0.003368 0.000000
0.000000

0.048334 9.411450 16.415018
0.343410 0.038164 5.425114 31.889994 1185.911011
0.000000 0.000242 0.000423 0.000000 0.000000 0.000000
0.000000 0.000058 0.000014
3.061608 0.650000 0.000000
764.299377 0.000000
0.000000 0.000000 0.000000 0.000000
0.000000 0.008707
11 0.015000 0.375000 0.006600
0.497000 0.580000 0.780000 0.490000 1.250000 6.700000 0.650000 0.650000
187499.984375 75.360001 0.084000
1.073000 0.050000 0.116600
1.112537 0.833297 0.003141 0.000000
0.000000

0.044767 8.731449 15.663755
0.340472 0.037837 5.383769 31.636896 1185.913086
0.000000 0.000199 0.000535 0.000000 0.000000 0.000000
0.000000 0.000051 0.000014
3.081869 0.650000 0.000000
764.299377 0.000000
0.000000 0.000000 0.000000 0.000000
0.000000 0.008327
11 0.015000 0.390000 0.006600
0.497000 0.580000 0.780000 0.490000 1.250000 6.700000 0.650000 0.650000
187499.984375 75.360001 0.084000
1.073000 0.050000 0.116600
1.112585 0.783765 0.002951 0.000000
0.000000

0.041462 8.099837 14.963098
0.337762 0.037536 5.345610 31.403128 1185.961670
0.000000 0.000174 0.000690 0.000000 0.000000 0.000000
0.000000 0.000050 0.000015
3.107313 0.650000 0.000000
764.299377 0.000000
0.000000 0.000000 0.000000 0.000000
0.000000 0.007976
11 0.015000 0.405000 0.006600
0.497000 0.580000 0.780000 0.490000 1.250000 6.700000 0.650000 0.650000
187499.984375 75.360001 0.084000
1.073000 0.050000 0.116600
1.112623 0.743604 0.002796 0.000000
0.000000

0.038399 7.514197 11.466032
0.183678 0.020412 2.888240 16.962687 592.991882
0.000000 0.000100 0.000214 0.000000 0.000000 0.000000
0.000000 0.000041 0.000007
3.137918 0.650000 0.000000
764.299377 0.000000
0.000000 0.000000 0.000000 0.000000
0.000000 0.006836
11 0.015000 0.420000 0.003300
0.487000 0.580000 0.780000 0.490000 1.250000 6.700000 0.650000 0.650000
187499.984375 75.360001 0.084000
1.073000 0.050000 0.116600
0.556333 0.527223 0.001941 0.000000
0.000000

0.035565 6.971060 10.850375
0.181375 0.020157 2.855235 16.764154 592.996704
0.000000 0.000100 0.000448 0.000000 0.000000 0.000000
0.000000 0.000033 0.000008
3.173478 0.650000 0.000000
764.299377 0.000000
0.000000 0.000000 0.000000 0.000000
0.000000 0.006548
11 0.015000 0.435000 0.003300
0.487000 0.580000 0.780000 0.490000 1.250000 6.700000 0.650000 0.650000
187499.984375 75.360001 0.084000
1.073000 0.050000 0.116600
0.556357 0.481991 0.001772 0.000000
0.000000

0.032940 6.466237 10.276473
0.179255 0.019921 2.824818 16.581217 593.018738
0.000000 0.000095 0.000735 0.000000 0.000000 0.000000
0.000000 0.000029 0.000008
3.213664 0.650000 0.000000
764.299377 0.000000
0.000000 0.000000 0.000000 0.000000
0.000000 0.006282
11 0.015000 0.450000 0.003300
0.487000 0.580000 0.780000 0.490000 1.250000 6.700000 0.650000 0.650000
187499.984375 75.360001 0.084000
1.073000 0.050000 0.116600
0.556373 0.448081 0.001644 0.000000
0.000000

0.030509 5.997737 9.740565
0.177300 0.019704 2.796788 16.412540 593.018799
0.000000 0.000092 0.001028 0.000000 0.000000 0.000000
0.000000 0.000027 0.000008
3.258281 0.650000 0.000000
764.299377 0.000000
0.000000 0.000000 0.000000 0.000000
0.000000 0.006037
11 0.015000 0.465000 0.003300
0.487000 0.580000 0.780000 0.490000 1.250000 6.700000 0.650000 0.650000
187499.984375 75.360001 0.084000
1.073000 0.050000 0.116600
0.556391 0.421804 0.001546 0.000000
0.000000

0.028260 5.563489 9.245899
0.175481 0.019502 2.770654 16.255283 593.020813
0.000000 0.000094 0.001322 0.000000 0.000000 0.000000
0.000000 0.000028 0.000008
3.307125 0.650000 0.000000
764.299377 0.000000
0.000000 0.000000 0.000000 0.000000
0.000000 0.005810
11 0.015000 0.480000 0.003300
0.487000 0.580000 0.780000 0.490000 1.250000 6.700000 0.650000 0.650000
187499.984375 75.360001 0.084000
1.073000 0.050000 0.116600
0.556413 0.399465 0.001462 0.000000
0.000000

0.026177 5.161567 8.789769
0.173791 0.019314 2.746323 16.108908 593.044128
0.000000 0.000100 0.001613 0.000000 0.000000 0.000000
0.000000 0.000030 0.000008
3.359986 0.650000 0.000000
764.299377 0.000000
0.000000 0.000000 0.000000 0.000000
0.000000 0.005601
11 0.015000 0.495000 0.003300
0.487000 0.580000 0.780000 0.490000 1.250000 6.700000 0.650000 0.650000
187499.984375 75.360001 0.084000
1.073000 0.050000 0.116600
0.556434 0.367111 0.001342 0.000000
0.000000

0.024247 4.787816 8.366218
0.172220 0.019139 2.723731 15.972883 593.050598
0.000000 0.000110 0.001921 0.000000 0.000000 0.000000
0.000000 0.000034 0.000008
3.416651 0.650000 0.000000
764.299377 0.000000
0.000000 0.000000 0.000000 0.000000
0.000000 0.005407
11 0.015000 0.510000 0.003300
0.487000 0.580000 0.780000 0.490000 1.250000 6.700000 0.650000 0.650000
187499.984375 75.360001 0.084000
1.073000 0.050000 0.116600
0.556451 0.345434 0.001261 0.000000
0.000000

0.022460 4.441405 6.262401
0.064056 0.007119 0.995072 5.834564 179.725189
0.000000 0.000010 0.000025 0.000000 0.000000 0.000000
0.000000 0.000027 0.000002
3.476901 0.650000 0.000000
764.299377 0.000000
0.000000 0.000000 0.000000 0.000000
0.000000 0.004632
11 0.015000 0.525000 0.001000
0.487000 0.580000 0.780000 0.490000 1.250000 6.700000 0.650000 0.650000
187499.984375 75.360001 0.084000
1.073000 0.050000 0.116600
0.168625 0.200981 0.000733 0.000000
0.000000

0.020805 4.119421 5.826997
0.062937 0.006994 0.979204 5.740344 179.725800
0.000000 0.000003 0.000024 0.000000 0.000000 0.000000
0.000000 0.000019 0.000002
3.540514 0.650000 0.000000
764.299377 0.000000
0.000000 0.000000 0.000000 0.000000
0.000000 0.004447
11 0.015000 0.540000 0.001000
0.487000 0.580000 0.780000 0.490000 1.250000 6.700000 0.650000 0.650000
187499.984375 75.360001 0.084000
1.073000 0.050000 0.116600
0.168628 0.179703 0.000655 0.000000
0.000000

0.019273 3.821009 5.420446
0.061880 0.006877 0.964620 5.653731 179.727142
0.000000 0.000000 0.000023 0.000000 0.000000 0.000000
0.000000 0.000013 0.000002
3.607273 0.650000 0.000000
764.299377 0.000000
0.000000 0.000000 0.000000 0.000000
0.000000 0.004230
11 0.015000 0.555000 0.001000
0.487000 0.580000 0.780000 0.490000 1.250000 6.700000 0.650000 0.650000
187499.984375 75.360001 0.084000
1.073000 0.050000 0.116600
0.168633 0.163257 0.000594 0.000000
0.000000

0.017855 3.543786 5.058446
0.060787 0.006756 0.950263 5.568523 179.730835
0.000000 0.000000 0.000023 0.000000 0.000000 0.000000
0.000000 0.000008 0.000002
3.676959 0.650000 0.000000
764.299377 0.000000
0.000000 0.000000 0.000000 0.000000
0.000000 0.003932
11 0.015000 0.570000 0.001000
0.487000 0.580000 0.780000 0.490000 1.250000 6.700000 0.650000 0.650000
187499.984375 75.360001 0.084000
1.073000 0.050000 0.116600
0.168636 0.149746 0.000545 0.000000
0.000000

0.016541 3.287085 4.730741
0.059818 0.006648 0.936446 5.486557 179.735077
0.000000 0.000000 0.000025 0.000000 0.000000 0.000000
0.000000 0.000005 0.000002
3.749355 0.650000 0.000000
764.299377 0.000000
0.000000 0.000000 0.000000 0.000000
0.000000 0.003788
11 0.015000 0.585000 0.001000
0.487000 0.580000 0.780000 0.490000 1.250000 6.700000 0.650000 0.650000
187499.984375 75.360001 0.084000
1.073000 0.050000 0.116600
0.168639 0.138296 0.000503 0.000000
0.000000

0.015324 3.050165 4.464540
0.058910 0.006547 0.921447 5.397720 179.736603
0.000000 0.000021 0.000139 0.000000 0.000000 0.000000
0.000000 0.000004 0.000003
3.824247 0.650000 0.000000
764.299377 0.000000
0.000000 0.000000 0.000000 0.000000
0.000000 0.003874
11 0.015000 0.600000 0.001000
0.487000 0.580000 0.780000 0.490000 1.250000 6.700000 0.650000 0.650000
187499.984375 75.360001 0.084000
1.073000 0.050000 0.116600
0.168644 0.128295 0.000466 0.000000
0.000000

0.014196 2.829102 4.193620
0.058040 0.006450 0.908915 5.323432 179.738007
0.000000 0.000026 0.000648 0.000000 0.000000 0.000000
0.000000 0.000004 0.000003
3.901427 0.650000 0.000000
764.299377 0.000000
0.000000 0.000000 0.000000 0.000000
0.000000 0.003775
11 0.015000 0.615000 0.001000
0.487000 0.580000 0.780000 0.490000 1.250000 6.700000 0.650000 0.650000
187499.984375 75.360001 0.084000
1.073000 0.050000 0.116600
0.168647 0.118930 0.000432 0.000000
0.000000

0.013152 2.623992 3.930621
0.057272 0.006365 0.897956 5.258398 179.742264
0.000000 0.000028 0.001176 0.000000 0.000000 0.000000
0.000000 0.000005 0.000003
3.980686 0.650000 0.000000
764.299377 0.000000
0.000000 0.000000 0.000000 0.000000
0.000000 0.003693
11 0.015000 0.630000 0.001000
0.487000 0.580000 0.780000 0.490000 1.250000 6.700000 0.650000 0.650000
187499.984375 75.360001 0.084000
1.073000 0.050000 0.116600
0.168651 0.112862 0.000410 0.000000
0.000000

0.012185 2.433797 3.697141
0.056523 0.006282 0.887198 5.194540 179.744141
0.000000 0.006558 0.001765 0.000000 0.000000 0.000000
0.000000 0.000013 0.000003
4.061825 0.650000 0.000000
764.299377 0.000000
0.000000 0.000000 0.000000 0.000000
0.000000 0.003628
11 0.015000 0.645000 0.001000
0.487000 0.580000 0.780000 0.490000 1.250000 6.700000 0.650000 0.650000
187499.984375 75.360001 0.084000
1.073000 0.050000 0.116600
0.168653 0.118479 0.000430 0.000000
0.000000

0.011295 2.258581 3.477131
0.055683 0.006188 0.877660 5.136233 179.744614
0.000000 0.039354 0.002834 0.000000 0.000000 0.000000
0.000000 0.000066 0.000001
4.144647 0.829335 0.000000
764.299377 0.000000
0.000000 0.000000 0.000000 0.000000
0.000000 0.015272
11 0.015000 0.660000 0.001000
0.487000 0.580000 0.780000 0.490000 1.250000 6.700000 0.650000 0.650000
187499.984375 75.360001 0.084000
1.073000 0.050000 0.116600
0.168659 0.118981 0.000556 0.000000
0.000000

0.010482 2.096167 3.271085
0.054544 0.006061 0.868858 5.083054 179.746506
0.000000 0.088514 0.004513 0.000000 0.000000 0.000000
0.000000 0.000110 0.000000
4.228961 1.000000 0.000000
764.299377 0.000000
0.000000 0.000000 0.000000 0.000000
0.000000 0.034577
11 0.015000 0.675000 0.001000
0.487000 0.580000 0.780000 0.490000 1.250000 6.700000 0.650000 0.650000
187499.984375 75.360001 0.084000
1.073000 0.050000 0.116600
0.168661 0.116791 0.000654 0.000000
0.000000

0.009773 1.948525 3.104495
0.053900 0.005989 0.859399 5.024047 179.751282
0.000000 0.183763 0.007203 0.000000 0.000000 0.000000
0.000002 0.000084 0.000000
4.314584 1.000000 0.000000
764.299377 0.000000
0.000000 0.000000 0.000000 0.000000
0.000000 0.166754
11 0.015000 0.690000 0.001000
0.487000 0.580000 0.780000 0.490000 1.250000 6.700000 0.650000 0.650000
187499.984375 75.360001 0.084000
1.073000 0.050000 0.116600
0.168668 0.120485 0.000674 0.000000
0.000000

0.009144 1.813845 2.952396
0.053291 0.005922 0.850690 4.968026 179.755707
0.000000 0.057293 0.010196 0.000000 0.000000 0.000000
0.000000 0.000124 0.000000
4.395229 1.000000 0.000000
764.299377 0.000000
0.000000 0.000000 0.000000 0.000000
0.000000 0.114950
11 0.015000 0.705000 0.001000
0.487000 0.580000 0.780000 0.490000 1.250000 6.700000 0.650000 0.650000
187499.984375 75.360001 0.084000
1.073000 0.050000 0.116600
0.168679 0.119708 0.000667 0.000000
0.000000

0.008575 1.691886 2.817441
0.052706 0.005857 0.842984 4.913571 179.758667
0.000000 0.149854 0.012562 0.000000 0.000000 0.000000
0.000002 0.000084 0.000000
4.469327 1.000000 0.000000
764.299377 0.000000
0.000000 0.000000 0.000000 0.000000
0.000000 0.675248
11 0.015000 0.720000 0.001000
0.487000 0.580000 0.780000 0.490000 1.250000 6.700000 0.650000 0.650000
187499.984375 75.360001 0.084000
1.073000 0.050000 0.116600
0.168700 0.130747 0.000728 0.000000
0.000000

0.008644 1.623842 2.737901
0.051935 0.005771 0.838152 4.834541 179.779343
0.000000 0.960612 0.016038 0.000000 0.000000 0.000000
0.000001 0.000021 0.000000
4.542202 1.000000 0.000000
764.299377 0.000000
0.000000 0.000000 0.000000 0.000000
0.000000 11.261489
11 0.015000 0.735000 0.001000
0.487000 0.580000 0.780000 0.490000 1.250000 6.700000 0.650000 0.650000
187499.984375 75.360001 0.084000
1.073000 0.050000 0.116600
0.168789 0.122959 0.000685 0.000000
0.000000

0.000000 0.170295 2.861774
0.048529 0.005393 0.813968 4.507946 179.880997
0.000000 1.213172 0.014967 0.000000 0.000000 0.000000
0.000001 0.000014 0.000000
4.615874 1.000000 0.000000
764.299377 0.000000
0.000000 0.000000 0.000000 0.000000
0.000000 0.505518
11 0.015000 0.750000 0.001000
0.487000 0.580000 0.780000 0.490000 1.250000 6.700000 0.650000 0.650000
187499.984375 75.360001 0.084000
1.073000 0.050000 0.116600
0.169200 0.087260 0.000486 0.000000
0.000000

0.000000 0.161394 2.753939
0.048303 0.005367 0.812118 4.485329 179.899246
0.000000 0.893680 0.013981 0.000000 0.000000 0.000000
0.000001 0.000019 0.000000
4.690207 1.000000 0.000000
764.299377 0.000000
0.000000 0.000000 0.000000 0.000000
0.000000 0.479182
11 0.015000 0.765000 0.001000
0.487000 0.580000 0.780000 0.490000 1.250000 6.700000 0.650000 0.650000
187499.984375 75.360001 0.084000
1.073000 0.050000 0.116600
0.169242 0.087085 0.000485 0.000000
0.000000

0.000000 0.150196 2.635666
0.048130 0.005348 0.809587 4.469379 179.901718
0.000000 0.483819 0.013746 0.000000 0.000000 0.000000
0.000002 0.000036 0.000000
4.765069 1.000000 0.000000
764.299377 0.000000
0.000000 0.000000 0.000000 0.000000
0.000000 0.481056
11 0.015000 0.780000 0.001000
0.487000 0.580000 0.780000 0.490000 1.250000 6.700000 0.650000 0.650000
187499.984375 75.360001 0.084000
1.073000 0.050000 0.116600
0.169251 0.086693 0.000483 0.000000
0.000000

0.000000 0.147022 2.633165
0.047867 0.005319 0.805445 4.444559 179.989166
0.000000 0.215075 0.012801 0.000000 0.000000 0.000000
0.000003 0.000076 0.000000
4.840337 1.000000 0.000000
764.299377 0.000000
0.000000 0.000000 0.000000 0.000000
0.000000 0.509538
11 0.015000 0.795000 0.001000
0.487000 0.580000 0.780000 0.490000 1.250000 6.700000 0.650000 0.650000
187499.984375 75.360001 0.084000
1.073000 0.050000 0.116600
0.169508 0.086193 0.000480 0.000000
0.000000

0.000000 0.136566 2.526849
0.047732 0.005304 0.803401 4.432250 179.990692
0.000000 0.085384 0.012445 0.000000 0.000000 0.000000
0.000000 0.000141 0.000000
4.915894 1.000000 0.000000
764.299377 0.000000
0.000000 0.000000 0.000000 0.000000
0.000000 0.601331
11 0.015000 0.810000 0.001000
0.487000 0.580000 0.780000 0.490000 1.250000 6.700000 0.650000 0.650000
187499.984375 75.360001 0.084000
1.073000 0.050000 0.116600
0.169515 0.086446 0.000481 0.000000
0.000000

0.000000 0.126854 2.429214
0.047607 0.005290 0.801429 4.420892 179.993622
0.000000 0.039979 0.013574 0.000000 0.000000 0.000000
0.000000 0.000146 0.000000
4.991631 1.000000 0.000000
764.299377 0.000000
0.000000 0.000000 0.000000 0.000000
0.000000 1.013595
11 0.015000 0.825000 0.001000
0.487000 0.580000 0.780000 0.490000 1.250000 6.700000 0.650000 0.650000
187499.984375 75.360001 0.084000
1.073000 0.050000 0.116600
0.169518 0.086766 0.000483 0.000000
0.000000

0.000000 0.117899 2.339698
0.047489 0.005277 0.799594 4.410269 179.997192
0.000000 0.072609 0.014980 0.000000 0.000000 0.000000
0.000000 0.000145 0.000000
5.067446 1.000000 0.000000
764.299377 0.000000
0.000000 0.000000 0.000000 0.000000
0.000000 1.643949
11 0.015000 0.840000 0.001000
0.487000 0.580000 0.780000 0.490000 1.250000 6.700000 0.650000 0.650000
187499.984375 75.360001 0.084000
1.073000 0.050000 0.116600
0.169528 0.086919 0.000484 0.000000
0.000000

0.000000 0.109527 2.255415
0.047382 0.005265 0.797962 4.400487 179.999115
0.000000 0.293024 0.020532 0.000000 0.000000 0.000000
0.000003 0.000063 0.000000
5.143244 1.000000 0.000000
764.299377 0.000000
0.000000 0.000000 0.000000 0.000000
0.000000 2.377938
11 0.015000 0.855000 0.001000
0.487000 0.580000 0.780000 0.490000 1.250000 6.700000 0.650000 0.650000
187499.984375 75.360001 0.084000
1.073000 0.050000 0.116600
0.169533 0.087254 0.000486 0.000000
0.000000

0.000000 0.000000 1.199886
0.046024 0.005114 0.776342 4.279844 180.056763
0.000000 0.785952 0.016061 0.000000 0.000000 0.000000
0.000002 0.000026 0.000000
5.218933 1.000000 0.000000
764.299377 0.000000
0.000000 0.000000 0.000000 0.000000
0.000000 0.833431
11 0.015000 0.870000 0.001000
0.487000 0.580000 0.780000 0.490000 1.250000 6.700000 0.650000 0.650000
187499.984375 75.360001 0.084000
1.073000 0.050000 0.116600
0.169705 0.085219 0.000475 0.000000
0.000000

0.000000 0.000000 1.202973
0.046025 0.005114 0.776416 4.279795 180.058411
0.000000 1.403022 0.015919 0.000000 0.000000 0.000000
0.000001 0.000015 0.000000
5.294430 1.000000 0.000000
764.299377 0.000000
0.000000 0.000000 0.000000 0.000000
0.000000 0.828994
11 0.015000 0.885000 0.001000
0.487000 0.580000 0.780000 0.490000 1.250000 6.700000 0.650000 0.650000
187499.984375 75.360001 0.084000
1.073000 0.050000 0.116600
0.169716 0.085381 0.000476 0.000000
0.000000

0.000000 0.000000 1.204088
0.046026 0.005115 0.776486 4.279759 180.059677
0.000000 1.831340 0.015435 0.000000 0.000000 0.000000
0.000001 0.000012 0.000000
5.369659 1.000000 0.000000
764.299377 0.000000
0.000000 0.000000 0.000000 0.000000
0.000000 0.829787
11 0.015000 0.900000 0.001000
0.487000 0.580000 0.780000 0.490000 1.250000 6.700000 0.650000 0.650000
187499.984375 75.360001 0.084000
1.073000 0.050000 0.116600
0.169719 0.085249 0.000475 0.000000
0.000000

0.000000 0.000000 1.204739
0.046027 0.005115 0.776557 4.279702 180.062256
0.000000 1.868650 0.014960 0.000000 0.000000 0.000000
0.000001 0.000013 0.000000
5.444546 1.000000 0.000000
764.299377 0.000000
0.000000 0.000000 0.000000 0.000000
0.000000 0.833630
11 0.015000 0.915000 0.001000
0.487000 0.580000 0.780000 0.490000 1.250000 6.700000 0.650000 0.650000
187499.984375 75.360001 0.084000
1.073000 0.050000 0.116600
0.169722 0.085306 0.000475 0.000000
0.000000

0.000000 0.000000 1.205304
0.046027 0.005115 0.776622 4.279638 180.063248
0.000000 1.559855 0.014674 0.000000 0.000000 0.000000
0.000001 0.000016 0.000000
5.519023 1.000000 0.000000
764.299377 0.000000
0.000000 0.000000 0.000000 0.000000
0.000000 0.835511
11 0.015000 0.930000 0.001000
0.487000 0.580000 0.780000 0.490000 1.250000 6.700000 0.650000 0.650000
187499.984375 75.360001 0.084000
1.073000 0.050000 0.116600
0.169723 0.085190 0.000474 0.000000
0.000000

0.000000 0.000000 1.205929
0.046028 0.005115 0.776687 4.279569 180.064087
0.000000 1.100162 0.014507 0.000000 0.000000 0.000000
0.000002 0.000022 0.000000
5.593029 1.000000 0.000000
764.299377 0.000000
0.000000 0.000000 0.000000 0.000000
0.000000 0.838634
11 0.015000 0.945000 0.001000
0.487000 0.580000 0.780000 0.490000 1.250000 6.700000 0.650000 0.650000
187499.984375 75.360001 0.084000
1.073000 0.050000 0.116600
0.169726 0.085387 0.000476 0.000000
0.000000

0.000000 0.000000 1.206673
0.046029 0.005115 0.776750 4.279518 180.065445
0.000000 0.671653 0.014313 0.000000 0.000000 0.000000
0.000002 0.000036 0.000000
5.666504 1.000000 0.000000
764.299377 0.000000
0.000000 0.000000 0.000000 0.000000
0.000000 0.839354
11 0.015000 0.960000 0.001000
0.487000 0.580000 0.780000 0.490000 1.250000 6.700000 0.650000 0.650000
187499.984375 75.360001 0.084000
1.073000 0.050000 0.116600
0.169728 0.085350 0.000475 0.000000
0.000000

0.000000 0.000000 1.209674
0.046030 0.005115 0.776822 4.279506 180.066574
0.000000 0.361938 0.014019 0.000000 0.000000 0.000000
0.000003 0.000065 0.000000
5.739396 1.000000 0.000000
764.299377 0.000000
0.000000 0.000000 0.000000 0.000000
0.000000 0.837146
11 0.015000 0.975000 0.001000
0.487000 0.580000 0.780000 0.490000 1.250000 6.700000 0.650000 0.650000
187499.984375 75.360001 0.084000
1.073000 0.050000 0.116600
0.169737 0.085323 0.000475 0.000000
0.000000

0.000000 0.000000 1.211417
0.046031 0.005115 0.776886 4.279456 180.068207
0.000000 0.175311 0.013626 0.000000 0.000000 0.000000
0.000002 0.000121 0.000000
5.811656 1.000000 0.000000
764.299377 0.000000
0.000000 0.000000 0.000000 0.000000
0.000000 0.835836
11 0.015000 0.990000 0.001000
0.487000 0.580000 0.780000 0.490000 1.250000 6.700000 0.650000 0.650000
187499.984375 75.360001 0.084000
1.073000 0.050000 0.116600
0.169741 0.085300 0.000475 0.000000
0.000000

0.000000 0.000000 1.211952
0.046031 0.005115 0.776946 4.279408 180.070801
0.000000 0.078135 0.013129 0.000000 0.000000 0.000000
0.000000 0.000168 0.000000
5.883237 1.000000 0.000000
764.299377 0.000000
0.000000 0.000000 0.000000 0.000000
0.000000 0.836945
11 0.015000 1.005000 0.001000
0.487000 0.580000 0.780000 0.490000 1.250000 6.700000 0.650000 0.650000
187499.984375 75.360001 0.084000
1.073000 0.050000 0.116600
0.169744 0.085478 0.000476 0.000000
0.000000

0.000000 0.000000 1.214174
0.046032 0.005115 0.777008 4.279366 180.072021
0.000000 0.033494 0.012731 0.000000 0.000000 0.000000
0.000000 0.000173 0.000001
5.954099 1.000000 0.000000
764.299377 0.000000
0.000000 0.000000 0.000000 0.000000
0.000000 0.833968
11 0.015000 1.020000 0.001000
0.487000 0.580000 0.780000 0.490000 1.250000 6.700000 0.650000 0.650000
187499.984375 75.360001 0.084000
1.073000 0.050000 0.116600
0.169751 0.085345 0.000475 0.000000
0.000000

0.000000 0.000000 1.214724
0.046033 0.005115 0.777069 4.279321 180.072983
0.000000 0.015072 0.012512 0.000000 0.000000 0.000000
0.000000 0.000178 0.000002
6.024202 1.000000 0.000000
764.299377 0.000000
0.000000 0.000000 0.000000 0.000000
0.000000 0.835432
11 0.015000 1.035000 0.001000
0.487000 0.580000 0.780000 0.490000 1.250000 6.700000 0.650000 0.650000
187499.984375 75.360001 0.084000
1.073000 0.050000 0.116600
0.169752 0.085592 0.000477 0.000000
0.000000

0.000000 0.000000 1.215557
0.046034 0.005115 0.777129 4.279279 180.073975
0.000000 0.008051 0.012273 0.000000 0.000000 0.000000
0.000000 0.000178 0.000003
6.093514 1.000000 0.000000
764.299377 0.000000
0.000000 0.000000 0.000000 0.000000
0.000000 0.834802
11 0.015000 1.050000 0.001000
0.487000 0.580000 0.780000 0.490000 1.250000 6.700000 0.650000 0.650000
187499.984375 75.360001 0.084000
1.073000 0.050000 0.116600
0.169756 0.085417 0.000476 0.000000
0.000000

0.000000 0.000000 1.216069
0.046034 0.005115 0.777183 4.279213 180.075378
0.000000 0.005409 0.012121 0.000000 0.000000 0.000000
0.000000 0.000177 0.000004
6.162001 1.000000 0.000000
764.299377 0.000000
0.000000 0.000000 0.000000 0.000000
0.000000 0.837426
11 0.015000 1.065000 0.001000
0.487000 0.580000 0.780000 0.490000 1.250000 6.700000 0.650000 0.650000
187499.984375 75.360001 0.084000
1.073000 0.050000 0.116600
0.169757 0.085623 0.000477 0.000000
0.000000

0.000000 0.000000 1.216770
0.046035 0.005116 0.777241 4.279173 180.076645
0.000000 0.004297 0.012040 0.000000 0.000000 0.000000
0.000000 0.000177 0.000005
6.229635 1.000000 0.000000
764.299377 0.000000
0.000000 0.000000 0.000000 0.000000
0.000000 0.835764
11 0.015000 1.080000 0.001000
0.487000 0.580000 0.780000 0.490000 1.250000 6.700000 0.650000 0.650000
187499.984375 75.360001 0.084000
1.073000 0.050000 0.116600
0.169758 0.085390 0.000476 0.000000
0.000000

0.000000 0.000000 1.220108
0.046036 0.005116 0.777298 4.279133 180.078079
0.000000 0.003715 0.011971 0.000000 0.000000 0.000000
0.000000 0.000178 0.000005
6.296390 1.000000 0.000000
764.299377 0.000000
0.000000 0.000000 0.000000 0.000000
0.000000 0.836269
11 0.015000 1.095000 0.001000
0.487000 0.580000 0.780000 0.490000 1.250000 6.700000 0.650000 0.650000
187499.984375 75.360001 0.084000
1.073000 0.050000 0.116600
0.169769 0.085756 0.000478 0.000000
0.000000

0.000000 0.000000 1.224355
0.046036 0.005116 0.777354 4.279086 180.081558
0.000000 0.003344 0.011837 0.000000 0.000000 0.000000
0.000000 0.000178 0.000005
6.362244 1.000000 0.000000
764.299377 0.000000
0.000000 0.000000 0.000000 0.000000
0.000000 0.828290
11 0.015000 1.110000 0.001000
0.487000 0.580000 0.780000 0.490000 1.250000 6.700000 0.650000 0.650000
187499.984375 75.360001 0.084000
1.073000 0.050000 0.116600
0.169782 0.085299 0.000475 0.000000
0.000000

0.000000 0.000000 1.224915
0.046037 0.005116 0.777406 4.279027 180.082520
0.000000 0.003111 0.011859 0.000000 0.000000 0.000000
0.000000 0.000179 0.000006
6.427175 1.000000 0.000000
764.299377 0.000000
0.000000 0.000000 0.000000 0.000000
0.000000 0.829666
11 0.015000 1.125000 0.001000
0.487000 0.580000 0.780000 0.490000 1.250000 6.700000 0.650000 0.650000
187499.984375 75.360001 0.084000
1.073000 0.050000 0.116600
0.169784 0.085605 0.000477 0.000000
0.000000

0.000000 0.000000 1.225452
0.046037 0.005116 0.777456 4.278972 180.083282
0.000000 0.002968 0.011799 0.000000 0.000000 0.000000
0.000000 0.000180 0.000006
6.491166 1.000000 0.000000
764.299377 0.000000
0.000000 0.000000 0.000000 0.000000
0.000000 0.829215
11 0.015000 1.140000 0.001000
0.487000 0.580000 0.780000 0.490000 1.250000 6.700000 0.650000 0.650000
187499.984375 75.360001 0.084000
1.073000 0.050000 0.116600
0.169786 0.085545 0.000476 0.000000
0.000000

0.000000 0.000000 1.225979
0.046038 0.005116 0.777512 4.278937 180.084137
0.000000 0.002889 0.011758 0.000000 0.000000 0.000000
0.000000 0.000182 0.000006
6.554201 1.000000 0.000000
764.299377 0.000000
0.000000 0.000000 0.000000 0.000000
0.000000 0.829730
11 0.015000 1.155000 0.001000
0.487000 0.580000 0.780000 0.490000 1.250000 6.700000 0.650000 0.650000
187499.984375 75.360001 0.084000
1.073000 0.050000 0.116600
0.169789 0.085644 0.000477 0.000000
0.000000

0.000000 0.000000 1.226983
0.046039 0.005116 0.777563 4.278889 180.085159
0.000000 0.002841 0.011715 0.000000 0.000000 0.000000
0.000000 0.000183 0.000006
6.616266 1.000000 0.000000
764.299377 0.000000
0.000000 0.000000 0.000000 0.000000
0.000000 0.829242
11 0.015000 1.170000 0.001000
0.487000 0.580000 0.780000 0.490000 1.250000 6.700000 0.650000 0.650000
187499.984375 75.360001 0.084000
1.073000 0.050000 0.116600
0.169790 0.085626 0.000477 0.000000
0.000000

0.000000 0.000000 1.228553
0.046039 0.005116 0.777611 4.278839 180.086349
0.000000 0.002803 0.011667 0.000000 0.000000 0.000000
0.000000 0.000184 0.000007
6.677349 1.000000 0.000000
764.299377 0.000000
0.000000 0.000000 0.000000 0.000000
0.000000 0.826980
11 0.015000 1.185000 0.001000
0.487000 0.580000 0.780000 0.490000 1.250000 6.700000 0.650000 0.650000
187499.984375 75.360001 0.084000
1.073000 0.050000 0.116600
0.169794 0.085374 0.000475 0.000000
0.000000

0.000000 0.000000 1.229061
0.046039 0.005116 0.777657 4.278774 180.087433
0.000000 0.002769 0.011638 0.000000 0.000000 0.000000
0.000000 0.000186 0.000007
6.737441 1.000000 0.000000
764.299377 0.000000
0.000000 0.000000 0.000000 0.000000
0.000000 0.828260
11 0.015000 1.200000 0.001000
0.487000 0.580000 0.780000 0.490000 1.250000 6.700000 0.650000 0.650000
187499.984375 75.360001 0.084000
1.073000 0.050000 0.116600
0.169797 0.085559 0.000477 0.000000
0.000000

0.000000 0.000000 1.229558
0.046040 0.005116 0.777708 4.278735 180.088135
0.000000 0.002730 0.011569 0.000000 0.000000 0.000000
0.000000 0.000187 0.000007
6.796534 1.000000 0.000000
764.299377 0.000000
0.000000 0.000000 0.000000 0.000000
0.000000 0.826960
11 0.015000 1.215000 0.001000
0.487000 0.580000 0.780000 0.490000 1.250000 6.700000 0.650000 0.650000
187499.984375 75.360001 0.084000
1.073000 0.050000 0.116600
0.169799 0.085515 0.000476 0.000000
0.000000

0.000000 0.000000 1.230047
0.046040 0.005116 0.777757 4.278697 180.090408
0.000000 0.002694 0.011551 0.000000 0.000000 0.000000
0.000000 0.000188 0.000007
6.854621 1.000000 0.000000
764.299377 0.000000
0.000000 0.000000 0.000000 0.000000
0.000000 0.826912
11 0.015000 1.230000 0.001000
0.487000 0.580000 0.780000 0.490000 1.250000 6.700000 0.650000 0.650000
187499.984375 75.360001 0.084000
1.073000 0.050000 0.116600
0.169800 0.085589 0.000477 0.000000
0.000000

0.000000 0.000000 1.230525
0.046041 0.005116 0.777806 4.278664 180.091431
0.000000 0.002674 0.011602 0.000000 0.000000 0.000000
0.000000 0.000190 0.000007
6.911699 1.000000 0.000000
764.299377 0.000000
0.000000 0.000000 0.000000 0.000000
0.000000 0.827032
11 0.015000 1.245000 0.001000
0.487000 0.580000 0.780000 0.490000 1.250000 6.700000 0.650000 0.650000
187499.984375 75.360001 0.084000
1.073000 0.050000 0.116600
0.169800 0.085671 0.000477 0.000000
0.000000

0.000000 0.000000 1.230997
0.046041 0.005116 0.777853 4.278620 180.092407
0.000000 0.002680 0.011649 0.000000 0.000000 0.000000
0.000000 0.000191 0.000007
6.967763 1.000000 0.000000
764.299377 0.000000
0.000000 0.000000 0.000000 0.000000
0.000000 0.829876
11 0.015000 1.260000 0.001000
0.487000 0.580000 0.780000 0.490000 1.250000 6.700000 0.650000 0.650000
187499.984375 75.360001 0.084000
1.073000 0.050000 0.116600
0.169804 0.085985 0.000479 0.000000
0.000000

0.000000 0.000000 1.231572
0.046042 0.005116 0.777898 4.278568 180.093002
0.000000 0.002727 0.011698 0.000000 0.000000 0.000000
0.000000 0.000193 0.000007
7.022813 1.000000 0.000000
764.299377 0.000000
0.000000 0.000000 0.000000 0.000000
0.000000 0.829382
11 0.015000 1.275000 0.001000
0.487000 0.580000 0.780000 0.490000 1.250000 6.700000 0.650000 0.650000
187499.984375 75.360001 0.084000
1.073000 0.050000 0.116600
0.169805 0.085941 0.000479 0.000000
0.000000

0.000000 0.000000 1.232913
0.046042 0.005116 0.777943 4.278532 180.093796
0.000000 0.002816 0.011694 0.000000 0.000000 0.000000
0.000000 0.000195 0.000007
7.076847 1.000000 0.000000
764.299377 0.000000
0.000000 0.000000 0.000000 0.000000
0.000000 0.828748
11 0.015000 1.290000 0.001000
0.487000 0.580000 0.780000 0.490000 1.250000 6.700000 0.650000 0.650000
187499.984375 75.360001 0.084000
1.073000 0.050000 0.116600
0.169809 0.085948 0.000479 0.000000
0.000000

0.000000 0.000000 1.234388
0.046043 0.005117 0.777987 4.278476 180.095352
0.000000 0.002929 0.011650 0.000000 0.000000 0.000000
0.000000 0.000197 0.000007
7.129866 1.000000 0.000000
764.299377 0.000000
0.000000 0.000000 0.000000 0.000000
0.000000 0.826292
11 0.015000 1.305000 0.001000
0.487000 0.580000 0.780000 0.490000 1.250000 6.700000 0.650000 0.650000
187499.984375 75.360001 0.084000
1.073000 0.050000 0.116600
0.169812 0.085841 0.000478 0.000000
0.000000

0.000000 0.000000 1.235127
0.046043 0.005117 0.778032 4.278439 180.096039
0.000000 0.003040 0.011613 0.000000 0.000000 0.000000
0.000000 0.000199 0.000007
7.181873 1.000000 0.000000
764.299377 0.000000
0.000000 0.000000 0.000000 0.000000
0.000000 0.830057
11 0.015000 1.320000 0.001000
0.487000 0.580000 0.780000 0.490000 1.250000 6.700000 0.650000 0.650000
187499.984375 75.360001 0.084000
1.073000 0.050000 0.116600
0.169815 0.085953 0.000479 0.000000
0.000000

0.000000 0.000000 1.235625
0.046043 0.005117 0.778073 4.278385 180.096924
0.000000 0.003118 0.011587 0.000000 0.000000 0.000000
0.000000 0.000200 0.000007
7.232872 1.000000 0.000000
764.299377 0.000000
0.000000 0.000000 0.000000 0.000000
0.000000 0.830375
11 0.015000 1.335000 0.001000
0.487000 0.580000 0.780000 0.490000 1.250000 6.700000 0.650000 0.650000
187499.984375 75.360001 0.084000
1.073000 0.050000 0.116600
0.169818 0.085869 0.000478 0.000000
0.000000

0.000000 0.000000 1.236056
0.046044 0.005117 0.778116 4.278341 180.099167
0.000000 0.003146 0.011578 0.000000 0.000000 0.000000
0.000000 0.000202 0.000007
7.282865 1.000000 0.000000
764.299377 0.000000
0.000000 0.000000 0.000000 0.000000
0.000000 0.833220
11 0.015000 1.350000 0.001000
0.487000 0.580000 0.780000 0.490000 1.250000 6.700000 0.650000 0.650000
187499.984375 75.360001 0.084000
1.073000 0.050000 0.116600
0.169817 0.085964 0.000479 0.000000
0.000000

0.000000 0.000000 1.236511
0.046044 0.005117 0.778156 4.278291 180.100082
0.000000 0.003140 0.011606 0.000000 0.000000 0.000000
0.000000 0.000203 0.000007
7.331859 1.000000 0.000000
764.299377 0.000000
0.000000 0.000000 0.000000 0.000000
0.000000 0.837133
11 0.015000 1.365000 0.001000
0.487000 0.580000 0.780000 0.490000 1.250000 6.700000 0.650000 0.650000
187499.984375 75.360001 0.084000
1.073000 0.050000 0.116600
0.169820 0.086071 0.000479 0.000000
0.000000

0.000000 0.000000 1.237265
0.046044 0.005117 0.778196 4.278244 180.101257
0.000000 0.003140 0.011666 0.000000 0.000000 0.000000
0.000000 0.000204 0.000007
7.379859 1.000000 0.000000
764.299377 0.000000
0.000000 0.000000 0.000000 0.000000
0.000000 0.846055
11 0.015000 1.380000 0.001000
0.487000 0.580000 0.780000 0.490000 1.250000 6.700000 0.650000 0.650000
187499.984375 75.360001 0.084000
1.073000 0.050000 0.116600
0.169822 0.086267 0.000480 0.000000
0.000000

0.000000 0.000000 1.240640
0.046044 0.005117 0.778231 4.278179 180.103607
0.000000 0.003184 0.011682 0.000000 0.000000 0.000000
0.000000 0.000205 0.000007
7.426873 1.000000 0.000000
764.299377 0.000000
0.000000 0.000000 0.000000 0.000000
0.000000 0.838340
11 0.015000 1.395000 0.001000
0.487000 0.580000 0.780000 0.490000 1.250000 6.700000 0.650000 0.650000
187499.984375 75.360001 0.084000
1.073000 0.050000 0.116600
0.169833 0.086025 0.000479 0.000000
0.000000

0.000000 0.000000 1.241233
0.046045 0.005117 0.778273 4.278144 180.104507
0.000000 0.003310 0.011746 0.000000 0.000000 0.000000
0.000000 0.000207 0.000007
7.472906 1.000000 0.000000
764.299377 0.000000
0.000000 0.000000 0.000000 0.000000
0.000000 0.847605
11 0.015000 1.410000 0.001000
0.487000 0.580000 0.780000 0.490000 1.250000 6.700000 0.650000 0.650000
187499.984375 75.360001 0.084000
1.073000 0.050000 0.116600
0.169834 0.086262 0.000480 0.000000
0.000000

0.000000 0.000000 1.242383
0.046045 0.005117 0.778312 4.278103 180.105728
0.000000 0.003507 0.011749 0.000000 0.000000 0.000000
0.000000 0.000209 0.000006
7.517969 1.000000 0.000000
764.299377 0.000000
0.000000 0.000000 0.000000 0.000000
0.000000 0.843112
11 0.015000 1.425000 0.001000
0.487000 0.580000 0.780000 0.490000 1.250000 6.700000 0.650000 0.650000
187499.984375 75.360001 0.084000
1.073000 0.050000 0.116600
0.169836 0.086001 0.000479 0.000000
0.000000

0.000000 0.000000 1.243153
0.046045 0.005117 0.778348 4.278048 180.106934
0.000000 0.003756 0.011827 0.000000 0.000000 0.000000
0.000000 0.000211 0.000006
7.562068 1.000000 0.000000
764.299377 0.000000
0.000000 0.000000 0.000000 0.000000
0.000000 0.865196
11 0.015000 1.440000 0.001000
0.487000 0.580000 0.780000 0.490000 1.250000 6.700000 0.650000 0.650000
187499.984375 75.360001 0.084000
1.073000 0.050000 0.116600
0.169840 0.086049 0.000479 0.000000
0.000000

0.000000 0.000000 1.243548
0.046046 0.005117 0.778388 4.278008 180.107788
0.000000 0.004038 0.011886 0.000000 0.000000 0.000000
0.000000 0.000213 0.000006
7.605214 1.000000 0.000000
764.299377 0.000000
0.000000 0.000000 0.000000 0.000000
0.000000 0.867320
11 0.015000 1.455000 0.001000
0.487000 0.580000 0.780000 0.490000 1.250000 6.700000 0.650000 0.650000
187499.984375 75.360001 0.084000
1.073000 0.050000 0.116600
0.169842 0.086002 0.000479 0.000000
0.000000

0.000000 0.000000 1.243938
0.046046 0.005117 0.778424 4.277976 180.108383
0.000000 0.004372 0.011979 0.000000 0.000000 0.000000
0.000000 0.000215 0.000005
7.647416 1.000000 0.000000
764.299377 0.000000
0.000000 0.000000 0.000000 0.000000
0.000000 0.878790
11 0.015000 1.470000 0.001000
0.487000 0.580000 0.780000 0.490000 1.250000 6.700000 0.650000 0.650000
187499.984375 75.360001 0.084000
1.073000 0.050000 0.116600
0.169842 0.086080 0.000479 0.000000
0.000000

0.000000 0.000000 1.244319
0.046046 0.005117 0.778463 4.277935 180.109116
0.000000 0.004827 0.012092 0.000000 0.000000 0.000000
0.000000 0.000218 0.000005
7.688684 1.000000 0.000000
764.299377 0.000000
0.000000 0.000000 0.000000 0.000000
0.000000 0.892388
11 0.015000 1.485000 0.001000
0.487000 0.580000 0.780000 0.490000 1.250000 6.700000 0.650000 0.650000
187499.984375 75.360001 0.084000
1.073000 0.050000 0.116600
0.169843 0.086169 0.000480 0.000000
0.000000

0.000000 0.000000 1.244698
0.046047 0.005117 0.778501 4.277905 180.110748
0.000000 0.005519 0.012226 0.000000 0.000000 0.000000
0.000000 0.000220 0.000005
7.729031 1.000000 0.000000
764.299377 0.000000
0.000000 0.000000 0.000000 0.000000
0.000000 0.928190
11 0.015000 1.500000 0.001000
0.487000 0.580000 0.780000 0.490000 1.250000 6.700000 0.650000 0.650000
187499.984375 75.360001 0.084000
1.073000 0.050000 0.116600
0.169843 0.086501 0.000482 0.000000
0.000000

0.000000 0.000000 1.245332
0.046047 0.005117 0.778537 4.277860 180.111526
0.000000 0.006607 0.012387 0.000000 0.000000 0.000000
0.000000 0.000223 0.000004
7.768465 1.000000 0.000000
764.299377 0.000000
0.000000 0.000000 0.000000 0.000000
0.000000 0.926812
11 0.015000 1.515000 0.001000
0.487000 0.580000 0.780000 0.490000 1.250000 6.700000 0.650000 0.650000
187499.984375 75.360001 0.084000
1.073000 0.050000 0.116600
0.169846 0.086242 0.000480 0.000000
0.000000

0.000000 0.000000 1.245851
0.046047 0.005117 0.778571 4.277816 180.111740
0.000000 0.008287 0.012595 0.000000 0.000000 0.000000
0.000000 0.000226 0.000003
7.806997 1.000000 0.000000
764.299377 0.000000
0.000000 0.000000 0.000000 0.000000
0.000000 0.951278
11 0.015000 1.530000 0.001000
0.487000 0.580000 0.780000 0.490000 1.250000 6.700000 0.650000 0.650000
187499.984375 75.360001 0.084000
1.073000 0.050000 0.116600
0.169849 0.086344 0.000481 0.000000
0.000000

0.000000 0.000000 1.253824
0.046047 0.005117 0.778597 4.277730 180.118240
0.000000 0.010697 0.012829 0.000000 0.000000 0.000000
0.000000 0.000229 0.000003
7.844640 1.000000 0.000000
764.299377 0.000000
0.000000 0.000000 0.000000 0.000000
0.000000 0.960784
11 0.015000 1.545000 0.001000
0.487000 0.580000 0.780000 0.490000 1.250000 6.700000 0.650000 0.650000
187499.984375 75.360001 0.084000
1.073000 0.050000 0.116600
0.169872 0.086427 0.000481 0.000000
0.000000

0.000000 0.000000 1.280822
0.046046 0.005117 0.778577 4.277388 180.148636
0.000000 0.013688 0.012694 0.000000 0.000000 0.000000
0.000000 0.000231 0.000002
7.881406 1.000000 0.000000
764.299377 0.000000
0.000000 0.000000 0.000000 0.000000
0.000000 0.927802
11 0.015000 1.560000 0.001000
0.487000 0.580000 0.780000 0.490000 1.250000 6.700000 0.650000 0.650000
187499.984375 75.360001 0.084000
1.073000 0.050000 0.116600
0.169952 0.086131 0.000480 0.000000
0.000000

0.000000 0.000000 1.281201
0.046046 0.005117 0.778610 4.277351 180.149155
0.000000 0.016831 0.012732 0.000000 0.000000 0.000000
0.000000 0.000232 0.000002
7.917305 1.000000 0.000000
764.299377 0.000000
0.000000 0.000000 0.000000 0.000000
0.000000 0.944071
11 0.015000 1.575000 0.001000
0.487000 0.580000 0.780000 0.490000 1.250000 6.700000 0.650000 0.650000
187499.984375 75.360001 0.084000
1.073000 0.050000 0.116600
0.169954 0.086212 0.000480 0.000000
0.000000

0.000000 0.000000 1.281589
0.046046 0.005117 0.778644 4.277308 180.150040
0.000000 0.019358 0.012719 0.000000 0.000000 0.000000
0.000000 0.000232 0.000001
7.952350 1.000000 0.000000
764.299377 0.000000
0.000000 0.000000 0.000000 0.000000
0.000000 0.961889
11 0.015000 1.590000 0.001000
0.487000 0.580000 0.780000 0.490000 1.250000 6.700000 0.650000 0.650000
187499.984375 75.360001 0.084000
1.073000 0.050000 0.116600
0.169954 0.086306 0.000481 0.000000
0.000000

0.000000 0.000000 1.282001
0.046046 0.005117 0.778675 4.277274 180.151031
0.000000 0.020582 0.012678 0.000000 0.000000 0.000000
0.000000 0.000233 0.000001
7.986552 1.000000 0.000000
764.299377 0.000000
0.000000 0.000000 0.000000 0.000000
0.000000 0.994751
11 0.015000 1.605000 0.001000
0.487000 0.580000 0.780000 0.490000 1.250000 6.700000 0.650000 0.650000
187499.984375 75.360001 0.084000
1.073000 0.050000 0.116600
0.169957 0.086561 0.000482 0.000000
0.000000

0.000000 0.000000 1.282740
0.046046 0.005117 0.778710 4.277235 180.152206
0.000000 0.020345 0.012673 0.000000 0.000000 0.000000
0.000000 0.000234 0.000001
8.019923 1.000000 0.000000
764.299377 0.000000
0.000000 0.000000 0.000000 0.000000
0.000000 0.985294
11 0.015000 1.620000 0.001000
0.487000 0.580000 0.780000 0.490000 1.250000 6.700000 0.650000 0.650000
187499.984375 75.360001 0.084000
1.073000 0.050000 0.116600
0.169959 0.086394 0.000481 0.000000
0.000000

0.000000 0.000000 1.300063
0.046045 0.005117 0.778696 4.276942 180.176041
0.000000 0.019128 0.012516 0.000000 0.000000 0.000000
0.000000 0.000235 0.000002
8.052476 1.000000 0.000000
764.299377 0.000000
0.000000 0.000000 0.000000 0.000000
0.000000 0.925894
11 0.015000 1.635000 0.001000
0.487000 0.580000 0.780000 0.490000 1.250000 6.700000 0.650000 0.650000
187499.984375 75.360001 0.084000
1.073000 0.050000 0.116600
0.170009 0.086413 0.000481 0.000000
0.000000

0.000000 0.000000 1.300828
0.046045 0.005117 0.778726 4.276899 180.177444
0.000000 0.017927 0.012525 0.000000 0.000000 0.000000
0.000000 0.000237 0.000002
8.084222 1.000000 0.000000
764.299377 0.000000
0.000000 0.000000 0.000000 0.000000
0.000000 0.927088
11 0.015000 1.650000 0.001000
0.487000 0.580000 0.780000 0.490000 1.250000 6.700000 0.650000 0.650000
187499.984375 75.360001 0.084000
1.073000 0.050000 0.116600
0.170011 0.086292 0.000481 0.000000
0.000000

0.000000 0.000000 1.301251
0.046045 0.005117 0.778759 4.276875 180.178253
0.000000 0.017830 0.012610 0.000000 0.000000 0.000000
0.000000 0.000238 0.000002
8.115171 1.000000 0.000000
764.299377 0.000000
0.000000 0.000000 0.000000 0.000000
0.000000 0.931771
11 0.015000 1.665000 0.001000
0.487000 0.580000 0.780000 0.490000 1.250000 6.700000 0.650000 0.650000
187499.984375 75.360001 0.084000
1.073000 0.050000 0.116600
0.170012 0.086380 0.000481 0.000000
0.000000

0.000000 0.000000 1.301678
0.046045 0.005117 0.778788 4.276832 180.179138
0.000000 0.019830 0.012708 0.000000 0.000000 0.000000
0.000000 0.000238 0.000001
8.145336 1.000000 0.000000
764.299377 0.000000
0.000000 0.000000 0.000000 0.000000
0.000000 0.945418
11 0.015000 1.680000 0.001000
0.487000 0.580000 0.780000 0.490000 1.250000 6.700000 0.650000 0.650000
187499.984375 75.360001 0.084000
1.073000 0.050000 0.116600
0.170014 0.086713 0.000483 0.000000
0.000000

0.000000 0.000000 1.302497
0.046045 0.005117 0.778815 4.276772 180.180328
0.000000 0.024948 0.012896 0.000000 0.000000 0.000000
0.000000 0.000237 0.000001
8.174728 1.000000 0.000000
764.299377 0.000000
0.000000 0.000000 0.000000 0.000000
0.000000 0.940999
11 0.015000 1.695000 0.001000
0.487000 0.580000 0.780000 0.490000 1.250000 6.700000 0.650000 0.650000
187499.984375 75.360001 0.084000
1.073000 0.050000 0.116600
0.170015 0.086484 0.000482 0.000000
0.000000

0.000000 0.000000 1.303968
0.046045 0.005117 0.778845 4.276741 180.182632
0.000000 0.034529 0.012990 0.000000 0.000000 0.000000
0.000000 0.000236 0.000001
8.203360 1.000000 0.000000
764.299377 0.000000
0.000000 0.000000 0.000000 0.000000
0.000000 0.945335
11 0.015000 1.710000 0.001000
0.487000 0.580000 0.780000 0.490000 1.250000 6.700000 0.650000 0.650000
187499.984375 75.360001 0.084000
1.073000 0.050000 0.116600
0.170020 0.086536 0.000482 0.000000
0.000000

0.000000 0.000000 1.304386
0.046045 0.005117 0.778871 4.276691 180.183838
0.000000 0.050925 0.013266 0.000000 0.000000 0.000000
0.000000 0.000235 0.000000
8.231240 1.000000 0.000000
764.299377 0.000000
0.000000 0.000000 0.000000 0.000000
0.000000 0.951141
11 0.015000 1.725000 0.001000
0.487000 0.580000 0.780000 0.490000 1.250000 6.700000 0.650000 0.650000
187499.984375 75.360001 0.084000
1.073000 0.050000 0.116600
0.170021 0.086645 0.000483 0.000000
0.000000

0.000000 0.000000 1.305536
0.046045 0.005117 0.778898 4.276641 180.185944
0.000000 0.080047 0.013774 0.000000 0.000000 0.000000
0.000000 0.000233 0.000000
8.258383 1.000000 0.000000
764.299377 0.000000
0.000000 0.000000 0.000000 0.000000
0.000000 0.947517
11 0.015000 1.740000 0.001000
0.487000 0.580000 0.780000 0.490000 1.250000 6.700000 0.650000 0.650000
187499.984375 75.360001 0.084000
1.073000 0.050000 0.116600
0.170024 0.086739 0.000483 0.000000
0.000000

0.000000 0.000000 1.316885
0.046044 0.005117 0.778892 4.276412 180.199081
0.000000 0.135807 0.014069 0.000000 0.000000 0.000000
0.000000 0.000231 0.000000
8.284796 1.000000 0.000000
764.299377 0.000000
0.000000 0.000000 0.000000 0.000000
0.000000 0.930242
11 0.015000 1.755000 0.001000
0.487000 0.580000 0.780000 0.490000 1.250000 6.700000 0.650000 0.650000
187499.984375 75.360001 0.084000
1.073000 0.050000 0.116600
0.170058 0.086647 0.000483 0.000000
0.000000

0.000000 0.000000 1.336920
0.046041 0.005116 0.778843 4.275955 180.212311
0.000000 0.237837 0.013966 0.000000 0.000000 0.000000
0.000003 0.000171 0.000000
8.310490 1.000000 0.000000
764.299377 0.000000
0.000000 0.000000 0.000000 0.000000
0.000000 0.923687
11 0.015000 1.770000 0.001000
0.487000 0.580000 0.780000 0.490000 1.250000 6.700000 0.650000 0.650000
187499.984375 75.360001 0.084000
1.073000 0.050000 0.116600
0.170115 0.086563 0.000482 0.000000
0.000000

0.000000 0.000000 1.341617
0.046040 0.005116 0.778853 4.275821 180.215668
0.000000 0.394010 0.013979 0.000000 0.000000 0.000000
0.000004 0.000116 0.000000
8.335475 1.000000 0.000000
764.299377 0.000000
0.000000 0.000000 0.000000 0.000000
0.000000 0.924718
11 0.015000 1.785000 0.001000
0.487000 0.580000 0.780000 0.490000 1.250000 6.700000 0.650000 0.650000
187499.984375 75.360001 0.084000
1.073000 0.050000 0.116600
0.170127 0.086871 0.000484 0.000000
0.000000

0.000000 0.000000 1.350773
0.046038 0.005116 0.778842 4.275568 180.218872
0.000000 0.580570 0.013841 0.000000 0.000000 0.000000
0.000004 0.000084 0.000000
8.359760 1.000000 0.000000
764.299377 0.000000
0.000000 0.000000 0.000000 0.000000
0.000000 0.917298
11 0.015000 1.800000 0.001000
0.487000 0.580000 0.780000 0.490000 1.250000 6.700000 0.650000 0.650000
187499.984375 75.360001 0.084000
1.073000 0.050000 0.116600
0.170153 0.086650 0.000483 0.000000
0.000000

0.000000 0.000000 1.352191
0.046038 0.005116 0.778861 4.275491 180.220215
0.000000 0.743738 0.013664 0.000000 0.000000 0.000000
0.000003 0.000068 0.000000
8.383355 1.000000 0.000000
764.299377 0.000000
0.000000 0.000000 0.000000 0.000000
0.000000 0.918772
11 0.015000 1.815000 0.001000
0.487000 0.580000 0.780000 0.490000 1.250000 6.700000 0.650000 0.650000
187499.984375 75.360001 0.084000
1.073000 0.050000 0.116600
0.170158 0.086736 0.000483 0.000000
0.000000

0.000000 0.000000 1.358011
0.046037 0.005116 0.778864 4.275316 180.222839
0.000000 0.827748 0.013389 0.000000 0.000000 0.000000
0.000003 0.000062 0.000000
8.406269 1.000000 0.000000
764.299377 0.000000
0.000000 0.000000 0.000000 0.000000
0.000000 0.917050
11 0.015000 1.830000 0.001000
0.487000 0.580000 0.780000 0.490000 1.250000 6.700000 0.650000 0.650000
187499.984375 75.360001 0.084000
1.073000 0.050000 0.116600
0.170173 0.086718 0.000483 0.000000
0.000000

0.000000 0.000000 1.358566
0.046037 0.005116 0.778890 4.275274 180.223511
0.000000 0.806889 0.013152 0.000000 0.000000 0.000000
0.000003 0.000065 0.000000
8.428510 1.000000 0.000000
764.299377 0.000000
0.000000 0.000000 0.000000 0.000000
0.000000 0.919031
11 0.015000 1.845000 0.001000
0.487000 0.580000 0.780000 0.490000 1.250000 6.700000 0.650000 0.650000
187499.984375 75.360001 0.084000
1.073000 0.050000 0.116600
0.170176 0.086805 0.000483 0.000000
0.000000

0.000000 0.000000 1.359346
0.046037 0.005116 0.778913 4.275226 180.224731
0.000000 0.696230 0.012878 0.000000 0.000000 0.000000
0.000004 0.000074 0.000000
8.450087 1.000000 0.000000
764.299377 0.000000
0.000000 0.000000 0.000000 0.000000
0.000000 0.919994
11 0.015000 1.860000 0.001000
0.487000 0.580000 0.780000 0.490000 1.250000 6.700000 0.650000 0.650000
187499.984375 75.360001 0.084000
1.073000 0.050000 0.116600
0.170177 0.086679 0.000483 0.000000
0.000000

0.000000 0.000000 1.360678
0.046037 0.005116 0.778934 4.275172 180.225830
0.000000 0.537403 0.012630 0.000000 0.000000 0.000000
0.000004 0.000094 0.000000
8.471007 1.000000 0.000000
764.299377 0.000000
0.000000 0.000000 0.000000 0.000000
0.000000 0.921075
11 0.015000 1.875000 0.001000
0.487000 0.580000 0.780000 0.490000 1.250000 6.700000 0.650000 0.650000
187499.984375 75.360001 0.084000
1.073000 0.050000 0.116600
0.170182 0.086815 0.000484 0.000000
0.000000

0.000000 0.000000 1.361449
0.046037 0.005116 0.778958 4.275125 180.226562
0.000000 0.374718 0.012374 0.000000 0.000000 0.000000
0.000004 0.000128 0.000000
8.491279 1.000000 0.000000
764.299377 0.000000
0.000000 0.000000 0.000000 0.000000
0.000000 0.922671
11 0.015000 1.890000 0.001000
0.487000 0.580000 0.780000 0.490000 1.250000 6.700000 0.650000 0.650000
187499.984375 75.360001 0.084000
1.073000 0.050000 0.116600
0.170183 0.087012 0.000485 0.000000
0.000000

0.000000 0.000000 1.362453
0.046036 0.005116 0.778979 4.275070 180.227722
0.000000 0.238193 0.012201 0.000000 0.000000 0.000000
0.000003 0.000183 0.000000
8.510906 1.000000 0.000000
764.299377 0.000000
0.000000 0.000000 0.000000 0.000000
0.000000 0.922724
11 0.015000 1.905000 0.001000
0.487000 0.580000 0.780000 0.490000 1.250000 6.700000 0.650000 0.650000
187499.984375 75.360001 0.084000
1.073000 0.050000 0.116600
0.170186 0.086713 0.000483 0.000000
0.000000

0.000000 0.000000 1.363174
0.046036 0.005116 0.778998 4.275017 180.228729
0.000000 0.139315 0.012017 0.000000 0.000000 0.000000
0.000000 0.000239 0.000000
8.529899 1.000000 0.000000
764.299377 0.000000
0.000000 0.000000 0.000000 0.000000
0.000000 0.923522
11 0.015000 1.920000 0.001000
0.487000 0.580000 0.780000 0.490000 1.250000 6.700000 0.650000 0.650000
187499.984375 75.360001 0.084000
1.073000 0.050000 0.116600
0.170188 0.086708 0.000483 0.000000
0.000000

0.000000 0.000000 1.363649
0.046036 0.005116 0.779023 4.274969 180.229660
0.000000 0.075888 0.011738 0.000000 0.000000 0.000000
0.000000 0.000243 0.000000
8.548263 1.000000 0.000000
764.299377 0.000000
0.000000 0.000000 0.000000 0.000000
0.000000 0.924660
11 0.015000 1.935000 0.001000
0.487000 0.580000 0.780000 0.490000 1.250000 6.700000 0.650000 0.650000
187499.984375 75.360001 0.084000
1.073000 0.050000 0.116600
0.170189 0.086794 0.000483 0.000000
0.000000

0.000000 0.000000 1.364122
0.046036 0.005116 0.779047 4.274941 180.230652
0.000000 0.039382 0.011509 0.000000 0.000000 0.000000
0.000000 0.000248 0.000001
8.566003 1.000000 0.000000
764.299377 0.000000
0.000000 0.000000 0.000000 0.000000
0.000000 0.928394
11 0.015000 1.950000 0.001000
0.487000 0.580000 0.780000 0.490000 1.250000 6.700000 0.650000 0.650000
187499.984375 75.360001 0.084000
1.073000 0.050000 0.116600
0.170191 0.087110 0.000485 0.000000
0.000000

0.000000 0.000000 1.365173
0.046036 0.005116 0.779065 4.274879 180.231888
0.000000 0.020612 0.011387 0.000000 0.000000 0.000000
0.000000 0.000251 0.000002
8.583125 1.000000 0.000000
764.299377 0.000000
0.000000 0.000000 0.000000 0.000000
0.000000 0.927176
11 0.015000 1.965000 0.001000
0.487000 0.580000 0.780000 0.490000 1.250000 6.700000 0.650000 0.650000
187499.984375 75.360001 0.084000
1.073000 0.050000 0.116600
0.170194 0.087003 0.000485 0.000000
0.000000

0.000000 0.000000 1.370787
0.046035 0.005116 0.779062 4.274699 180.235001
0.000000 0.012333 0.011426 0.000000 0.000000 0.000000
0.000000 0.000250 0.000003
8.599635 1.000000 0.000000
764.299377 0.000000
0.000000 0.000000 0.000000 0.000000
0.000000 0.924136
11 0.015000 1.980000 0.001000
0.487000 0.580000 0.780000 0.490000 1.250000 6.700000 0.650000 0.650000
187499.984375 75.360001 0.084000
1.073000 0.050000 0.116600
0.170208 0.087034 0.000485 0.000000
0.000000

0.000000 0.000000 1.372716
0.046034 0.005116 0.779076 4.274615 180.236877
0.000000 0.113891 0.012439 0.000000 0.000000 0.000000
0.000000 0.000242 0.000000
8.615536 1.000000 0.000000
764.299377 0.000000
0.000000 0.000000 0.000000 0.000000
0.000000 0.923512
11 0.015000 1.995000 0.001000
0.487000 0.580000 0.780000 0.490000 1.250000 6.700000 0.650000 0.650000
187499.984375 75.360001 0.084000
1.073000 0.050000 0.116600
0.170214 0.087140 0.000485 0.000000
0.000000
1.000000
2.000000
0.321000 0.000000
0.000000
0
-0.675000
0 0
0.000000
1
0.000000
1.000000
1.000000
1.000000
0.000000 0.000000 0.000000
0.000000 0.000000
0.000000 0.000000 0.000000 0.000000 0.000000 0.000000 0.000000
0.000000 0.000000 0.000000 0.000000 0.000000 0.000000 0.000000
605
2.000000
1
C:\Kingsite\dnd\Ohio1.spf
-1.000000 -1.000000
0.000000
45
45
10.000000
106
