11
Clay
0.580000 0.612000 0.084000 0.780000 0.530000 1.000000 0.000000 0.000000
1.020000 6.700000 1 0.028600 0.500000 0.050000 0.010000 0.027000 0.963000
0.000000 0.015000 2.000000 152999.984375 75.360001 133
0.103800 3.528000 4.728100 0.000000 1
8.234000 8.234000 10.000000 5.000000 25.000000 100.000000
0.000000 0.000000 0.024300 0.000000 134.724655 199.331299
500.000000 0.000000 0.000000

0.000161 253.988724 480.743774
5.082810 0.628780 41.255032 479.438019 3195.137695
0.000000 0.002251 0.017088 0.881263 0.000000 0.000000
0.000004 0.000000 0.000175
0.925888 0.775879 0.000000
764.299377 0.000000
0.712912 0.000000 0.000000 0.000000
0.000000 0.116177
11 0.015000 0.015000 0.028600
0.612000 0.580000 0.780000 0.530000 1.020000 6.700000 0.780000 0.780000
152999.984375 75.360001 0.084000
1.073000 0.050000 0.116600
2.363670 4.013103 0.027691 0.000000
0.000000

0.000351 5.698592 67.201103
5.462288 0.709847 51.186779 555.732117 3879.383301
0.000000 0.000000 0.009433 0.481310 0.000000 0.000000
0.000006 0.000000 0.000319
1.024023 0.775879 0.000000
764.299377 0.000000
0.880417 0.000000 0.000000 0.000000
0.000000 0.014470
11 0.015000 0.030000 0.028600
0.612000 0.580000 0.780000 0.530000 1.020000 6.700000 0.780000 0.780000
152999.984375 75.360001 0.084000
1.073000 0.050000 0.116600
2.877318 5.325641 0.037184 0.000000
0.000000

0.000482 4.255531 62.722633
5.476412 0.677714 53.149738 555.790161 3879.471191
0.000000 0.000000 0.004727 0.241112 0.000000 0.000000
0.000004 0.000000 0.000209
1.091101 0.775879 0.000000
764.299377 0.000000
0.580728 0.000000 0.000000 0.000000
0.000000 0.014376
11 0.015000 0.045000 0.028600
0.612000 0.580000 0.780000 0.530000 1.020000 6.700000 0.780000 0.780000
152999.984375 75.360001 0.084000
1.073000 0.050000 0.116600
2.881498 5.517478 0.038590 0.000000
0.000000

0.000594 3.953847 60.555843
5.510983 0.671741 54.455639 555.606445 3879.495361
0.000000 0.000000 0.002373 0.121013 0.000000 0.000000
0.000004 0.000000 0.000180
1.158207 0.775879 0.000000
764.299377 0.000000
0.570126 0.000000 0.000000 0.000000
0.000000 0.014593
11 0.015000 0.060000 0.028600
0.612000 0.580000 0.780000 0.530000 1.020000 6.700000 0.780000 0.780000
152999.984375 75.360001 0.084000
1.073000 0.050000 0.116600
2.884243 5.741118 0.040235 0.000000
0.000000

0.000696 3.648745 58.398441
5.548214 0.653510 55.532471 556.005005 3879.540527
0.000000 0.001536 0.003669 0.062429 0.000000 0.000000
0.000003 0.000000 0.000059
1.225346 0.775879 0.000000
764.299377 0.000000
0.000000 0.000000 0.000000 0.000000
0.000000 0.039522
11 0.015000 0.075000 0.028600
0.612000 0.580000 0.780000 0.530000 1.020000 6.700000 0.780000 0.780000
152999.984375 75.360001 0.084000
1.073000 0.050000 0.116600
2.886344 6.006651 0.042196 0.000000
0.000000

0.000787 3.397649 56.513035
5.568530 0.638525 56.329762 555.848694 3879.546387
0.000000 0.001629 0.003575 0.031214 0.000000 0.000000
0.000002 0.000000 0.000061
1.292523 0.775879 0.000000
764.299377 0.000000
0.000000 0.000000 0.000000 0.000000
0.000000 0.039501
11 0.015000 0.090000 0.028600
0.612000 0.580000 0.780000 0.530000 1.020000 6.700000 0.780000 0.780000
152999.984375 75.360001 0.084000
1.073000 0.050000 0.116600
2.887971 6.111987 0.042976 0.000000
0.000000

0.011796 5.540211 128.890457
5.863303 0.651777 90.493446 549.820557 3874.222412
0.000000 0.001356 0.002999 0.015607 0.000000 0.000000
0.000002 0.000000 0.000064
1.359741 0.775879 0.000000
764.299377 0.000000
0.000000 0.000000 0.000000 0.000000
0.000000 0.073947
11 0.015000 0.105000 0.028600
0.612000 0.580000 0.780000 0.530000 1.020000 6.700000 0.780000 0.780000
152999.984375 75.360001 0.084000
1.073000 0.050000 0.116600
2.942811 6.594479 0.046569 0.000000
0.000000

0.011232 3.419070 95.644310
2.303891 0.256128 36.104641 213.508194 2911.487549
0.000000 0.000274 0.000833 0.007804 0.000000 0.000000
0.000001 0.000000 0.000033
1.431686 0.645407 0.000000
764.299377 0.000000
0.000000 0.000000 0.000000 0.000000
0.000000 0.056899
11 0.015000 0.120000 0.018000
0.547000 0.580000 0.780000 0.490000 1.150000 6.700000 0.650000 0.650000
172500.000000 75.360001 0.084000
1.073000 0.050000 0.116600
2.578168 9.267834 0.044024 0.000000
0.000000

0.010857 3.160907 89.603455
2.184269 0.242830 34.286266 202.407425 2912.123535
0.000000 0.000218 0.000756 0.003902 0.000000 0.000000
0.000001 0.000000 0.000034
1.509059 0.645407 0.000000
764.299377 0.000000
0.000000 0.000000 0.000000 0.000000
0.000000 0.056243
11 0.015000 0.135000 0.018000
0.547000 0.580000 0.780000 0.490000 1.150000 6.700000 0.650000 0.650000
172500.000000 75.360001 0.084000
1.073000 0.050000 0.116600
2.582094 10.177061 0.048739 0.000000
0.000000

0.010357 2.905729 83.914345
2.072329 0.230385 32.567612 192.038742 2912.783203
0.000000 0.000175 0.000640 0.001951 0.000000 0.000000
0.000001 0.000000 0.000035
1.586481 0.645407 0.000000
764.299377 0.000000
0.000000 0.000000 0.000000 0.000000
0.000000 0.055968
11 0.015000 0.150000 0.018000
0.547000 0.580000 0.780000 0.490000 1.150000 6.700000 0.650000 0.650000
172500.000000 75.360001 0.084000
1.073000 0.050000 0.116600
2.585496 11.673614 0.056672 0.000000
0.000000

0.010206 16.556591 79.524788
2.050601 0.227970 32.225266 189.521500 2913.637207
0.000000 0.000036 0.000410 0.000975 0.000000 0.000000
0.000001 0.000000 0.000036
1.663955 0.645407 0.000000
764.299377 0.000000
0.000000 0.000000 0.000000 0.000000
0.000000 0.076995
11 0.015000 0.165000 0.018000
0.547000 0.580000 0.780000 0.490000 1.150000 6.700000 0.650000 0.650000
172500.000000 75.360001 0.084000
1.073000 0.050000 0.116600
2.588772 14.836498 0.074171 0.000000
0.000000

0.009734 15.526509 74.478714
1.949452 0.216729 30.650471 180.106003 2914.302002
0.000000 0.000012 0.000366 0.000488 0.000000 0.000000
0.000001 0.000000 0.000036
1.741483 0.645407 0.000000
764.299377 0.000000
0.000000 0.000000 0.000000 0.000000
0.000000 0.077101
11 0.015000 0.180000 0.018000
0.547000 0.580000 0.780000 0.490000 1.150000 6.700000 0.650000 0.650000
172500.000000 75.360001 0.084000
1.073000 0.050000 0.116600
2.591997 12.243757 0.059753 0.000000
0.000000

0.009275 14.541722 69.692284
1.855199 0.206254 29.191992 171.335175 2914.908691
0.000000 0.000003 0.000303 0.000244 0.000000 0.000000
0.000000 0.000000 0.000031
1.819065 0.645407 0.000000
764.299377 0.000000
0.000000 0.000000 0.000000 0.000000
0.000000 0.076708
11 0.015000 0.195000 0.018000
0.547000 0.580000 0.780000 0.490000 1.150000 6.700000 0.650000 0.650000
172500.000000 75.360001 0.084000
1.073000 0.050000 0.116600
2.594769 11.711506 0.056877 0.000000
0.000000

0.007672 12.968460 62.966503
1.758807 0.195540 27.578369 162.615753 2912.608398
0.000000 0.000004 0.000301 0.000122 0.000000 0.000000
0.000000 0.000000 0.000029
1.896579 0.650000 0.000000
764.299377 0.000000
0.000000 0.000000 0.000000 0.000000
0.000000 0.073771
11 0.015000 0.210000 0.018000
0.547000 0.580000 0.780000 0.490000 1.150000 6.700000 0.650000 0.650000
172500.000000 75.360001 0.084000
1.073000 0.050000 0.116600
2.588134 9.101646 0.043476 0.000000
0.000000

0.007173 12.082931 60.645550
1.387035 0.154210 21.734741 128.112946 1522.907959
0.000000 0.000000 0.000233 0.000061 0.000000 0.000000
0.000000 0.000000 0.000006
1.974686 0.650000 0.000000
764.299377 0.000000
0.000000 0.000000 0.000000 0.000000
0.000000 0.066165
11 0.015000 0.225000 0.009000
0.527000 0.580000 0.780000 0.490000 1.200000 6.700000 0.650000 0.650000
180000.015625 75.360001 0.084000
1.073000 0.050000 0.116600
1.351140 8.703954 0.038128 0.000000
0.000000

0.006761 11.272517 56.130791
1.310803 0.145736 20.555428 121.075249 1522.803223
0.000000 0.000000 0.000245 0.000030 0.000000 0.000000
0.000000 0.000000 0.000005
2.053519 0.650000 0.000000
764.299377 0.000000
0.000000 0.000000 0.000000 0.000000
0.000000 0.063800
11 0.015000 0.240000 0.009000
0.527000 0.580000 0.780000 0.490000 1.200000 6.700000 0.650000 0.650000
180000.015625 75.360001 0.084000
1.073000 0.050000 0.116600
1.351877 8.001465 0.034842 0.000000
0.000000

0.006359 10.510101 52.029415
1.239968 0.137863 19.456146 114.529121 1522.733154
0.000000 0.000000 0.000225 0.000015 0.000000 0.000000
0.000000 0.000000 0.000005
2.132402 0.650000 0.000000
764.299377 0.000000
0.000000 0.000000 0.000000 0.000000
0.000000 0.061431
11 0.015000 0.255000 0.009000
0.527000 0.580000 0.780000 0.490000 1.200000 6.700000 0.650000 0.650000
180000.015625 75.360001 0.084000
1.073000 0.050000 0.116600
1.352589 7.128246 0.030813 0.000000
0.000000

0.005958 9.789655 48.200294
1.174308 0.130565 18.434910 108.458290 1522.634155
0.000000 0.000000 0.000221 0.000008 0.000000 0.000000
0.000000 0.000000 0.000004
2.211331 0.650000 0.000000
764.299377 0.000000
0.000000 0.000000 0.000000 0.000000
0.000000 0.059073
11 0.015000 0.270000 0.009000
0.527000 0.580000 0.780000 0.490000 1.200000 6.700000 0.650000 0.650000
180000.015625 75.360001 0.084000
1.073000 0.050000 0.116600
1.353202 6.571268 0.028272 0.000000
0.000000

0.005571 9.112971 44.726120
1.112992 0.123749 17.479549 102.797829 1522.577637
0.000000 0.000000 0.000217 0.000004 0.000000 0.000000
0.000000 0.000000 0.000004
2.290302 0.650000 0.000000
764.299377 0.000000
0.000000 0.000000 0.000000 0.000000
0.000000 0.056607
11 0.015000 0.285000 0.009000
0.527000 0.580000 0.780000 0.490000 1.200000 6.700000 0.650000 0.650000
180000.015625 75.360001 0.084000
1.073000 0.050000 0.116600
1.353757 5.991499 0.025653 0.000000
0.000000

0.005211 8.483350 41.525089
1.056095 0.117424 16.592468 97.541107 1522.539062
0.000000 0.000000 0.000215 0.000002 0.000000 0.000000
0.000000 0.000000 0.000003
2.369307 0.650000 0.000000
764.299377 0.000000
0.000000 0.000000 0.000000 0.000000
0.000000 0.054304
11 0.015000 0.300000 0.009000
0.527000 0.580000 0.780000 0.490000 1.200000 6.700000 0.650000 0.650000
180000.015625 75.360001 0.084000
1.073000 0.050000 0.116600
1.354313 5.587510 0.023843 0.000000
0.000000

0.004875 7.895869 38.547424
1.003274 0.111553 15.768564 92.658195 1522.471802
0.000000 0.000000 0.000227 0.000001 0.000000 0.000000
0.000000 0.000000 0.000003
2.448338 0.650000 0.000000
764.299377 0.000000
0.000000 0.000000 0.000000 0.000000
0.000000 0.052180
11 0.015000 0.315000 0.009000
0.527000 0.580000 0.780000 0.490000 1.200000 6.700000 0.650000 0.650000
180000.015625 75.360001 0.084000
1.073000 0.050000 0.116600
1.354827 5.104228 0.021694 0.000000
0.000000

0.004549 7.343796 36.385086
0.878509 0.097682 13.805654 81.097946 1163.923706
0.000000 0.000000 0.000196 0.000000 0.000000 0.000000
0.000000 0.000000 0.000002
2.528441 0.650000 0.000000
764.299377 0.000000
0.000000 0.000000 0.000000 0.000000
0.000000 0.048448
11 0.015000 0.330000 0.006600
0.497000 0.580000 0.780000 0.490000 1.250000 6.700000 0.650000 0.650000
187499.984375 75.360001 0.084000
1.073000 0.050000 0.116600
1.035307 5.142479 0.019761 0.000000
0.000000

0.004244 6.829161 33.712589
0.833479 0.092676 13.096951 76.909859 1163.827393
0.000000 0.000000 0.000186 0.000000 0.000000 0.000000
0.000000 0.000000 0.000002
2.609636 0.650000 0.000000
764.299377 0.000000
0.000000 0.000000 0.000000 0.000000
0.000000 0.047113
11 0.015000 0.345000 0.006600
0.497000 0.580000 0.780000 0.490000 1.250000 6.700000 0.650000 0.650000
187499.984375 75.360001 0.084000
1.073000 0.050000 0.116600
1.035653 4.893893 0.018768 0.000000
0.000000

0.003957 6.349360 31.227495
0.791565 0.088017 12.438959 73.025040 1163.794556
0.000000 0.000000 0.000176 0.000000 0.000000 0.000000
0.000000 0.000000 0.000002
2.690827 0.650000 0.000000
764.299377 0.000000
0.000000 0.000000 0.000000 0.000000
0.000000 0.045665
11 0.015000 0.360000 0.006600
0.497000 0.580000 0.780000 0.490000 1.250000 6.700000 0.650000 0.650000
187499.984375 75.360001 0.084000
1.073000 0.050000 0.116600
1.035996 4.602025 0.017609 0.000000
0.000000

0.003703 5.902980 28.926865
0.753779 0.083816 11.825150 69.405159 1163.701904
0.000000 0.000000 0.000173 0.000000 0.000000 0.000000
0.000000 0.000000 0.000002
2.772000 0.650000 0.000000
764.299377 0.000000
0.000000 0.000000 0.000000 0.000000
0.000000 0.046461
11 0.015000 0.375000 0.006600
0.497000 0.580000 0.780000 0.490000 1.250000 6.700000 0.650000 0.650000
187499.984375 75.360001 0.084000
1.073000 0.050000 0.116600
1.036252 4.163693 0.015876 0.000000
0.000000

0.003447 5.486012 26.806076
0.718839 0.079932 11.255027 66.043137 1163.654175
0.000000 0.000004 0.000223 0.000000 0.000000 0.000000
0.000000 0.000000 0.000005
2.853141 0.650000 0.000000
764.299377 0.000000
0.000000 0.000000 0.000000 0.000000
0.000000 0.047486
11 0.015000 0.390000 0.006600
0.497000 0.580000 0.780000 0.490000 1.250000 6.700000 0.650000 0.650000
187499.984375 75.360001 0.084000
1.073000 0.050000 0.116600
1.036518 3.723558 0.014149 0.000000
0.000000

0.003208 5.097513 24.840742
0.684713 0.076138 10.725131 62.919933 1163.632812
0.000000 0.000029 0.000473 0.000000 0.000000 0.000000
0.000000 0.000000 0.000012
2.934234 0.650000 0.000000
764.299377 0.000000
0.000000 0.000000 0.000000 0.000000
0.000000 0.045712
11 0.015000 0.405000 0.006600
0.497000 0.580000 0.780000 0.490000 1.250000 6.700000 0.650000 0.650000
187499.984375 75.360001 0.084000
1.073000 0.050000 0.116600
1.036733 3.445506 0.013064 0.000000
0.000000

0.002985 4.735379 24.733658
0.525435 0.058428 8.253021 48.407413 582.896790
0.000000 0.000000 0.000121 0.000000 0.000000 0.000000
0.000000 0.000000 0.000001
3.015637 0.650000 0.000000
764.299377 0.000000
0.000000 0.000000 0.000000 0.000000
0.000000 0.036863
11 0.015000 0.420000 0.003300
0.487000 0.580000 0.780000 0.490000 1.250000 6.700000 0.650000 0.650000
187499.984375 75.360001 0.084000
1.073000 0.050000 0.116600
0.518464 3.229732 0.011979 0.000000
0.000000

0.002777 4.398927 22.658131
0.497322 0.055302 7.810944 45.805542 582.801941
0.000000 0.000000 0.000130 0.000000 0.000000 0.000000
0.000000 0.000000 0.000001
3.097334 0.650000 0.000000
764.299377 0.000000
0.000000 0.000000 0.000000 0.000000
0.000000 0.035946
11 0.015000 0.435000 0.003300
0.487000 0.580000 0.780000 0.490000 1.250000 6.700000 0.650000 0.650000
187499.984375 75.360001 0.084000
1.073000 0.050000 0.116600
0.518562 2.982222 0.011040 0.000000
0.000000

0.002583 4.085906 20.773899
0.473806 0.052688 7.398647 43.380241 582.730774
0.000000 0.000000 0.000116 0.000000 0.000000 0.000000
0.000000 0.000000 0.000001
3.178933 0.650000 0.000000
764.299377 0.000000
0.000000 0.000000 0.000000 0.000000
0.000000 0.039561
11 0.015000 0.450000 0.003300
0.487000 0.580000 0.780000 0.490000 1.250000 6.700000 0.650000 0.650000
187499.984375 75.360001 0.084000
1.073000 0.050000 0.116600
0.518650 2.770600 0.010239 0.000000
0.000000

0.002401 3.794291 19.080198
0.449729 0.050011 7.013939 41.118164 582.649902
0.000000 0.000017 0.000460 0.000000 0.000000 0.000000
0.000000 0.000000 0.000007
3.260414 0.650000 0.000000
764.299377 0.000000
0.000000 0.000000 0.000000 0.000000
0.000000 0.039365
11 0.015000 0.465000 0.003300
0.487000 0.580000 0.780000 0.490000 1.250000 6.700000 0.650000 0.650000
187499.984375 75.360001 0.084000
1.073000 0.050000 0.116600
0.518730 2.537903 0.009362 0.000000
0.000000

0.002231 3.523241 17.557703
0.426510 0.047429 6.654928 39.007748 582.588440
0.000000 0.000043 0.000865 0.000000 0.000000 0.000000
0.000000 0.000000 0.000011
3.341757 0.650000 0.000000
764.299377 0.000000
0.000000 0.000000 0.000000 0.000000
0.000000 0.037902
11 0.015000 0.480000 0.003300
0.487000 0.580000 0.780000 0.490000 1.250000 6.700000 0.650000 0.650000
187499.984375 75.360001 0.084000
1.073000 0.050000 0.116600
0.518822 2.260607 0.008322 0.000000
0.000000

0.002072 3.271280 16.171432
0.404874 0.045024 6.320341 37.041431 582.533508
0.000000 0.000077 0.001289 0.000000 0.000000 0.000000
0.000000 0.000000 0.000012
3.422942 0.650000 0.000000
764.299377 0.000000
0.000000 0.000000 0.000000 0.000000
0.000000 0.036497
11 0.015000 0.495000 0.003300
0.487000 0.580000 0.780000 0.490000 1.250000 6.700000 0.650000 0.650000
187499.984375 75.360001 0.084000
1.073000 0.050000 0.116600
0.518907 2.075704 0.007630 0.000000
0.000000

0.001925 3.037191 14.895127
0.384760 0.042788 6.009364 35.214302 582.468994
0.000000 0.000111 0.001701 0.000000 0.000000 0.000000
0.000000 0.000000 0.000012
3.503949 0.650000 0.000000
764.299377 0.000000
0.000000 0.000000 0.000000 0.000000
0.000000 0.035134
11 0.015000 0.510000 0.003300
0.487000 0.580000 0.780000 0.490000 1.250000 6.700000 0.650000 0.650000
187499.984375 75.360001 0.084000
1.073000 0.050000 0.116600
0.518983 1.918587 0.007044 0.000000
0.000000

0.001788 2.819785 21.228302
0.256844 0.028563 4.022579 23.569595 177.290070
0.000000 0.000000 0.000066 0.000000 0.000000 0.000000
0.000000 0.000000 0.000000
3.584757 0.650000 0.000000
764.299377 0.000000
0.000000 0.000000 0.000000 0.000000
0.000000 0.027497
11 0.015000 0.525000 0.001000
0.487000 0.580000 0.780000 0.490000 1.250000 6.700000 0.650000 0.650000
187499.984375 75.360001 0.084000
1.073000 0.050000 0.116600
0.157287 1.746630 0.006404 0.000000
0.000000

0.001660 2.617836 19.092672
0.242975 0.027021 3.804789 22.290831 177.230652
0.000000 0.000000 0.000062 0.000000 0.000000 0.000000
0.000000 0.000000 0.000000
3.665346 0.650000 0.000000
764.299377 0.000000
0.000000 0.000000 0.000000 0.000000
0.000000 0.026748
11 0.015000 0.540000 0.001000
0.487000 0.580000 0.780000 0.490000 1.250000 6.700000 0.650000 0.650000
187499.984375 75.360001 0.084000
1.073000 0.050000 0.116600
0.157307 1.569963 0.005748 0.000000
0.000000

0.001542 2.430269 17.274412
0.229566 0.025530 3.595278 21.061028 177.165848
0.000000 0.000000 0.000058 0.000000 0.000000 0.000000
0.000000 0.000000 0.000000
3.745695 0.650000 0.000000
764.299377 0.000000
0.000000 0.000000 0.000000 0.000000
0.000000 0.025854
11 0.015000 0.555000 0.001000
0.487000 0.580000 0.780000 0.490000 1.250000 6.700000 0.650000 0.650000
187499.984375 75.360001 0.084000
1.073000 0.050000 0.116600
0.157329 1.396814 0.005108 0.000000
0.000000

0.001432 2.256065 15.403748
0.217674 0.024208 3.408811 19.966579 177.118652
0.000000 0.000000 0.000060 0.000000 0.000000 0.000000
0.000000 0.000000 0.000000
3.825783 0.650000 0.000000
764.299377 0.000000
0.000000 0.000000 0.000000 0.000000
0.000000 0.025042
11 0.015000 0.570000 0.001000
0.487000 0.580000 0.780000 0.490000 1.250000 6.700000 0.650000 0.650000
187499.984375 75.360001 0.084000
1.073000 0.050000 0.116600
0.157347 1.251012 0.004569 0.000000
0.000000

0.001329 2.094764 14.098924
0.205368 0.022839 3.215333 18.831371 177.070145
0.000000 0.000000 0.000057 0.000000 0.000000 0.000000
0.000000 0.000000 0.000000
3.905590 0.650000 0.000000
764.299377 0.000000
0.000000 0.000000 0.000000 0.000000
0.000000 0.024202
11 0.015000 0.585000 0.001000
0.487000 0.580000 0.780000 0.490000 1.250000 6.700000 0.650000 0.650000
187499.984375 75.360001 0.084000
1.073000 0.050000 0.116600
0.157369 1.126074 0.004109 0.000000
0.000000

0.001234 1.944701 13.134435
0.193135 0.021479 3.024675 17.713100 177.016861
0.000000 0.000000 0.000055 0.000000 0.000000 0.000000
0.000000 0.000000 0.000000
3.985097 0.650000 0.000000
764.299377 0.000000
0.000000 0.000000 0.000000 0.000000
0.000000 0.023123
11 0.015000 0.600000 0.001000
0.487000 0.580000 0.780000 0.490000 1.250000 6.700000 0.650000 0.650000
187499.984375 75.360001 0.084000
1.073000 0.050000 0.116600
0.157387 1.019724 0.003718 0.000000
0.000000

0.001146 1.805030 11.555099
0.184011 0.020465 2.880955 16.869799 176.973892
0.000000 0.000000 0.000056 0.000000 0.000000 0.000000
0.000000 0.000000 0.000000
4.064285 0.650000 0.000000
764.299377 0.000000
0.000000 0.000000 0.000000 0.000000
0.000000 0.022305
11 0.015000 0.615000 0.001000
0.487000 0.580000 0.780000 0.490000 1.250000 6.700000 0.650000 0.650000
187499.984375 75.360001 0.084000
1.073000 0.050000 0.116600
0.157405 0.930042 0.003389 0.000000
0.000000

0.001063 1.675425 9.789811
0.178269 0.019826 2.762429 16.174288 176.945419
0.000000 0.000000 0.000055 0.000000 0.000000 0.000000
0.000000 0.000000 0.000001
4.143135 0.650000 0.000000
764.299377 0.000000
0.000000 0.000000 0.000000 0.000000
0.000000 0.024448
11 0.015000 0.630000 0.001000
0.487000 0.580000 0.780000 0.490000 1.250000 6.700000 0.650000 0.650000
187499.984375 75.360001 0.084000
1.073000 0.050000 0.116600
0.157417 0.846220 0.003081 0.000000
0.000000

0.000987 1.555179 8.192670
0.170819 0.018998 2.647139 15.497818 176.925568
0.000000 0.000039 0.001776 0.000000 0.000000 0.000000
0.000000 0.000000 0.000005
4.221629 0.650000 0.000000
764.299377 0.000000
0.000000 0.000000 0.000000 0.000000
0.000000 0.023375
11 0.015000 0.645000 0.001000
0.487000 0.580000 0.780000 0.490000 1.250000 6.700000 0.650000 0.650000
187499.984375 75.360001 0.084000
1.073000 0.050000 0.116600
0.157432 1.198787 0.004377 0.000000
0.000000

0.000953 1.458335 7.145706
0.162263 0.018046 2.521398 14.740676 176.901215
0.000000 0.000128 0.004962 0.000000 0.000000 0.000000
0.000000 0.000000 0.000005
4.299752 0.650000 0.000000
764.299377 0.000000
0.000000 0.000000 0.000000 0.000000
0.000000 0.021813
11 0.015000 0.660000 0.001000
0.487000 0.580000 0.780000 0.490000 1.250000 6.700000 0.650000 0.650000
187499.984375 75.360001 0.084000
1.073000 0.050000 0.116600
0.157482 1.331406 0.004866 0.000000
0.000000

0.000890 1.357486 6.507442
0.153615 0.017085 2.389079 13.963254 176.878647
0.000000 0.001797 0.006824 0.000000 0.000000 0.000000
0.000000 0.000003 0.000002
4.377487 0.650000 0.000000
764.299377 0.000000
0.000000 0.000000 0.000000 0.000000
0.000000 0.020510
11 0.015000 0.675000 0.001000
0.487000 0.580000 0.780000 0.490000 1.250000 6.700000 0.650000 0.650000
187499.984375 75.360001 0.084000
1.073000 0.050000 0.116600
0.157540 1.344088 0.004913 0.000000
0.000000

0.000855 1.273476 6.039500
0.145290 0.016159 2.262292 13.205894 176.853012
0.000000 0.006337 0.007787 0.000000 0.000000 0.000000
0.000000 0.000005 0.000001
4.454820 0.650000 0.000000
764.299377 0.000000
0.000000 0.000000 0.000000 0.000000
0.000000 0.056088
11 0.015000 0.690000 0.001000
0.487000 0.580000 0.780000 0.490000 1.250000 6.700000 0.650000 0.650000
187499.984375 75.360001 0.084000
1.073000 0.050000 0.116600
0.157605 1.260589 0.004605 0.000000
0.000000

0.000825 1.195572 5.628344
0.137519 0.015295 2.143770 12.498229 176.832489
0.000000 0.016675 0.008489 0.000000 0.000000 0.000000
0.000000 0.000003 0.000000
4.531737 0.650000 0.000000
764.299377 0.000000
0.000000 0.000000 0.000000 0.000000
0.000000 0.068612
11 0.015000 0.705000 0.001000
0.487000 0.580000 0.780000 0.490000 1.250000 6.700000 0.650000 0.650000
187499.984375 75.360001 0.084000
1.073000 0.050000 0.116600
0.157670 1.339345 0.004895 0.000000
0.000000

0.000796 1.123475 5.266584
0.129136 0.014358 2.035191 11.849418 176.817841
0.000000 0.167330 0.010171 0.000000 0.000000 0.000000
0.000000 0.000000 0.000000
4.608225 0.650000 0.000000
764.299377 0.000000
0.000000 0.000000 0.000000 0.000000
0.000000 0.263944
11 0.015000 0.720000 0.001000
0.487000 0.580000 0.780000 0.490000 1.250000 6.700000 0.650000 0.650000
187499.984375 75.360001 0.084000
1.073000 0.050000 0.116600
0.157797 1.526876 0.005589 0.000000
0.000000

0.000825 1.085375 5.038445
0.122833 0.013657 1.943062 11.266779 176.858307
0.000000 0.759568 0.024072 0.000000 0.000000 0.000000
0.000000 0.000000 0.000000
4.681223 0.650000 0.000000
764.299377 0.000000
0.000000 0.000000 0.000000 0.000000
0.000000 7.393260
11 0.015000 0.735000 0.001000
0.487000 0.580000 0.780000 0.490000 1.250000 6.700000 0.650000 0.650000
187499.984375 75.360001 0.084000
1.073000 0.050000 0.116600
0.158266 1.442217 0.005287 0.000000
0.000000

0.000000 0.344930 6.390287
0.079784 0.008868 1.287907 7.337841 177.584518
0.000000 0.517984 0.007754 0.000000 0.000000 0.000000
0.000000 0.000001 0.000000
4.746718 0.994106 0.000000
764.299377 0.000000
0.000000 0.000000 0.000000 0.000000
0.000000 0.987026
11 0.015000 0.750000 0.001000
0.487000 0.580000 0.780000 0.490000 1.250000 6.700000 0.650000 0.650000
187499.984375 75.360001 0.084000
1.073000 0.050000 0.116600
0.162068 0.181664 0.001007 0.000000
0.000000

0.000000 0.337196 6.274555
0.076710 0.008527 1.242297 7.049258 177.777054
0.000000 0.376707 0.008602 0.000000 0.000000 0.000000
0.000000 0.000001 0.000000
4.807960 1.000000 0.000000
764.299377 0.000000
0.000000 0.000000 0.000000 0.000000
0.000000 1.052449
11 0.015000 0.765000 0.001000
0.487000 0.580000 0.780000 0.490000 1.250000 6.700000 0.650000 0.650000
187499.984375 75.360001 0.084000
1.073000 0.050000 0.116600
0.162618 0.157240 0.000876 0.000000
0.000000

0.000000 0.320364 5.933136
0.074021 0.008228 1.201106 6.801516 177.815079
0.000000 0.327941 0.012848 0.000000 0.000000 0.000000
0.000000 0.000001 0.000000
4.868672 1.000000 0.000000
764.299377 0.000000
0.000000 0.000000 0.000000 0.000000
0.000000 0.941581
11 0.015000 0.780000 0.001000
0.487000 0.580000 0.780000 0.490000 1.250000 6.700000 0.650000 0.650000
187499.984375 75.360001 0.084000
1.073000 0.050000 0.116600
0.162744 0.135192 0.000753 0.000000
0.000000

0.000000 0.316146 5.676391
0.071627 0.007962 1.172987 6.570621 177.952927
0.000000 0.256360 0.009987 0.000000 0.000000 0.000000
0.000000 0.000002 0.000000
4.928853 1.000000 0.000000
764.299377 0.000000
0.000000 0.000000 0.000000 0.000000
0.000000 0.439516
11 0.015000 0.795000 0.001000
0.487000 0.580000 0.780000 0.490000 1.250000 6.700000 0.650000 0.650000
187499.984375 75.360001 0.084000
1.073000 0.050000 0.116600
0.163140 0.128782 0.000717 0.000000
0.000000

0.000000 0.294787 5.298909
0.069459 0.007721 1.138370 6.374876 177.960648
0.000000 0.227485 0.009998 0.000000 0.000000 0.000000
0.000000 0.000002 0.000000
4.988496 1.000000 0.000000
764.299377 0.000000
0.000000 0.000000 0.000000 0.000000
0.000000 0.583936
11 0.015000 0.810000 0.001000
0.487000 0.580000 0.780000 0.490000 1.250000 6.700000 0.650000 0.650000
187499.984375 75.360001 0.084000
1.073000 0.050000 0.116600
0.163173 0.120102 0.000669 0.000000
0.000000

0.000000 0.274409 4.948447
0.067464 0.007499 1.106528 6.194810 177.971283
0.000000 0.578641 0.010811 0.000000 0.000000 0.000000
0.000000 0.000001 0.000000
5.047601 1.000000 0.000000
764.299377 0.000000
0.000000 0.000000 0.000000 0.000000
0.000000 1.241248
11 0.015000 0.825000 0.001000
0.487000 0.580000 0.780000 0.490000 1.250000 6.700000 0.650000 0.650000
187499.984375 75.360001 0.084000
1.073000 0.050000 0.116600
0.163209 0.114338 0.000637 0.000000
0.000000

0.000000 0.257484 4.638684
0.065586 0.007290 1.078632 6.022765 177.990448
0.000000 3.520510 0.016245 0.000000 0.000000 0.000000
0.000000 0.000000 0.000000
5.106165 1.000000 0.000000
764.299377 0.000000
0.000000 0.000000 0.000000 0.000000
0.000000 2.097970
11 0.015000 0.840000 0.001000
0.487000 0.580000 0.780000 0.490000 1.250000 6.700000 0.650000 0.650000
187499.984375 75.360001 0.084000
1.073000 0.050000 0.116600
0.163265 0.117694 0.000656 0.000000
0.000000

0.000000 0.239600 4.330249
0.063882 0.007101 1.051624 5.869005 177.997589
0.000000 16.041529 0.040319 0.000000 0.000000 0.000000
0.000000 0.000000 0.000000
5.164189 1.000000 0.000000
764.299377 0.000000
0.000000 0.000000 0.000000 0.000000
0.000000 4.573910
11 0.015000 0.855000 0.001000
0.487000 0.580000 0.780000 0.490000 1.250000 6.700000 0.650000 0.650000
187499.984375 75.360001 0.084000
1.073000 0.050000 0.116600
0.163296 0.139830 0.000779 0.000000
0.000000

0.000000 0.000000 0.282198
0.042871 0.004765 0.720422 3.987848 178.360550
0.000000 18.596827 0.016357 0.000000 0.000000 0.000000
0.000000 0.000000 0.000000
5.221675 1.000000 0.000000
764.299377 0.000000
0.000000 0.000000 0.000000 0.000000
0.000000 0.997289
11 0.015000 0.870000 0.001000
0.487000 0.580000 0.780000 0.490000 1.250000 6.700000 0.650000 0.650000
187499.984375 75.360001 0.084000
1.073000 0.050000 0.116600
0.164338 0.090560 0.000504 0.000000
0.000000

0.000000 0.000000 0.283767
0.042889 0.004767 0.720780 3.989401 178.368179
0.000000 12.094174 0.015717 0.000000 0.000000 0.000000
0.000000 0.000000 0.000000
5.278623 1.000000 0.000000
764.299377 0.000000
0.000000 0.000000 0.000000 0.000000
0.000000 1.001756
11 0.015000 0.885000 0.001000
0.487000 0.580000 0.780000 0.490000 1.250000 6.700000 0.650000 0.650000
187499.984375 75.360001 0.084000
1.073000 0.050000 0.116600
0.164357 0.090708 0.000505 0.000000
0.000000

0.000000 0.000000 0.284860
0.042902 0.004769 0.721055 3.990492 178.376312
0.000000 5.759418 0.015384 0.000000 0.000000 0.000000
0.000000 0.000000 0.000000
5.335039 1.000000 0.000000
764.299377 0.000000
0.000000 0.000000 0.000000 0.000000
0.000000 1.004743
11 0.015000 0.900000 0.001000
0.487000 0.580000 0.780000 0.490000 1.250000 6.700000 0.650000 0.650000
187499.984375 75.360001 0.084000
1.073000 0.050000 0.116600
0.164371 0.090568 0.000504 0.000000
0.000000

0.000000 0.000000 0.285838
0.042914 0.004770 0.721304 3.991453 178.386475
0.000000 2.548332 0.015097 0.000000 0.000000 0.000000
0.000000 0.000000 0.000000
5.390925 1.000000 0.000000
764.299377 0.000000
0.000000 0.000000 0.000000 0.000000
0.000000 1.007235
11 0.015000 0.915000 0.001000
0.487000 0.580000 0.780000 0.490000 1.250000 6.700000 0.650000 0.650000
187499.984375 75.360001 0.084000
1.073000 0.050000 0.116600
0.164384 0.090612 0.000505 0.000000
0.000000

0.000000 0.000000 0.286783
0.042925 0.004772 0.721544 3.992363 178.393631
0.000000 1.356146 0.014698 0.000000 0.000000 0.000000
0.000000 0.000000 0.000000
5.446287 1.000000 0.000000
764.299377 0.000000
0.000000 0.000000 0.000000 0.000000
0.000000 1.009688
11 0.015000 0.930000 0.001000
0.487000 0.580000 0.780000 0.490000 1.250000 6.700000 0.650000 0.650000
187499.984375 75.360001 0.084000
1.073000 0.050000 0.116600
0.164396 0.090486 0.000504 0.000000
0.000000

0.000000 0.000000 0.287732
0.042936 0.004773 0.721778 3.993247 178.400681
0.000000 0.901860 0.014320 0.000000 0.000000 0.000000
0.000000 0.000001 0.000000
5.501130 1.000000 0.000000
764.299377 0.000000
0.000000 0.000000 0.000000 0.000000
0.000000 1.011892
11 0.015000 0.945000 0.001000
0.487000 0.580000 0.780000 0.490000 1.250000 6.700000 0.650000 0.650000
187499.984375 75.360001 0.084000
1.073000 0.050000 0.116600
0.164409 0.090673 0.000505 0.000000
0.000000

0.000000 0.000000 0.288701
0.042947 0.004774 0.722023 3.994206 178.407288
0.000000 0.631793 0.013967 0.000000 0.000000 0.000000
0.000000 0.000001 0.000000
5.555459 1.000000 0.000000
764.299377 0.000000
0.000000 0.000000 0.000000 0.000000
0.000000 1.013474
11 0.015000 0.960000 0.001000
0.487000 0.580000 0.780000 0.490000 1.250000 6.700000 0.650000 0.650000
187499.984375 75.360001 0.084000
1.073000 0.050000 0.116600
0.164422 0.090628 0.000505 0.000000
0.000000

0.000000 0.000000 0.290204
0.042965 0.004776 0.722365 3.995690 178.414459
0.000000 0.416303 0.013722 0.000000 0.000000 0.000000
0.000000 0.000001 0.000000
5.609281 1.000000 0.000000
764.299377 0.000000
0.000000 0.000000 0.000000 0.000000
0.000000 1.014366
11 0.015000 0.975000 0.001000
0.487000 0.580000 0.780000 0.490000 1.250000 6.700000 0.650000 0.650000
187499.984375 75.360001 0.084000
1.073000 0.050000 0.116600
0.164440 0.090591 0.000505 0.000000
0.000000

0.000000 0.000000 0.291398
0.042978 0.004777 0.722643 3.996835 178.422470
0.000000 0.250487 0.013564 0.000000 0.000000 0.000000
0.000000 0.000002 0.000000
5.662601 1.000000 0.000000
764.299377 0.000000
0.000000 0.000000 0.000000 0.000000
0.000000 1.014625
11 0.015000 0.990000 0.001000
0.487000 0.580000 0.780000 0.490000 1.250000 6.700000 0.650000 0.650000
187499.984375 75.360001 0.084000
1.073000 0.050000 0.116600
0.164453 0.090559 0.000504 0.000000
0.000000

0.000000 0.000000 0.292295
0.042989 0.004779 0.722867 3.997689 178.431137
0.000000 0.138121 0.013421 0.000000 0.000000 0.000000
0.000000 0.000004 0.000000
5.715428 1.000000 0.000000
764.299377 0.000000
0.000000 0.000000 0.000000 0.000000
0.000000 1.014462
11 0.015000 1.005000 0.001000
0.487000 0.580000 0.780000 0.490000 1.250000 6.700000 0.650000 0.650000
187499.984375 75.360001 0.084000
1.073000 0.050000 0.116600
0.164466 0.090730 0.000505 0.000000
0.000000

0.000000 0.000000 0.293590
0.043003 0.004780 0.723160 3.998916 178.437592
0.000000 0.071047 0.013306 0.000000 0.000000 0.000000
0.000000 0.000006 0.000000
5.767767 1.000000 0.000000
764.299377 0.000000
0.000000 0.000000 0.000000 0.000000
0.000000 1.014120
11 0.015000 1.020000 0.001000
0.487000 0.580000 0.780000 0.490000 1.250000 6.700000 0.650000 0.650000
187499.984375 75.360001 0.084000
1.073000 0.050000 0.116600
0.164482 0.090583 0.000505 0.000000
0.000000

0.000000 0.000000 0.294473
0.043014 0.004781 0.723382 3.999771 178.443741
0.000000 0.035360 0.013197 0.000000 0.000000 0.000000
0.000000 0.000010 0.000000
5.819624 1.000000 0.000000
764.299377 0.000000
0.000000 0.000000 0.000000 0.000000
0.000000 1.013646
11 0.015000 1.035000 0.001000
0.487000 0.580000 0.780000 0.490000 1.250000 6.700000 0.650000 0.650000
187499.984375 75.360001 0.084000
1.073000 0.050000 0.116600
0.164492 0.090821 0.000506 0.000000
0.000000

0.000000 0.000000 0.295421
0.043025 0.004783 0.723613 4.000666 178.450607
0.000000 0.018276 0.013145 0.000000 0.000000 0.000000
0.000000 0.000016 0.000001
5.871006 1.000000 0.000000
764.299377 0.000000
0.000000 0.000000 0.000000 0.000000
0.000000 1.013149
11 0.015000 1.050000 0.001000
0.487000 0.580000 0.780000 0.490000 1.250000 6.700000 0.650000 0.650000
187499.984375 75.360001 0.084000
1.073000 0.050000 0.116600
0.164505 0.090640 0.000505 0.000000
0.000000

0.000000 0.000000 0.296282
0.043034 0.004784 0.723820 4.001441 178.457245
0.000000 0.010875 0.013049 0.000000 0.000000 0.000000
0.000000 0.000019 0.000002
5.921919 1.000000 0.000000
764.299377 0.000000
0.000000 0.000000 0.000000 0.000000
0.000000 1.012628
11 0.015000 1.065000 0.001000
0.487000 0.580000 0.780000 0.490000 1.250000 6.700000 0.650000 0.650000
187499.984375 75.360001 0.084000
1.073000 0.050000 0.116600
0.164514 0.090835 0.000506 0.000000
0.000000

0.000000 0.000000 0.297181
0.043044 0.004785 0.724038 4.002283 178.463867
0.000000 0.007970 0.013017 0.000000 0.000000 0.000000
0.000000 0.000019 0.000003
5.972367 1.000000 0.000000
764.299377 0.000000
0.000000 0.000000 0.000000 0.000000
0.000000 1.012124
11 0.015000 1.080000 0.001000
0.487000 0.580000 0.780000 0.490000 1.250000 6.700000 0.650000 0.650000
187499.984375 75.360001 0.084000
1.073000 0.050000 0.116600
0.164525 0.090595 0.000505 0.000000
0.000000

0.000000 0.000000 0.298718
0.043061 0.004787 0.724366 4.003736 178.470947
0.000000 0.006931 0.012987 0.000000 0.000000 0.000000
0.000000 0.000018 0.000003
6.022358 1.000000 0.000000
764.299377 0.000000
0.000000 0.000000 0.000000 0.000000
0.000000 1.011676
11 0.015000 1.095000 0.001000
0.487000 0.580000 0.780000 0.490000 1.250000 6.700000 0.650000 0.650000
187499.984375 75.360001 0.084000
1.073000 0.050000 0.116600
0.164544 0.090950 0.000507 0.000000
0.000000

0.000000 0.000000 0.300477
0.043081 0.004789 0.724732 4.005390 178.479660
0.000000 0.006578 0.012936 0.000000 0.000000 0.000000
0.000000 0.000018 0.000003
6.071895 1.000000 0.000000
764.299377 0.000000
0.000000 0.000000 0.000000 0.000000
0.000000 1.011261
11 0.015000 1.110000 0.001000
0.487000 0.580000 0.780000 0.490000 1.250000 6.700000 0.650000 0.650000
187499.984375 75.360001 0.084000
1.073000 0.050000 0.116600
0.164567 0.090488 0.000504 0.000000
0.000000

0.000000 0.000000 0.301326
0.043090 0.004790 0.724934 4.006143 178.485413
0.000000 0.006433 0.012892 0.000000 0.000000 0.000000
0.000000 0.000018 0.000003
6.120982 1.000000 0.000000
764.299377 0.000000
0.000000 0.000000 0.000000 0.000000
0.000000 1.010773
11 0.015000 1.125000 0.001000
0.487000 0.580000 0.780000 0.490000 1.250000 6.700000 0.650000 0.650000
187499.984375 75.360001 0.084000
1.073000 0.050000 0.116600
0.164577 0.090783 0.000506 0.000000
0.000000

0.000000 0.000000 0.302163
0.043099 0.004791 0.725135 4.006907 178.491913
0.000000 0.006330 0.012888 0.000000 0.000000 0.000000
0.000000 0.000019 0.000003
6.169623 1.000000 0.000000
764.299377 0.000000
0.000000 0.000000 0.000000 0.000000
0.000000 1.010303
11 0.015000 1.140000 0.001000
0.487000 0.580000 0.780000 0.490000 1.250000 6.700000 0.650000 0.650000
187499.984375 75.360001 0.084000
1.073000 0.050000 0.116600
0.164587 0.090715 0.000505 0.000000
0.000000

0.000000 0.000000 0.302993
0.043109 0.004792 0.725338 4.007682 178.497711
0.000000 0.006206 0.012828 0.000000 0.000000 0.000000
0.000000 0.000019 0.000003
6.217823 1.000000 0.000000
764.299377 0.000000
0.000000 0.000000 0.000000 0.000000
0.000000 1.009832
11 0.015000 1.155000 0.001000
0.487000 0.580000 0.780000 0.490000 1.250000 6.700000 0.650000 0.650000
187499.984375 75.360001 0.084000
1.073000 0.050000 0.116600
0.164600 0.090806 0.000506 0.000000
0.000000

0.000000 0.000000 0.303930
0.043119 0.004793 0.725552 4.008514 178.503326
0.000000 0.006055 0.012788 0.000000 0.000000 0.000000
0.000000 0.000019 0.000004
6.265583 1.000000 0.000000
764.299377 0.000000
0.000000 0.000000 0.000000 0.000000
0.000000 1.009387
11 0.015000 1.170000 0.001000
0.487000 0.580000 0.780000 0.490000 1.250000 6.700000 0.650000 0.650000
187499.984375 75.360001 0.084000
1.073000 0.050000 0.116600
0.164607 0.090778 0.000506 0.000000
0.000000

0.000000 0.000000 0.305005
0.043131 0.004795 0.725791 4.009498 178.509903
0.000000 0.005889 0.012764 0.000000 0.000000 0.000000
0.000000 0.000019 0.000004
6.312905 1.000000 0.000000
764.299377 0.000000
0.000000 0.000000 0.000000 0.000000
0.000000 1.008958
11 0.015000 1.185000 0.001000
0.487000 0.580000 0.780000 0.490000 1.250000 6.700000 0.650000 0.650000
187499.984375 75.360001 0.084000
1.073000 0.050000 0.116600
0.164620 0.090519 0.000504 0.000000
0.000000

0.000000 0.000000 0.305810
0.043139 0.004796 0.725979 4.010190 178.515991
0.000000 0.005719 0.012724 0.000000 0.000000 0.000000
0.000000 0.000019 0.000004
6.359791 1.000000 0.000000
764.299377 0.000000
0.000000 0.000000 0.000000 0.000000
0.000000 1.008516
11 0.015000 1.200000 0.001000
0.487000 0.580000 0.780000 0.490000 1.250000 6.700000 0.650000 0.650000
187499.984375 75.360001 0.084000
1.073000 0.050000 0.116600
0.164632 0.090697 0.000505 0.000000
0.000000

0.000000 0.000000 0.306609
0.043148 0.004797 0.726169 4.010911 178.521194
0.000000 0.005546 0.012651 0.000000 0.000000 0.000000
0.000000 0.000018 0.000004
6.406241 1.000000 0.000000
764.299377 0.000000
0.000000 0.000000 0.000000 0.000000
0.000000 1.008081
11 0.015000 1.215000 0.001000
0.487000 0.580000 0.780000 0.490000 1.250000 6.700000 0.650000 0.650000
187499.984375 75.360001 0.084000
1.073000 0.050000 0.116600
0.164641 0.090643 0.000505 0.000000
0.000000

0.000000 0.000000 0.307398
0.043157 0.004798 0.726362 4.011649 178.528580
0.000000 0.005398 0.012685 0.000000 0.000000 0.000000
0.000000 0.000018 0.000004
6.452255 1.000000 0.000000
764.299377 0.000000
0.000000 0.000000 0.000000 0.000000
0.000000 1.007650
11 0.015000 1.230000 0.001000
0.487000 0.580000 0.780000 0.490000 1.250000 6.700000 0.650000 0.650000
187499.984375 75.360001 0.084000
1.073000 0.050000 0.116600
0.164649 0.090711 0.000505 0.000000
0.000000

0.000000 0.000000 0.308181
0.043166 0.004799 0.726547 4.012335 178.534225
0.000000 0.005277 0.012656 0.000000 0.000000 0.000000
0.000000 0.000018 0.000004
6.497834 1.000000 0.000000
764.299377 0.000000
0.000000 0.000000 0.000000 0.000000
0.000000 1.007228
11 0.015000 1.245000 0.001000
0.487000 0.580000 0.780000 0.490000 1.250000 6.700000 0.650000 0.650000
187499.984375 75.360001 0.084000
1.073000 0.050000 0.116600
0.164657 0.090785 0.000506 0.000000
0.000000

0.000000 0.000000 0.308956
0.043174 0.004799 0.726727 4.013003 178.540176
0.000000 0.005169 0.012602 0.000000 0.000000 0.000000
0.000000 0.000018 0.000005
6.542974 1.000000 0.000000
764.299377 0.000000
0.000000 0.000000 0.000000 0.000000
0.000000 1.006818
11 0.015000 1.260000 0.001000
0.487000 0.580000 0.780000 0.490000 1.250000 6.700000 0.650000 0.650000
187499.984375 75.360001 0.084000
1.073000 0.050000 0.116600
0.164669 0.091091 0.000507 0.000000
0.000000

0.000000 0.000000 0.309752
0.043182 0.004800 0.726910 4.013687 178.546127
0.000000 0.005079 0.012610 0.000000 0.000000 0.000000
0.000000 0.000018 0.000005
6.587677 1.000000 0.000000
764.299377 0.000000
0.000000 0.000000 0.000000 0.000000
0.000000 1.006412
11 0.015000 1.275000 0.001000
0.487000 0.580000 0.780000 0.490000 1.250000 6.700000 0.650000 0.650000
187499.984375 75.360001 0.084000
1.073000 0.050000 0.116600
0.164678 0.091038 0.000507 0.000000
0.000000

0.000000 0.000000 0.310737
0.043193 0.004802 0.727124 4.014541 178.552383
0.000000 0.005002 0.012543 0.000000 0.000000 0.000000
0.000000 0.000018 0.000005
6.631937 1.000000 0.000000
764.299377 0.000000
0.000000 0.000000 0.000000 0.000000
0.000000 1.006037
11 0.015000 1.290000 0.001000
0.487000 0.580000 0.780000 0.490000 1.250000 6.700000 0.650000 0.650000
187499.984375 75.360001 0.084000
1.073000 0.050000 0.116600
0.164689 0.091042 0.000507 0.000000
0.000000

0.000000 0.000000 0.311751
0.043204 0.004803 0.727348 4.015464 178.558517
0.000000 0.004939 0.012523 0.000000 0.000000 0.000000
0.000000 0.000018 0.000005
6.675752 1.000000 0.000000
764.299377 0.000000
0.000000 0.000000 0.000000 0.000000
0.000000 1.005657
11 0.015000 1.305000 0.001000
0.487000 0.580000 0.780000 0.490000 1.250000 6.700000 0.650000 0.650000
187499.984375 75.360001 0.084000
1.073000 0.050000 0.116600
0.164701 0.090924 0.000506 0.000000
0.000000

0.000000 0.000000 0.312573
0.043213 0.004804 0.727534 4.016182 178.563583
0.000000 0.004886 0.012498 0.000000 0.000000 0.000000
0.000000 0.000018 0.000005
6.719119 1.000000 0.000000
764.299377 0.000000
0.000000 0.000000 0.000000 0.000000
0.000000 1.005284
11 0.015000 1.320000 0.001000
0.487000 0.580000 0.780000 0.490000 1.250000 6.700000 0.650000 0.650000
187499.984375 75.360001 0.084000
1.073000 0.050000 0.116600
0.164710 0.091031 0.000507 0.000000
0.000000

0.000000 0.000000 0.313332
0.043221 0.004805 0.727709 4.016837 178.569473
0.000000 0.004844 0.012450 0.000000 0.000000 0.000000
0.000000 0.000018 0.000005
6.762033 1.000000 0.000000
764.299377 0.000000
0.000000 0.000000 0.000000 0.000000
0.000000 1.004912
11 0.015000 1.335000 0.001000
0.487000 0.580000 0.780000 0.490000 1.250000 6.700000 0.650000 0.650000
187499.984375 75.360001 0.084000
1.073000 0.050000 0.116600
0.164722 0.090938 0.000506 0.000000
0.000000

0.000000 0.000000 0.314069
0.043228 0.004806 0.727877 4.017453 178.576599
0.000000 0.004809 0.012417 0.000000 0.000000 0.000000
0.000000 0.000019 0.000005
6.804490 1.000000 0.000000
764.299377 0.000000
0.000000 0.000000 0.000000 0.000000
0.000000 1.004539
11 0.015000 1.350000 0.001000
0.487000 0.580000 0.780000 0.490000 1.250000 6.700000 0.650000 0.650000
187499.984375 75.360001 0.084000
1.073000 0.050000 0.116600
0.164727 0.091027 0.000507 0.000000
0.000000

0.000000 0.000000 0.314808
0.043236 0.004806 0.728045 4.018064 178.582336
0.000000 0.004782 0.012428 0.000000 0.000000 0.000000
0.000000 0.000019 0.000005
6.846485 1.000000 0.000000
764.299377 0.000000
0.000000 0.000000 0.000000 0.000000
0.000000 1.004179
11 0.015000 1.365000 0.001000
0.487000 0.580000 0.780000 0.490000 1.250000 6.700000 0.650000 0.650000
187499.984375 75.360001 0.084000
1.073000 0.050000 0.116600
0.164737 0.091126 0.000508 0.000000
0.000000

0.000000 0.000000 0.315617
0.043245 0.004807 0.728230 4.018780 178.588379
0.000000 0.004753 0.012386 0.000000 0.000000 0.000000
0.000000 0.000019 0.000005
6.888012 1.000000 0.000000
764.299377 0.000000
0.000000 0.000000 0.000000 0.000000
0.000000 1.003824
11 0.015000 1.380000 0.001000
0.487000 0.580000 0.780000 0.490000 1.250000 6.700000 0.650000 0.650000
187499.984375 75.360001 0.084000
1.073000 0.050000 0.116600
0.164745 0.091312 0.000509 0.000000
0.000000

0.000000 0.000000 0.317093
0.043260 0.004809 0.728514 4.020050 178.595352
0.000000 0.004725 0.012351 0.000000 0.000000 0.000000
0.000000 0.000019 0.000006
6.929068 1.000000 0.000000
764.299377 0.000000
0.000000 0.000000 0.000000 0.000000
0.000000 1.003524
11 0.015000 1.395000 0.001000
0.487000 0.580000 0.780000 0.490000 1.250000 6.700000 0.650000 0.650000
187499.984375 75.360001 0.084000
1.073000 0.050000 0.116600
0.164764 0.091063 0.000507 0.000000
0.000000

0.000000 0.000000 0.317857
0.043268 0.004810 0.728687 4.020706 178.600983
0.000000 0.004702 0.012322 0.000000 0.000000 0.000000
0.000000 0.000019 0.000006
6.969645 1.000000 0.000000
764.299377 0.000000
0.000000 0.000000 0.000000 0.000000
0.000000 1.003180
11 0.015000 1.410000 0.001000
0.487000 0.580000 0.780000 0.490000 1.250000 6.700000 0.650000 0.650000
187499.984375 75.360001 0.084000
1.073000 0.050000 0.116600
0.164773 0.091298 0.000508 0.000000
0.000000

0.000000 0.000000 0.318756
0.043277 0.004811 0.728881 4.021482 178.606674
0.000000 0.004682 0.012299 0.000000 0.000000 0.000000
0.000000 0.000019 0.000006
7.009736 1.000000 0.000000
764.299377 0.000000
0.000000 0.000000 0.000000 0.000000
0.000000 1.002846
11 0.015000 1.425000 0.001000
0.487000 0.580000 0.780000 0.490000 1.250000 6.700000 0.650000 0.650000
187499.984375 75.360001 0.084000
1.073000 0.050000 0.116600
0.164781 0.091031 0.000507 0.000000
0.000000

0.000000 0.000000 0.319556
0.043285 0.004812 0.729051 4.022115 178.612457
0.000000 0.004663 0.012271 0.000000 0.000000 0.000000
0.000000 0.000019 0.000006
7.049336 1.000000 0.000000
764.299377 0.000000
0.000000 0.000000 0.000000 0.000000
0.000000 1.002508
11 0.015000 1.440000 0.001000
0.487000 0.580000 0.780000 0.490000 1.250000 6.700000 0.650000 0.650000
187499.984375 75.360001 0.084000
1.073000 0.050000 0.116600
0.164791 0.091069 0.000507 0.000000
0.000000

0.000000 0.000000 0.320255
0.043292 0.004813 0.729210 4.022707 178.617325
0.000000 0.004648 0.012266 0.000000 0.000000 0.000000
0.000000 0.000019 0.000006
7.088439 1.000000 0.000000
764.299377 0.000000
0.000000 0.000000 0.000000 0.000000
0.000000 1.002170
11 0.015000 1.455000 0.001000
0.487000 0.580000 0.780000 0.490000 1.250000 6.700000 0.650000 0.650000
187499.984375 75.360001 0.084000
1.073000 0.050000 0.116600
0.164803 0.091018 0.000507 0.000000
0.000000

0.000000 0.000000 0.320950
0.043299 0.004814 0.729369 4.023291 178.621979
0.000000 0.004632 0.012243 0.000000 0.000000 0.000000
0.000000 0.000019 0.000006
7.127037 1.000000 0.000000
764.299377 0.000000
0.000000 0.000000 0.000000 0.000000
0.000000 1.001830
11 0.015000 1.470000 0.001000
0.487000 0.580000 0.780000 0.490000 1.250000 6.700000 0.650000 0.650000
187499.984375 75.360001 0.084000
1.073000 0.050000 0.116600
0.164808 0.091087 0.000507 0.000000
0.000000

0.000000 0.000000 0.321637
0.043306 0.004814 0.729525 4.023867 178.627167
0.000000 0.004616 0.012241 0.000000 0.000000 0.000000
0.000000 0.000019 0.000006
7.165122 1.000000 0.000000
764.299377 0.000000
0.000000 0.000000 0.000000 0.000000
0.000000 1.001488
11 0.015000 1.485000 0.001000
0.487000 0.580000 0.780000 0.490000 1.250000 6.700000 0.650000 0.650000
187499.984375 75.360001 0.084000
1.073000 0.050000 0.116600
0.164815 0.091169 0.000508 0.000000
0.000000

0.000000 0.000000 0.322322
0.043314 0.004815 0.729683 4.024453 178.633255
0.000000 0.004601 0.012212 0.000000 0.000000 0.000000
0.000000 0.000019 0.000006
7.202689 1.000000 0.000000
764.299377 0.000000
0.000000 0.000000 0.000000 0.000000
0.000000 1.001162
11 0.015000 1.500000 0.001000
0.487000 0.580000 0.780000 0.490000 1.250000 6.700000 0.650000 0.650000
187499.984375 75.360001 0.084000
1.073000 0.050000 0.116600
0.164822 0.091496 0.000510 0.000000
0.000000

0.000000 0.000000 0.323068
0.043322 0.004816 0.729850 4.025094 178.638550
0.000000 0.004582 0.012170 0.000000 0.000000 0.000000
0.000000 0.000019 0.000006
7.239729 1.000000 0.000000
764.299377 0.000000
0.000000 0.000000 0.000000 0.000000
0.000000 1.000839
11 0.015000 1.515000 0.001000
0.487000 0.580000 0.780000 0.490000 1.250000 6.700000 0.650000 0.650000
187499.984375 75.360001 0.084000
1.073000 0.050000 0.116600
0.164829 0.091228 0.000508 0.000000
0.000000

0.000000 0.000000 0.323781
0.043329 0.004817 0.730003 4.025655 178.643723
0.000000 0.004559 0.012114 0.000000 0.000000 0.000000
0.000000 0.000019 0.000006
7.276237 1.000000 0.000000
764.299377 0.000000
0.000000 0.000000 0.000000 0.000000
0.000000 1.000523
11 0.015000 1.530000 0.001000
0.487000 0.580000 0.780000 0.490000 1.250000 6.700000 0.650000 0.650000
187499.984375 75.360001 0.084000
1.073000 0.050000 0.116600
0.164843 0.091325 0.000509 0.000000
0.000000

0.000000 0.000000 0.326431
0.043354 0.004820 0.730458 4.027878 178.655090
0.000000 0.004540 0.012124 0.000000 0.000000 0.000000
0.000000 0.000019 0.000006
7.312204 1.000000 0.000000
764.299377 0.000000
0.000000 0.000000 0.000000 0.000000
0.000000 1.000357
11 0.015000 1.545000 0.001000
0.487000 0.580000 0.780000 0.490000 1.250000 6.700000 0.650000 0.650000
187499.984375 75.360001 0.084000
1.073000 0.050000 0.116600
0.164870 0.091401 0.000509 0.000000
0.000000

0.000000 0.000000 0.334046
0.043425 0.004828 0.731664 4.034251 178.689713
0.000000 0.004513 0.012027 0.000000 0.000000 0.000000
0.000000 0.000019 0.000006
7.347623 1.000000 0.000000
764.299377 0.000000
0.000000 0.000000 0.000000 0.000000
0.000000 1.000583
11 0.015000 1.560000 0.001000
0.487000 0.580000 0.780000 0.490000 1.250000 6.700000 0.650000 0.650000
187499.984375 75.360001 0.084000
1.073000 0.050000 0.116600
0.164951 0.091102 0.000507 0.000000
0.000000

0.000000 0.000000 0.334728
0.043431 0.004828 0.731809 4.034768 178.694397
0.000000 0.004490 0.012026 0.000000 0.000000 0.000000
0.000000 0.000019 0.000007
7.382490 1.000000 0.000000
764.299377 0.000000
0.000000 0.000000 0.000000 0.000000
0.000000 1.000275
11 0.015000 1.575000 0.001000
0.487000 0.580000 0.780000 0.490000 1.250000 6.700000 0.650000 0.650000
187499.984375 75.360001 0.084000
1.073000 0.050000 0.116600
0.164964 0.091176 0.000508 0.000000
0.000000

0.000000 0.000000 0.335410
0.043438 0.004829 0.731962 4.035346 178.699554
0.000000 0.004471 0.012004 0.000000 0.000000 0.000000
0.000000 0.000019 0.000007
7.416795 1.000000 0.000000
764.299377 0.000000
0.000000 0.000000 0.000000 0.000000
0.000000 0.999979
11 0.015000 1.590000 0.001000
0.487000 0.580000 0.780000 0.490000 1.250000 6.700000 0.650000 0.650000
187499.984375 75.360001 0.084000
1.073000 0.050000 0.116600
0.164969 0.091265 0.000508 0.000000
0.000000

0.000000 0.000000 0.336091
0.043445 0.004830 0.732108 4.035882 178.704834
0.000000 0.004449 0.011950 0.000000 0.000000 0.000000
0.000000 0.000019 0.000007
7.450533 1.000000 0.000000
764.299377 0.000000
0.000000 0.000000 0.000000 0.000000
0.000000 0.999687
11 0.015000 1.605000 0.001000
0.487000 0.580000 0.780000 0.490000 1.250000 6.700000 0.650000 0.650000
187499.984375 75.360001 0.084000
1.073000 0.050000 0.116600
0.164977 0.091513 0.000510 0.000000
0.000000

0.000000 0.000000 0.336857
0.043452 0.004831 0.732265 4.036472 178.710388
0.000000 0.004422 0.011917 0.000000 0.000000 0.000000
0.000000 0.000019 0.000007
7.483698 1.000000 0.000000
764.299377 0.000000
0.000000 0.000000 0.000000 0.000000
0.000000 0.999407
11 0.015000 1.620000 0.001000
0.487000 0.580000 0.780000 0.490000 1.250000 6.700000 0.650000 0.650000
187499.984375 75.360001 0.084000
1.073000 0.050000 0.116600
0.164985 0.091338 0.000509 0.000000
0.000000

0.000000 0.000000 0.341984
0.043499 0.004836 0.733071 4.040640 178.738525
0.000000 0.004395 0.011888 0.000000 0.000000 0.000000
0.000000 0.000019 0.000007
7.516282 1.000000 0.000000
764.299377 0.000000
0.000000 0.000000 0.000000 0.000000
0.000000 0.999459
11 0.015000 1.635000 0.001000
0.487000 0.580000 0.780000 0.490000 1.250000 6.700000 0.650000 0.650000
187499.984375 75.360001 0.084000
1.073000 0.050000 0.116600
0.165040 0.091355 0.000509 0.000000
0.000000

0.000000 0.000000 0.342756
0.043506 0.004837 0.733229 4.041243 178.745056
0.000000 0.004369 0.011851 0.000000 0.000000 0.000000
0.000000 0.000019 0.000007
7.548281 1.000000 0.000000
764.299377 0.000000
0.000000 0.000000 0.000000 0.000000
0.000000 0.999184
11 0.015000 1.650000 0.001000
0.487000 0.580000 0.780000 0.490000 1.250000 6.700000 0.650000 0.650000
187499.984375 75.360001 0.084000
1.073000 0.050000 0.116600
0.165049 0.091227 0.000508 0.000000
0.000000

0.000000 0.000000 0.343438
0.043513 0.004837 0.733373 4.041780 178.750504
0.000000 0.004344 0.011792 0.000000 0.000000 0.000000
0.000000 0.000019 0.000007
7.579688 1.000000 0.000000
764.299377 0.000000
0.000000 0.000000 0.000000 0.000000
0.000000 0.998917
11 0.015000 1.665000 0.001000
0.487000 0.580000 0.780000 0.490000 1.250000 6.700000 0.650000 0.650000
187499.984375 75.360001 0.084000
1.073000 0.050000 0.116600
0.165055 0.091309 0.000509 0.000000
0.000000

0.000000 0.000000 0.344118
0.043519 0.004838 0.733519 4.042314 178.756042
0.000000 0.004321 0.011779 0.000000 0.000000 0.000000
0.000000 0.000019 0.000007
7.610497 1.000000 0.000000
764.299377 0.000000
0.000000 0.000000 0.000000 0.000000
0.000000 0.998646
11 0.015000 1.680000 0.001000
0.487000 0.580000 0.780000 0.490000 1.250000 6.700000 0.650000 0.650000
187499.984375 75.360001 0.084000
1.073000 0.050000 0.116600
0.165064 0.091636 0.000510 0.000000
0.000000

0.000000 0.000000 0.344897
0.043526 0.004839 0.733671 4.042892 178.761597
0.000000 0.004302 0.011731 0.000000 0.000000 0.000000
0.000000 0.000019 0.000007
7.640706 1.000000 0.000000
764.299377 0.000000
0.000000 0.000000 0.000000 0.000000
0.000000 0.998391
11 0.015000 1.695000 0.001000
0.487000 0.580000 0.780000 0.490000 1.250000 6.700000 0.650000 0.650000
187499.984375 75.360001 0.084000
1.073000 0.050000 0.116600
0.165070 0.091402 0.000509 0.000000
0.000000

0.000000 0.000000 0.345848
0.043536 0.004840 0.733857 4.043662 178.768478
0.000000 0.004289 0.011735 0.000000 0.000000 0.000000
0.000000 0.000019 0.000007
7.670308 1.000000 0.000000
764.299377 0.000000
0.000000 0.000000 0.000000 0.000000
0.000000 0.998150
11 0.015000 1.710000 0.001000
0.487000 0.580000 0.780000 0.490000 1.250000 6.700000 0.650000 0.650000
187499.984375 75.360001 0.084000
1.073000 0.050000 0.116600
0.165082 0.091445 0.000509 0.000000
0.000000

0.000000 0.000000 0.346516
0.043542 0.004841 0.733996 4.044162 178.773865
0.000000 0.004271 0.011672 0.000000 0.000000 0.000000
0.000000 0.000019 0.000007
7.699298 1.000000 0.000000
764.299377 0.000000
0.000000 0.000000 0.000000 0.000000
0.000000 0.997897
11 0.015000 1.725000 0.001000
0.487000 0.580000 0.780000 0.490000 1.250000 6.700000 0.650000 0.650000
187499.984375 75.360001 0.084000
1.073000 0.050000 0.116600
0.165088 0.091551 0.000510 0.000000
0.000000

0.000000 0.000000 0.347375
0.043549 0.004841 0.734159 4.044799 178.780304
0.000000 0.004251 0.011644 0.000000 0.000000 0.000000
0.000000 0.000019 0.000007
7.727674 1.000000 0.000000
764.299377 0.000000
0.000000 0.000000 0.000000 0.000000
0.000000 0.997657
11 0.015000 1.740000 0.001000
0.487000 0.580000 0.780000 0.490000 1.250000 6.700000 0.650000 0.650000
187499.984375 75.360001 0.084000
1.073000 0.050000 0.116600
0.165098 0.091636 0.000510 0.000000
0.000000

0.000000 0.000000 0.350951
0.043581 0.004845 0.734716 4.047608 178.797592
0.000000 0.004231 0.011608 0.000000 0.000000 0.000000
0.000000 0.000019 0.000007
7.755430 1.000000 0.000000
764.299377 0.000000
0.000000 0.000000 0.000000 0.000000
0.000000 0.997630
11 0.015000 1.755000 0.001000
0.487000 0.580000 0.780000 0.490000 1.250000 6.700000 0.650000 0.650000
187499.984375 75.360001 0.084000
1.073000 0.050000 0.116600
0.165135 0.091542 0.000510 0.000000
0.000000

0.000000 0.000000 0.356852
0.043632 0.004851 0.735596 4.052201 178.815018
0.000000 0.004210 0.011590 0.000000 0.000000 0.000000
0.000000 0.000019 0.000008
7.782564 1.000000 0.000000
764.299377 0.000000
0.000000 0.000000 0.000000 0.000000
0.000000 0.997776
11 0.015000 1.770000 0.001000
0.487000 0.580000 0.780000 0.490000 1.250000 6.700000 0.650000 0.650000
187499.984375 75.360001 0.084000
1.073000 0.050000 0.116600
0.165197 0.091454 0.000509 0.000000
0.000000

0.000000 0.000000 0.358664
0.043648 0.004852 0.735893 4.053574 178.822586
0.000000 0.004188 0.011538 0.000000 0.000000 0.000000
0.000000 0.000019 0.000008
7.809073 1.000000 0.000000
764.299377 0.000000
0.000000 0.000000 0.000000 0.000000
0.000000 0.997618
11 0.015000 1.785000 0.001000
0.487000 0.580000 0.780000 0.490000 1.250000 6.700000 0.650000 0.650000
187499.984375 75.360001 0.084000
1.073000 0.050000 0.116600
0.165213 0.091760 0.000511 0.000000
0.000000

0.000000 0.000000 0.361674
0.043674 0.004855 0.736352 4.055856 178.830597
0.000000 0.004164 0.011500 0.000000 0.000000 0.000000
0.000000 0.000019 0.000008
7.834954 1.000000 0.000000
764.299377 0.000000
0.000000 0.000000 0.000000 0.000000
0.000000 0.997539
11 0.015000 1.800000 0.001000
0.487000 0.580000 0.780000 0.490000 1.250000 6.700000 0.650000 0.650000
187499.984375 75.360001 0.084000
1.073000 0.050000 0.116600
0.165245 0.091533 0.000510 0.000000
0.000000

0.000000 0.000000 0.362611
0.043682 0.004856 0.736524 4.056556 178.836884
0.000000 0.004136 0.011433 0.000000 0.000000 0.000000
0.000000 0.000019 0.000008
7.860205 1.000000 0.000000
764.299377 0.000000
0.000000 0.000000 0.000000 0.000000
0.000000 0.997299
11 0.015000 1.815000 0.001000
0.487000 0.580000 0.780000 0.490000 1.250000 6.700000 0.650000 0.650000
187499.984375 75.360001 0.084000
1.073000 0.050000 0.116600
0.165255 0.091614 0.000510 0.000000
0.000000

0.000000 0.000000 0.364731
0.043700 0.004858 0.736855 4.058128 178.843765
0.000000 0.004111 0.011410 0.000000 0.000000 0.000000
0.000000 0.000019 0.000008
7.884823 1.000000 0.000000
764.299377 0.000000
0.000000 0.000000 0.000000 0.000000
0.000000 0.997148
11 0.015000 1.830000 0.001000
0.487000 0.580000 0.780000 0.490000 1.250000 6.700000 0.650000 0.650000
187499.984375 75.360001 0.084000
1.073000 0.050000 0.116600
0.165275 0.091589 0.000510 0.000000
0.000000

0.000000 0.000000 0.365434
0.043706 0.004859 0.736992 4.058626 178.848846
0.000000 0.004090 0.011379 0.000000 0.000000 0.000000
0.000000 0.000019 0.000008
7.908808 1.000000 0.000000
764.299377 0.000000
0.000000 0.000000 0.000000 0.000000
0.000000 0.996900
11 0.015000 1.845000 0.001000
0.487000 0.580000 0.780000 0.490000 1.250000 6.700000 0.650000 0.650000
187499.984375 75.360001 0.084000
1.073000 0.050000 0.116600
0.165284 0.091672 0.000511 0.000000
0.000000

0.000000 0.000000 0.366198
0.043713 0.004860 0.737137 4.059168 178.853745
0.000000 0.004073 0.011360 0.000000 0.000000 0.000000
0.000000 0.000019 0.000008
7.932158 1.000000 0.000000
764.299377 0.000000
0.000000 0.000000 0.000000 0.000000
0.000000 0.996656
11 0.015000 1.860000 0.001000
0.487000 0.580000 0.780000 0.490000 1.250000 6.700000 0.650000 0.650000
187499.984375 75.360001 0.084000
1.073000 0.050000 0.116600
0.165292 0.091536 0.000510 0.000000
0.000000

0.000000 0.000000 0.367107
0.043720 0.004861 0.737295 4.059789 178.859253
0.000000 0.004056 0.011314 0.000000 0.000000 0.000000
0.000000 0.000019 0.000008
7.954872 1.000000 0.000000
764.299377 0.000000
0.000000 0.000000 0.000000 0.000000
0.000000 0.996431
11 0.015000 1.875000 0.001000
0.487000 0.580000 0.780000 0.490000 1.250000 6.700000 0.650000 0.650000
187499.984375 75.360001 0.084000
1.073000 0.050000 0.116600
0.165301 0.091668 0.000511 0.000000
0.000000

0.000000 0.000000 0.367864
0.043727 0.004861 0.737441 4.060351 178.864609
0.000000 0.004038 0.011257 0.000000 0.000000 0.000000
0.000000 0.000019 0.000008
7.976951 1.000000 0.000000
764.299377 0.000000
0.000000 0.000000 0.000000 0.000000
0.000000 0.996203
11 0.015000 1.890000 0.001000
0.487000 0.580000 0.780000 0.490000 1.250000 6.700000 0.650000 0.650000
187499.984375 75.360001 0.084000
1.073000 0.050000 0.116600
0.165306 0.091861 0.000512 0.000000
0.000000

0.000000 0.000000 0.368679
0.043734 0.004862 0.737592 4.060937 178.870346
0.000000 0.004021 0.011236 0.000000 0.000000 0.000000
0.000000 0.000019 0.000008
7.998395 1.000000 0.000000
764.299377 0.000000
0.000000 0.000000 0.000000 0.000000
0.000000 0.995986
11 0.015000 1.905000 0.001000
0.487000 0.580000 0.780000 0.490000 1.250000 6.700000 0.650000 0.650000
187499.984375 75.360001 0.084000
1.073000 0.050000 0.116600
0.165317 0.091558 0.000510 0.000000
0.000000

0.000000 0.000000 0.369417
0.043741 0.004863 0.737732 4.061477 178.875626
0.000000 0.004004 0.011204 0.000000 0.000000 0.000000
0.000000 0.000019 0.000008
8.019205 1.000000 0.000000
764.299377 0.000000
0.000000 0.000000 0.000000 0.000000
0.000000 0.995773
11 0.015000 1.920000 0.001000
0.487000 0.580000 0.780000 0.490000 1.250000 6.700000 0.650000 0.650000
187499.984375 75.360001 0.084000
1.073000 0.050000 0.116600
0.165324 0.091546 0.000510 0.000000
0.000000

0.000000 0.000000 0.370087
0.043746 0.004863 0.737857 4.061911 178.881256
0.000000 0.003986 0.011175 0.000000 0.000000 0.000000
0.000000 0.000019 0.000008
8.039381 1.000000 0.000000
764.299377 0.000000
0.000000 0.000000 0.000000 0.000000
0.000000 0.995552
11 0.015000 1.935000 0.001000
0.487000 0.580000 0.780000 0.490000 1.250000 6.700000 0.650000 0.650000
187499.984375 75.360001 0.084000
1.073000 0.050000 0.116600
0.165329 0.091628 0.000510 0.000000
0.000000

0.000000 0.000000 0.370754
0.043752 0.004864 0.737987 4.062391 178.886459
0.000000 0.003973 0.011160 0.000000 0.000000 0.000000
0.000000 0.000019 0.000008
8.058926 1.000000 0.000000
764.299377 0.000000
0.000000 0.000000 0.000000 0.000000
0.000000 0.995339
11 0.015000 1.950000 0.001000
0.487000 0.580000 0.780000 0.490000 1.250000 6.700000 0.650000 0.650000
187499.984375 75.360001 0.084000
1.073000 0.050000 0.116600
0.165335 0.091937 0.000512 0.000000
0.000000

0.000000 0.000000 0.371576
0.043758 0.004865 0.738131 4.062937 178.892776
0.000000 0.003955 0.011075 0.000000 0.000000 0.000000
0.000000 0.000019 0.000008
8.077841 1.000000 0.000000
764.299377 0.000000
0.000000 0.000000 0.000000 0.000000
0.000000 0.995145
11 0.015000 1.965000 0.001000
0.487000 0.580000 0.780000 0.490000 1.250000 6.700000 0.650000 0.650000
187499.984375 75.360001 0.084000
1.073000 0.050000 0.116600
0.165346 0.091824 0.000511 0.000000
0.000000

0.000000 0.000000 0.373641
0.043775 0.004867 0.738443 4.064417 178.899963
0.000000 0.003935 0.011038 0.000000 0.000000 0.000000
0.000000 0.000019 0.000009
8.096128 1.000000 0.000000
764.299377 0.000000
0.000000 0.000000 0.000000 0.000000
0.000000 0.995049
11 0.015000 1.980000 0.001000
0.487000 0.580000 0.780000 0.490000 1.250000 6.700000 0.650000 0.650000
187499.984375 75.360001 0.084000
1.073000 0.050000 0.116600
0.165362 0.091851 0.000512 0.000000
0.000000

0.000000 0.000000 0.374701
0.043784 0.004868 0.738621 4.065158 178.905502
0.000000 0.013358 0.011253 0.000000 0.000000 0.000000
0.000000 0.000026 0.000003
8.113794 1.000000 0.000000
764.299377 0.000000
0.000000 0.000000 0.000000 0.000000
0.000000 0.994818
11 0.015000 1.995000 0.001000
0.487000 0.580000 0.780000 0.490000 1.250000 6.700000 0.650000 0.650000
187499.984375 75.360001 0.084000
1.073000 0.050000 0.116600
0.165375 0.091954 0.000512 0.000000
0.000000
1.000000
2.000000
0.321000 0.000000
0.000000
0
-0.750000
0 0
0.000000
1
0.000000
1.000000
1.000000
1.000000
0.000000 0.000000 0.000000
0.000000 0.000000
0.000000 0.000000 0.000000 0.000000 0.000000 0.000000 0.000000
0.000000 0.000000 0.000000 0.000000 0.000000 0.000000 0.000000
240
2.000000
1
C:\Kingsite\dnd\Ohio1.spf
-1.000000 -1.000000
0.000000
50
50
10.000000
102
