11
Clay
0.580000 0.612000 0.084000 0.780000 0.530000 1.000000 0.000000 0.000000
1.020000 6.700000 1 0.028600 0.500000 0.050000 0.010000 0.027000 0.963000
0.000000 0.015000 2.000000 152999.984375 75.360001 133
0.103800 3.528000 4.728100 0.000000 1
8.234000 8.234000 10.000000 5.000000 25.000000 100.000000
0.000000 0.000000 0.025457 0.000000 95.488388 141.279572
500.000000 0.000000 0.000000

0.217398 232.494629 594.845825
5.411893 0.655153 114.717171 705.531372 3843.978516
0.000000 0.135768 0.016374 0.848627 0.000000 0.000000
0.000000 0.000000 0.000000
0.000000 0.082210 63.125996
764.299377 0.000000
3.127197 0.000000 0.000000 0.000000
0.000000 0.675393
11 0.015000 0.015000 0.028600
0.612000 0.580000 0.780000 0.530000 1.020000 6.700000 0.780000 0.780000
152999.984375 75.360001 0.084000
1.073000 0.050000 0.116600
2.986789 3.118791 0.002198 0.000000
0.000000

0.217457 24.990444 30.573795
3.437163 0.402311 77.650017 470.819275 3901.668213
0.000000 0.027980 0.206667 0.499431 0.000000 0.000000
0.000001 0.000000 0.000000
0.000000 0.339026 39.550282
764.299377 0.000000
1.804427 0.000000 0.000000 0.000000
0.000000 0.194772
11 0.015000 0.030000 0.028600
0.612000 0.580000 0.780000 0.530000 1.020000 6.700000 0.780000 0.780000
152999.984375 75.360001 0.084000
1.073000 0.050000 0.116600
3.039159 4.001100 0.011627 0.000000
0.000000

0.205325 21.511499 18.789627
3.488915 0.397417 77.518753 466.544067 3902.003418
0.000000 0.027049 0.197950 0.249715 0.000000 0.000000
0.000001 0.000000 0.000000
0.000000 0.519512 22.981636
764.299377 0.000000
1.700233 0.000000 0.000000 0.000000
0.000000 0.207251
11 0.015000 0.045000 0.028600
0.612000 0.580000 0.780000 0.530000 1.020000 6.700000 0.780000 0.780000
152999.984375 75.360001 0.084000
1.073000 0.050000 0.116600
3.042822 4.839347 0.021550 0.000000
0.000000

0.193354 19.926935 18.108679
3.588059 0.398954 77.848465 466.241119 3902.227783
0.000000 0.026437 0.187237 0.124858 0.000000 0.000000
0.000001 0.000000 0.000000
0.000000 0.703225 6.116768
764.299377 0.000000
1.604459 0.000000 0.000000 0.000000
0.000000 0.218048
11 0.015000 0.060000 0.028600
0.612000 0.580000 0.780000 0.530000 1.020000 6.700000 0.780000 0.780000
152999.984375 75.360001 0.084000
1.073000 0.050000 0.116600
3.045366 5.566714 0.033556 0.000000
0.000000

0.181310 18.444906 17.332069
3.671263 0.408210 78.081642 465.938171 3902.393555
0.000000 0.024264 0.177474 0.062429 0.000000 0.000000
0.000001 0.000037 0.000025
0.277575 0.769857 0.000000
764.299377 0.000000
1.507933 0.000000 0.000000 0.000000
0.000000 0.185191
11 0.015000 0.075000 0.028600
0.612000 0.580000 0.780000 0.530000 1.020000 6.700000 0.780000 0.780000
152999.984375 75.360001 0.084000
1.073000 0.050000 0.116600
3.047259 6.320498 0.041844 0.000000
0.000000

0.169407 17.047394 16.579794
3.739781 0.415847 78.229492 465.522858 3902.555420
0.000000 0.022179 0.170306 0.031214 0.000000 0.000000
0.000001 0.000035 0.000035
0.342829 0.769857 0.000000
764.299377 0.000000
1.429551 0.000000 0.000000 0.000000
0.000000 0.180931
11 0.015000 0.090000 0.028600
0.612000 0.580000 0.780000 0.530000 1.020000 6.700000 0.780000 0.780000
152999.984375 75.360001 0.084000
1.073000 0.050000 0.116600
3.048612 6.906848 0.046640 0.000000
0.000000

0.158340 15.798819 96.893425
3.968042 0.441270 80.770134 479.517517 3899.869385
0.000000 0.016833 0.162879 0.015607 0.000000 0.000000
0.000000 0.000042 0.000077
0.411811 0.769857 0.000000
764.299377 0.000000
1.382533 0.000000 0.000000 0.000000
0.000000 0.181378
11 0.015000 0.105000 0.028600
0.612000 0.580000 0.780000 0.530000 1.020000 6.700000 0.780000 0.780000
152999.984375 75.360001 0.084000
1.073000 0.050000 0.116600
3.082622 7.392988 0.052398 0.000000
0.000000

0.145710 14.321912 82.966209
1.684224 0.187301 32.613705 193.396362 2921.409912
0.000000 0.004843 0.063867 0.007804 0.000000 0.000000
0.000000 0.000009 0.000025
0.477523 0.638766 0.000000
764.299377 0.000000
0.533843 0.000000 0.000000 0.000000
0.000000 0.207612
11 0.015000 0.120000 0.018000
0.547000 0.580000 0.780000 0.490000 1.150000 6.700000 0.650000 0.650000
172500.000000 75.360001 0.084000
1.073000 0.050000 0.116600
2.614149 9.482297 0.044663 0.000000
0.000000

0.135706 13.236831 77.651299
1.650898 0.197610 31.077612 183.920853 2922.071777
0.000000 0.001867 0.055038 0.003902 0.000000 0.000000
0.000000 0.000000 0.000032
0.549178 0.638765 0.000000
764.299377 0.000000
0.439922 0.000000 0.000000 0.000000
0.000000 0.203826
11 0.015000 0.135000 0.018000
0.547000 0.580000 0.780000 0.490000 1.150000 6.700000 0.650000 0.650000
172500.000000 75.360001 0.084000
1.073000 0.050000 0.116600
2.617561 10.053531 0.047598 0.000000
0.000000

0.126380 12.243960 72.732506
1.599232 0.185150 29.623669 175.045364 2922.780029
0.000000 0.001544 0.049772 0.001951 0.000000 0.000000
0.000000 0.000000 0.000034
0.621805 0.638765 0.000000
764.299377 0.000000
0.396968 0.000000 0.000000 0.000000
0.000000 0.201332
11 0.015000 0.150000 0.018000
0.547000 0.580000 0.780000 0.490000 1.150000 6.700000 0.650000 0.650000
172500.000000 75.360001 0.084000
1.073000 0.050000 0.116600
2.620557 11.697154 0.056213 0.000000
0.000000

0.120716 26.006229 69.237663
1.576635 0.175355 29.209143 172.087372 2923.482666
0.000000 0.000871 0.045023 0.000975 0.000000 0.000000
0.000000 0.000000 0.000035
0.695384 0.638766 0.000000
764.299377 0.000000
0.364397 0.000000 0.000000 0.000000
0.000000 0.247804
11 0.015000 0.165000 0.018000
0.547000 0.580000 0.780000 0.490000 1.150000 6.700000 0.650000 0.650000
172500.000000 75.360001 0.084000
1.073000 0.050000 0.116600
2.623267 17.253952 0.087357 0.000000
0.000000

0.111876 24.237122 65.029991
1.543346 0.171679 27.870268 164.053101 2924.214355
0.000000 0.000498 0.038553 0.000488 0.000000 0.000000
0.000000 0.000000 0.000034
0.769895 0.638766 0.000000
764.299377 0.000000
0.313523 0.000000 0.000000 0.000000
0.000000 0.265866
11 0.015000 0.180000 0.018000
0.547000 0.580000 0.780000 0.490000 1.150000 6.700000 0.650000 0.650000
172500.000000 75.360001 0.084000
1.073000 0.050000 0.116600
2.626141 11.162716 0.053387 0.000000
0.000000

0.103856 22.613468 61.009106
1.502476 0.167137 26.629835 156.581711 2924.814697
0.000000 0.000334 0.032767 0.000244 0.000000 0.000000
0.000000 0.000000 0.000033
0.845312 0.638766 0.000000
764.299377 0.000000
0.267097 0.000000 0.000000 0.000000
0.000000 0.265488
11 0.015000 0.195000 0.018000
0.547000 0.580000 0.780000 0.490000 1.150000 6.700000 0.650000 0.650000
172500.000000 75.360001 0.084000
1.073000 0.050000 0.116600
2.628610 9.805100 0.046320 0.000000
0.000000

0.092923 20.602474 55.206467
1.457778 0.162170 25.324734 149.224655 2923.022705
0.000000 0.000290 0.027467 0.000122 0.000000 0.000000
0.000000 0.000000 0.000031
0.921306 0.650000 0.000000
764.299377 0.000000
0.223365 0.000000 0.000000 0.000000
0.000000 0.261094
11 0.015000 0.210000 0.018000
0.547000 0.580000 0.780000 0.490000 1.150000 6.700000 0.650000 0.650000
172500.000000 75.360001 0.084000
1.073000 0.050000 0.116600
2.623059 7.237255 0.034003 0.000000
0.000000

0.086226 19.143143 53.257298
1.148085 0.127723 19.419092 114.333458 1527.407837
0.000000 0.000005 0.017516 0.000061 0.000000 0.000000
0.000000 0.000000 0.000000
0.998510 0.650000 0.000000
764.299377 0.000000
0.147745 0.000000 0.000000 0.000000
0.000000 0.259836
11 0.015000 0.225000 0.009000
0.527000 0.580000 0.780000 0.490000 1.200000 6.700000 0.650000 0.650000
180000.015625 75.360001 0.084000
1.073000 0.050000 0.116600
1.369259 7.098631 0.030676 0.000000
0.000000

0.079978 17.775833 49.092167
1.165114 0.180416 18.435812 108.467468 1527.399170
0.000000 0.000000 0.000120 0.000030 0.000000 0.000000
0.000000 0.000000 0.000000
1.077236 0.650000 0.000000
764.299377 0.000000
0.002403 0.000000 0.000000 0.000000
0.000000 0.250281
11 0.015000 0.240000 0.009000
0.527000 0.580000 0.780000 0.490000 1.200000 6.700000 0.650000 0.650000
180000.015625 75.360001 0.084000
1.073000 0.050000 0.116600
1.369906 6.696942 0.028843 0.000000
0.000000

0.074155 16.524372 45.467918
1.115026 0.161455 17.508034 102.950218 1527.414429
0.000000 0.000000 0.000120 0.000015 0.000000 0.000000
0.000000 0.000000 0.000000
1.156786 0.650000 0.000000
764.299377 0.000000
0.000855 0.000000 0.000000 0.000000
0.000000 0.240401
11 0.015000 0.255000 0.009000
0.527000 0.580000 0.780000 0.490000 1.200000 6.700000 0.650000 0.650000
180000.015625 75.360001 0.084000
1.073000 0.050000 0.116600
1.370519 6.338429 0.027217 0.000000
0.000000

0.068748 15.350194 42.165054
1.070382 0.147054 16.643272 97.801956 1527.391724
0.000000 0.000000 0.000121 0.000008 0.000000 0.000000
0.000000 0.000000 0.000000
1.237130 0.650000 0.000000
764.299377 0.000000
0.000000 0.000000 0.000000 0.000000
0.000000 0.239180
11 0.015000 0.270000 0.009000
0.527000 0.580000 0.780000 0.490000 1.200000 6.700000 0.650000 0.650000
180000.015625 75.360001 0.084000
1.073000 0.050000 0.116600
1.371062 6.015055 0.025759 0.000000
0.000000

0.063698 14.264628 39.141487
1.028434 0.133558 15.836689 93.008362 1527.408081
0.000000 0.000000 0.000092 0.000004 0.000000 0.000000
0.000000 0.000000 0.000000
1.318234 0.650000 0.000000
764.299377 0.000000
0.000000 0.000000 0.000000 0.000000
0.000000 0.238046
11 0.015000 0.285000 0.009000
0.527000 0.580000 0.780000 0.490000 1.200000 6.700000 0.650000 0.650000
180000.015625 75.360001 0.084000
1.073000 0.050000 0.116600
1.371537 5.631528 0.024040 0.000000
0.000000

0.059029 13.257250 36.373543
0.989615 0.121264 15.085678 88.552505 1527.424683
0.000000 0.000000 0.000125 0.000002 0.000000 0.000000
0.000000 0.000000 0.000000
1.400063 0.650000 0.000000
764.299377 0.000000
0.000000 0.000000 0.000000 0.000000
0.000000 0.236022
11 0.015000 0.300000 0.009000
0.527000 0.580000 0.780000 0.490000 1.200000 6.700000 0.650000 0.650000
180000.015625 75.360001 0.084000
1.073000 0.050000 0.116600
1.372033 5.280599 0.022476 0.000000
0.000000

0.054711 12.315126 33.775043
0.954049 0.110079 14.389025 84.422920 1527.425659
0.000000 0.000000 0.000109 0.000001 0.000000 0.000000
0.000000 0.000000 0.000001
1.482582 0.650000 0.000000
764.299377 0.000000
0.000000 0.000000 0.000000 0.000000
0.000000 0.235274
11 0.015000 0.315000 0.009000
0.527000 0.580000 0.780000 0.490000 1.200000 6.700000 0.650000 0.650000
180000.015625 75.360001 0.084000
1.073000 0.050000 0.116600
1.372495 4.700490 0.019912 0.000000
0.000000

0.050662 11.437864 31.900669
0.832127 0.092625 12.477602 73.179352 1167.504395
0.000000 0.000000 0.000083 0.000000 0.000000 0.000000
0.000000 0.000000 0.000000
1.566868 0.650000 0.000000
764.299377 0.000000
0.000000 0.000000 0.000000 0.000000
0.000000 0.221355
11 0.015000 0.330000 0.006600
0.497000 0.580000 0.780000 0.490000 1.250000 6.700000 0.650000 0.650000
187499.984375 75.360001 0.084000
1.073000 0.050000 0.116600
1.048750 4.613176 0.017652 0.000000
0.000000

0.046918 10.620537 29.555628
0.797701 0.088803 11.879225 69.643005 1167.438232
0.000000 0.000000 0.000097 0.000000 0.000000 0.000000
0.000000 0.000000 0.000000
1.652927 0.650000 0.000000
764.299377 0.000000
0.000000 0.000000 0.000000 0.000000
0.000000 0.221677
11 0.015000 0.345000 0.006600
0.497000 0.580000 0.780000 0.490000 1.250000 6.700000 0.650000 0.650000
187499.984375 75.360001 0.084000
1.073000 0.050000 0.116600
1.049065 4.286802 0.016361 0.000000
0.000000

0.043485 9.865427 27.385244
0.764438 0.085105 11.323841 66.359985 1167.440674
0.000000 0.000000 0.000132 0.000000 0.000000 0.000000
0.000000 0.000000 0.000002
1.739584 0.650000 0.000000
764.299377 0.000000
0.000000 0.000000 0.000000 0.000000
0.000000 0.219754
11 0.015000 0.360000 0.006600
0.497000 0.580000 0.780000 0.490000 1.250000 6.700000 0.650000 0.650000
187499.984375 75.360001 0.084000
1.073000 0.050000 0.116600
1.049377 4.018526 0.015306 0.000000
0.000000

0.040291 9.160122 25.361952
0.730072 0.081286 10.806087 63.306664 1167.432983
0.000000 0.000025 0.000610 0.000000 0.000000 0.000000
0.000000 0.000000 0.000013
1.826800 0.650000 0.000000
764.299377 0.000000
0.000000 0.000000 0.000000 0.000000
0.000000 0.212006
11 0.015000 0.375000 0.006600
0.497000 0.580000 0.780000 0.490000 1.250000 6.700000 0.650000 0.650000
187499.984375 75.360001 0.084000
1.073000 0.050000 0.116600
1.049592 3.733076 0.014186 0.000000
0.000000

0.037328 8.506489 23.508682
0.698048 0.077727 10.325104 60.467731 1167.418823
0.000000 0.000105 0.001034 0.000000 0.000000 0.000000
0.000000 0.000000 0.000014
1.914538 0.650000 0.000000
764.299377 0.000000
0.000000 0.000000 0.000000 0.000000
0.000000 0.204354
11 0.015000 0.390000 0.006600
0.497000 0.580000 0.780000 0.490000 1.250000 6.700000 0.650000 0.650000
187499.984375 75.360001 0.084000
1.073000 0.050000 0.116600
1.049823 3.283504 0.012434 0.000000
0.000000

0.034581 7.898675 21.791735
0.668130 0.074402 9.877875 57.829197 1167.441772
0.000000 0.000214 0.001464 0.000000 0.000000 0.000000
0.000000 0.000000 0.000015
2.002760 0.650000 0.000000
764.299377 0.000000
0.000000 0.000000 0.000000 0.000000
0.000000 0.196689
11 0.015000 0.405000 0.006600
0.497000 0.580000 0.780000 0.490000 1.250000 6.700000 0.650000 0.650000
187499.984375 75.360001 0.084000
1.073000 0.050000 0.116600
1.050016 2.985499 0.011279 0.000000
0.000000

0.032031 7.328241 21.880831
0.499719 0.055653 7.366883 43.117264 584.471130
0.000000 0.000000 0.000078 0.000000 0.000000 0.000000
0.000000 0.000000 0.000000
2.091837 0.650000 0.000000
764.299377 0.000000
0.000000 0.000000 0.000000 0.000000
0.000000 0.170778
11 0.015000 0.420000 0.003300
0.487000 0.580000 0.780000 0.490000 1.250000 6.700000 0.650000 0.650000
187499.984375 75.360001 0.084000
1.073000 0.050000 0.116600
0.525092 2.738848 0.010120 0.000000
0.000000

0.029668 6.801936 20.005268
0.476296 0.053049 6.997456 40.945492 584.413025
0.000000 0.000000 0.000080 0.000000 0.000000 0.000000
0.000000 0.000000 0.000000
2.181734 0.650000 0.000000
764.299377 0.000000
0.000000 0.000000 0.000000 0.000000
0.000000 0.165366
11 0.015000 0.435000 0.003300
0.487000 0.580000 0.780000 0.490000 1.250000 6.700000 0.650000 0.650000
187499.984375 75.360001 0.084000
1.073000 0.050000 0.116600
0.525175 2.495667 0.009204 0.000000
0.000000

0.027478 6.312658 18.323423
0.459271 0.051157 6.651382 38.910545 584.391785
0.000000 0.000000 0.000080 0.000000 0.000000 0.000000
0.000000 0.000000 0.000000
2.272002 0.650000 0.000000
764.299377 0.000000
0.000000 0.000000 0.000000 0.000000
0.000000 0.168234
11 0.015000 0.450000 0.003300
0.487000 0.580000 0.780000 0.490000 1.250000 6.700000 0.650000 0.650000
187499.984375 75.360001 0.084000
1.073000 0.050000 0.116600
0.525256 2.289880 0.008431 0.000000
0.000000

0.025452 5.859477 16.809908
0.440025 0.049017 6.328662 37.013554 584.339844
0.000000 0.000004 0.000451 0.000000 0.000000 0.000000
0.000000 0.000000 0.000004
2.362606 0.650000 0.000000
764.299377 0.000000
0.000000 0.000000 0.000000 0.000000
0.000000 0.165119
11 0.015000 0.465000 0.003300
0.487000 0.580000 0.780000 0.490000 1.250000 6.700000 0.650000 0.650000
187499.984375 75.360001 0.084000
1.073000 0.050000 0.116600
0.525324 2.060872 0.007575 0.000000
0.000000

0.023576 5.438658 15.446754
0.419188 0.046700 6.027933 35.246407 584.289612
0.000000 0.000072 0.001219 0.000000 0.000000 0.000000
0.000000 0.000000 0.000009
2.453512 0.650000 0.000000
764.299377 0.000000
0.000000 0.000000 0.000000 0.000000
0.000000 0.157295
11 0.015000 0.480000 0.003300
0.487000 0.580000 0.780000 0.490000 1.250000 6.700000 0.650000 0.650000
187499.984375 75.360001 0.084000
1.073000 0.050000 0.116600
0.525406 1.887635 0.006929 0.000000
0.000000

0.021838 5.047144 14.209106
0.399653 0.044527 5.747359 33.598099 584.267517
0.000000 0.000193 0.002004 0.000000 0.000000 0.000000
0.000000 0.000000 0.000009
2.544684 0.650000 0.000000
764.299377 0.000000
0.000000 0.000000 0.000000 0.000000
0.000000 0.149764
11 0.015000 0.495000 0.003300
0.487000 0.580000 0.780000 0.490000 1.250000 6.700000 0.650000 0.650000
187499.984375 75.360001 0.084000
1.073000 0.050000 0.116600
0.525483 1.725466 0.006325 0.000000
0.000000

0.020228 4.684032 13.080748
0.381361 0.042492 5.485804 32.062443 584.246948
0.000000 0.000333 0.002792 0.000000 0.000000 0.000000
0.000000 0.000000 0.000010
2.636090 0.650000 0.000000
764.299377 0.000000
0.000000 0.000000 0.000000 0.000000
0.000000 0.142534
11 0.015000 0.510000 0.003300
0.487000 0.580000 0.780000 0.490000 1.250000 6.700000 0.650000 0.650000
187499.984375 75.360001 0.084000
1.073000 0.050000 0.116600
0.525548 1.584635 0.005803 0.000000
0.000000

0.018737 4.347263 18.698996
0.245006 0.027301 3.494922 20.422770 177.591522
0.000000 0.000000 0.000046 0.000000 0.000000 0.000000
0.000000 0.000000 0.000000
2.727696 0.650000 0.000000
764.299377 0.000000
0.000000 0.000000 0.000000 0.000000
0.000000 0.114351
11 0.015000 0.525000 0.001000
0.487000 0.580000 0.780000 0.490000 1.250000 6.700000 0.650000 0.650000
187499.984375 75.360001 0.084000
1.073000 0.050000 0.116600
0.159274 1.426599 0.005218 0.000000
0.000000

0.017357 4.034432 16.856529
0.232506 0.025910 3.312991 19.356119 177.556259
0.000000 0.000000 0.000043 0.000000 0.000000 0.000000
0.000000 0.000000 0.000000
2.819471 0.650000 0.000000
764.299377 0.000000
0.000000 0.000000 0.000000 0.000000
0.000000 0.107345
11 0.015000 0.540000 0.001000
0.487000 0.580000 0.780000 0.490000 1.250000 6.700000 0.650000 0.650000
187499.984375 75.360001 0.084000
1.073000 0.050000 0.116600
0.159292 1.298645 0.004745 0.000000
0.000000

0.016079 3.744265 15.325166
0.220360 0.024559 3.135350 18.315092 177.509750
0.000000 0.000000 0.000042 0.000000 0.000000 0.000000
0.000000 0.000000 0.000000
2.911382 0.650000 0.000000
764.299377 0.000000
0.000000 0.000000 0.000000 0.000000
0.000000 0.100950
11 0.015000 0.555000 0.001000
0.487000 0.580000 0.780000 0.490000 1.250000 6.700000 0.650000 0.650000
187499.984375 75.360001 0.084000
1.073000 0.050000 0.116600
0.159313 1.128550 0.004118 0.000000
0.000000

0.014896 3.475148 13.693891
0.209766 0.023380 2.980504 17.407621 177.480286
0.000000 0.000000 0.000042 0.000000 0.000000 0.000000
0.000000 0.000000 0.000000
3.003401 0.650000 0.000000
764.299377 0.000000
0.000000 0.000000 0.000000 0.000000
0.000000 0.095240
11 0.015000 0.570000 0.001000
0.487000 0.580000 0.780000 0.490000 1.250000 6.700000 0.650000 0.650000
187499.984375 75.360001 0.084000
1.073000 0.050000 0.116600
0.159327 0.993568 0.003622 0.000000
0.000000

0.013802 3.229184 12.642569
0.198391 0.022113 2.813004 16.426752 177.452011
0.000000 0.000000 0.000042 0.000000 0.000000 0.000000
0.000000 0.000000 0.000000
3.095496 0.650000 0.000000
764.299377 0.000000
0.000000 0.000000 0.000000 0.000000
0.000000 0.090033
11 0.015000 0.585000 0.001000
0.487000 0.580000 0.780000 0.490000 1.250000 6.700000 0.650000 0.650000
187499.984375 75.360001 0.084000
1.073000 0.050000 0.116600
0.159348 0.883027 0.003216 0.000000
0.000000

0.012787 2.998692 11.982300
0.186824 0.020826 2.641787 15.424558 177.418243
0.000000 0.000000 0.000040 0.000000 0.000000 0.000000
0.000000 0.000000 0.000000
3.187639 0.650000 0.000000
764.299377 0.000000
0.000000 0.000000 0.000000 0.000000
0.000000 0.085624
11 0.015000 0.600000 0.001000
0.487000 0.580000 0.780000 0.490000 1.250000 6.700000 0.650000 0.650000
187499.984375 75.360001 0.084000
1.073000 0.050000 0.116600
0.159364 0.792919 0.002886 0.000000
0.000000

0.011846 2.782198 10.642744
0.186569 0.020798 2.519432 14.708059 177.385864
0.000000 0.000000 0.000040 0.000000 0.000000 0.000000
0.000000 0.000000 0.000000
3.279802 0.650000 0.000000
764.299377 0.000000
0.000000 0.000000 0.000000 0.000000
0.000000 0.096761
11 0.015000 0.615000 0.001000
0.487000 0.580000 0.780000 0.490000 1.250000 6.700000 0.650000 0.650000
187499.984375 75.360001 0.084000
1.073000 0.050000 0.116600
0.159380 0.719947 0.002619 0.000000
0.000000

0.010976 2.581922 9.154580
0.180063 0.020073 2.419676 14.123693 177.369446
0.000000 0.000029 0.001366 0.000000 0.000000 0.000000
0.000000 0.000000 0.000004
3.371958 0.650000 0.000000
764.299377 0.000000
0.000000 0.000000 0.000000 0.000000
0.000000 0.094654
11 0.015000 0.630000 0.001000
0.487000 0.580000 0.780000 0.490000 1.250000 6.700000 0.650000 0.650000
187499.984375 75.360001 0.084000
1.073000 0.050000 0.116600
0.159390 0.647512 0.002354 0.000000
0.000000

0.010170 2.396453 7.557703
0.171871 0.019162 2.337019 13.639340 177.359848
0.000000 0.000368 0.007193 0.000000 0.000000 0.000000
0.000000 0.000000 0.000004
3.464078 0.650000 0.000000
764.299377 0.000000
0.000000 0.000000 0.000000 0.000000
0.000000 0.087588
11 0.015000 0.645000 0.001000
0.487000 0.580000 0.780000 0.490000 1.250000 6.700000 0.650000 0.650000
187499.984375 75.360001 0.084000
1.073000 0.050000 0.116600
0.159403 0.850242 0.003096 0.000000
0.000000

0.009460 2.228554 6.380524
0.163714 0.018254 2.245504 13.098706 177.347107
0.000000 0.000536 0.009066 0.000000 0.000000 0.000000
0.000000 0.000001 0.000003
3.556138 0.650000 0.000000
764.299377 0.000000
0.000000 0.000000 0.000000 0.000000
0.000000 0.081353
11 0.015000 0.660000 0.001000
0.487000 0.580000 0.780000 0.490000 1.250000 6.700000 0.650000 0.650000
187499.984375 75.360001 0.084000
1.073000 0.050000 0.116600
0.159439 0.915268 0.003334 0.000000
0.000000

0.008779 2.073771 5.716139
0.155526 0.017342 2.140573 12.480475 177.336121
0.000000 0.000875 0.010675 0.000000 0.000000 0.000000
0.000000 0.000002 0.000002
3.648110 0.650000 0.000000
764.299377 0.000000
0.000000 0.000000 0.000000 0.000000
0.000000 0.076854
11 0.015000 0.675000 0.001000
0.487000 0.580000 0.780000 0.490000 1.250000 6.700000 0.650000 0.650000
187499.984375 75.360001 0.084000
1.073000 0.050000 0.116600
0.159490 0.946346 0.003448 0.000000
0.000000

0.008204 1.931137 5.274327
0.147611 0.016460 2.034610 11.853134 177.320465
0.000000 0.001865 0.012661 0.000000 0.000000 0.000000
0.000000 0.000003 0.000001
3.739972 0.650000 0.000000
764.299377 0.000000
0.000000 0.000000 0.000000 0.000000
0.000000 0.076145
11 0.015000 0.690000 0.001000
0.487000 0.580000 0.780000 0.490000 1.250000 6.700000 0.650000 0.650000
187499.984375 75.360001 0.084000
1.073000 0.050000 0.116600
0.159543 0.884958 0.003223 0.000000
0.000000

0.007626 1.793523 4.901478
0.140163 0.015631 1.933788 11.262842 177.310028
0.000000 0.012407 0.015367 0.000000 0.000000 0.000000
0.000000 0.000003 0.000000
3.831697 0.650000 0.000000
764.299377 0.000000
0.000000 0.000000 0.000000 0.000000
0.000000 0.080394
11 0.015000 0.705000 0.001000
0.487000 0.580000 0.780000 0.490000 1.250000 6.700000 0.650000 0.650000
187499.984375 75.360001 0.084000
1.073000 0.050000 0.116600
0.159590 0.978034 0.003565 0.000000
0.000000

0.007174 1.677118 4.591824
0.133330 0.014870 1.841359 10.710716 177.305099
0.000000 0.183965 0.017176 0.000000 0.000000 0.000000
0.000000 0.000000 0.000000
3.923261 0.650000 0.000000
764.299377 0.000000
0.000000 0.000000 0.000000 0.000000
0.000000 0.703894
11 0.015000 0.720000 0.001000
0.487000 0.580000 0.780000 0.490000 1.250000 6.700000 0.650000 0.650000
187499.984375 75.360001 0.084000
1.073000 0.050000 0.116600
0.159700 1.129089 0.004120 0.000000
0.000000

0.006820 1.600975 4.420975
0.127492 0.014219 1.762758 10.203255 177.351532
0.000000 1.543167 0.020743 0.000000 0.000000 0.000000
0.000000 0.000000 0.000000
4.014642 0.650000 0.000000
764.299377 0.000000
0.000000 0.000000 0.000000 0.000000
0.000000 14.780561
11 0.015000 0.735000 0.001000
0.487000 0.580000 0.780000 0.490000 1.250000 6.700000 0.650000 0.650000
187499.984375 75.360001 0.084000
1.073000 0.050000 0.116600
0.160115 1.056095 0.003852 0.000000
0.000000

0.000000 0.292100 5.862742
0.077110 0.008583 1.206451 6.672222 178.028107
0.000000 1.753928 0.015679 0.000000 0.000000 0.000000
0.000000 0.000000 0.000000
4.096903 0.989266 0.000000
764.299377 0.000000
0.000000 0.000000 0.000000 0.000000
0.000000 2.539701
11 0.015000 0.750000 0.001000
0.487000 0.580000 0.780000 0.490000 1.250000 6.700000 0.650000 0.650000
187499.984375 75.360001 0.084000
1.073000 0.050000 0.116600
0.163441 0.136047 0.000750 0.000000
0.000000

0.000000 0.304922 5.820457
0.073882 0.008222 1.163464 6.410888 178.201828
0.000000 1.274264 0.014227 0.000000 0.000000 0.000000
0.000000 0.000000 0.000000
4.171387 1.000000 0.000000
764.299377 0.000000
0.000000 0.000000 0.000000 0.000000
0.000000 1.351031
11 0.015000 0.765000 0.001000
0.487000 0.580000 0.780000 0.490000 1.250000 6.700000 0.650000 0.650000
187499.984375 75.360001 0.084000
1.073000 0.050000 0.116600
0.163929 0.124103 0.000691 0.000000
0.000000

0.000000 0.295633 5.518232
0.071557 0.007964 1.127462 6.211768 178.239410
0.000000 0.711799 0.013041 0.000000 0.000000 0.000000
0.000000 0.000000 0.000000
4.245396 1.000000 0.000000
764.299377 0.000000
0.000000 0.000000 0.000000 0.000000
0.000000 1.303701
11 0.015000 0.780000 0.001000
0.487000 0.580000 0.780000 0.490000 1.250000 6.700000 0.650000 0.650000
187499.984375 75.360001 0.084000
1.073000 0.050000 0.116600
0.164036 0.111664 0.000622 0.000000
0.000000

0.000000 0.275642 5.199625
0.069753 0.007763 1.101046 6.065545 178.351181
0.000000 0.351404 0.012342 0.000000 0.000000 0.000000
0.000000 0.000001 0.000000
4.319104 1.000000 0.000000
764.299377 0.000000
0.000000 0.000000 0.000000 0.000000
0.000000 1.280882
11 0.015000 0.795000 0.001000
0.487000 0.580000 0.780000 0.490000 1.250000 6.700000 0.650000 0.650000
187499.984375 75.360001 0.084000
1.073000 0.050000 0.116600
0.164351 0.104544 0.000582 0.000000
0.000000

0.000000 0.256372 4.854051
0.067874 0.007554 1.073766 5.914601 178.358154
0.000000 0.170765 0.011386 0.000000 0.000000 0.000000
0.000000 0.000001 0.000000
4.392490 1.000000 0.000000
764.299377 0.000000
0.000000 0.000000 0.000000 0.000000
0.000000 1.273776
11 0.015000 0.810000 0.001000
0.487000 0.580000 0.780000 0.490000 1.250000 6.700000 0.650000 0.650000
187499.984375 75.360001 0.084000
1.073000 0.050000 0.116600
0.164374 0.104677 0.000583 0.000000
0.000000

0.000000 0.238843 4.540254
0.066127 0.007360 1.048363 5.774025 178.367691
0.000000 0.084997 0.010149 0.000000 0.000000 0.000000
0.000000 0.000003 0.000000
4.465536 1.000000 0.000000
764.299377 0.000000
0.000000 0.000000 0.000000 0.000000
0.000000 1.296195
11 0.015000 0.825000 0.001000
0.487000 0.580000 0.780000 0.490000 1.250000 6.700000 0.650000 0.650000
187499.984375 75.360001 0.084000
1.073000 0.050000 0.116600
0.164404 0.103243 0.000575 0.000000
0.000000

0.000000 0.222599 4.249754
0.064509 0.007180 1.024884 5.644112 178.376892
0.000000 0.041731 0.008494 0.000000 0.000000 0.000000
0.000000 0.000005 0.000000
4.538221 1.000000 0.000000
764.299377 0.000000
0.000000 0.000000 0.000000 0.000000
0.000000 1.368473
11 0.015000 0.840000 0.001000
0.487000 0.580000 0.780000 0.490000 1.250000 6.700000 0.650000 0.650000
187499.984375 75.360001 0.084000
1.073000 0.050000 0.116600
0.164441 0.102666 0.000572 0.000000
0.000000

0.000000 0.206976 3.972413
0.063011 0.007013 1.003322 5.524789 178.383774
0.000000 0.018739 0.005994 0.000000 0.000000 0.000000
0.000000 0.000010 0.000001
4.610528 1.000000 0.000000
764.299377 0.000000
0.000000 0.000000 0.000000 0.000000
0.000000 1.406928
11 0.015000 0.855000 0.001000
0.487000 0.580000 0.780000 0.490000 1.250000 6.700000 0.650000 0.650000
187499.984375 75.360001 0.084000
1.073000 0.050000 0.116600
0.164465 0.112240 0.000625 0.000000
0.000000

0.000000 0.000000 0.367791
0.043989 0.004896 0.737782 4.062124 178.679565
0.000000 0.008965 0.015577 0.000000 0.000000 0.000000
0.000000 0.000015 0.000002
4.682436 1.000000 0.000000
764.299377 0.000000
0.000000 0.000000 0.000000 0.000000
0.000000 1.035116
11 0.015000 0.870000 0.001000
0.487000 0.580000 0.780000 0.490000 1.250000 6.700000 0.650000 0.650000
187499.984375 75.360001 0.084000
1.073000 0.050000 0.116600
0.165308 0.089595 0.000499 0.000000
0.000000

0.000000 0.000000 0.369636
0.044008 0.004898 0.738091 4.063409 178.685928
0.000000 0.005812 0.015672 0.000000 0.000000 0.000000
0.000000 0.000014 0.000002
4.753928 1.000000 0.000000
764.299377 0.000000
0.000000 0.000000 0.000000 0.000000
0.000000 1.034541
11 0.015000 0.885000 0.001000
0.487000 0.580000 0.780000 0.490000 1.250000 6.700000 0.650000 0.650000
187499.984375 75.360001 0.084000
1.073000 0.050000 0.116600
0.165325 0.089745 0.000500 0.000000
0.000000

0.000000 0.000000 0.370863
0.044022 0.004900 0.738318 4.064262 178.693146
0.000000 0.006930 0.015809 0.000000 0.000000 0.000000
0.000000 0.000015 0.000002
4.824986 1.000000 0.000000
764.299377 0.000000
0.000000 0.000000 0.000000 0.000000
0.000000 1.034099
11 0.015000 0.900000 0.001000
0.487000 0.580000 0.780000 0.490000 1.250000 6.700000 0.650000 0.650000
187499.984375 75.360001 0.084000
1.073000 0.050000 0.116600
0.165337 0.089606 0.000499 0.000000
0.000000

0.000000 0.000000 0.371941
0.044034 0.004901 0.738526 4.064994 178.701935
0.000000 0.011485 0.015857 0.000000 0.000000 0.000000
0.000000 0.000015 0.000001
4.895591 1.000000 0.000000
764.299377 0.000000
0.000000 0.000000 0.000000 0.000000
0.000000 1.033671
11 0.015000 0.915000 0.001000
0.487000 0.580000 0.780000 0.490000 1.250000 6.700000 0.650000 0.650000
187499.984375 75.360001 0.084000
1.073000 0.050000 0.116600
0.165349 0.089653 0.000499 0.000000
0.000000

0.000000 0.000000 0.372980
0.044046 0.004903 0.738723 4.065694 178.708344
0.000000 0.019398 0.015873 0.000000 0.000000 0.000000
0.000000 0.000011 0.000001
4.965726 1.000000 0.000000
764.299377 0.000000
0.000000 0.000000 0.000000 0.000000
0.000000 1.033234
11 0.015000 0.930000 0.001000
0.487000 0.580000 0.780000 0.490000 1.250000 6.700000 0.650000 0.650000
187499.984375 75.360001 0.084000
1.073000 0.050000 0.116600
0.165358 0.089529 0.000499 0.000000
0.000000

0.000000 0.000000 0.374025
0.044058 0.004904 0.738920 4.066381 178.714294
0.000000 0.030045 0.015830 0.000000 0.000000 0.000000
0.000000 0.000008 0.000000
5.035375 1.000000 0.000000
764.299377 0.000000
0.000000 0.000000 0.000000 0.000000
0.000000 1.032789
11 0.015000 0.945000 0.001000
0.487000 0.580000 0.780000 0.490000 1.250000 6.700000 0.650000 0.650000
187499.984375 75.360001 0.084000
1.073000 0.050000 0.116600
0.165370 0.089719 0.000500 0.000000
0.000000

0.000000 0.000000 0.375097
0.044070 0.004906 0.739124 4.067118 178.719986
0.000000 0.041873 0.015849 0.000000 0.000000 0.000000
0.000000 0.000006 0.000000
5.104519 1.000000 0.000000
764.299377 0.000000
0.000000 0.000000 0.000000 0.000000
0.000000 1.032329
11 0.015000 0.960000 0.001000
0.487000 0.580000 0.780000 0.490000 1.250000 6.700000 0.650000 0.650000
187499.984375 75.360001 0.084000
1.073000 0.050000 0.116600
0.165381 0.089675 0.000499 0.000000
0.000000

0.000000 0.000000 0.376864
0.044088 0.004908 0.739416 4.068351 178.726135
0.000000 0.052655 0.015782 0.000000 0.000000 0.000000
0.000000 0.000005 0.000000
5.173142 1.000000 0.000000
764.299377 0.000000
0.000000 0.000000 0.000000 0.000000
0.000000 1.031925
11 0.015000 0.975000 0.001000
0.487000 0.580000 0.780000 0.490000 1.250000 6.700000 0.650000 0.650000
187499.984375 75.360001 0.084000
1.073000 0.050000 0.116600
0.165397 0.089638 0.000499 0.000000
0.000000

0.000000 0.000000 0.378232
0.044102 0.004909 0.739652 4.069277 178.733215
0.000000 0.060240 0.015716 0.000000 0.000000 0.000000
0.000000 0.000004 0.000000
5.241228 1.000000 0.000000
764.299377 0.000000
0.000000 0.000000 0.000000 0.000000
0.000000 1.031483
11 0.015000 0.990000 0.001000
0.487000 0.580000 0.780000 0.490000 1.250000 6.700000 0.650000 0.650000
187499.984375 75.360001 0.084000
1.073000 0.050000 0.116600
0.165409 0.089609 0.000499 0.000000
0.000000

0.000000 0.000000 0.379215
0.044113 0.004911 0.739836 4.069931 178.741104
0.000000 0.063286 0.015637 0.000000 0.000000 0.000000
0.000000 0.000004 0.000000
5.308760 1.000000 0.000000
764.299377 0.000000
0.000000 0.000000 0.000000 0.000000
0.000000 1.031001
11 0.015000 1.005000 0.001000
0.487000 0.580000 0.780000 0.490000 1.250000 6.700000 0.650000 0.650000
187499.984375 75.360001 0.084000
1.073000 0.050000 0.116600
0.165420 0.089781 0.000500 0.000000
0.000000

0.000000 0.000000 0.380716
0.044128 0.004912 0.740087 4.070945 178.746719
0.000000 0.061642 0.015541 0.000000 0.000000 0.000000
0.000000 0.000004 0.000000
5.375722 1.000000 0.000000
764.299377 0.000000
0.000000 0.000000 0.000000 0.000000
0.000000 1.030534
11 0.015000 1.020000 0.001000
0.487000 0.580000 0.780000 0.490000 1.250000 6.700000 0.650000 0.650000
187499.984375 75.360001 0.084000
1.073000 0.050000 0.116600
0.165434 0.089636 0.000499 0.000000
0.000000

0.000000 0.000000 0.381685
0.044139 0.004914 0.740272 4.071606 178.752075
0.000000 0.056204 0.015435 0.000000 0.000000 0.000000
0.000000 0.000005 0.000000
5.442100 1.000000 0.000000
764.299377 0.000000
0.000000 0.000000 0.000000 0.000000
0.000000 1.030025
11 0.015000 1.035000 0.001000
0.487000 0.580000 0.780000 0.490000 1.250000 6.700000 0.650000 0.650000
187499.984375 75.360001 0.084000
1.073000 0.050000 0.116600
0.165442 0.089876 0.000501 0.000000
0.000000

0.000000 0.000000 0.382737
0.044151 0.004915 0.740462 4.072302 178.757965
0.000000 0.048442 0.015349 0.000000 0.000000 0.000000
0.000000 0.000006 0.000000
5.507875 1.000000 0.000000
764.299377 0.000000
0.000000 0.000000 0.000000 0.000000
0.000000 1.029504
11 0.015000 1.050000 0.001000
0.487000 0.580000 0.780000 0.490000 1.250000 6.700000 0.650000 0.650000
187499.984375 75.360001 0.084000
1.073000 0.050000 0.116600
0.165454 0.089696 0.000500 0.000000
0.000000

0.000000 0.000000 0.383680
0.044161 0.004916 0.740631 4.072886 178.763641
0.000000 0.039849 0.015222 0.000000 0.000000 0.000000
0.000000 0.000007 0.000000
5.573036 1.000000 0.000000
764.299377 0.000000
0.000000 0.000000 0.000000 0.000000
0.000000 1.028979
11 0.015000 1.065000 0.001000
0.487000 0.580000 0.780000 0.490000 1.250000 6.700000 0.650000 0.650000
187499.984375 75.360001 0.084000
1.073000 0.050000 0.116600
0.165461 0.089893 0.000501 0.000000
0.000000

0.000000 0.000000 0.384673
0.044171 0.004917 0.740813 4.073544 178.769394
0.000000 0.031584 0.015058 0.000000 0.000000 0.000000
0.000000 0.000009 0.000000
5.637567 1.000000 0.000000
764.299377 0.000000
0.000000 0.000000 0.000000 0.000000
0.000000 1.028443
11 0.015000 1.080000 0.001000
0.487000 0.580000 0.780000 0.490000 1.250000 6.700000 0.650000 0.650000
187499.984375 75.360001 0.084000
1.073000 0.050000 0.116600
0.165471 0.089654 0.000499 0.000000
0.000000

0.000000 0.000000 0.386492
0.044189 0.004919 0.741096 4.074767 178.775513
0.000000 0.024364 0.014925 0.000000 0.000000 0.000000
0.000000 0.000011 0.000001
5.701453 1.000000 0.000000
764.299377 0.000000
0.000000 0.000000 0.000000 0.000000
0.000000 1.027972
11 0.015000 1.095000 0.001000
0.487000 0.580000 0.780000 0.490000 1.250000 6.700000 0.650000 0.650000
187499.984375 75.360001 0.084000
1.073000 0.050000 0.116600
0.165488 0.090012 0.000501 0.000000
0.000000

0.000000 0.000000 0.388599
0.044209 0.004922 0.741412 4.076176 178.783325
0.000000 0.018487 0.014768 0.000000 0.000000 0.000000
0.000000 0.000014 0.000001
5.764680 1.000000 0.000000
764.299377 0.000000
0.000000 0.000000 0.000000 0.000000
0.000000 1.027521
11 0.015000 1.110000 0.001000
0.487000 0.580000 0.780000 0.490000 1.250000 6.700000 0.650000 0.650000
187499.984375 75.360001 0.084000
1.073000 0.050000 0.116600
0.165510 0.089551 0.000499 0.000000
0.000000

0.000000 0.000000 0.389530
0.044218 0.004923 0.741578 4.076751 178.788177
0.000000 0.013958 0.014612 0.000000 0.000000 0.000000
0.000000 0.000018 0.000001
5.827235 1.000000 0.000000
764.299377 0.000000
0.000000 0.000000 0.000000 0.000000
0.000000 1.026975
11 0.015000 1.125000 0.001000
0.487000 0.580000 0.780000 0.490000 1.250000 6.700000 0.650000 0.650000
187499.984375 75.360001 0.084000
1.073000 0.050000 0.116600
0.165517 0.089847 0.000500 0.000000
0.000000

0.000000 0.000000 0.390446
0.044228 0.004924 0.741744 4.077334 178.793762
0.000000 0.010608 0.014490 0.000000 0.000000 0.000000
0.000000 0.000018 0.000002
5.889104 1.000000 0.000000
764.299377 0.000000
0.000000 0.000000 0.000000 0.000000
0.000000 1.026444
11 0.015000 1.140000 0.001000
0.487000 0.580000 0.780000 0.490000 1.250000 6.700000 0.650000 0.650000
187499.984375 75.360001 0.084000
1.073000 0.050000 0.116600
0.165527 0.089780 0.000500 0.000000
0.000000

0.000000 0.000000 0.391354
0.044238 0.004925 0.741912 4.077944 178.798615
0.000000 0.008202 0.014390 0.000000 0.000000 0.000000
0.000000 0.000018 0.000003
5.950274 1.000000 0.000000
764.299377 0.000000
0.000000 0.000000 0.000000 0.000000
0.000000 1.025920
11 0.015000 1.155000 0.001000
0.487000 0.580000 0.780000 0.490000 1.250000 6.700000 0.650000 0.650000
187499.984375 75.360001 0.084000
1.073000 0.050000 0.116600
0.165537 0.089873 0.000501 0.000000
0.000000

0.000000 0.000000 0.392405
0.044248 0.004926 0.742090 4.078599 178.803635
0.000000 0.006521 0.014258 0.000000 0.000000 0.000000
0.000000 0.000017 0.000003
6.010732 1.000000 0.000000
764.299377 0.000000
0.000000 0.000000 0.000000 0.000000
0.000000 1.025409
11 0.015000 1.170000 0.001000
0.487000 0.580000 0.780000 0.490000 1.250000 6.700000 0.650000 0.650000
187499.984375 75.360001 0.084000
1.073000 0.050000 0.116600
0.165544 0.089847 0.000500 0.000000
0.000000

0.000000 0.000000 0.393631
0.044260 0.004928 0.742289 4.079384 178.809540
0.000000 0.005382 0.014210 0.000000 0.000000 0.000000
0.000000 0.000017 0.000004
6.070467 1.000000 0.000000
764.299377 0.000000
0.000000 0.000000 0.000000 0.000000
0.000000 1.024923
11 0.015000 1.185000 0.001000
0.487000 0.580000 0.780000 0.490000 1.250000 6.700000 0.650000 0.650000
187499.984375 75.360001 0.084000
1.073000 0.050000 0.116600
0.165555 0.089589 0.000499 0.000000
0.000000

0.000000 0.000000 0.394510
0.044269 0.004929 0.742442 4.079919 178.814819
0.000000 0.004633 0.014154 0.000000 0.000000 0.000000
0.000000 0.000016 0.000004
6.129466 1.000000 0.000000
764.299377 0.000000
0.000000 0.000000 0.000000 0.000000
0.000000 1.024420
11 0.015000 1.200000 0.001000
0.487000 0.580000 0.780000 0.490000 1.250000 6.700000 0.650000 0.650000
187499.984375 75.360001 0.084000
1.073000 0.050000 0.116600
0.165566 0.089768 0.000500 0.000000
0.000000

0.000000 0.000000 0.395383
0.044278 0.004930 0.742600 4.080472 178.819107
0.000000 0.004154 0.014112 0.000000 0.000000 0.000000
0.000000 0.000015 0.000005
6.187719 1.000000 0.000000
764.299377 0.000000
0.000000 0.000000 0.000000 0.000000
0.000000 1.023928
11 0.015000 1.215000 0.001000
0.487000 0.580000 0.780000 0.490000 1.250000 6.700000 0.650000 0.650000
187499.984375 75.360001 0.084000
1.073000 0.050000 0.116600
0.165574 0.089716 0.000500 0.000000
0.000000

0.000000 0.000000 0.396245
0.044287 0.004931 0.742756 4.081046 178.825760
0.000000 0.003850 0.014008 0.000000 0.000000 0.000000
0.000000 0.000015 0.000005
6.245214 1.000000 0.000000
764.299377 0.000000
0.000000 0.000000 0.000000 0.000000
0.000000 1.023439
11 0.015000 1.230000 0.001000
0.487000 0.580000 0.780000 0.490000 1.250000 6.700000 0.650000 0.650000
187499.984375 75.360001 0.084000
1.073000 0.050000 0.116600
0.165580 0.089785 0.000500 0.000000
0.000000

0.000000 0.000000 0.397098
0.044296 0.004932 0.742907 4.081577 178.830734
0.000000 0.003663 0.013968 0.000000 0.000000 0.000000
0.000000 0.000015 0.000006
6.301940 1.000000 0.000000
764.299377 0.000000
0.000000 0.000000 0.000000 0.000000
0.000000 1.022964
11 0.015000 1.245000 0.001000
0.487000 0.580000 0.780000 0.490000 1.250000 6.700000 0.650000 0.650000
187499.984375 75.360001 0.084000
1.073000 0.050000 0.116600
0.165587 0.089861 0.000500 0.000000
0.000000

0.000000 0.000000 0.397943
0.044304 0.004933 0.743055 4.082089 178.835785
0.000000 0.003549 0.013934 0.000000 0.000000 0.000000
0.000000 0.000015 0.000006
6.357888 1.000000 0.000000
764.299377 0.000000
0.000000 0.000000 0.000000 0.000000
0.000000 1.022492
11 0.015000 1.260000 0.001000
0.487000 0.580000 0.780000 0.490000 1.250000 6.700000 0.650000 0.650000
187499.984375 75.360001 0.084000
1.073000 0.050000 0.116600
0.165598 0.090168 0.000502 0.000000
0.000000

0.000000 0.000000 0.398816
0.044313 0.004934 0.743204 4.082619 178.840790
0.000000 0.003480 0.013897 0.000000 0.000000 0.000000
0.000000 0.000015 0.000006
6.413048 1.000000 0.000000
764.299377 0.000000
0.000000 0.000000 0.000000 0.000000
0.000000 1.022038
11 0.015000 1.275000 0.001000
0.487000 0.580000 0.780000 0.490000 1.250000 6.700000 0.650000 0.650000
187499.984375 75.360001 0.084000
1.073000 0.050000 0.116600
0.165605 0.090116 0.000502 0.000000
0.000000

0.000000 0.000000 0.399933
0.044323 0.004935 0.743385 4.083317 178.845886
0.000000 0.003436 0.013874 0.000000 0.000000 0.000000
0.000000 0.000015 0.000006
6.467410 1.000000 0.000000
764.299377 0.000000
0.000000 0.000000 0.000000 0.000000
0.000000 1.021604
11 0.015000 1.290000 0.001000
0.487000 0.580000 0.780000 0.490000 1.250000 6.700000 0.650000 0.650000
187499.984375 75.360001 0.084000
1.073000 0.050000 0.116600
0.165615 0.090121 0.000502 0.000000
0.000000

0.000000 0.000000 0.401088
0.044334 0.004936 0.743569 4.084058 178.851318
0.000000 0.003403 0.013809 0.000000 0.000000 0.000000
0.000000 0.000015 0.000006
6.520966 1.000000 0.000000
764.299377 0.000000
0.000000 0.000000 0.000000 0.000000
0.000000 1.021177
11 0.015000 1.305000 0.001000
0.487000 0.580000 0.780000 0.490000 1.250000 6.700000 0.650000 0.650000
187499.984375 75.360001 0.084000
1.073000 0.050000 0.116600
0.165626 0.090004 0.000501 0.000000
0.000000

0.000000 0.000000 0.401998
0.044343 0.004937 0.743721 4.084611 178.855591
0.000000 0.003378 0.013780 0.000000 0.000000 0.000000
0.000000 0.000015 0.000006
6.573707 1.000000 0.000000
764.299377 0.000000
0.000000 0.000000 0.000000 0.000000
0.000000 1.020752
11 0.015000 1.320000 0.001000
0.487000 0.580000 0.780000 0.490000 1.250000 6.700000 0.650000 0.650000
187499.984375 75.360001 0.084000
1.073000 0.050000 0.116600
0.165633 0.090112 0.000502 0.000000
0.000000

0.000000 0.000000 0.402825
0.044351 0.004938 0.743865 4.085114 178.860779
0.000000 0.003357 0.013738 0.000000 0.000000 0.000000
0.000000 0.000015 0.000007
6.625626 1.000000 0.000000
764.299377 0.000000
0.000000 0.000000 0.000000 0.000000
0.000000 1.020314
11 0.015000 1.335000 0.001000
0.487000 0.580000 0.780000 0.490000 1.250000 6.700000 0.650000 0.650000
187499.984375 75.360001 0.084000
1.073000 0.050000 0.116600
0.165644 0.090021 0.000501 0.000000
0.000000

0.000000 0.000000 0.403626
0.044359 0.004939 0.744002 4.085594 178.867065
0.000000 0.003338 0.013691 0.000000 0.000000 0.000000
0.000000 0.000015 0.000007
6.676713 1.000000 0.000000
764.299377 0.000000
0.000000 0.000000 0.000000 0.000000
0.000000 1.019889
11 0.015000 1.350000 0.001000
0.487000 0.580000 0.780000 0.490000 1.250000 6.700000 0.650000 0.650000
187499.984375 75.360001 0.084000
1.073000 0.050000 0.116600
0.165647 0.090111 0.000502 0.000000
0.000000

0.000000 0.000000 0.404430
0.044366 0.004940 0.744138 4.086065 178.872345
0.000000 0.003322 0.013682 0.000000 0.000000 0.000000
0.000000 0.000015 0.000007
6.726964 1.000000 0.000000
764.299377 0.000000
0.000000 0.000000 0.000000 0.000000
0.000000 1.019477
11 0.015000 1.365000 0.001000
0.487000 0.580000 0.780000 0.490000 1.250000 6.700000 0.650000 0.650000
187499.984375 75.360001 0.084000
1.073000 0.050000 0.116600
0.165657 0.090212 0.000502 0.000000
0.000000

0.000000 0.000000 0.405325
0.044375 0.004941 0.744289 4.086627 178.877426
0.000000 0.003304 0.013636 0.000000 0.000000 0.000000
0.000000 0.000015 0.000007
6.776371 1.000000 0.000000
764.299377 0.000000
0.000000 0.000000 0.000000 0.000000
0.000000 1.019073
11 0.015000 1.380000 0.001000
0.487000 0.580000 0.780000 0.490000 1.250000 6.700000 0.650000 0.650000
187499.984375 75.360001 0.084000
1.073000 0.050000 0.116600
0.165663 0.090400 0.000503 0.000000
0.000000

0.000000 0.000000 0.407078
0.044390 0.004943 0.744533 4.087695 178.883438
0.000000 0.003284 0.013585 0.000000 0.000000 0.000000
0.000000 0.000015 0.000007
6.824926 1.000000 0.000000
764.299377 0.000000
0.000000 0.000000 0.000000 0.000000
0.000000 1.018739
11 0.015000 1.395000 0.001000
0.487000 0.580000 0.780000 0.490000 1.250000 6.700000 0.650000 0.650000
187499.984375 75.360001 0.084000
1.073000 0.050000 0.116600
0.165680 0.090152 0.000502 0.000000
0.000000

0.000000 0.000000 0.407915
0.044397 0.004943 0.744672 4.088198 178.888229
0.000000 0.003264 0.013542 0.000000 0.000000 0.000000
0.000000 0.000015 0.000007
6.872626 1.000000 0.000000
764.299377 0.000000
0.000000 0.000000 0.000000 0.000000
0.000000 1.018344
11 0.015000 1.410000 0.001000
0.487000 0.580000 0.780000 0.490000 1.250000 6.700000 0.650000 0.650000
187499.984375 75.360001 0.084000
1.073000 0.050000 0.116600
0.165689 0.090388 0.000503 0.000000
0.000000

0.000000 0.000000 0.408927
0.044406 0.004944 0.744831 4.088809 178.893265
0.000000 0.003244 0.013485 0.000000 0.000000 0.000000
0.000000 0.000015 0.000007
6.919465 1.000000 0.000000
764.299377 0.000000
0.000000 0.000000 0.000000 0.000000
0.000000 1.017964
11 0.015000 1.425000 0.001000
0.487000 0.580000 0.780000 0.490000 1.250000 6.700000 0.650000 0.650000
187499.984375 75.360001 0.084000
1.073000 0.050000 0.116600
0.165696 0.090121 0.000502 0.000000
0.000000

0.000000 0.000000 0.409814
0.044414 0.004945 0.744970 4.089313 178.898529
0.000000 0.003228 0.013457 0.000000 0.000000 0.000000
0.000000 0.000015 0.000007
6.965436 1.000000 0.000000
764.299377 0.000000
0.000000 0.000000 0.000000 0.000000
0.000000 1.017582
11 0.015000 1.440000 0.001000
0.487000 0.580000 0.780000 0.490000 1.250000 6.700000 0.650000 0.650000
187499.984375 75.360001 0.084000
1.073000 0.050000 0.116600
0.165704 0.090161 0.000502 0.000000
0.000000

0.000000 0.000000 0.410572
0.044421 0.004946 0.745099 4.089754 178.902908
0.000000 0.003215 0.013438 0.000000 0.000000 0.000000
0.000000 0.000015 0.000007
7.010537 1.000000 0.000000
764.299377 0.000000
0.000000 0.000000 0.000000 0.000000
0.000000 1.017203
11 0.015000 1.455000 0.001000
0.487000 0.580000 0.780000 0.490000 1.250000 6.700000 0.650000 0.650000
187499.984375 75.360001 0.084000
1.073000 0.050000 0.116600
0.165714 0.090110 0.000502 0.000000
0.000000

0.000000 0.000000 0.411324
0.044428 0.004947 0.745226 4.090202 178.907028
0.000000 0.003199 0.013365 0.000000 0.000000 0.000000
0.000000 0.000015 0.000008
7.054763 1.000000 0.000000
764.299377 0.000000
0.000000 0.000000 0.000000 0.000000
0.000000 1.016822
11 0.015000 1.470000 0.001000
0.487000 0.580000 0.780000 0.490000 1.250000 6.700000 0.650000 0.650000
187499.984375 75.360001 0.084000
1.073000 0.050000 0.116600
0.165718 0.090181 0.000502 0.000000
0.000000

0.000000 0.000000 0.412068
0.044435 0.004948 0.745354 4.090650 178.911575
0.000000 0.003184 0.013345 0.000000 0.000000 0.000000
0.000000 0.000015 0.000008
7.098111 1.000000 0.000000
764.299377 0.000000
0.000000 0.000000 0.000000 0.000000
0.000000 1.016445
11 0.015000 1.485000 0.001000
0.487000 0.580000 0.780000 0.490000 1.250000 6.700000 0.650000 0.650000
187499.984375 75.360001 0.084000
1.073000 0.050000 0.116600
0.165725 0.090265 0.000503 0.000000
0.000000

0.000000 0.000000 0.412808
0.044442 0.004949 0.745478 4.091084 178.917130
0.000000 0.003165 0.013292 0.000000 0.000000 0.000000
0.000000 0.000015 0.000008
7.140576 1.000000 0.000000
764.299377 0.000000
0.000000 0.000000 0.000000 0.000000
0.000000 1.016086
11 0.015000 1.500000 0.001000
0.487000 0.580000 0.780000 0.490000 1.250000 6.700000 0.650000 0.650000
187499.984375 75.360001 0.084000
1.073000 0.050000 0.116600
0.165730 0.090592 0.000505 0.000000
0.000000

0.000000 0.000000 0.413629
0.044449 0.004949 0.745613 4.091582 178.921585
0.000000 0.003150 0.013268 0.000000 0.000000 0.000000
0.000000 0.000015 0.000008
7.182156 1.000000 0.000000
764.299377 0.000000
0.000000 0.000000 0.000000 0.000000
0.000000 1.015733
11 0.015000 1.515000 0.001000
0.487000 0.580000 0.780000 0.490000 1.250000 6.700000 0.650000 0.650000
187499.984375 75.360001 0.084000
1.073000 0.050000 0.116600
0.165736 0.090326 0.000503 0.000000
0.000000

0.000000 0.000000 0.414407
0.044456 0.004950 0.745737 4.092017 178.925705
0.000000 0.003133 0.013206 0.000000 0.000000 0.000000
0.000000 0.000015 0.000008
7.222849 1.000000 0.000000
764.299377 0.000000
0.000000 0.000000 0.000000 0.000000
0.000000 1.015386
11 0.015000 1.530000 0.001000
0.487000 0.580000 0.780000 0.490000 1.250000 6.700000 0.650000 0.650000
187499.984375 75.360001 0.084000
1.073000 0.050000 0.116600
0.165748 0.090424 0.000504 0.000000
0.000000

0.000000 0.000000 0.417665
0.044481 0.004953 0.746136 4.093970 178.936325
0.000000 0.003115 0.013157 0.000000 0.000000 0.000000
0.000000 0.000015 0.000008
7.262651 1.000000 0.000000
764.299377 0.000000
0.000000 0.000000 0.000000 0.000000
0.000000 1.015215
11 0.015000 1.545000 0.001000
0.487000 0.580000 0.780000 0.490000 1.250000 6.700000 0.650000 0.650000
187499.984375 75.360001 0.084000
1.073000 0.050000 0.116600
0.165775 0.090502 0.000504 0.000000
0.000000

0.000000 0.000000 0.427272
0.044553 0.004961 0.747222 4.099687 178.970001
0.000000 0.003094 0.013093 0.000000 0.000000 0.000000
0.000000 0.000015 0.000008
7.301563 1.000000 0.000000
764.299377 0.000000
0.000000 0.000000 0.000000 0.000000
0.000000 1.015512
11 0.015000 1.560000 0.001000
0.487000 0.580000 0.780000 0.490000 1.250000 6.700000 0.650000 0.650000
187499.984375 75.360001 0.084000
1.073000 0.050000 0.116600
0.165856 0.090203 0.000502 0.000000
0.000000

0.000000 0.000000 0.428008
0.044559 0.004962 0.747337 4.100087 178.974152
0.000000 0.003073 0.013068 0.000000 0.000000 0.000000
0.000000 0.000015 0.000008
7.339581 1.000000 0.000000
764.299377 0.000000
0.000000 0.000000 0.000000 0.000000
0.000000 1.015183
11 0.015000 1.575000 0.001000
0.487000 0.580000 0.780000 0.490000 1.250000 6.700000 0.650000 0.650000
187499.984375 75.360001 0.084000
1.073000 0.050000 0.116600
0.165866 0.090278 0.000503 0.000000
0.000000

0.000000 0.000000 0.428745
0.044566 0.004962 0.747459 4.100524 178.978485
0.000000 0.003053 0.013010 0.000000 0.000000 0.000000
0.000000 0.000015 0.000008
7.376704 1.000000 0.000000
764.299377 0.000000
0.000000 0.000000 0.000000 0.000000
0.000000 1.014861
11 0.015000 1.590000 0.001000
0.487000 0.580000 0.780000 0.490000 1.250000 6.700000 0.650000 0.650000
187499.984375 75.360001 0.084000
1.073000 0.050000 0.116600
0.165871 0.090368 0.000503 0.000000
0.000000

0.000000 0.000000 0.429483
0.044572 0.004963 0.747575 4.100924 178.983063
0.000000 0.003036 0.012981 0.000000 0.000000 0.000000
0.000000 0.000015 0.000009
7.412933 1.000000 0.000000
764.299377 0.000000
0.000000 0.000000 0.000000 0.000000
0.000000 1.014541
11 0.015000 1.605000 0.001000
0.487000 0.580000 0.780000 0.490000 1.250000 6.700000 0.650000 0.650000
187499.984375 75.360001 0.084000
1.073000 0.050000 0.116600
0.165878 0.090617 0.000505 0.000000
0.000000

0.000000 0.000000 0.430329
0.044579 0.004964 0.747702 4.101390 178.987778
0.000000 0.003021 0.012940 0.000000 0.000000 0.000000
0.000000 0.000015 0.000009
7.448267 1.000000 0.000000
764.299377 0.000000
0.000000 0.000000 0.000000 0.000000
0.000000 1.014241
11 0.015000 1.620000 0.001000
0.487000 0.580000 0.780000 0.490000 1.250000 6.700000 0.650000 0.650000
187499.984375 75.360001 0.084000
1.073000 0.050000 0.116600
0.165885 0.090444 0.000504 0.000000
0.000000

0.000000 0.000000 0.436746
0.044626 0.004969 0.748420 4.105103 179.015244
0.000000 0.003002 0.012862 0.000000 0.000000 0.000000
0.000000 0.000015 0.000009
7.482704 1.000000 0.000000
764.299377 0.000000
0.000000 0.000000 0.000000 0.000000
0.000000 1.014339
11 0.015000 1.635000 0.001000
0.487000 0.580000 0.780000 0.490000 1.250000 6.700000 0.650000 0.650000
187499.984375 75.360001 0.084000
1.073000 0.050000 0.116600
0.165939 0.090461 0.000504 0.000000
0.000000

0.000000 0.000000 0.437599
0.044632 0.004970 0.748547 4.105577 179.020706
0.000000 0.002984 0.012844 0.000000 0.000000 0.000000
0.000000 0.000015 0.000009
7.516246 1.000000 0.000000
764.299377 0.000000
0.000000 0.000000 0.000000 0.000000
0.000000 1.014055
11 0.015000 1.650000 0.001000
0.487000 0.580000 0.780000 0.490000 1.250000 6.700000 0.650000 0.650000
187499.984375 75.360001 0.084000
1.073000 0.050000 0.116600
0.165947 0.090334 0.000503 0.000000
0.000000

0.000000 0.000000 0.438336
0.044638 0.004971 0.748662 4.105983 179.025101
0.000000 0.002964 0.012780 0.000000 0.000000 0.000000
0.000000 0.000015 0.000009
7.548894 1.000000 0.000000
764.299377 0.000000
0.000000 0.000000 0.000000 0.000000
0.000000 1.013763
11 0.015000 1.665000 0.001000
0.487000 0.580000 0.780000 0.490000 1.250000 6.700000 0.650000 0.650000
187499.984375 75.360001 0.084000
1.073000 0.050000 0.116600
0.165952 0.090417 0.000504 0.000000
0.000000

0.000000 0.000000 0.439073
0.044645 0.004971 0.748777 4.106396 179.029663
0.000000 0.002949 0.012786 0.000000 0.000000 0.000000
0.000000 0.000015 0.000009
7.580647 1.000000 0.000000
764.299377 0.000000
0.000000 0.000000 0.000000 0.000000
0.000000 1.013478
11 0.015000 1.680000 0.001000
0.487000 0.580000 0.780000 0.490000 1.250000 6.700000 0.650000 0.650000
187499.984375 75.360001 0.084000
1.073000 0.050000 0.116600
0.165959 0.090745 0.000505 0.000000
0.000000

0.000000 0.000000 0.439936
0.044651 0.004972 0.748899 4.106840 179.034424
0.000000 0.002935 0.012734 0.000000 0.000000 0.000000
0.000000 0.000015 0.000009
7.611507 1.000000 0.000000
764.299377 0.000000
0.000000 0.000000 0.000000 0.000000
0.000000 1.013208
11 0.015000 1.695000 0.001000
0.487000 0.580000 0.780000 0.490000 1.250000 6.700000 0.650000 0.650000
187499.984375 75.360001 0.084000
1.073000 0.050000 0.116600
0.165965 0.090512 0.000504 0.000000
0.000000

0.000000 0.000000 0.441019
0.044660 0.004973 0.749050 4.107460 179.040573
0.000000 0.002919 0.012690 0.000000 0.000000 0.000000
0.000000 0.000014 0.000009
7.641475 1.000000 0.000000
764.299377 0.000000
0.000000 0.000000 0.000000 0.000000
0.000000 1.012957
11 0.015000 1.710000 0.001000
0.487000 0.580000 0.780000 0.490000 1.250000 6.700000 0.650000 0.650000
187499.984375 75.360001 0.084000
1.073000 0.050000 0.116600
0.165976 0.090557 0.000504 0.000000
0.000000

0.000000 0.000000 0.441744
0.044665 0.004974 0.749159 4.107843 179.045212
0.000000 0.002903 0.012650 0.000000 0.000000 0.000000
0.000000 0.000014 0.000009
7.670553 1.000000 0.000000
764.299377 0.000000
0.000000 0.000000 0.000000 0.000000
0.000000 1.012699
11 0.015000 1.725000 0.001000
0.487000 0.580000 0.780000 0.490000 1.250000 6.700000 0.650000 0.650000
187499.984375 75.360001 0.084000
1.073000 0.050000 0.116600
0.165980 0.090663 0.000505 0.000000
0.000000

0.000000 0.000000 0.442709
0.044672 0.004974 0.749293 4.108359 179.050751
0.000000 0.002889 0.012613 0.000000 0.000000 0.000000
0.000000 0.000014 0.000009
7.698742 1.000000 0.000000
764.299377 0.000000
0.000000 0.000000 0.000000 0.000000
0.000000 1.012450
11 0.015000 1.740000 0.001000
0.487000 0.580000 0.780000 0.490000 1.250000 6.700000 0.650000 0.650000
187499.984375 75.360001 0.084000
1.073000 0.050000 0.116600
0.165989 0.090749 0.000505 0.000000
0.000000

0.000000 0.000000 0.447138
0.044704 0.004978 0.749783 4.110837 179.067352
0.000000 0.002875 0.012566 0.000000 0.000000 0.000000
0.000000 0.000014 0.000010
7.726045 1.000000 0.000000
764.299377 0.000000
0.000000 0.000000 0.000000 0.000000
0.000000 1.012452
11 0.015000 1.755000 0.001000
0.487000 0.580000 0.780000 0.490000 1.250000 6.700000 0.650000 0.650000
187499.984375 75.360001 0.084000
1.073000 0.050000 0.116600
0.166026 0.090655 0.000505 0.000000
0.000000

0.000000 0.000000 0.454527
0.044756 0.004984 0.750568 4.114917 179.083939
0.000000 0.002859 0.012510 0.000000 0.000000 0.000000
0.000000 0.000014 0.000010
7.752463 1.000000 0.000000
764.299377 0.000000
0.000000 0.000000 0.000000 0.000000
0.000000 1.012662
11 0.015000 1.770000 0.001000
0.487000 0.580000 0.780000 0.490000 1.250000 6.700000 0.650000 0.650000
187499.984375 75.360001 0.084000
1.073000 0.050000 0.116600
0.166087 0.090569 0.000504 0.000000
0.000000

0.000000 0.000000 0.456705
0.044771 0.004985 0.750820 4.116098 179.090805
0.000000 0.002840 0.012465 0.000000 0.000000 0.000000
0.000000 0.000014 0.000010
7.778000 1.000000 0.000000
764.299377 0.000000
0.000000 0.000000 0.000000 0.000000
0.000000 1.012525
11 0.015000 1.785000 0.001000
0.487000 0.580000 0.780000 0.490000 1.250000 6.700000 0.650000 0.650000
187499.984375 75.360001 0.084000
1.073000 0.050000 0.116600
0.166103 0.090876 0.000506 0.000000
0.000000

0.000000 0.000000 0.460408
0.044797 0.004988 0.751219 4.118079 179.097733
0.000000 0.002825 0.012462 0.000000 0.000000 0.000000
0.000000 0.000014 0.000010
7.802658 1.000000 0.000000
764.299377 0.000000
0.000000 0.000000 0.000000 0.000000
0.000000 1.012491
11 0.015000 1.800000 0.001000
0.487000 0.580000 0.780000 0.490000 1.250000 6.700000 0.650000 0.650000
187499.984375 75.360001 0.084000
1.073000 0.050000 0.116600
0.166133 0.090649 0.000505 0.000000
0.000000

0.000000 0.000000 0.461472
0.044804 0.004989 0.751358 4.118638 179.102768
0.000000 0.002809 0.012407 0.000000 0.000000 0.000000
0.000000 0.000014 0.000010
7.826440 1.000000 0.000000
764.299377 0.000000
0.000000 0.000000 0.000000 0.000000
0.000000 1.012272
11 0.015000 1.815000 0.001000
0.487000 0.580000 0.780000 0.490000 1.250000 6.700000 0.650000 0.650000
187499.984375 75.360001 0.084000
1.073000 0.050000 0.116600
0.166142 0.090731 0.000505 0.000000
0.000000

0.000000 0.000000 0.464041
0.044822 0.004991 0.751642 4.119990 179.108765
0.000000 0.002789 0.012335 0.000000 0.000000 0.000000
0.000000 0.000014 0.000010
7.849348 1.000000 0.000000
764.299377 0.000000
0.000000 0.000000 0.000000 0.000000
0.000000 1.012179
11 0.015000 1.830000 0.001000
0.487000 0.580000 0.780000 0.490000 1.250000 6.700000 0.650000 0.650000
187499.984375 75.360001 0.084000
1.073000 0.050000 0.116600
0.166161 0.090707 0.000505 0.000000
0.000000

0.000000 0.000000 0.464808
0.044827 0.004992 0.751747 4.120369 179.112946
0.000000 0.002772 0.012317 0.000000 0.000000 0.000000
0.000000 0.000014 0.000010
7.871387 1.000000 0.000000
764.299377 0.000000
0.000000 0.000000 0.000000 0.000000
0.000000 1.011960
11 0.015000 1.845000 0.001000
0.487000 0.580000 0.780000 0.490000 1.250000 6.700000 0.650000 0.650000
187499.984375 75.360001 0.084000
1.073000 0.050000 0.116600
0.166169 0.090791 0.000506 0.000000
0.000000

0.000000 0.000000 0.465652
0.044833 0.004992 0.751864 4.120804 179.117371
0.000000 0.002754 0.012265 0.000000 0.000000 0.000000
0.000000 0.000014 0.000010
7.892560 1.000000 0.000000
764.299377 0.000000
0.000000 0.000000 0.000000 0.000000
0.000000 1.011743
11 0.015000 1.860000 0.001000
0.487000 0.580000 0.780000 0.490000 1.250000 6.700000 0.650000 0.650000
187499.984375 75.360001 0.084000
1.073000 0.050000 0.116600
0.166177 0.090657 0.000505 0.000000
0.000000

0.000000 0.000000 0.466680
0.044840 0.004993 0.751991 4.121298 179.122086
0.000000 0.002736 0.012224 0.000000 0.000000 0.000000
0.000000 0.000014 0.000010
7.912869 1.000000 0.000000
764.299377 0.000000
0.000000 0.000000 0.000000 0.000000
0.000000 1.011559
11 0.015000 1.875000 0.001000
0.487000 0.580000 0.780000 0.490000 1.250000 6.700000 0.650000 0.650000
187499.984375 75.360001 0.084000
1.073000 0.050000 0.116600
0.166185 0.090790 0.000506 0.000000
0.000000

0.000000 0.000000 0.467515
0.044846 0.004994 0.752107 4.121737 179.126541
0.000000 0.002717 0.012165 0.000000 0.000000 0.000000
0.000000 0.000014 0.000010
7.932319 1.000000 0.000000
764.299377 0.000000
0.000000 0.000000 0.000000 0.000000
0.000000 1.011363
11 0.015000 1.890000 0.001000
0.487000 0.580000 0.780000 0.490000 1.250000 6.700000 0.650000 0.650000
187499.984375 75.360001 0.084000
1.073000 0.050000 0.116600
0.166188 0.090983 0.000507 0.000000
0.000000

0.000000 0.000000 0.468425
0.044852 0.004994 0.752228 4.122208 179.131592
0.000000 0.002703 0.012155 0.000000 0.000000 0.000000
0.000000 0.000014 0.000010
7.950913 1.000000 0.000000
764.299377 0.000000
0.000000 0.000000 0.000000 0.000000
0.000000 1.011173
11 0.015000 1.905000 0.001000
0.487000 0.580000 0.780000 0.490000 1.250000 6.700000 0.650000 0.650000
187499.984375 75.360001 0.084000
1.073000 0.050000 0.116600
0.166199 0.090681 0.000505 0.000000
0.000000

0.000000 0.000000 0.469238
0.044858 0.004995 0.752339 4.122626 179.136047
0.000000 0.002691 0.012121 0.000000 0.000000 0.000000
0.000000 0.000014 0.000011
7.968657 1.000000 0.000000
764.299377 0.000000
0.000000 0.000000 0.000000 0.000000
0.000000 1.010985
11 0.015000 1.920000 0.001000
0.487000 0.580000 0.780000 0.490000 1.250000 6.700000 0.650000 0.650000
187499.984375 75.360001 0.084000
1.073000 0.050000 0.116600
0.166205 0.090670 0.000505 0.000000
0.000000

0.000000 0.000000 0.469964
0.044862 0.004996 0.752436 4.122959 179.140991
0.000000 0.002677 0.012064 0.000000 0.000000 0.000000
0.000000 0.000014 0.000011
7.985552 1.000000 0.000000
764.299377 0.000000
0.000000 0.000000 0.000000 0.000000
0.000000 1.010791
11 0.015000 1.935000 0.001000
0.487000 0.580000 0.780000 0.490000 1.250000 6.700000 0.650000 0.650000
187499.984375 75.360001 0.084000
1.073000 0.050000 0.116600
0.166208 0.090753 0.000505 0.000000
0.000000

0.000000 0.000000 0.470686
0.044867 0.004996 0.752536 4.123326 179.145554
0.000000 0.002663 0.012038 0.000000 0.000000 0.000000
0.000000 0.000014 0.000011
8.001605 1.000000 0.000000
764.299377 0.000000
0.000000 0.000000 0.000000 0.000000
0.000000 1.010601
11 0.015000 1.950000 0.001000
0.487000 0.580000 0.780000 0.490000 1.250000 6.700000 0.650000 0.650000
187499.984375 75.360001 0.084000
1.073000 0.050000 0.116600
0.166214 0.091063 0.000507 0.000000
0.000000

0.000000 0.000000 0.471607
0.044873 0.004997 0.752650 4.123758 179.150665
0.000000 0.002648 0.011987 0.000000 0.000000 0.000000
0.000000 0.000014 0.000011
8.016819 1.000000 0.000000
764.299377 0.000000
0.000000 0.000000 0.000000 0.000000
0.000000 1.010448
11 0.015000 1.965000 0.001000
0.487000 0.580000 0.780000 0.490000 1.250000 6.700000 0.650000 0.650000
187499.984375 75.360001 0.084000
1.073000 0.050000 0.116600
0.166224 0.090951 0.000507 0.000000
0.000000

0.000000 0.000000 0.474104
0.044889 0.004999 0.752917 4.125038 179.157196
0.000000 0.002634 0.011952 0.000000 0.000000 0.000000
0.000000 0.000014 0.000011
8.031199 1.000000 0.000000
764.299377 0.000000
0.000000 0.000000 0.000000 0.000000
0.000000 1.010396
11 0.015000 1.980000 0.001000
0.487000 0.580000 0.780000 0.490000 1.250000 6.700000 0.650000 0.650000
187499.984375 75.360001 0.084000
1.073000 0.050000 0.116600
0.166239 0.090978 0.000507 0.000000
0.000000

0.000000 0.000000 0.475325
0.044897 0.005000 0.753063 4.125638 179.162140
0.000000 0.010079 0.012340 0.000000 0.000000 0.000000
0.000000 0.000023 0.000004
8.044749 1.000000 0.000000
764.299377 0.000000
0.000000 0.000000 0.000000 0.000000
0.000000 1.010229
11 0.015000 1.995000 0.001000
0.487000 0.580000 0.780000 0.490000 1.250000 6.700000 0.650000 0.650000
187499.984375 75.360001 0.084000
1.073000 0.050000 0.116600
0.166251 0.091083 0.000507 0.000000
0.000000
1.000000
2.000000
0.321000 0.000000
0.000000
0
-0.750000
0 0
0.000000
1
0.000000
1.000000
1.000000
1.000000
0.000000 0.000000 0.000000
0.000000 0.000000
0.000000 0.000000 0.000000 0.000000 0.000000 0.000000 0.000000
0.000000 0.000000 0.000000 0.000000 0.000000 0.000000 0.000000
605
2.000000
1
C:\Kingsite\dnd\Ohio1.spf
-1.000000 -1.000000
0.000000
50
50
10.000000
101
