11
Clay
0.580000 0.612000 0.084000 0.780000 0.530000 1.000000 0.000000 0.000000
1.020000 6.700000 1 0.028600 0.500000 0.050000 0.010000 0.027000 0.963000
0.000000 0.015000 2.000000 152999.984375 75.360001 133
0.103800 3.528000 4.728100 0.000000 1
8.234000 8.234000 10.000000 5.000000 25.000000 100.000000
0.000000 0.000000 0.000041 0.000000 100.585663 148.821136
500.000000 0.000000 0.000000

0.264822 290.203857 719.973328
8.112789 0.901978 134.845581 819.462708 3578.924072
0.000000 0.007652 0.129468 0.998862 0.000000 0.000000
0.000003 0.000000 0.000020
-7.319847 0.000010 71.288986
764.299377 0.000000
3.987894 0.000000 0.000000 0.000000
0.000000 0.273539
11 0.015000 0.015000 0.028600
0.612000 0.580000 0.780000 0.530000 1.020000 6.700000 0.780000 0.780000
152999.984375 75.360001 0.084000
1.073000 0.050000 0.116600
2.465312 16.047487 0.016323 0.000000
0.000000

0.261198 31.019478 41.653511
5.368125 0.596801 96.544495 578.882324 3716.005615
0.000000 0.014782 0.122996 0.499431 0.000000 0.000000
0.000004 0.000001 0.000008
-6.757181 0.000010 71.288986
764.299377 0.000000
0.981318 0.000000 0.000000 0.000000
0.000000 0.130423
11 0.015000 0.030000 0.028600
0.612000 0.580000 0.780000 0.530000 1.020000 6.700000 0.780000 0.780000
152999.984375 75.360001 0.084000
1.073000 0.050000 0.116600
2.566311 7.005779 0.003046 0.000000
0.000000

0.245375 26.288391 25.975037
5.344278 0.594130 96.405540 574.011353 3716.107422
0.000000 0.015036 0.119519 0.249715 0.000000 0.000000
0.000004 0.000001 0.000008
-6.376236 0.000010 71.288986
764.299377 0.000000
0.932633 0.000000 0.000000 0.000000
0.000000 0.141887
11 0.015000 0.045000 0.028600
0.612000 0.580000 0.780000 0.530000 1.020000 6.700000 0.780000 0.780000
152999.984375 75.360001 0.084000
1.073000 0.050000 0.116600
2.569329 7.380755 0.003382 0.000000
0.000000

0.230698 24.398655 24.694574
5.375718 0.597612 96.865967 574.033142 3716.183838
0.000000 0.014710 0.116087 0.124858 0.000000 0.000000
0.000004 0.000001 0.000009
-5.999949 0.000010 71.288986
764.299377 0.000000
0.894397 0.000000 0.000000 0.000000
0.000000 0.158062
11 0.015000 0.060000 0.028600
0.612000 0.580000 0.780000 0.530000 1.020000 6.700000 0.780000 0.780000
152999.984375 75.360001 0.084000
1.073000 0.050000 0.116600
2.571370 8.189005 0.004169 0.000000
0.000000

0.215906 22.582418 23.154190
5.407370 0.601124 97.207428 574.108826 3716.310547
0.000000 0.014800 0.113189 0.062429 0.000000 0.000000
0.000004 0.000001 0.000009
-5.629146 0.000010 71.288986
764.299377 0.000000
0.856728 0.000000 0.000000 0.000000
0.000000 0.166659
11 0.015000 0.075000 0.028600
0.612000 0.580000 0.780000 0.530000 1.020000 6.700000 0.780000 0.780000
152999.984375 75.360001 0.084000
1.073000 0.050000 0.116600
2.572862 8.232493 0.004213 0.000000
0.000000

0.201502 20.896351 21.996048
5.436697 0.604383 97.434639 573.886230 3716.318604
0.000000 0.014513 0.109321 0.031214 0.000000 0.000000
0.000003 0.000001 0.000008
-5.264605 0.000010 71.288986
764.299377 0.000000
0.819302 0.000000 0.000000 0.000000
0.000000 0.169625
11 0.015000 0.090000 0.028600
0.612000 0.580000 0.780000 0.530000 1.020000 6.700000 0.780000 0.780000
152999.984375 75.360001 0.084000
1.073000 0.050000 0.116600
2.574032 8.168921 0.004148 0.000000
0.000000

0.188299 19.420046 110.398727
5.641217 0.627119 100.523071 590.784668 3712.117432
0.000000 0.011319 0.104824 0.015607 0.000000 0.000000
0.000003 0.000001 0.000009
-4.907060 0.000010 71.288986
764.299377 0.000000
0.807566 0.000000 0.000000 0.000000
0.000000 0.209628
11 0.015000 0.105000 0.028600
0.612000 0.580000 0.780000 0.530000 1.020000 6.700000 0.780000 0.780000
152999.984375 75.360001 0.084000
1.073000 0.050000 0.116600
2.602568 7.843746 0.003822 0.000000
0.000000

0.173832 17.669598 95.414360
2.477536 0.275429 43.240238 253.800217 2890.295898
0.000000 0.005928 0.045337 0.007804 0.000000 0.000000
0.000001 0.000001 0.000002
-4.534136 0.000010 53.018539
764.299377 0.000000
0.335287 0.000000 0.000000 0.000000
0.000000 0.197378
11 0.015000 0.120000 0.018000
0.547000 0.580000 0.780000 0.490000 1.150000 6.700000 0.650000 0.650000
172500.000000 75.360001 0.084000
1.073000 0.050000 0.116600
2.497654 9.233083 0.003108 0.000000
0.000000

0.161985 16.371553 89.048035
2.356241 0.261946 40.919441 239.721161 2890.759766
0.000000 0.004549 0.040686 0.003902 0.000000 0.000000
0.000001 0.000001 0.000003
-4.139961 0.000010 53.018539
764.299377 0.000000
0.299689 0.000000 0.000000 0.000000
0.000000 0.194644
11 0.015000 0.135000 0.018000
0.547000 0.580000 0.780000 0.490000 1.150000 6.700000 0.650000 0.650000
172500.000000 75.360001 0.084000
1.073000 0.050000 0.116600
2.502671 8.825939 0.002838 0.000000
0.000000

0.150198 15.083122 83.228394
2.241405 0.249197 38.725971 226.584656 2891.232422
0.000000 0.004032 0.037085 0.001951 0.000000 0.000000
0.000001 0.000001 0.000006
-3.754405 0.000010 53.018539
764.299377 0.000000
0.276624 0.000000 0.000000 0.000000
0.000000 0.195206
11 0.015000 0.150000 0.018000
0.547000 0.580000 0.780000 0.490000 1.150000 6.700000 0.650000 0.650000
172500.000000 75.360001 0.084000
1.073000 0.050000 0.116600
2.507274 8.726666 0.002972 0.000000
0.000000

0.139319 28.943960 78.413651
2.197105 0.244273 38.409122 224.454056 2892.476807
0.000000 0.002882 0.035658 0.000975 0.000000 0.000000
0.000000 0.000000 0.000007
-3.378027 0.000010 53.018539
764.299377 0.000000
0.271194 0.000000 0.000000 0.000000
0.000000 0.220628
11 0.015000 0.165000 0.018000
0.547000 0.580000 0.780000 0.490000 1.150000 6.700000 0.650000 0.650000
172500.000000 75.360001 0.084000
1.073000 0.050000 0.116600
2.511744 9.624747 0.003643 0.000000
0.000000

0.128943 26.882122 73.104797
2.101005 0.233591 36.376278 212.347672 2892.916016
0.000000 0.002302 0.030690 0.000488 0.000000 0.000000
0.000000 0.000000 0.000008
-3.011324 0.000010 53.018539
764.299377 0.000000
0.231794 0.000000 0.000000 0.000000
0.000000 0.222155
11 0.015000 0.180000 0.018000
0.547000 0.580000 0.780000 0.490000 1.150000 6.700000 0.650000 0.650000
172500.000000 75.360001 0.084000
1.073000 0.050000 0.116600
2.515618 9.606993 0.003630 0.000000
0.000000

0.119730 25.015965 68.182320
2.012235 0.223723 34.468437 200.999741 2893.336182
0.000000 0.001968 0.025836 0.000244 0.000000 0.000000
0.000000 0.000000 0.000008
-2.654729 0.000010 53.018539
764.299377 0.000000
0.193439 0.000000 0.000000 0.000000
0.000000 0.222500
11 0.015000 0.195000 0.018000
0.547000 0.580000 0.780000 0.490000 1.150000 6.700000 0.650000 0.650000
172500.000000 75.360001 0.084000
1.073000 0.050000 0.116600
2.518968 9.502035 0.003548 0.000000
0.000000

0.110284 22.993704 61.654705
1.911348 0.212509 32.379345 188.823227 2889.914795
0.000000 0.001760 0.021526 0.000122 0.000000 0.000000
0.000000 0.000000 0.000009
-2.309063 0.000010 53.332493
764.299377 0.000000
0.158038 0.000000 0.000000 0.000000
0.000000 0.215996
11 0.015000 0.210000 0.018000
0.547000 0.580000 0.780000 0.490000 1.150000 6.700000 0.650000 0.650000
172500.000000 75.360001 0.084000
1.073000 0.050000 0.116600
2.510293 7.959727 0.002470 0.000000
0.000000

0.102221 21.108278 57.621780
1.602149 0.178135 26.785532 156.078461 1513.571655
0.000000 0.001296 0.016253 0.000061 0.000000 0.000000
0.000000 0.000000 0.000005
-1.972329 0.000010 51.382496
764.299377 0.000000
0.111936 0.000000 0.000000 0.000000
0.000000 0.207151
11 0.015000 0.225000 0.009000
0.527000 0.580000 0.780000 0.490000 1.200000 6.700000 0.650000 0.650000
180000.015625 75.360001 0.084000
1.073000 0.050000 0.116600
1.310751 8.169914 0.002301 0.000000
0.000000

0.094740 19.635799 53.652397
1.522820 0.169318 25.197617 146.737274 1513.173340
0.000000 0.001093 0.013081 0.000030 0.000000 0.000000
0.000000 0.000000 0.000005
-1.643541 0.000010 51.382496
764.299377 0.000000
0.087739 0.000000 0.000000 0.000000
0.000000 0.198615
11 0.015000 0.240000 0.009000
0.527000 0.580000 0.780000 0.490000 1.200000 6.700000 0.650000 0.650000
180000.015625 75.360001 0.084000
1.073000 0.050000 0.116600
1.311709 7.879692 0.002135 0.000000
0.000000

0.087615 18.407976 50.201527
1.446676 0.160854 23.695675 137.935959 1512.847046
0.000000 0.000912 0.010224 0.000015 0.000000 0.000000
0.000000 0.000000 0.000005
-1.326298 0.000010 51.382496
764.299377 0.000000
0.066597 0.000000 0.000000 0.000000
0.000000 0.191099
11 0.015000 0.255000 0.009000
0.527000 0.580000 0.780000 0.490000 1.200000 6.700000 0.650000 0.650000
180000.015625 75.360001 0.084000
1.073000 0.050000 0.116600
1.312605 7.416835 0.001884 0.000000
0.000000

0.081136 17.092960 46.609966
1.376256 0.153027 22.332340 129.939972 1512.540405
0.000000 0.000824 0.007932 0.000008 0.000000 0.000000
0.000000 0.000000 0.000006
-1.020710 0.000010 51.382496
764.299377 0.000000
0.048297 0.000000 0.000000 0.000000
0.000000 0.183804
11 0.015000 0.270000 0.009000
0.527000 0.580000 0.780000 0.490000 1.200000 6.700000 0.650000 0.650000
180000.015625 75.360001 0.084000
1.073000 0.050000 0.116600
1.313394 6.862148 0.001606 0.000000
0.000000

0.075124 15.875821 43.296295
1.309610 0.145619 21.062607 122.501213 1512.252930
0.000000 0.000761 0.005979 0.000004 0.000000 0.000000
0.000000 0.000000 0.000006
-0.726823 0.000010 51.382496
764.299377 0.000000
0.032431 0.000000 0.000000 0.000000
0.000000 0.177126
11 0.015000 0.285000 0.009000
0.527000 0.580000 0.780000 0.490000 1.200000 6.700000 0.650000 0.650000
180000.015625 75.360001 0.084000
1.073000 0.050000 0.116600
1.314098 6.557617 0.001462 0.000000
0.000000

0.069531 14.739904 40.218155
1.246788 0.138636 19.882681 115.603165 1511.999756
0.000000 0.000713 0.004291 0.000002 0.000000 0.000000
0.000000 0.000000 0.000006
-0.444621 0.000010 51.382496
764.299377 0.000000
0.018725 0.000000 0.000000 0.000000
0.000000 0.170876
11 0.015000 0.300000 0.009000
0.527000 0.580000 0.780000 0.490000 1.200000 6.700000 0.650000 0.650000
180000.015625 75.360001 0.084000
1.073000 0.050000 0.116600
1.314807 6.070638 0.001248 0.000000
0.000000

0.064346 13.684988 37.348026
1.187498 0.132045 18.787294 109.192764 1511.783325
0.000000 0.000674 0.002825 0.000001 0.000000 0.000000
0.000000 0.000000 0.000006
-0.174033 0.000010 51.382496
764.299377 0.000000
0.006924 0.000000 0.000000 0.000000
0.000000 0.164941
11 0.015000 0.315000 0.009000
0.527000 0.580000 0.780000 0.490000 1.200000 6.700000 0.650000 0.650000
180000.015625 75.360001 0.084000
1.073000 0.050000 0.116600
1.315456 5.722407 0.001106 0.000000
0.000000

0.059494 12.639874 34.894642
1.066481 0.118596 16.733503 97.214966 1156.338989
0.000000 0.000622 0.001819 0.000000 0.000000 0.000000
0.000000 0.000000 0.000010
0.078594 0.650000 0.000000
764.299377 0.000000
0.000000 0.000000 0.000000 0.000000
0.000000 0.161744
11 0.015000 0.330000 0.006600
0.497000 0.580000 0.780000 0.490000 1.250000 6.700000 0.650000 0.650000
187499.984375 75.360001 0.084000
1.073000 0.050000 0.116600
1.005318 5.826732 0.022511 0.000000
0.000000

0.055047 11.734777 32.368568
1.005805 0.111850 15.786124 91.676788 1156.082520
0.000000 0.000609 0.001848 0.000000 0.000000 0.000000
0.000000 0.000001 0.000011
0.333116 0.650000 0.000000
764.299377 0.000000
0.000000 0.000000 0.000000 0.000000
0.000000 0.155800
11 0.015000 0.345000 0.006600
0.497000 0.580000 0.780000 0.490000 1.250000 6.700000 0.650000 0.650000
187499.984375 75.360001 0.084000
1.073000 0.050000 0.116600
1.005750 5.585298 0.021537 0.000000
0.000000

0.050936 10.895773 30.030455
0.949415 0.105581 14.906609 86.534294 1155.846680
0.000000 0.000618 0.001931 0.000000 0.000000 0.000000
0.000000 0.000001 0.000012
0.576282 0.650000 0.000000
764.299377 0.000000
0.000000 0.000000 0.000000 0.000000
0.000000 0.150069
11 0.015000 0.360000 0.006600
0.497000 0.580000 0.780000 0.490000 1.250000 6.700000 0.650000 0.650000
187499.984375 75.360001 0.084000
1.073000 0.050000 0.116600
1.006181 5.195157 0.019971 0.000000
0.000000

0.047133 10.071921 27.747898
0.897337 0.099791 14.096394 81.800751 1155.656006
0.000000 0.000651 0.002051 0.000000 0.000000 0.000000
0.000000 0.000000 0.000014
0.808363 0.650000 0.000000
764.299377 0.000000
0.000000 0.000000 0.000000 0.000000
0.000000 0.144326
11 0.015000 0.375000 0.006600
0.497000 0.580000 0.780000 0.490000 1.250000 6.700000 0.650000 0.650000
187499.984375 75.360001 0.084000
1.073000 0.050000 0.116600
1.006518 4.871457 0.018679 0.000000
0.000000

0.043606 9.347444 25.746538
0.848818 0.094397 13.333938 77.355499 1155.479004
0.000000 0.000670 0.002147 0.000000 0.000000 0.000000
0.000000 0.000000 0.000015
1.029667 0.650000 0.000000
764.299377 0.000000
0.000000 0.000000 0.000000 0.000000
0.000000 0.139544
11 0.015000 0.390000 0.006600
0.497000 0.580000 0.780000 0.490000 1.250000 6.700000 0.650000 0.650000
187499.984375 75.360001 0.084000
1.073000 0.050000 0.116600
1.006856 4.522373 0.017292 0.000000
0.000000

0.040344 8.675275 23.890415
0.803644 0.089376 12.625730 73.222160 1155.328735
0.000000 0.000707 0.002262 0.000000 0.000000 0.000000
0.000000 0.000000 0.000016
1.240534 0.650000 0.000000
764.299377 0.000000
0.000000 0.000000 0.000000 0.000000
0.000000 0.134829
11 0.015000 0.405000 0.006600
0.497000 0.580000 0.780000 0.490000 1.250000 6.700000 0.650000 0.650000
187499.984375 75.360001 0.084000
1.073000 0.050000 0.116600
1.007140 4.260701 0.016258 0.000000
0.000000

0.037328 8.051013 23.130682
0.655693 0.072923 10.248626 59.417297 579.689514
0.000000 0.000314 0.001409 0.000000 0.000000 0.000000
0.000000 0.000000 0.000009
1.442252 0.650000 0.000000
764.299377 0.000000
0.000000 0.000000 0.000000 0.000000
0.000000 0.130085
11 0.015000 0.420000 0.003300
0.487000 0.580000 0.780000 0.490000 1.250000 6.700000 0.650000 0.650000
187499.984375 75.360001 0.084000
1.073000 0.050000 0.116600
0.503697 4.090878 0.015276 0.000000
0.000000

0.034541 7.471526 21.322355
0.616782 0.068597 9.640758 55.877605 579.465759
0.000000 0.000308 0.001521 0.000000 0.000000 0.000000
0.000000 0.000000 0.000009
1.635285 0.650000 0.000000
764.299377 0.000000
0.000000 0.000000 0.000000 0.000000
0.000000 0.125175
11 0.015000 0.435000 0.003300
0.487000 0.580000 0.780000 0.490000 1.250000 6.700000 0.650000 0.650000
187499.984375 75.360001 0.084000
1.073000 0.050000 0.116600
0.503828 3.822701 0.014244 0.000000
0.000000

0.031965 6.933578 19.655016
0.580639 0.064578 9.076777 52.594982 579.265564
0.000000 0.000322 0.001728 0.000000 0.000000 0.000000
0.000000 0.000000 0.000010
1.819103 0.650000 0.000000
764.299377 0.000000
0.000000 0.000000 0.000000 0.000000
0.000000 0.120359
11 0.015000 0.450000 0.003300
0.487000 0.580000 0.780000 0.490000 1.250000 6.700000 0.650000 0.650000
187499.984375 75.360001 0.084000
1.073000 0.050000 0.116600
0.503946 3.565293 0.013258 0.000000
0.000000

0.029583 6.433908 18.125576
0.547001 0.060838 8.552584 49.543800 579.107117
0.000000 0.000339 0.001897 0.000000 0.000000 0.000000
0.000000 0.000000 0.000010
1.994123 0.650000 0.000000
764.299377 0.000000
0.000000 0.000000 0.000000 0.000000
0.000000 0.115667
11 0.015000 0.465000 0.003300
0.487000 0.580000 0.780000 0.490000 1.250000 6.700000 0.650000 0.650000
187499.984375 75.360001 0.084000
1.073000 0.050000 0.116600
0.504050 3.271729 0.012139 0.000000
0.000000

0.027379 5.970048 16.750704
0.515680 0.057356 8.064529 46.705189 578.943054
0.000000 0.000378 0.002178 0.000000 0.000000 0.000000
0.000000 0.000000 0.000010
2.160764 0.650000 0.000000
764.299377 0.000000
0.000000 0.000000 0.000000 0.000000
0.000000 0.111132
11 0.015000 0.480000 0.003300
0.487000 0.580000 0.780000 0.490000 1.250000 6.700000 0.650000 0.650000
187499.984375 75.360001 0.084000
1.073000 0.050000 0.116600
0.504169 3.033633 0.011235 0.000000
0.000000

0.025340 5.539275 15.484253
0.486547 0.054116 7.610944 44.068188 578.778992
0.000000 0.000437 0.002548 0.000000 0.000000 0.000000
0.000000 0.000000 0.000011
2.319453 0.650000 0.000000
764.299377 0.000000
0.000000 0.000000 0.000000 0.000000
0.000000 0.106737
11 0.015000 0.495000 0.003300
0.487000 0.580000 0.780000 0.490000 1.250000 6.700000 0.650000 0.650000
187499.984375 75.360001 0.084000
1.073000 0.050000 0.116600
0.504274 2.798856 0.010346 0.000000
0.000000

0.023454 5.139543 14.323117
0.459456 0.051104 7.189373 41.618473 578.664185
0.000000 0.000494 0.002907 0.000000 0.000000 0.000000
0.000000 0.000000 0.000011
2.470614 0.650000 0.000000
764.299377 0.000000
0.000000 0.000000 0.000000 0.000000
0.000000 0.102492
11 0.015000 0.510000 0.003300
0.487000 0.580000 0.780000 0.490000 1.250000 6.700000 0.650000 0.650000
187499.984375 75.360001 0.084000
1.073000 0.050000 0.116600
0.504374 2.569452 0.009481 0.000000
0.000000

0.021709 4.767926 20.375154
0.341102 0.037940 5.304354 30.702461 176.843002
0.000000 0.000000 0.000064 0.000000 0.000000 0.000000
0.000000 0.000000 0.000001
2.614668 0.650000 0.000000
764.299377 0.000000
0.000000 0.000000 0.000000 0.000000
0.000000 0.095749
11 0.015000 0.525000 0.001000
0.487000 0.580000 0.780000 0.490000 1.250000 6.700000 0.650000 0.650000
187499.984375 75.360001 0.084000
1.073000 0.050000 0.116600
0.152866 2.383867 0.008784 0.000000
0.000000

0.020095 4.422996 18.306089
0.320142 0.035609 4.987037 28.861403 176.712418
0.000000 0.000000 0.000063 0.000000 0.000000 0.000000
0.000000 0.000000 0.000000
2.752034 0.650000 0.000000
764.299377 0.000000
0.000000 0.000000 0.000000 0.000000
0.000000 0.090803
11 0.015000 0.540000 0.001000
0.487000 0.580000 0.780000 0.490000 1.250000 6.700000 0.650000 0.650000
187499.984375 75.360001 0.084000
1.073000 0.050000 0.116600
0.152891 2.214160 0.008148 0.000000
0.000000

0.018602 4.102511 16.355417
0.300973 0.033478 4.696552 27.178616 176.594315
0.000000 0.000000 0.000061 0.000000 0.000000 0.000000
0.000000 0.000000 0.000000
2.883118 0.650000 0.000000
764.299377 0.000000
0.000000 0.000000 0.000000 0.000000
0.000000 0.086182
11 0.015000 0.555000 0.001000
0.487000 0.580000 0.780000 0.490000 1.250000 6.700000 0.650000 0.650000
187499.984375 75.360001 0.084000
1.073000 0.050000 0.116600
0.152917 2.032347 0.007468 0.000000
0.000000

0.017220 3.805836 14.654520
0.282802 0.031457 4.417767 25.561436 176.486816
0.000000 0.000000 0.000060 0.000000 0.000000 0.000000
0.000000 0.000000 0.000000
3.008314 0.650000 0.000000
764.299377 0.000000
0.000000 0.000000 0.000000 0.000000
0.000000 0.082267
11 0.015000 0.570000 0.001000
0.487000 0.580000 0.780000 0.490000 1.250000 6.700000 0.650000 0.650000
187499.984375 75.360001 0.084000
1.073000 0.050000 0.116600
0.152941 1.873125 0.006875 0.000000
0.000000

0.015940 3.528224 13.251293
0.265896 0.029577 4.153729 24.038086 176.379013
0.000000 0.000000 0.000056 0.000000 0.000000 0.000000
0.000000 0.000000 0.000000
3.128002 0.650000 0.000000
764.299377 0.000000
0.000000 0.000000 0.000000 0.000000
0.000000 0.079002
11 0.015000 0.585000 0.001000
0.487000 0.580000 0.780000 0.490000 1.250000 6.700000 0.650000 0.650000
187499.984375 75.360001 0.084000
1.073000 0.050000 0.116600
0.152965 1.719490 0.006303 0.000000
0.000000

0.014758 3.272988 12.149087
0.249761 0.027782 3.902505 22.581001 176.279144
0.000000 0.000000 0.000055 0.000000 0.000000 0.000000
0.000000 0.000000 0.000000
3.242550 0.650000 0.000000
764.299377 0.000000
0.000000 0.000000 0.000000 0.000000
0.000000 0.076000
11 0.015000 0.600000 0.001000
0.487000 0.580000 0.780000 0.490000 1.250000 6.700000 0.650000 0.650000
187499.984375 75.360001 0.084000
1.073000 0.050000 0.116600
0.152989 1.563140 0.005723 0.000000
0.000000

0.013663 3.036466 10.595871
0.236146 0.026268 3.690870 21.353466 176.189743
0.000000 0.000000 0.000056 0.000000 0.000000 0.000000
0.000000 0.000000 0.000000
3.352309 0.650000 0.000000
764.299377 0.000000
0.000000 0.000000 0.000000 0.000000
0.000000 0.073305
11 0.015000 0.615000 0.001000
0.487000 0.580000 0.780000 0.490000 1.250000 6.700000 0.650000 0.650000
187499.984375 75.360001 0.084000
1.073000 0.050000 0.116600
0.153014 1.435215 0.005250 0.000000
0.000000

0.012650 2.816839 8.971770
0.223968 0.024914 3.501405 20.254818 176.123871
0.000000 0.000000 0.000054 0.000000 0.000000 0.000000
0.000000 0.000000 0.000000
3.457615 0.650000 0.000000
764.299377 0.000000
0.000000 0.000000 0.000000 0.000000
0.000000 0.070896
11 0.015000 0.630000 0.001000
0.487000 0.580000 0.780000 0.490000 1.250000 6.700000 0.650000 0.650000
187499.984375 75.360001 0.084000
1.073000 0.050000 0.116600
0.153031 1.307597 0.004778 0.000000
0.000000

0.011713 2.613345 7.612155
0.213356 0.023733 3.314229 19.169901 176.068863
0.000000 0.000003 0.000198 0.000000 0.000000 0.000000
0.000000 0.000000 0.000001
3.558787 0.650000 0.000000
764.299377 0.000000
0.000000 0.000000 0.000000 0.000000
0.000000 0.071142
11 0.015000 0.645000 0.001000
0.487000 0.580000 0.780000 0.490000 1.250000 6.700000 0.650000 0.650000
187499.984375 75.360001 0.084000
1.073000 0.050000 0.116600
0.153053 1.890352 0.006939 0.000000
0.000000

0.010847 2.429663 6.860633
0.200612 0.022316 3.118909 18.037262 176.010635
0.000000 0.000052 0.001482 0.000000 0.000000 0.000000
0.000000 0.000000 0.000005
3.656127 0.650000 0.000000
764.299377 0.000000
0.000000 0.000000 0.000000 0.000000
0.000000 0.068815
11 0.015000 0.660000 0.001000
0.487000 0.580000 0.780000 0.490000 1.250000 6.700000 0.650000 0.650000
187499.984375 75.360001 0.084000
1.073000 0.050000 0.116600
0.153120 2.155980 0.007930 0.000000
0.000000

0.010045 2.256249 6.326197
0.188664 0.020987 2.934655 16.968344 175.948761
0.000000 0.001570 0.004236 0.000000 0.000000 0.000000
0.000000 0.000003 0.000002
3.749921 0.650000 0.000000
764.299377 0.000000
0.000000 0.000000 0.000000 0.000000
0.000000 0.066750
11 0.015000 0.675000 0.001000
0.487000 0.580000 0.780000 0.490000 1.250000 6.700000 0.650000 0.650000
187499.984375 75.360001 0.084000
1.073000 0.050000 0.116600
0.153190 2.213608 0.008145 0.000000
0.000000

0.009305 2.100187 5.894630
0.177546 0.019750 2.764490 15.968313 175.885986
0.000000 0.007886 0.007000 0.000000 0.000000 0.000000
0.000000 0.000004 0.000000
3.840439 0.650000 0.000000
764.299377 0.000000
0.000000 0.000000 0.000000 0.000000
0.000000 0.113884
11 0.015000 0.690000 0.001000
0.487000 0.580000 0.780000 0.490000 1.250000 6.700000 0.650000 0.650000
187499.984375 75.360001 0.084000
1.073000 0.050000 0.116600
0.153279 2.224174 0.008185 0.000000
0.000000

0.008630 1.953464 5.495149
0.167245 0.018605 2.606079 15.043434 175.840363
0.000000 0.016929 0.012868 0.000000 0.000000 0.000000
0.000000 0.000003 0.000000
3.927934 0.650000 0.000000
764.299377 0.000000
0.000000 0.000000 0.000000 0.000000
0.000000 0.191080
11 0.015000 0.705000 0.001000
0.487000 0.580000 0.780000 0.490000 1.250000 6.700000 0.650000 0.650000
187499.984375 75.360001 0.084000
1.073000 0.050000 0.116600
0.153364 2.611184 0.009638 0.000000
0.000000

0.008048 1.823108 5.150449
0.157841 0.017559 2.461821 14.197273 175.799988
0.000000 0.057173 0.017128 0.000000 0.000000 0.000000
0.000001 0.000001 0.000000
4.012645 0.650000 0.000000
764.299377 0.000000
0.000000 0.000000 0.000000 0.000000
0.000000 0.299240
11 0.015000 0.720000 0.001000
0.487000 0.580000 0.780000 0.490000 1.250000 6.700000 0.650000 0.650000
187499.984375 75.360001 0.084000
1.073000 0.050000 0.116600
0.153542 3.201523 0.011872 0.000000
0.000000

0.007639 1.757402 5.020271
0.147309 0.016379 2.342513 13.457949 175.852402
0.000000 2.137504 0.022731 0.000000 0.000000 0.000000
0.000000 0.000000 0.000000
4.087670 0.944614 0.000000
764.299377 0.000000
0.000000 0.000000 0.000000 0.000000
0.000000 14.137300
11 0.015000 0.735000 0.001000
0.487000 0.580000 0.780000 0.490000 1.250000 6.700000 0.650000 0.650000
187499.984375 75.360001 0.084000
1.073000 0.050000 0.116600
0.154237 3.597286 0.019445 0.000000
0.000000

0.000000 0.345348 6.695204
0.093235 0.010364 1.547374 8.522692 176.750290
0.000000 2.016765 0.019860 0.000000 0.000000 0.000000
0.000000 0.000000 0.000000
4.153147 1.000000 0.000000
764.299377 0.000000
0.000000 0.000000 0.000000 0.000000
0.000000 0.925508
11 0.015000 0.750000 0.001000
0.487000 0.580000 0.780000 0.490000 1.250000 6.700000 0.650000 0.650000
187499.984375 75.360001 0.084000
1.073000 0.050000 0.116600
0.159354 0.336781 0.001879 0.000000
0.000000

0.000000 0.338474 6.546697
0.089363 0.009934 1.486864 8.160696 176.981430
0.000000 1.351225 0.018431 0.000000 0.000000 0.000000
0.000000 0.000000 0.000000
4.215221 1.000000 0.000000
764.299377 0.000000
0.000000 0.000000 0.000000 0.000000
0.000000 0.862139
11 0.015000 0.765000 0.001000
0.487000 0.580000 0.780000 0.490000 1.250000 6.700000 0.650000 0.650000
187499.984375 75.360001 0.084000
1.073000 0.050000 0.116600
0.160036 0.281008 0.001567 0.000000
0.000000

0.000000 0.317502 6.158602
0.085718 0.009529 1.426765 7.830047 177.021561
0.000000 0.717873 0.017528 0.000000 0.000000 0.000000
0.000000 0.000000 0.000000
4.274943 1.000000 0.000000
764.299377 0.000000
0.000000 0.000000 0.000000 0.000000
0.000000 0.893120
11 0.015000 0.780000 0.001000
0.487000 0.580000 0.780000 0.490000 1.250000 6.700000 0.650000 0.650000
187499.984375 75.360001 0.084000
1.073000 0.050000 0.116600
0.160185 0.236855 0.001321 0.000000
0.000000

0.000000 0.297028 5.815219
0.082593 0.009181 1.375308 7.546909 177.156113
0.000000 0.329606 0.016203 0.000000 0.000000 0.000000
0.000000 0.000001 0.000000
4.332465 1.000000 0.000000
764.299377 0.000000
0.000000 0.000000 0.000000 0.000000
0.000000 0.874246
11 0.015000 0.795000 0.001000
0.487000 0.580000 0.780000 0.490000 1.250000 6.700000 0.650000 0.650000
187499.984375 75.360001 0.084000
1.073000 0.050000 0.116600
0.160592 0.194393 0.001084 0.000000
0.000000

0.000000 0.276501 5.424073
0.079468 0.008834 1.324026 7.264810 177.162262
0.000000 0.137936 0.014854 0.000000 0.000000 0.000000
0.000000 0.000002 0.000000
4.387922 1.000000 0.000000
764.299377 0.000000
0.000000 0.000000 0.000000 0.000000
0.000000 1.027823
11 0.015000 0.810000 0.001000
0.487000 0.580000 0.780000 0.490000 1.250000 6.700000 0.650000 0.650000
187499.984375 75.360001 0.084000
1.073000 0.050000 0.116600
0.160639 0.157827 0.000879 0.000000
0.000000

0.000000 0.257758 5.059687
0.076581 0.008513 1.276661 7.004267 177.171127
0.000000 0.058508 0.014861 0.000000 0.000000 0.000000
0.000000 0.000004 0.000000
4.441441 1.000000 0.000000
764.299377 0.000000
0.000000 0.000000 0.000000 0.000000
0.000000 1.219099
11 0.015000 0.825000 0.001000
0.487000 0.580000 0.780000 0.490000 1.250000 6.700000 0.650000 0.650000
187499.984375 75.360001 0.084000
1.073000 0.050000 0.116600
0.160686 0.144407 0.000805 0.000000
0.000000

0.000000 0.240229 4.730247
0.073912 0.008216 1.232867 6.763351 177.188492
0.000000 0.053522 0.017061 0.000000 0.000000 0.000000
0.000000 0.000004 0.000000
4.493135 1.000000 0.000000
764.299377 0.000000
0.000000 0.000000 0.000000 0.000000
0.000000 2.039916
11 0.015000 0.840000 0.001000
0.487000 0.580000 0.780000 0.490000 1.250000 6.700000 0.650000 0.650000
187499.984375 75.360001 0.084000
1.073000 0.050000 0.116600
0.160757 0.145899 0.000813 0.000000
0.000000

0.000000 0.224326 4.413652
0.071427 0.007940 1.192109 6.539164 177.194672
0.000000 0.153802 0.020986 0.000000 0.000000 0.000000
0.000000 0.000001 0.000000
4.543110 1.000000 0.000000
764.299377 0.000000
0.000000 0.000000 0.000000 0.000000
0.000000 2.620455
11 0.015000 0.855000 0.001000
0.487000 0.580000 0.780000 0.490000 1.250000 6.700000 0.650000 0.650000
187499.984375 75.360001 0.084000
1.073000 0.050000 0.116600
0.160799 0.160279 0.000893 0.000000
0.000000

0.000000 0.000000 0.155177
0.040814 0.004537 0.691425 3.792368 177.644318
0.000000 0.351163 0.016528 0.000000 0.000000 0.000000
0.000000 0.000001 0.000000
4.591461 1.000000 0.000000
764.299377 0.000000
0.000000 0.000000 0.000000 0.000000
0.000000 1.035955
11 0.015000 0.870000 0.001000
0.487000 0.580000 0.780000 0.490000 1.250000 6.700000 0.650000 0.650000
187499.984375 75.360001 0.084000
1.073000 0.050000 0.116600
0.162168 0.092715 0.000516 0.000000
0.000000

0.000000 0.000000 0.156225
0.040838 0.004540 0.691866 3.794460 177.654572
0.000000 0.534341 0.016458 0.000000 0.000000 0.000000
0.000000 0.000000 0.000000
4.638274 1.000000 0.000000
764.299377 0.000000
0.000000 0.000000 0.000000 0.000000
0.000000 1.035678
11 0.015000 0.885000 0.001000
0.487000 0.580000 0.780000 0.490000 1.250000 6.700000 0.650000 0.650000
187499.984375 75.360001 0.084000
1.073000 0.050000 0.116600
0.162192 0.092861 0.000517 0.000000
0.000000

0.000000 0.000000 0.157011
0.040855 0.004542 0.692214 3.796032 177.665756
0.000000 0.592180 0.016255 0.000000 0.000000 0.000000
0.000000 0.000000 0.000000
4.683630 1.000000 0.000000
764.299377 0.000000
0.000000 0.000000 0.000000 0.000000
0.000000 1.035832
11 0.015000 0.900000 0.001000
0.487000 0.580000 0.780000 0.490000 1.250000 6.700000 0.650000 0.650000
187499.984375 75.360001 0.084000
1.073000 0.050000 0.116600
0.162212 0.092715 0.000516 0.000000
0.000000

0.000000 0.000000 0.157733
0.040872 0.004544 0.692534 3.797467 177.678787
0.000000 0.512963 0.016093 0.000000 0.000000 0.000000
0.000000 0.000000 0.000000
4.727602 1.000000 0.000000
764.299377 0.000000
0.000000 0.000000 0.000000 0.000000
0.000000 1.036003
11 0.015000 0.915000 0.001000
0.487000 0.580000 0.780000 0.490000 1.250000 6.700000 0.650000 0.650000
187499.984375 75.360001 0.084000
1.073000 0.050000 0.116600
0.162226 0.092756 0.000517 0.000000
0.000000

0.000000 0.000000 0.158435
0.040887 0.004545 0.692843 3.798840 177.688339
0.000000 0.365282 0.015937 0.000000 0.000000 0.000000
0.000000 0.000001 0.000000
4.770258 1.000000 0.000000
764.299377 0.000000
0.000000 0.000000 0.000000 0.000000
0.000000 1.035925
11 0.015000 0.930000 0.001000
0.487000 0.580000 0.780000 0.490000 1.250000 6.700000 0.650000 0.650000
187499.984375 75.360001 0.084000
1.073000 0.050000 0.116600
0.162244 0.092628 0.000516 0.000000
0.000000

0.000000 0.000000 0.159139
0.040902 0.004547 0.693143 3.800175 177.697739
0.000000 0.223060 0.015865 0.000000 0.000000 0.000000
0.000000 0.000001 0.000000
4.811663 1.000000 0.000000
764.299377 0.000000
0.000000 0.000000 0.000000 0.000000
0.000000 1.035582
11 0.015000 0.945000 0.001000
0.487000 0.580000 0.780000 0.490000 1.250000 6.700000 0.650000 0.650000
187499.984375 75.360001 0.084000
1.073000 0.050000 0.116600
0.162260 0.092810 0.000517 0.000000
0.000000

0.000000 0.000000 0.159851
0.040918 0.004549 0.693455 3.801574 177.707138
0.000000 0.122551 0.015741 0.000000 0.000000 0.000000
0.000000 0.000002 0.000000
4.851875 1.000000 0.000000
764.299377 0.000000
0.000000 0.000000 0.000000 0.000000
0.000000 1.035098
11 0.015000 0.960000 0.001000
0.487000 0.580000 0.780000 0.490000 1.250000 6.700000 0.650000 0.650000
187499.984375 75.360001 0.084000
1.073000 0.050000 0.116600
0.162277 0.092762 0.000517 0.000000
0.000000

0.000000 0.000000 0.160857
0.040940 0.004551 0.693872 3.803558 177.716431
0.000000 0.065248 0.015685 0.000000 0.000000 0.000000
0.000000 0.000003 0.000000
4.890948 1.000000 0.000000
764.299377 0.000000
0.000000 0.000000 0.000000 0.000000
0.000000 1.034567
11 0.015000 0.975000 0.001000
0.487000 0.580000 0.780000 0.490000 1.250000 6.700000 0.650000 0.650000
187499.984375 75.360001 0.084000
1.073000 0.050000 0.116600
0.162300 0.092719 0.000516 0.000000
0.000000

0.000000 0.000000 0.161693
0.040958 0.004553 0.694221 3.805163 177.727310
0.000000 0.037715 0.015594 0.000000 0.000000 0.000000
0.000000 0.000005 0.000000
4.928934 1.000000 0.000000
764.299377 0.000000
0.000000 0.000000 0.000000 0.000000
0.000000 1.033974
11 0.015000 0.990000 0.001000
0.487000 0.580000 0.780000 0.490000 1.250000 6.700000 0.650000 0.650000
187499.984375 75.360001 0.084000
1.073000 0.050000 0.116600
0.162315 0.092685 0.000516 0.000000
0.000000

0.000000 0.000000 0.162362
0.040973 0.004555 0.694510 3.806452 177.738312
0.000000 0.026175 0.015538 0.000000 0.000000 0.000000
0.000000 0.000008 0.000000
4.965882 1.000000 0.000000
764.299377 0.000000
0.000000 0.000000 0.000000 0.000000
0.000000 1.033368
11 0.015000 1.005000 0.001000
0.487000 0.580000 0.780000 0.490000 1.250000 6.700000 0.650000 0.650000
187499.984375 75.360001 0.084000
1.073000 0.050000 0.116600
0.162333 0.092851 0.000517 0.000000
0.000000

0.000000 0.000000 0.163252
0.040992 0.004557 0.694870 3.808136 177.746704
0.000000 0.021605 0.015442 0.000000 0.000000 0.000000
0.000000 0.000009 0.000000
5.001839 1.000000 0.000000
764.299377 0.000000
0.000000 0.000000 0.000000 0.000000
0.000000 1.032756
11 0.015000 1.020000 0.001000
0.487000 0.580000 0.780000 0.490000 1.250000 6.700000 0.650000 0.650000
187499.984375 75.360001 0.084000
1.073000 0.050000 0.116600
0.162352 0.092703 0.000516 0.000000
0.000000

0.000000 0.000000 0.163910
0.041006 0.004559 0.695157 3.809417 177.755524
0.000000 0.019466 0.015432 0.000000 0.000000 0.000000
0.000000 0.000010 0.000000
5.036849 1.000000 0.000000
764.299377 0.000000
0.000000 0.000000 0.000000 0.000000
0.000000 1.032124
11 0.015000 1.035000 0.001000
0.487000 0.580000 0.780000 0.490000 1.250000 6.700000 0.650000 0.650000
187499.984375 75.360001 0.084000
1.073000 0.050000 0.116600
0.162367 0.092936 0.000518 0.000000
0.000000

0.000000 0.000000 0.164606
0.041021 0.004560 0.695449 3.810728 177.764389
0.000000 0.017921 0.015363 0.000000 0.000000 0.000000
0.000000 0.000010 0.000001
5.070953 1.000000 0.000000
764.299377 0.000000
0.000000 0.000000 0.000000 0.000000
0.000000 1.031515
11 0.015000 1.050000 0.001000
0.487000 0.580000 0.780000 0.490000 1.250000 6.700000 0.650000 0.650000
187499.984375 75.360001 0.084000
1.073000 0.050000 0.116600
0.162381 0.092750 0.000517 0.000000
0.000000

0.000000 0.000000 0.165251
0.041035 0.004562 0.695715 3.811911 177.773560
0.000000 0.016417 0.015266 0.000000 0.000000 0.000000
0.000000 0.000011 0.000001
5.104192 1.000000 0.000000
764.299377 0.000000
0.000000 0.000000 0.000000 0.000000
0.000000 1.030898
11 0.015000 1.065000 0.001000
0.487000 0.580000 0.780000 0.490000 1.250000 6.700000 0.650000 0.650000
187499.984375 75.360001 0.084000
1.073000 0.050000 0.116600
0.162395 0.092945 0.000518 0.000000
0.000000

0.000000 0.000000 0.165915
0.041049 0.004563 0.695992 3.813156 177.782196
0.000000 0.014890 0.015258 0.000000 0.000000 0.000000
0.000000 0.000012 0.000001
5.136604 1.000000 0.000000
764.299377 0.000000
0.000000 0.000000 0.000000 0.000000
0.000000 1.030290
11 0.015000 1.080000 0.001000
0.487000 0.580000 0.780000 0.490000 1.250000 6.700000 0.650000 0.650000
187499.984375 75.360001 0.084000
1.073000 0.050000 0.116600
0.162408 0.092700 0.000516 0.000000
0.000000

0.000000 0.000000 0.166938
0.041070 0.004566 0.696393 3.815074 177.791763
0.000000 0.013378 0.015146 0.000000 0.000000 0.000000
0.000000 0.000013 0.000001
5.168228 1.000000 0.000000
764.299377 0.000000
0.000000 0.000000 0.000000 0.000000
0.000000 1.029726
11 0.015000 1.095000 0.001000
0.487000 0.580000 0.780000 0.490000 1.250000 6.700000 0.650000 0.650000
187499.984375 75.360001 0.084000
1.073000 0.050000 0.116600
0.162431 0.093051 0.000518 0.000000
0.000000

0.000000 0.000000 0.168081
0.041094 0.004568 0.696830 3.817200 177.802780
0.000000 0.011944 0.015112 0.000000 0.000000 0.000000
0.000000 0.000014 0.000001
5.199098 1.000000 0.000000
764.299377 0.000000
0.000000 0.000000 0.000000 0.000000
0.000000 1.029183
11 0.015000 1.110000 0.001000
0.487000 0.580000 0.780000 0.490000 1.250000 6.700000 0.650000 0.650000
187499.984375 75.360001 0.084000
1.073000 0.050000 0.116600
0.162457 0.092586 0.000516 0.000000
0.000000

0.000000 0.000000 0.168715
0.041107 0.004570 0.697086 3.818331 177.810394
0.000000 0.010622 0.015037 0.000000 0.000000 0.000000
0.000000 0.000015 0.000001
5.229249 1.000000 0.000000
764.299377 0.000000
0.000000 0.000000 0.000000 0.000000
0.000000 1.028603
11 0.015000 1.125000 0.001000
0.487000 0.580000 0.780000 0.490000 1.250000 6.700000 0.650000 0.650000
187499.984375 75.360001 0.084000
1.073000 0.050000 0.116600
0.162470 0.092879 0.000517 0.000000
0.000000

0.000000 0.000000 0.169343
0.041120 0.004571 0.697349 3.819501 177.819351
0.000000 0.009437 0.014957 0.000000 0.000000 0.000000
0.000000 0.000015 0.000002
5.258715 1.000000 0.000000
764.299377 0.000000
0.000000 0.000000 0.000000 0.000000
0.000000 1.028022
11 0.015000 1.140000 0.001000
0.487000 0.580000 0.780000 0.490000 1.250000 6.700000 0.650000 0.650000
187499.984375 75.360001 0.084000
1.073000 0.050000 0.116600
0.162485 0.092807 0.000517 0.000000
0.000000

0.000000 0.000000 0.169967
0.041133 0.004573 0.697607 3.820656 177.827423
0.000000 0.008408 0.014882 0.000000 0.000000 0.000000
0.000000 0.000015 0.000002
5.287528 1.000000 0.000000
764.299377 0.000000
0.000000 0.000000 0.000000 0.000000
0.000000 1.027454
11 0.015000 1.155000 0.001000
0.487000 0.580000 0.780000 0.490000 1.250000 6.700000 0.650000 0.650000
187499.984375 75.360001 0.084000
1.073000 0.050000 0.116600
0.162499 0.092895 0.000517 0.000000
0.000000

0.000000 0.000000 0.170647
0.041147 0.004574 0.697876 3.821873 177.835663
0.000000 0.007541 0.014814 0.000000 0.000000 0.000000
0.000000 0.000015 0.000002
5.315719 1.000000 0.000000
764.299377 0.000000
0.000000 0.000000 0.000000 0.000000
0.000000 1.026901
11 0.015000 1.170000 0.001000
0.487000 0.580000 0.780000 0.490000 1.250000 6.700000 0.650000 0.650000
187499.984375 75.360001 0.084000
1.073000 0.050000 0.116600
0.162510 0.092862 0.000517 0.000000
0.000000

0.000000 0.000000 0.171407
0.041163 0.004576 0.698175 3.823250 177.844406
0.000000 0.006836 0.014756 0.000000 0.000000 0.000000
0.000000 0.000015 0.000002
5.343317 1.000000 0.000000
764.299377 0.000000
0.000000 0.000000 0.000000 0.000000
0.000000 1.026365
11 0.015000 1.185000 0.001000
0.487000 0.580000 0.780000 0.490000 1.250000 6.700000 0.650000 0.650000
187499.984375 75.360001 0.084000
1.073000 0.050000 0.116600
0.162527 0.092601 0.000516 0.000000
0.000000

0.000000 0.000000 0.172013
0.041175 0.004577 0.698415 3.824318 177.852295
0.000000 0.006283 0.014705 0.000000 0.000000 0.000000
0.000000 0.000015 0.000002
5.370353 1.000000 0.000000
764.299377 0.000000
0.000000 0.000000 0.000000 0.000000
0.000000 1.025829
11 0.015000 1.200000 0.001000
0.487000 0.580000 0.780000 0.490000 1.250000 6.700000 0.650000 0.650000
187499.984375 75.360001 0.084000
1.073000 0.050000 0.116600
0.162540 0.092777 0.000517 0.000000
0.000000

0.000000 0.000000 0.172616
0.041187 0.004579 0.698660 3.825408 177.859161
0.000000 0.005865 0.014656 0.000000 0.000000 0.000000
0.000000 0.000014 0.000002
5.396852 1.000000 0.000000
764.299377 0.000000
0.000000 0.000000 0.000000 0.000000
0.000000 1.025306
11 0.015000 1.215000 0.001000
0.487000 0.580000 0.780000 0.490000 1.250000 6.700000 0.650000 0.650000
187499.984375 75.360001 0.084000
1.073000 0.050000 0.116600
0.162554 0.092719 0.000516 0.000000
0.000000

0.000000 0.000000 0.173210
0.041200 0.004580 0.698904 3.826495 177.868729
0.000000 0.005561 0.014626 0.000000 0.000000 0.000000
0.000000 0.000014 0.000003
5.422844 1.000000 0.000000
764.299377 0.000000
0.000000 0.000000 0.000000 0.000000
0.000000 1.024786
11 0.015000 1.230000 0.001000
0.487000 0.580000 0.780000 0.490000 1.250000 6.700000 0.650000 0.650000
187499.984375 75.360001 0.084000
1.073000 0.050000 0.116600
0.162564 0.092784 0.000517 0.000000
0.000000

0.000000 0.000000 0.173803
0.041211 0.004581 0.699138 3.827538 177.876495
0.000000 0.005343 0.014573 0.000000 0.000000 0.000000
0.000000 0.000014 0.000003
5.448353 1.000000 0.000000
764.299377 0.000000
0.000000 0.000000 0.000000 0.000000
0.000000 1.024278
11 0.015000 1.245000 0.001000
0.487000 0.580000 0.780000 0.490000 1.250000 6.700000 0.650000 0.650000
187499.984375 75.360001 0.084000
1.073000 0.050000 0.116600
0.162575 0.092857 0.000517 0.000000
0.000000

0.000000 0.000000 0.174389
0.041223 0.004583 0.699371 3.828577 177.884613
0.000000 0.005187 0.014535 0.000000 0.000000 0.000000
0.000000 0.000014 0.000003
5.473404 1.000000 0.000000
764.299377 0.000000
0.000000 0.000000 0.000000 0.000000
0.000000 1.023784
11 0.015000 1.260000 0.001000
0.487000 0.580000 0.780000 0.490000 1.250000 6.700000 0.650000 0.650000
187499.984375 75.360001 0.084000
1.073000 0.050000 0.116600
0.162591 0.093158 0.000519 0.000000
0.000000

0.000000 0.000000 0.174986
0.041235 0.004584 0.699603 3.829605 177.892578
0.000000 0.005070 0.014470 0.000000 0.000000 0.000000
0.000000 0.000014 0.000003
5.498020 1.000000 0.000000
764.299377 0.000000
0.000000 0.000000 0.000000 0.000000
0.000000 1.023294
11 0.015000 1.275000 0.001000
0.487000 0.580000 0.780000 0.490000 1.250000 6.700000 0.650000 0.650000
187499.984375 75.360001 0.084000
1.073000 0.050000 0.116600
0.162602 0.093102 0.000519 0.000000
0.000000

0.000000 0.000000 0.175689
0.041249 0.004586 0.699873 3.830836 177.900620
0.000000 0.004985 0.014434 0.000000 0.000000 0.000000
0.000000 0.000014 0.000003
5.522225 1.000000 0.000000
764.299377 0.000000
0.000000 0.000000 0.000000 0.000000
0.000000 1.022823
11 0.015000 1.290000 0.001000
0.487000 0.580000 0.780000 0.490000 1.250000 6.700000 0.650000 0.650000
187499.984375 75.360001 0.084000
1.073000 0.050000 0.116600
0.162616 0.093103 0.000519 0.000000
0.000000

0.000000 0.000000 0.176411
0.041263 0.004587 0.700152 3.832131 177.908997
0.000000 0.004921 0.014380 0.000000 0.000000 0.000000
0.000000 0.000014 0.000003
5.546039 1.000000 0.000000
764.299377 0.000000
0.000000 0.000000 0.000000 0.000000
0.000000 1.022368
11 0.015000 1.305000 0.001000
0.487000 0.580000 0.780000 0.490000 1.250000 6.700000 0.650000 0.650000
187499.984375 75.360001 0.084000
1.073000 0.050000 0.116600
0.162631 0.092981 0.000518 0.000000
0.000000

0.000000 0.000000 0.177020
0.041276 0.004589 0.700390 3.833194 177.916336
0.000000 0.004871 0.014332 0.000000 0.000000 0.000000
0.000000 0.000014 0.000003
5.569482 1.000000 0.000000
764.299377 0.000000
0.000000 0.000000 0.000000 0.000000
0.000000 1.021914
11 0.015000 1.320000 0.001000
0.487000 0.580000 0.780000 0.490000 1.250000 6.700000 0.650000 0.650000
187499.984375 75.360001 0.084000
1.073000 0.050000 0.116600
0.162644 0.093086 0.000518 0.000000
0.000000

0.000000 0.000000 0.177594
0.041287 0.004590 0.700613 3.834191 177.924255
0.000000 0.004834 0.014330 0.000000 0.000000 0.000000
0.000000 0.000014 0.000003
5.592576 1.000000 0.000000
764.299377 0.000000
0.000000 0.000000 0.000000 0.000000
0.000000 1.021465
11 0.015000 1.335000 0.001000
0.487000 0.580000 0.780000 0.490000 1.250000 6.700000 0.650000 0.650000
187499.984375 75.360001 0.084000
1.073000 0.050000 0.116600
0.162658 0.092991 0.000518 0.000000
0.000000

0.000000 0.000000 0.178156
0.041298 0.004591 0.700828 3.835141 177.933258
0.000000 0.004802 0.014274 0.000000 0.000000 0.000000
0.000000 0.000014 0.000003
5.615336 1.000000 0.000000
764.299377 0.000000
0.000000 0.000000 0.000000 0.000000
0.000000 1.021030
11 0.015000 1.350000 0.001000
0.487000 0.580000 0.780000 0.490000 1.250000 6.700000 0.650000 0.650000
187499.984375 75.360001 0.084000
1.073000 0.050000 0.116600
0.162666 0.093078 0.000518 0.000000
0.000000

0.000000 0.000000 0.178716
0.041308 0.004592 0.701042 3.836088 177.941269
0.000000 0.004771 0.014209 0.000000 0.000000 0.000000
0.000000 0.000014 0.000003
5.637783 1.000000 0.000000
764.299377 0.000000
0.000000 0.000000 0.000000 0.000000
0.000000 1.020592
11 0.015000 1.365000 0.001000
0.487000 0.580000 0.780000 0.490000 1.250000 6.700000 0.650000 0.650000
187499.984375 75.360001 0.084000
1.073000 0.050000 0.116600
0.162677 0.093173 0.000519 0.000000
0.000000

0.000000 0.000000 0.179317
0.041320 0.004594 0.701275 3.837137 177.949600
0.000000 0.004744 0.014189 0.000000 0.000000 0.000000
0.000000 0.000014 0.000003
5.659931 1.000000 0.000000
764.299377 0.000000
0.000000 0.000000 0.000000 0.000000
0.000000 1.020175
11 0.015000 1.380000 0.001000
0.487000 0.580000 0.780000 0.490000 1.250000 6.700000 0.650000 0.650000
187499.984375 75.360001 0.084000
1.073000 0.050000 0.116600
0.162689 0.093356 0.000520 0.000000
0.000000

0.000000 0.000000 0.180297
0.041339 0.004596 0.701622 3.838810 177.958389
0.000000 0.004714 0.014100 0.000000 0.000000 0.000000
0.000000 0.000014 0.000003
5.681796 1.000000 0.000000
764.299377 0.000000
0.000000 0.000000 0.000000 0.000000
0.000000 1.019801
11 0.015000 1.395000 0.001000
0.487000 0.580000 0.780000 0.490000 1.250000 6.700000 0.650000 0.650000
187499.984375 75.360001 0.084000
1.073000 0.050000 0.116600
0.162711 0.093104 0.000519 0.000000
0.000000

0.000000 0.000000 0.180871
0.041350 0.004597 0.701840 3.839788 177.966064
0.000000 0.004691 0.014077 0.000000 0.000000 0.000000
0.000000 0.000014 0.000003
5.703392 1.000000 0.000000
764.299377 0.000000
0.000000 0.000000 0.000000 0.000000
0.000000 1.019395
11 0.015000 1.410000 0.001000
0.487000 0.580000 0.780000 0.490000 1.250000 6.700000 0.650000 0.650000
187499.984375 75.360001 0.084000
1.073000 0.050000 0.116600
0.162723 0.093337 0.000520 0.000000
0.000000

0.000000 0.000000 0.181522
0.041363 0.004598 0.702082 3.840888 177.973648
0.000000 0.004674 0.014056 0.000000 0.000000 0.000000
0.000000 0.000014 0.000003
5.724732 1.000000 0.000000
764.299377 0.000000
0.000000 0.000000 0.000000 0.000000
0.000000 1.018995
11 0.015000 1.425000 0.001000
0.487000 0.580000 0.780000 0.490000 1.250000 6.700000 0.650000 0.650000
187499.984375 75.360001 0.084000
1.073000 0.050000 0.116600
0.162732 0.093068 0.000518 0.000000
0.000000

0.000000 0.000000 0.182115
0.041374 0.004600 0.702299 3.841865 177.981262
0.000000 0.004654 0.013993 0.000000 0.000000 0.000000
0.000000 0.000014 0.000004
5.745832 1.000000 0.000000
764.299377 0.000000
0.000000 0.000000 0.000000 0.000000
0.000000 1.018609
11 0.015000 1.440000 0.001000
0.487000 0.580000 0.780000 0.490000 1.250000 6.700000 0.650000 0.650000
187499.984375 75.360001 0.084000
1.073000 0.050000 0.116600
0.162746 0.093101 0.000519 0.000000
0.000000

0.000000 0.000000 0.182652
0.041384 0.004601 0.702503 3.842765 177.987991
0.000000 0.004641 0.013992 0.000000 0.000000 0.000000
0.000000 0.000014 0.000004
5.766700 1.000000 0.000000
764.299377 0.000000
0.000000 0.000000 0.000000 0.000000
0.000000 1.018225
11 0.015000 1.455000 0.001000
0.487000 0.580000 0.780000 0.490000 1.250000 6.700000 0.650000 0.650000
187499.984375 75.360001 0.084000
1.073000 0.050000 0.116600
0.162761 0.093048 0.000518 0.000000
0.000000

0.000000 0.000000 0.183185
0.041394 0.004602 0.702704 3.843656 177.994781
0.000000 0.004625 0.013941 0.000000 0.000000 0.000000
0.000000 0.000014 0.000004
5.787349 1.000000 0.000000
764.299377 0.000000
0.000000 0.000000 0.000000 0.000000
0.000000 1.017842
11 0.015000 1.470000 0.001000
0.487000 0.580000 0.780000 0.490000 1.250000 6.700000 0.650000 0.650000
187499.984375 75.360001 0.084000
1.073000 0.050000 0.116600
0.162767 0.093115 0.000519 0.000000
0.000000

0.000000 0.000000 0.183714
0.041404 0.004603 0.702905 3.844540 178.001999
0.000000 0.004605 0.013891 0.000000 0.000000 0.000000
0.000000 0.000014 0.000004
5.807789 1.000000 0.000000
764.299377 0.000000
0.000000 0.000000 0.000000 0.000000
0.000000 1.017454
11 0.015000 1.485000 0.001000
0.487000 0.580000 0.780000 0.490000 1.250000 6.700000 0.650000 0.650000
187499.984375 75.360001 0.084000
1.073000 0.050000 0.116600
0.162778 0.093197 0.000519 0.000000
0.000000

0.000000 0.000000 0.184238
0.041414 0.004604 0.703106 3.845422 178.010269
0.000000 0.004587 0.013853 0.000000 0.000000 0.000000
0.000000 0.000014 0.000004
5.828028 1.000000 0.000000
764.299377 0.000000
0.000000 0.000000 0.000000 0.000000
0.000000 1.017084
11 0.015000 1.500000 0.001000
0.487000 0.580000 0.780000 0.490000 1.250000 6.700000 0.650000 0.650000
187499.984375 75.360001 0.084000
1.073000 0.050000 0.116600
0.162787 0.093518 0.000521 0.000000
0.000000

0.000000 0.000000 0.184799
0.041425 0.004605 0.703318 3.846375 178.017487
0.000000 0.004570 0.013813 0.000000 0.000000 0.000000
0.000000 0.000014 0.000004
5.848076 1.000000 0.000000
764.299377 0.000000
0.000000 0.000000 0.000000 0.000000
0.000000 1.016727
11 0.015000 1.515000 0.001000
0.487000 0.580000 0.780000 0.490000 1.250000 6.700000 0.650000 0.650000
187499.984375 75.360001 0.084000
1.073000 0.050000 0.116600
0.162797 0.093250 0.000519 0.000000
0.000000

0.000000 0.000000 0.185340
0.041435 0.004606 0.703513 3.847239 178.024857
0.000000 0.004552 0.013779 0.000000 0.000000 0.000000
0.000000 0.000014 0.000004
5.867940 1.000000 0.000000
764.299377 0.000000
0.000000 0.000000 0.000000 0.000000
0.000000 1.016367
11 0.015000 1.530000 0.001000
0.487000 0.580000 0.780000 0.490000 1.250000 6.700000 0.650000 0.650000
187499.984375 75.360001 0.084000
1.073000 0.050000 0.116600
0.162814 0.093343 0.000520 0.000000
0.000000

0.000000 0.000000 0.186990
0.041465 0.004610 0.704047 3.849945 178.038055
0.000000 0.004534 0.013737 0.000000 0.000000 0.000000
0.000000 0.000014 0.000004
5.887628 1.000000 0.000000
764.299377 0.000000
0.000000 0.000000 0.000000 0.000000
0.000000 1.016095
11 0.015000 1.545000 0.001000
0.487000 0.580000 0.780000 0.490000 1.250000 6.700000 0.650000 0.650000
187499.984375 75.360001 0.084000
1.073000 0.050000 0.116600
0.162842 0.093418 0.000520 0.000000
0.000000

0.000000 0.000000 0.191488
0.041545 0.004619 0.705418 3.857242 178.074936
0.000000 0.004514 0.013690 0.000000 0.000000 0.000000
0.000000 0.000014 0.000004
5.907146 1.000000 0.000000
764.299377 0.000000
0.000000 0.000000 0.000000 0.000000
0.000000 1.016076
11 0.015000 1.560000 0.001000
0.487000 0.580000 0.780000 0.490000 1.250000 6.700000 0.650000 0.650000
187499.984375 75.360001 0.084000
1.073000 0.050000 0.116600
0.162923 0.093116 0.000519 0.000000
0.000000

0.000000 0.000000 0.192013
0.041555 0.004620 0.705604 3.858059 178.081589
0.000000 0.004494 0.013636 0.000000 0.000000 0.000000
0.000000 0.000015 0.000004
5.926502 1.000000 0.000000
764.299377 0.000000
0.000000 0.000000 0.000000 0.000000
0.000000 1.015721
11 0.015000 1.575000 0.001000
0.487000 0.580000 0.780000 0.490000 1.250000 6.700000 0.650000 0.650000
187499.984375 75.360001 0.084000
1.073000 0.050000 0.116600
0.162942 0.093189 0.000519 0.000000
0.000000

0.000000 0.000000 0.192539
0.041564 0.004621 0.705800 3.858925 178.089005
0.000000 0.004471 0.013581 0.000000 0.000000 0.000000
0.000000 0.000015 0.000004
5.945698 1.000000 0.000000
764.299377 0.000000
0.000000 0.000000 0.000000 0.000000
0.000000 1.015377
11 0.015000 1.590000 0.001000
0.487000 0.580000 0.780000 0.490000 1.250000 6.700000 0.650000 0.650000
187499.984375 75.360001 0.084000
1.073000 0.050000 0.116600
0.162947 0.093274 0.000520 0.000000
0.000000

0.000000 0.000000 0.193063
0.041574 0.004622 0.705987 3.859754 178.096268
0.000000 0.004450 0.013546 0.000000 0.000000 0.000000
0.000000 0.000015 0.000004
5.964740 1.000000 0.000000
764.299377 0.000000
0.000000 0.000000 0.000000 0.000000
0.000000 1.015046
11 0.015000 1.605000 0.001000
0.487000 0.580000 0.780000 0.490000 1.250000 6.700000 0.650000 0.650000
187499.984375 75.360001 0.084000
1.073000 0.050000 0.116600
0.162958 0.093521 0.000521 0.000000
0.000000

0.000000 0.000000 0.193636
0.041584 0.004623 0.706186 3.860645 178.103928
0.000000 0.004434 0.013540 0.000000 0.000000 0.000000
0.000000 0.000015 0.000004
5.983634 1.000000 0.000000
764.299377 0.000000
0.000000 0.000000 0.000000 0.000000
0.000000 1.014724
11 0.015000 1.620000 0.001000
0.487000 0.580000 0.780000 0.490000 1.250000 6.700000 0.650000 0.650000
187499.984375 75.360001 0.084000
1.073000 0.050000 0.116600
0.162969 0.093342 0.000520 0.000000
0.000000

0.000000 0.000000 0.196718
0.041638 0.004629 0.707116 3.865528 178.134003
0.000000 0.004413 0.013464 0.000000 0.000000 0.000000
0.000000 0.000015 0.000004
6.002382 1.000000 0.000000
764.299377 0.000000
0.000000 0.000000 0.000000 0.000000
0.000000 1.014609
11 0.015000 1.635000 0.001000
0.487000 0.580000 0.780000 0.490000 1.250000 6.700000 0.650000 0.650000
187499.984375 75.360001 0.084000
1.073000 0.050000 0.116600
0.163025 0.093360 0.000520 0.000000
0.000000

0.000000 0.000000 0.197294
0.041648 0.004630 0.707315 3.866427 178.142395
0.000000 0.004393 0.013437 0.000000 0.000000 0.000000
0.000000 0.000015 0.000004
6.020989 1.000000 0.000000
764.299377 0.000000
0.000000 0.000000 0.000000 0.000000
0.000000 1.014293
11 0.015000 1.650000 0.001000
0.487000 0.580000 0.780000 0.490000 1.250000 6.700000 0.650000 0.650000
187499.984375 75.360001 0.084000
1.073000 0.050000 0.116600
0.163037 0.093228 0.000519 0.000000
0.000000

0.000000 0.000000 0.197819
0.041657 0.004631 0.707498 3.867230 178.149872
0.000000 0.004369 0.013361 0.000000 0.000000 0.000000
0.000000 0.000015 0.000004
6.039458 1.000000 0.000000
764.299377 0.000000
0.000000 0.000000 0.000000 0.000000
0.000000 1.013986
11 0.015000 1.665000 0.001000
0.487000 0.580000 0.780000 0.490000 1.250000 6.700000 0.650000 0.650000
187499.984375 75.360001 0.084000
1.073000 0.050000 0.116600
0.163046 0.093309 0.000520 0.000000
0.000000

0.000000 0.000000 0.198342
0.041667 0.004632 0.707685 3.868063 178.157639
0.000000 0.004347 0.013322 0.000000 0.000000 0.000000
0.000000 0.000015 0.000004
6.057791 1.000000 0.000000
764.299377 0.000000
0.000000 0.000000 0.000000 0.000000
0.000000 1.013687
11 0.015000 1.680000 0.001000
0.487000 0.580000 0.780000 0.490000 1.250000 6.700000 0.650000 0.650000
187499.984375 75.360001 0.084000
1.073000 0.050000 0.116600
0.163057 0.093632 0.000522 0.000000
0.000000

0.000000 0.000000 0.198923
0.041677 0.004633 0.707881 3.868945 178.164886
0.000000 0.004328 0.013307 0.000000 0.000000 0.000000
0.000000 0.000015 0.000004
6.075990 1.000000 0.000000
764.299377 0.000000
0.000000 0.000000 0.000000 0.000000
0.000000 1.013391
11 0.015000 1.695000 0.001000
0.487000 0.580000 0.780000 0.490000 1.250000 6.700000 0.650000 0.650000
187499.984375 75.360001 0.084000
1.073000 0.050000 0.116600
0.163064 0.093397 0.000520 0.000000
0.000000

0.000000 0.000000 0.199602
0.041689 0.004635 0.708110 3.870004 178.173798
0.000000 0.004315 0.013281 0.000000 0.000000 0.000000
0.000000 0.000015 0.000004
6.094058 1.000000 0.000000
764.299377 0.000000
0.000000 0.000000 0.000000 0.000000
0.000000 1.013112
11 0.015000 1.710000 0.001000
0.487000 0.580000 0.780000 0.490000 1.250000 6.700000 0.650000 0.650000
187499.984375 75.360001 0.084000
1.073000 0.050000 0.116600
0.163079 0.093437 0.000520 0.000000
0.000000

0.000000 0.000000 0.200118
0.041698 0.004636 0.708288 3.870788 178.181061
0.000000 0.004296 0.013211 0.000000 0.000000 0.000000
0.000000 0.000015 0.000004
6.111997 1.000000 0.000000
764.299377 0.000000
0.000000 0.000000 0.000000 0.000000
0.000000 1.012835
11 0.015000 1.725000 0.001000
0.487000 0.580000 0.780000 0.490000 1.250000 6.700000 0.650000 0.650000
187499.984375 75.360001 0.084000
1.073000 0.050000 0.116600
0.163087 0.093542 0.000521 0.000000
0.000000

0.000000 0.000000 0.200744
0.041708 0.004637 0.708495 3.871733 178.189423
0.000000 0.004280 0.013190 0.000000 0.000000 0.000000
0.000000 0.000015 0.000004
6.129808 1.000000 0.000000
764.299377 0.000000
0.000000 0.000000 0.000000 0.000000
0.000000 1.012568
11 0.015000 1.740000 0.001000
0.487000 0.580000 0.780000 0.490000 1.250000 6.700000 0.650000 0.650000
187499.984375 75.360001 0.084000
1.073000 0.050000 0.116600
0.163099 0.093622 0.000521 0.000000
0.000000

0.000000 0.000000 0.202940
0.041746 0.004641 0.709144 3.875092 178.208618
0.000000 0.004262 0.013139 0.000000 0.000000 0.000000
0.000000 0.000015 0.000004
6.147495 1.000000 0.000000
764.299377 0.000000
0.000000 0.000000 0.000000 0.000000
0.000000 1.012436
11 0.015000 1.755000 0.001000
0.487000 0.580000 0.780000 0.490000 1.250000 6.700000 0.650000 0.650000
187499.984375 75.360001 0.084000
1.073000 0.050000 0.116600
0.163138 0.093529 0.000521 0.000000
0.000000

0.000000 0.000000 0.206483
0.041804 0.004647 0.710157 3.880442 178.227921
0.000000 0.004245 0.013100 0.000000 0.000000 0.000000
0.000000 0.000015 0.000004
6.165056 1.000000 0.000000
764.299377 0.000000
0.000000 0.000000 0.000000 0.000000
0.000000 1.012410
11 0.015000 1.770000 0.001000
0.487000 0.580000 0.780000 0.490000 1.250000 6.700000 0.650000 0.650000
187499.984375 75.360001 0.084000
1.073000 0.050000 0.116600
0.163202 0.093438 0.000520 0.000000
0.000000

0.000000 0.000000 0.207662
0.041824 0.004650 0.710512 3.882194 178.237228
0.000000 0.004229 0.013064 0.000000 0.000000 0.000000
0.000000 0.000015 0.000004
6.182494 1.000000 0.000000
764.299377 0.000000
0.000000 0.000000 0.000000 0.000000
0.000000 1.012206
11 0.015000 1.785000 0.001000
0.487000 0.580000 0.780000 0.490000 1.250000 6.700000 0.650000 0.650000
187499.984375 75.360001 0.084000
1.073000 0.050000 0.116600
0.163221 0.093743 0.000522 0.000000
0.000000

0.000000 0.000000 0.209536
0.041855 0.004653 0.711052 3.884973 178.246964
0.000000 0.004212 0.013020 0.000000 0.000000 0.000000
0.000000 0.000015 0.000004
6.199809 1.000000 0.000000
764.299377 0.000000
0.000000 0.000000 0.000000 0.000000
0.000000 1.012057
11 0.015000 1.800000 0.001000
0.487000 0.580000 0.780000 0.490000 1.250000 6.700000 0.650000 0.650000
187499.984375 75.360001 0.084000
1.073000 0.050000 0.116600
0.163253 0.093513 0.000521 0.000000
0.000000

0.000000 0.000000 0.210212
0.041866 0.004654 0.711268 3.885967 178.255325
0.000000 0.004194 0.012985 0.000000 0.000000 0.000000
0.000000 0.000015 0.000005
6.217002 1.000000 0.000000
764.299377 0.000000
0.000000 0.000000 0.000000 0.000000
0.000000 1.011829
11 0.015000 1.815000 0.001000
0.487000 0.580000 0.780000 0.490000 1.250000 6.700000 0.650000 0.650000
187499.984375 75.360001 0.084000
1.073000 0.050000 0.116600
0.163266 0.093592 0.000521 0.000000
0.000000

0.000000 0.000000 0.211571
0.041888 0.004657 0.711663 3.887943 178.264175
0.000000 0.004172 0.012917 0.000000 0.000000 0.000000
0.000000 0.000015 0.000005
6.234076 1.000000 0.000000
764.299377 0.000000
0.000000 0.000000 0.000000 0.000000
0.000000 1.011661
11 0.015000 1.830000 0.001000
0.487000 0.580000 0.780000 0.490000 1.250000 6.700000 0.650000 0.650000
187499.984375 75.360001 0.084000
1.073000 0.050000 0.116600
0.163288 0.093565 0.000521 0.000000
0.000000

0.000000 0.000000 0.212110
0.041897 0.004658 0.711835 3.888701 178.270691
0.000000 0.004156 0.012912 0.000000 0.000000 0.000000
0.000000 0.000015 0.000005
6.251028 1.000000 0.000000
764.299377 0.000000
0.000000 0.000000 0.000000 0.000000
0.000000 1.011435
11 0.015000 1.845000 0.001000
0.487000 0.580000 0.780000 0.490000 1.250000 6.700000 0.650000 0.650000
187499.984375 75.360001 0.084000
1.073000 0.050000 0.116600
0.163298 0.093646 0.000522 0.000000
0.000000

0.000000 0.000000 0.212682
0.041906 0.004659 0.712021 3.889534 178.277161
0.000000 0.004141 0.012875 0.000000 0.000000 0.000000
0.000000 0.000015 0.000005
6.267861 1.000000 0.000000
764.299377 0.000000
0.000000 0.000000 0.000000 0.000000
0.000000 1.011214
11 0.015000 1.860000 0.001000
0.487000 0.580000 0.780000 0.490000 1.250000 6.700000 0.650000 0.650000
187499.984375 75.360001 0.084000
1.073000 0.050000 0.116600
0.163307 0.093507 0.000521 0.000000
0.000000

0.000000 0.000000 0.213340
0.041917 0.004660 0.712223 3.890453 178.284485
0.000000 0.004126 0.012841 0.000000 0.000000 0.000000
0.000000 0.000015 0.000005
6.284575 1.000000 0.000000
764.299377 0.000000
0.000000 0.000000 0.000000 0.000000
0.000000 1.011013
11 0.015000 1.875000 0.001000
0.487000 0.580000 0.780000 0.490000 1.250000 6.700000 0.650000 0.650000
187499.984375 75.360001 0.084000
1.073000 0.050000 0.116600
0.163322 0.093639 0.000522 0.000000
0.000000

0.000000 0.000000 0.213909
0.041926 0.004661 0.712404 3.891271 178.291931
0.000000 0.004111 0.012801 0.000000 0.000000 0.000000
0.000000 0.000015 0.000005
6.301170 1.000000 0.000000
764.299377 0.000000
0.000000 0.000000 0.000000 0.000000
0.000000 1.010801
11 0.015000 1.890000 0.001000
0.487000 0.580000 0.780000 0.490000 1.250000 6.700000 0.650000 0.650000
187499.984375 75.360001 0.084000
1.073000 0.050000 0.116600
0.163327 0.093829 0.000523 0.000000
0.000000

0.000000 0.000000 0.214510
0.041936 0.004662 0.712593 3.892127 178.299850
0.000000 0.004093 0.012743 0.000000 0.000000 0.000000
0.000000 0.000015 0.000005
6.317646 1.000000 0.000000
764.299377 0.000000
0.000000 0.000000 0.000000 0.000000
0.000000 1.010609
11 0.015000 1.905000 0.001000
0.487000 0.580000 0.780000 0.490000 1.250000 6.700000 0.650000 0.650000
187499.984375 75.360001 0.084000
1.073000 0.050000 0.116600
0.163339 0.093524 0.000521 0.000000
0.000000

0.000000 0.000000 0.215068
0.041945 0.004663 0.712775 3.892942 178.306900
0.000000 0.004076 0.012696 0.000000 0.000000 0.000000
0.000000 0.000015 0.000005
6.334004 1.000000 0.000000
764.299377 0.000000
0.000000 0.000000 0.000000 0.000000
0.000000 1.010414
11 0.015000 1.920000 0.001000
0.487000 0.580000 0.780000 0.490000 1.250000 6.700000 0.650000 0.650000
187499.984375 75.360001 0.084000
1.073000 0.050000 0.116600
0.163351 0.093509 0.000521 0.000000
0.000000

0.000000 0.000000 0.215587
0.041953 0.004664 0.712932 3.893626 178.314178
0.000000 0.004061 0.012671 0.000000 0.000000 0.000000
0.000000 0.000015 0.000005
6.350245 1.000000 0.000000
764.299377 0.000000
0.000000 0.000000 0.000000 0.000000
0.000000 1.010214
11 0.015000 1.935000 0.001000
0.487000 0.580000 0.780000 0.490000 1.250000 6.700000 0.650000 0.650000
187499.984375 75.360001 0.084000
1.073000 0.050000 0.116600
0.163357 0.093589 0.000521 0.000000
0.000000

0.000000 0.000000 0.216102
0.041961 0.004665 0.713100 3.894368 178.321320
0.000000 0.004042 0.012615 0.000000 0.000000 0.000000
0.000000 0.000015 0.000005
6.366370 1.000000 0.000000
764.299377 0.000000
0.000000 0.000000 0.000000 0.000000
0.000000 1.010035
11 0.015000 1.950000 0.001000
0.487000 0.580000 0.780000 0.490000 1.250000 6.700000 0.650000 0.650000
187499.984375 75.360001 0.084000
1.073000 0.050000 0.116600
0.163364 0.093896 0.000523 0.000000
0.000000

0.000000 0.000000 0.216709
0.041971 0.004666 0.713282 3.895189 178.329056
0.000000 0.004024 0.012571 0.000000 0.000000 0.000000
0.000000 0.000015 0.000005
6.382379 1.000000 0.000000
764.299377 0.000000
0.000000 0.000000 0.000000 0.000000
0.000000 1.009869
11 0.015000 1.965000 0.001000
0.487000 0.580000 0.780000 0.490000 1.250000 6.700000 0.650000 0.650000
187499.984375 75.360001 0.084000
1.073000 0.050000 0.116600
0.163377 0.093780 0.000522 0.000000
0.000000

0.000000 0.000000 0.218039
0.041991 0.004668 0.713657 3.897057 178.338058
0.000000 0.004009 0.012554 0.000000 0.000000 0.000000
0.000000 0.000015 0.000005
6.398273 1.000000 0.000000
764.299377 0.000000
0.000000 0.000000 0.000000 0.000000
0.000000 1.009758
11 0.015000 1.980000 0.001000
0.487000 0.580000 0.780000 0.490000 1.250000 6.700000 0.650000 0.650000
187499.984375 75.360001 0.084000
1.073000 0.050000 0.116600
0.163396 0.093807 0.000522 0.000000
0.000000

0.000000 0.000000 0.218784
0.042003 0.004670 0.713876 3.898086 178.345337
0.000000 0.013522 0.012700 0.000000 0.000000 0.000000
0.000000 0.000019 0.000002
6.414052 1.000000 0.000000
764.299377 0.000000
0.000000 0.000000 0.000000 0.000000
0.000000 1.009563
11 0.015000 1.995000 0.001000
0.487000 0.580000 0.780000 0.490000 1.250000 6.700000 0.650000 0.650000
187499.984375 75.360001 0.084000
1.073000 0.050000 0.116600
0.163410 0.093906 0.000523 0.000000
0.000000
1.000000
2.000000
0.321000 0.000000
0.000000
0
-0.750000
0 0
0.000000
1
0.000000
1.000000
1.000000
1.000000
0.000000 0.000000 0.000000
0.000000 0.000000
0.000000 0.000000 0.000000 0.000000 0.000000 0.000000 0.000000
0.000000 0.000000 0.000000 0.000000 0.000000 0.000000 0.000000
605
2.000000
1
C:\Kingsite\dnd\Ohio1.spf
-1.000000 -1.000000
0.000000
50
50
10.000000
100
