11
Clay
0.580000 0.612000 0.084000 0.780000 0.530000 1.000000 0.000000 0.000000
1.020000 6.700000 1 0.028600 0.500000 0.050000 0.010000 0.027000 0.963000
0.000000 0.015000 2.000000 152999.984375 75.360001 133
0.103800 3.528000 4.728100 0.000000 1
8.234000 8.234000 10.000000 5.000000 25.000000 100.000000
0.000000 0.000000 0.000000 0.000000 168.363327 249.101349
500.000000 0.000000 0.000000

0.000598 333.515198 615.997498
3.761230 0.418070 36.548649 338.060028 3392.918945
0.000000 0.002068 0.015552 0.811037 0.000000 0.000000
0.000003 0.000000 0.000001
-2.231375 0.000010 71.483856
764.299377 0.000000
0.383271 0.000000 0.000000 0.000000
0.000000 0.521317
11 0.015000 0.015000 0.028600
0.612000 0.580000 0.780000 0.530000 1.020000 6.700000 0.780000 0.780000
152999.984375 75.360001 0.084000
1.073000 0.050000 0.116600
2.836786 4.274668 0.001134 0.000000
0.000000

0.001119 8.242868 84.548744
3.568712 0.396663 42.920338 378.640015 4031.752686
0.000000 0.002132 0.017803 0.499431 0.000000 0.000000
0.000002 0.000000 0.000013
-2.057753 0.000010 71.483856
764.299377 0.000000
0.323912 0.000000 0.000000 0.000000
0.000000 0.058258
11 0.015000 0.030000 0.028600
0.612000 0.580000 0.780000 0.530000 1.020000 6.700000 0.780000 0.780000
152999.984375 75.360001 0.084000
1.073000 0.050000 0.116600
3.376751 5.677661 0.002002 0.000000
0.000000

0.001426 6.273583 78.281281
3.606573 0.400864 43.985149 378.242126 4031.985352
0.000000 0.001308 0.026936 0.249715 0.000000 0.000000
0.000001 0.000000 0.000013
-1.884776 0.000010 71.483856
764.299377 0.000000
0.282891 0.000000 0.000000 0.000000
0.000000 0.063289
11 0.015000 0.045000 0.028600
0.612000 0.580000 0.780000 0.530000 1.020000 6.700000 0.780000 0.780000
152999.984375 75.360001 0.084000
1.073000 0.050000 0.116600
3.380085 6.208948 0.002396 0.000000
0.000000

0.001688 5.853074 75.154648
3.646593 0.405307 44.758751 378.015137 4032.134766
0.000000 0.000773 0.028649 0.124858 0.000000 0.000000
0.000001 0.000000 0.000014
-1.712757 0.000010 71.483856
764.299377 0.000000
0.242025 0.000000 0.000000 0.000000
0.000000 0.065559
11 0.015000 0.060000 0.028600
0.612000 0.580000 0.780000 0.530000 1.020000 6.700000 0.780000 0.780000
152999.984375 75.360001 0.084000
1.073000 0.050000 0.116600
3.382448 6.625981 0.002730 0.000000
0.000000

0.001911 5.447875 72.201508
3.687548 0.409855 45.346107 377.809967 4032.241455
0.000000 0.000561 0.025799 0.062429 0.000000 0.000000
0.000001 0.000000 0.000015
-1.542004 0.000010 71.483856
764.299377 0.000000
0.198714 0.000000 0.000000 0.000000
0.000000 0.063202
11 0.015000 0.075000 0.028600
0.612000 0.580000 0.780000 0.530000 1.020000 6.700000 0.780000 0.780000
152999.984375 75.360001 0.084000
1.073000 0.050000 0.116600
3.384220 6.732837 0.002819 0.000000
0.000000

0.002103 5.080314 69.476219
3.711533 0.412543 45.785023 377.603485 4032.326660
0.000000 0.000713 0.023058 0.031214 0.000000 0.000000
0.000001 0.000000 0.000039
-1.372811 0.000010 71.483856
764.299377 0.000000
0.177121 0.000000 0.000000 0.000000
0.000000 0.061259
11 0.015000 0.090000 0.028600
0.612000 0.580000 0.780000 0.530000 1.020000 6.700000 0.780000 0.780000
152999.984375 75.360001 0.084000
1.073000 0.050000 0.116600
3.385551 6.976125 0.003222 0.000000
0.000000

0.011649 6.833287 133.570587
3.822398 0.424864 61.237167 371.124176 4030.651123
0.000000 0.000127 0.020115 0.015607 0.000000 0.000000
0.000000 0.000000 0.000039
-1.205467 0.000010 71.483856
764.299377 0.000000
0.159331 0.000000 0.000000 0.000000
0.000000 0.075967
11 0.015000 0.105000 0.028600
0.612000 0.580000 0.780000 0.530000 1.020000 6.700000 0.780000 0.780000
152999.984375 75.360001 0.084000
1.073000 0.050000 0.116600
3.426260 7.359247 0.003599 0.000000
0.000000

0.011013 4.707916 98.580841
1.495631 0.166245 24.288523 142.956985 2946.666504
0.000000 0.000000 0.006583 0.007804 0.000000 0.000000
0.000000 0.000000 0.000010
-1.030053 0.000010 53.212505
764.299377 0.000000
0.052974 0.000000 0.000000 0.000000
0.000000 0.051165
11 0.015000 0.120000 0.018000
0.547000 0.580000 0.780000 0.490000 1.150000 6.700000 0.650000 0.650000
172500.000000 75.360001 0.084000
1.073000 0.050000 0.116600
2.701615 7.893353 0.002422 0.000000
0.000000

0.010624 4.336704 92.248245
1.446425 0.160775 23.388813 137.440674 2947.264404
0.000000 0.000000 0.005216 0.003902 0.000000 0.000000
0.000000 0.000000 0.000009
-0.842489 0.000010 53.212505
764.299377 0.000000
0.041661 0.000000 0.000000 0.000000
0.000000 0.046927
11 0.015000 0.135000 0.018000
0.547000 0.580000 0.780000 0.490000 1.150000 6.700000 0.650000 0.650000
172500.000000 75.360001 0.084000
1.073000 0.050000 0.116600
2.703785 7.761537 0.002339 0.000000
0.000000

0.010228 4.021233 86.264885
1.400557 0.155676 22.553215 132.332642 2947.987305
0.000000 0.000000 0.003930 0.001951 0.000000 0.000000
0.000000 0.000000 0.000009
-0.657480 0.000010 53.212505
764.299377 0.000000
0.031304 0.000000 0.000000 0.000000
0.000000 0.043098
11 0.015000 0.150000 0.018000
0.547000 0.580000 0.780000 0.490000 1.150000 6.700000 0.650000 0.650000
172500.000000 75.360001 0.084000
1.073000 0.050000 0.116600
2.705743 7.653491 0.002273 0.000000
0.000000

0.009741 17.560343 81.923798
1.375418 0.152883 22.048250 129.235245 2948.383057
0.000000 0.000000 0.002817 0.000975 0.000000 0.000000
0.000000 0.000000 0.000008
-0.475271 0.000010 53.212505
764.299377 0.000000
0.022099 0.000000 0.000000 0.000000
0.000000 0.051125
11 0.015000 0.165000 0.018000
0.547000 0.580000 0.780000 0.490000 1.150000 6.700000 0.650000 0.650000
172500.000000 75.360001 0.084000
1.073000 0.050000 0.116600
2.707401 7.971279 0.002472 0.000000
0.000000

0.009315 16.512056 76.870476
1.333833 0.148263 21.282185 124.599205 2948.962402
0.000000 0.000000 0.001752 0.000488 0.000000 0.000000
0.000000 0.000000 0.000008
-0.296086 0.000010 53.212505
764.299377 0.000000
0.013279 0.000000 0.000000 0.000000
0.000000 0.049437
11 0.015000 0.180000 0.018000
0.547000 0.580000 0.780000 0.490000 1.150000 6.700000 0.650000 0.650000
172500.000000 75.360001 0.084000
1.073000 0.050000 0.116600
2.709131 8.869748 0.003085 0.000000
0.000000

0.008814 15.450353 71.932373
1.295910 0.144049 20.576113 120.362000 2949.361328
0.000000 0.000000 0.000775 0.000244 0.000000 0.000000
0.000000 0.000000 0.000007
-0.120130 0.000010 53.212505
764.299377 0.000000
0.005207 0.000000 0.000000 0.000000
0.000000 0.048534
11 0.015000 0.195000 0.018000
0.547000 0.580000 0.780000 0.490000 1.150000 6.700000 0.650000 0.650000
172500.000000 75.360001 0.084000
1.073000 0.050000 0.116600
2.710433 9.497578 0.003556 0.000000
0.000000

0.007753 13.893600 65.597733
1.261171 0.140197 19.895515 116.541229 2948.355469
0.000000 0.000000 0.000086 0.000122 0.000000 0.000000
0.000000 0.000000 0.000015
0.041886 0.650000 0.000000
764.299377 0.000000
0.000000 0.000000 0.000000 0.000000
0.000000 0.049580
11 0.015000 0.210000 0.018000
0.547000 0.580000 0.780000 0.490000 1.150000 6.700000 0.650000 0.650000
172500.000000 75.360001 0.084000
1.073000 0.050000 0.116600
2.706707 6.848153 0.032065 0.000000
0.000000

0.007307 12.915353 61.445946
0.878026 0.097606 13.821748 80.901024 1539.091187
0.000000 0.000000 0.000075 0.000061 0.000000 0.000000
0.000000 0.000000 0.000007
0.212120 0.650000 0.000000
764.299377 0.000000
0.000000 0.000000 0.000000 0.000000
0.000000 0.043279
11 0.015000 0.225000 0.009000
0.527000 0.580000 0.780000 0.490000 1.200000 6.700000 0.650000 0.650000
180000.015625 75.360001 0.084000
1.073000 0.050000 0.116600
1.412642 6.522727 0.028052 0.000000
0.000000

0.006876 12.056908 56.926132
0.842622 0.093671 13.272506 77.631058 1539.186035
0.000000 0.000000 0.000058 0.000030 0.000000 0.000000
0.000000 0.000000 0.000007
0.379994 0.650000 0.000000
764.299377 0.000000
0.000000 0.000000 0.000000 0.000000
0.000000 0.041819
11 0.015000 0.240000 0.009000
0.527000 0.580000 0.780000 0.490000 1.200000 6.700000 0.650000 0.650000
180000.015625 75.360001 0.084000
1.073000 0.050000 0.116600
1.413061 5.805018 0.024817 0.000000
0.000000

0.006451 11.239069 52.880245
0.809627 0.090004 12.753731 74.553314 1539.297241
0.000000 0.000000 0.000073 0.000015 0.000000 0.000000
0.000000 0.000000 0.000006
0.543919 0.650000 0.000000
764.299377 0.000000
0.000000 0.000000 0.000000 0.000000
0.000000 0.040893
11 0.015000 0.255000 0.009000
0.527000 0.580000 0.780000 0.490000 1.200000 6.700000 0.650000 0.650000
180000.015625 75.360001 0.084000
1.073000 0.050000 0.116600
1.413438 5.151889 0.021905 0.000000
0.000000

0.006043 10.477242 49.141937
0.778944 0.086594 12.270282 71.690201 1539.382202
0.000000 0.000000 0.000055 0.000008 0.000000 0.000000
0.000000 0.000000 0.000005
0.703801 0.650000 0.000000
764.299377 0.000000
0.000000 0.000000 0.000000 0.000000
0.000000 0.039957
11 0.015000 0.270000 0.009000
0.527000 0.580000 0.780000 0.490000 1.200000 6.700000 0.650000 0.650000
180000.015625 75.360001 0.084000
1.073000 0.050000 0.116600
1.413778 4.603057 0.019483 0.000000
0.000000

0.005662 9.757396 45.730820
0.749764 0.083351 11.818789 69.015472 1539.473389
0.000000 0.000000 0.000040 0.000004 0.000000 0.000000
0.000000 0.000000 0.000005
0.859565 0.650000 0.000000
764.299377 0.000000
0.000000 0.000000 0.000000 0.000000
0.000000 0.038168
11 0.015000 0.285000 0.009000
0.527000 0.580000 0.780000 0.490000 1.200000 6.700000 0.650000 0.650000
180000.015625 75.360001 0.084000
1.073000 0.050000 0.116600
1.414054 4.066575 0.017137 0.000000
0.000000

0.005303 9.086945 42.559185
0.723116 0.080390 11.399844 66.534554 1539.576172
0.000000 0.000000 0.000077 0.000002 0.000000 0.000000
0.000000 0.000000 0.000004
1.011163 0.650000 0.000000
764.299377 0.000000
0.000000 0.000000 0.000000 0.000000
0.000000 0.037195
11 0.015000 0.300000 0.009000
0.527000 0.580000 0.780000 0.490000 1.200000 6.700000 0.650000 0.650000
180000.015625 75.360001 0.084000
1.073000 0.050000 0.116600
1.414328 3.542837 0.014866 0.000000
0.000000

0.004953 8.460599 39.655163
0.698266 0.077629 11.009927 64.233307 1539.629639
0.000000 0.000000 0.000099 0.000001 0.000000 0.000000
0.000000 0.000000 0.000004
1.158566 0.650000 0.000000
764.299377 0.000000
0.000000 0.000000 0.000000 0.000000
0.000000 0.036065
11 0.015000 0.315000 0.009000
0.527000 0.580000 0.780000 0.490000 1.200000 6.700000 0.650000 0.650000
180000.015625 75.360001 0.084000
1.073000 0.050000 0.116600
1.414643 3.134512 0.013109 0.000000
0.000000

0.004629 7.876659 37.057598
0.585000 0.065037 9.222798 53.784321 1176.427612
0.000000 0.000000 0.000078 0.000000 0.000000 0.000000
0.000000 0.000000 0.000002
1.303679 0.650000 0.000000
764.299377 0.000000
0.000000 0.000000 0.000000 0.000000
0.000000 0.032170
11 0.015000 0.330000 0.006600
0.497000 0.580000 0.780000 0.490000 1.250000 6.700000 0.650000 0.650000
187499.984375 75.360001 0.084000
1.073000 0.050000 0.116600
1.080817 3.002476 0.011345 0.000000
0.000000

0.004363 7.352046 34.474792
0.563436 0.062641 8.889200 51.818611 1176.463379
0.000000 0.000000 0.000074 0.000000 0.000000 0.000000
0.000000 0.000000 0.000002
1.446467 0.650000 0.000000
764.299377 0.000000
0.000000 0.000000 0.000000 0.000000
0.000000 0.030582
11 0.015000 0.345000 0.006600
0.497000 0.580000 0.780000 0.490000 1.250000 6.700000 0.650000 0.650000
187499.984375 75.360001 0.084000
1.073000 0.050000 0.116600
1.081038 2.721039 0.010259 0.000000
0.000000

0.004096 6.852409 32.088238
0.543783 0.060457 8.579572 49.996635 1176.524048
0.000000 0.000000 0.000086 0.000000 0.000000 0.000000
0.000000 0.000000 0.000002
1.584999 0.650000 0.000000
764.299377 0.000000
0.000000 0.000000 0.000000 0.000000
0.000000 0.029640
11 0.015000 0.360000 0.006600
0.497000 0.580000 0.780000 0.490000 1.250000 6.700000 0.650000 0.650000
187499.984375 75.360001 0.084000
1.073000 0.050000 0.116600
1.081271 2.473067 0.009306 0.000000
0.000000

0.003811 6.369019 29.786209
0.525620 0.058439 8.295698 48.329842 1176.553955
0.000000 0.000000 0.000090 0.000000 0.000000 0.000000
0.000000 0.000000 0.000002
1.719328 0.650000 0.000000
764.299377 0.000000
0.000000 0.000000 0.000000 0.000000
0.000000 0.028449
11 0.015000 0.375000 0.006600
0.497000 0.580000 0.780000 0.490000 1.250000 6.700000 0.650000 0.650000
187499.984375 75.360001 0.084000
1.073000 0.050000 0.116600
1.081409 2.174747 0.008164 0.000000
0.000000

0.003550 5.918691 27.650347
0.508643 0.056552 8.032942 46.784866 1176.596069
0.000000 0.000000 0.000094 0.000000 0.000000 0.000000
0.000000 0.000000 0.000001
1.849522 0.650000 0.000000
764.299377 0.000000
0.000000 0.000000 0.000000 0.000000
0.000000 0.027085
11 0.015000 0.390000 0.006600
0.497000 0.580000 0.780000 0.490000 1.250000 6.700000 0.650000 0.650000
187499.984375 75.360001 0.084000
1.073000 0.050000 0.116600
1.081553 1.994475 0.007477 0.000000
0.000000

0.003307 5.500189 25.666830
0.493034 0.054817 7.788980 45.350075 1176.633423
0.000000 0.000000 0.000089 0.000000 0.000000 0.000000
0.000000 0.000000 0.000001
1.975664 0.650000 0.000000
764.299377 0.000000
0.000000 0.000000 0.000000 0.000000
0.000000 0.026068
11 0.015000 0.405000 0.006600
0.497000 0.580000 0.780000 0.490000 1.250000 6.700000 0.650000 0.650000
187499.984375 75.360001 0.084000
1.073000 0.050000 0.116600
1.081667 1.836774 0.006878 0.000000
0.000000

0.003076 5.109735 25.123478
0.329126 0.036594 5.183050 30.169777 588.552734
0.000000 0.000000 0.000058 0.000000 0.000000 0.000000
0.000000 0.000000 0.000001
2.098412 0.650000 0.000000
764.299377 0.000000
0.000000 0.000000 0.000000 0.000000
0.000000 0.021585
11 0.015000 0.420000 0.003300
0.487000 0.580000 0.780000 0.490000 1.250000 6.700000 0.650000 0.650000
187499.984375 75.360001 0.084000
1.073000 0.050000 0.116600
0.540885 1.601202 0.005864 0.000000
0.000000

0.002857 4.744976 22.984905
0.317165 0.035265 4.995413 29.069414 588.558044
0.000000 0.000000 0.000056 0.000000 0.000000 0.000000
0.000000 0.000000 0.000001
2.217907 0.650000 0.000000
764.299377 0.000000
0.000000 0.000000 0.000000 0.000000
0.000000 0.020715
11 0.015000 0.435000 0.003300
0.487000 0.580000 0.780000 0.490000 1.250000 6.700000 0.650000 0.650000
187499.984375 75.360001 0.084000
1.073000 0.050000 0.116600
0.540938 1.435531 0.005251 0.000000
0.000000

0.002656 4.405047 21.067999
0.305906 0.034013 4.817315 28.026939 588.557617
0.000000 0.000000 0.000057 0.000000 0.000000 0.000000
0.000000 0.000000 0.000000
2.333697 0.650000 0.000000
764.299377 0.000000
0.000000 0.000000 0.000000 0.000000
0.000000 0.020021
11 0.015000 0.450000 0.003300
0.487000 0.580000 0.780000 0.490000 1.250000 6.700000 0.650000 0.650000
187499.984375 75.360001 0.084000
1.073000 0.050000 0.116600
0.540986 1.300851 0.004753 0.000000
0.000000

0.002470 4.091863 19.393911
0.294883 0.032788 4.645922 27.025221 588.565918
0.000000 0.000000 0.000062 0.000000 0.000000 0.000000
0.000000 0.000000 0.000000
2.445910 0.650000 0.000000
764.299377 0.000000
0.000000 0.000000 0.000000 0.000000
0.000000 0.019052
11 0.015000 0.465000 0.003300
0.487000 0.580000 0.780000 0.490000 1.250000 6.700000 0.650000 0.650000
187499.984375 75.360001 0.084000
1.073000 0.050000 0.116600
0.541025 1.179270 0.004305 0.000000
0.000000

0.002308 3.806019 17.888237
0.284672 0.031653 4.484571 26.080248 588.570862
0.000000 0.000000 0.000059 0.000000 0.000000 0.000000
0.000000 0.000000 0.000000
2.554675 0.650000 0.000000
764.299377 0.000000
0.000000 0.000000 0.000000 0.000000
0.000000 0.018490
11 0.015000 0.480000 0.003300
0.487000 0.580000 0.780000 0.490000 1.250000 6.700000 0.650000 0.650000
187499.984375 75.360001 0.084000
1.073000 0.050000 0.116600
0.541082 1.060680 0.003868 0.000000
0.000000

0.002147 3.535336 16.509100
0.275074 0.030586 4.334136 25.199686 588.576172
0.000000 0.000000 0.000060 0.000000 0.000000 0.000000
0.000000 0.000000 0.000000
2.660128 0.650000 0.000000
764.299377 0.000000
0.000000 0.000000 0.000000 0.000000
0.000000 0.017878
11 0.015000 0.495000 0.003300
0.487000 0.580000 0.780000 0.490000 1.250000 6.700000 0.650000 0.650000
187499.984375 75.360001 0.084000
1.073000 0.050000 0.116600
0.541128 0.964917 0.003517 0.000000
0.000000

0.001995 3.283104 15.243813
0.265974 0.029575 4.193700 24.377842 588.576294
0.000000 0.000000 0.000064 0.000000 0.000000 0.000000
0.000000 0.000000 0.000000
2.762409 0.650000 0.000000
764.299377 0.000000
0.000000 0.000000 0.000000 0.000000
0.000000 0.017112
11 0.015000 0.510000 0.003300
0.487000 0.580000 0.780000 0.490000 1.250000 6.700000 0.650000 0.650000
187499.984375 75.360001 0.084000
1.073000 0.050000 0.116600
0.541168 0.879052 0.003202 0.000000
0.000000

0.001853 3.056061 17.583534
0.144051 0.016018 2.254161 13.101000 178.527008
0.000000 0.000000 0.000028 0.000000 0.000000 0.000000
0.000000 0.000000 0.000000
2.861660 0.650000 0.000000
764.299377 0.000000
0.000000 0.000000 0.000000 0.000000
0.000000 0.013471
11 0.015000 0.525000 0.001000
0.487000 0.580000 0.780000 0.490000 1.250000 6.700000 0.650000 0.650000
187499.984375 75.360001 0.084000
1.073000 0.050000 0.116600
0.164001 0.759464 0.002764 0.000000
0.000000

0.001721 2.833463 16.074480
0.137731 0.015315 2.155745 12.526802 178.520874
0.000000 0.000000 0.000032 0.000000 0.000000 0.000000
0.000000 0.000000 0.000000
2.958024 0.650000 0.000000
764.299377 0.000000
0.000000 0.000000 0.000000 0.000000
0.000000 0.012952
11 0.015000 0.540000 0.001000
0.487000 0.580000 0.780000 0.490000 1.250000 6.700000 0.650000 0.650000
187499.984375 75.360001 0.084000
1.073000 0.050000 0.116600
0.164010 0.650715 0.002366 0.000000
0.000000

0.001597 2.629400 14.681218
0.131854 0.014662 2.063900 11.991196 178.511627
0.000000 0.000000 0.000035 0.000000 0.000000 0.000000
0.000000 0.000000 0.000000
3.051643 0.650000 0.000000
764.299377 0.000000
0.000000 0.000000 0.000000 0.000000
0.000000 0.012490
11 0.015000 0.555000 0.001000
0.487000 0.580000 0.780000 0.490000 1.250000 6.700000 0.650000 0.650000
187499.984375 75.360001 0.084000
1.073000 0.050000 0.116600
0.164021 0.581162 0.002112 0.000000
0.000000

0.001482 2.439991 13.347094
0.126534 0.014070 1.980799 11.506804 178.506668
0.000000 0.000000 0.000031 0.000000 0.000000 0.000000
0.000000 0.000000 0.000000
3.142657 0.650000 0.000000
764.299377 0.000000
0.000000 0.000000 0.000000 0.000000
0.000000 0.012059
11 0.015000 0.570000 0.001000
0.487000 0.580000 0.780000 0.490000 1.250000 6.700000 0.650000 0.650000
187499.984375 75.360001 0.084000
1.073000 0.050000 0.116600
0.164028 0.512677 0.001862 0.000000
0.000000

0.001375 2.264891 12.341970
0.120719 0.013424 1.890798 10.982517 178.504578
0.000000 0.000000 0.000031 0.000000 0.000000 0.000000
0.000000 0.000000 0.000000
3.231205 0.650000 0.000000
764.299377 0.000000
0.000000 0.000000 0.000000 0.000000
0.000000 0.011529
11 0.015000 0.585000 0.001000
0.487000 0.580000 0.780000 0.490000 1.250000 6.700000 0.650000 0.650000
187499.984375 75.360001 0.084000
1.073000 0.050000 0.116600
0.164037 0.452585 0.001643 0.000000
0.000000

0.001275 2.101925 11.649384
0.114610 0.012745 1.794501 10.421871 178.500687
0.000000 0.000000 0.000032 0.000000 0.000000 0.000000
0.000000 0.000000 0.000000
3.317421 0.650000 0.000000
764.299377 0.000000
0.000000 0.000000 0.000000 0.000000
0.000000 0.011171
11 0.015000 0.600000 0.001000
0.487000 0.580000 0.780000 0.490000 1.250000 6.700000 0.650000 0.650000
187499.984375 75.360001 0.084000
1.073000 0.050000 0.116600
0.164046 0.400046 0.001452 0.000000
0.000000

0.001183 1.950498 10.638608
0.110171 0.012251 1.725386 10.019265 178.493057
0.000000 0.000000 0.000031 0.000000 0.000000 0.000000
0.000000 0.000000 0.000000
3.401437 0.650000 0.000000
764.299377 0.000000
0.000000 0.000000 0.000000 0.000000
0.000000 0.010822
11 0.015000 0.615000 0.001000
0.487000 0.580000 0.780000 0.490000 1.250000 6.700000 0.650000 0.650000
187499.984375 75.360001 0.084000
1.073000 0.050000 0.116600
0.164055 0.358498 0.001301 0.000000
0.000000

0.001097 1.809499 9.544981
0.106617 0.011856 1.670042 9.696733 178.490982
0.000000 0.000000 0.000030 0.000000 0.000000 0.000000
0.000000 0.000000 0.000000
3.483382 0.650000 0.000000
764.299377 0.000000
0.000000 0.000000 0.000000 0.000000
0.000000 0.010545
11 0.015000 0.630000 0.001000
0.487000 0.580000 0.780000 0.490000 1.250000 6.700000 0.650000 0.650000
187499.984375 75.360001 0.084000
1.073000 0.050000 0.116600
0.164063 0.323387 0.001173 0.000000
0.000000

0.001018 1.678849 8.331092
0.106159 0.011805 1.629087 9.457846 178.490997
0.000000 0.000744 0.000138 0.000000 0.000000 0.000000
0.000000 0.000002 0.000002
3.563377 0.650000 0.000000
764.299377 0.000000
0.000000 0.000000 0.000000 0.000000
0.000000 0.013941
11 0.015000 0.645000 0.001000
0.487000 0.580000 0.780000 0.490000 1.250000 6.700000 0.650000 0.650000
187499.984375 75.360001 0.084000
1.073000 0.050000 0.116600
0.164067 0.358988 0.001302 0.000000
0.000000

0.000950 1.561590 7.204404
0.103318 0.011489 1.592064 9.239238 178.490219
0.000000 0.004855 0.000249 0.000000 0.000000 0.000000
0.000000 0.000004 0.000001
3.641541 0.650000 0.000000
764.299377 0.000000
0.000000 0.000000 0.000000 0.000000
0.000000 0.033895
11 0.015000 0.660000 0.001000
0.487000 0.580000 0.780000 0.490000 1.250000 6.700000 0.650000 0.650000
187499.984375 75.360001 0.084000
1.073000 0.050000 0.116600
0.164089 0.478054 0.001736 0.000000
0.000000

0.000895 1.458894 6.522439
0.099581 0.011074 1.538052 8.920413 178.491486
0.000000 0.021505 0.000242 0.000000 0.000000 0.000000
0.000000 0.000002 0.000001
3.717990 0.650000 0.000000
764.299377 0.000000
0.000000 0.000000 0.000000 0.000000
0.000000 0.060024
11 0.015000 0.675000 0.001000
0.487000 0.580000 0.780000 0.490000 1.250000 6.700000 0.650000 0.650000
187499.984375 75.360001 0.084000
1.073000 0.050000 0.116600
0.164113 0.498391 0.001810 0.000000
0.000000

0.000854 1.366138 6.007335
0.095739 0.010647 1.481745 8.584980 178.494125
0.000000 0.027971 0.000838 0.000000 0.000000 0.000000
0.000000 0.000003 0.000001
3.792831 0.650000 0.000000
764.299377 0.000000
0.000000 0.000000 0.000000 0.000000
0.000000 0.062448
11 0.015000 0.690000 0.001000
0.487000 0.580000 0.780000 0.490000 1.250000 6.700000 0.650000 0.650000
187499.984375 75.360001 0.084000
1.073000 0.050000 0.116600
0.164148 0.434521 0.001577 0.000000
0.000000

0.000807 1.276733 5.576590
0.092051 0.010237 1.427139 8.261444 178.496368
0.000000 0.044329 0.002701 0.000000 0.000000 0.000000
0.000000 0.000003 0.000000
3.866168 0.650000 0.000000
764.299377 0.000000
0.000000 0.000000 0.000000 0.000000
0.000000 0.095829
11 0.015000 0.705000 0.001000
0.487000 0.580000 0.780000 0.490000 1.250000 6.700000 0.650000 0.650000
187499.984375 75.360001 0.084000
1.073000 0.050000 0.116600
0.164183 0.406974 0.001477 0.000000
0.000000

0.000769 1.199015 5.227933
0.087437 0.009721 1.374517 7.949467 178.503937
0.000000 0.075961 0.003729 0.000000 0.000000 0.000000
0.000000 0.000004 0.000000
3.938100 0.650000 0.000000
764.299377 0.000000
0.000000 0.000000 0.000000 0.000000
0.000000 0.347137
11 0.015000 0.720000 0.001000
0.487000 0.580000 0.780000 0.490000 1.250000 6.700000 0.650000 0.650000
187499.984375 75.360001 0.084000
1.073000 0.050000 0.116600
0.164256 0.428253 0.001554 0.000000
0.000000

0.000836 1.173269 4.993137
0.083964 0.009335 1.328482 7.639206 178.546036
0.000000 0.366514 0.006647 0.000000 0.000000 0.000000
0.000000 0.000001 0.000000
4.006061 0.766331 0.000000
764.299377 0.000000
0.000000 0.000000 0.000000 0.000000
0.000000 7.383803
11 0.015000 0.735000 0.001000
0.487000 0.580000 0.780000 0.490000 1.250000 6.700000 0.650000 0.650000
187499.984375 75.360001 0.084000
1.073000 0.050000 0.116600
0.164521 0.390689 0.001671 0.000000
0.000000

0.000000 0.416191 5.742925
0.059357 0.006598 0.966737 5.437989 178.942230
0.000000 0.310529 0.006618 0.000000 0.000000 0.000000
0.000000 0.000002 0.000000
4.066232 1.000000 0.000000
764.299377 0.000000
0.000000 0.000000 0.000000 0.000000
0.000000 1.484419
11 0.015000 0.750000 0.001000
0.487000 0.580000 0.780000 0.490000 1.250000 6.700000 0.650000 0.650000
187499.984375 75.360001 0.084000
1.073000 0.050000 0.116600
0.166324 0.103321 0.000576 0.000000
0.000000

0.000000 0.413516 5.550491
0.057909 0.006437 0.953796 5.294268 179.031219
0.000000 0.252173 0.004978 0.000000 0.000000 0.000000
0.000000 0.000003 0.000000
4.121530 1.000000 0.000000
764.299377 0.000000
0.000000 0.000000 0.000000 0.000000
0.000000 6.774113
11 0.015000 0.765000 0.001000
0.487000 0.580000 0.780000 0.490000 1.250000 6.700000 0.650000 0.650000
187499.984375 75.360001 0.084000
1.073000 0.050000 0.116600
0.166566 0.104873 0.000584 0.000000
0.000000

0.000000 0.386151 5.207552
0.056929 0.006328 0.939625 5.207374 179.042725
0.000000 0.166724 0.004564 0.000000 0.000000 0.000000
0.000000 0.000004 0.000000
4.175587 1.000000 0.000000
764.299377 0.000000
0.000000 0.000000 0.000000 0.000000
0.000000 1.202820
11 0.015000 0.780000 0.001000
0.487000 0.580000 0.780000 0.490000 1.250000 6.700000 0.650000 0.650000
187499.984375 75.360001 0.084000
1.073000 0.050000 0.116600
0.166599 0.095082 0.000530 0.000000
0.000000

0.000000 0.366934 4.974631
0.056058 0.006231 0.931231 5.124434 179.153198
0.000000 0.080080 0.003639 0.000000 0.000000 0.000000
0.000000 0.000008 0.000000
4.228472 1.000000 0.000000
764.299377 0.000000
0.000000 0.000000 0.000000 0.000000
0.000000 1.160789
11 0.015000 0.795000 0.001000
0.487000 0.580000 0.780000 0.490000 1.250000 6.700000 0.650000 0.650000
187499.984375 75.360001 0.084000
1.073000 0.050000 0.116600
0.166908 0.094341 0.000525 0.000000
0.000000

0.000000 0.340864 4.662045
0.055257 0.006142 0.918754 5.055206 179.159485
0.000000 0.028868 0.002483 0.000000 0.000000 0.000000
0.000000 0.000016 0.000001
4.280247 1.000000 0.000000
764.299377 0.000000
0.000000 0.000000 0.000000 0.000000
0.000000 1.232065
11 0.015000 0.810000 0.001000
0.487000 0.580000 0.780000 0.490000 1.250000 6.700000 0.650000 0.650000
187499.984375 75.360001 0.084000
1.073000 0.050000 0.116600
0.166924 0.094615 0.000527 0.000000
0.000000

0.000000 0.316664 4.372699
0.054516 0.006060 0.907221 4.991207 179.167419
0.000000 0.008073 0.001380 0.000000 0.000000 0.000000
0.000000 0.000016 0.000005
4.330972 1.000000 0.000000
764.299377 0.000000
0.000000 0.000000 0.000000 0.000000
0.000000 1.341758
11 0.015000 0.825000 0.001000
0.487000 0.580000 0.780000 0.490000 1.250000 6.700000 0.650000 0.650000
187499.984375 75.360001 0.084000
1.073000 0.050000 0.116600
0.166937 0.093204 0.000519 0.000000
0.000000

0.000000 0.294176 4.104570
0.053832 0.005983 0.896576 4.932108 179.174194
0.000000 0.001764 0.001084 0.000000 0.000000 0.000000
0.000000 0.000005 0.000013
4.380698 1.000000 0.000000
764.299377 0.000000
0.000000 0.000000 0.000000 0.000000
0.000000 1.561291
11 0.015000 0.840000 0.001000
0.487000 0.580000 0.780000 0.490000 1.250000 6.700000 0.650000 0.650000
187499.984375 75.360001 0.084000
1.073000 0.050000 0.116600
0.166955 0.093335 0.000520 0.000000
0.000000

0.000000 0.273844 3.857957
0.053188 0.005912 0.886552 4.876447 179.179260
0.000000 0.000296 0.001107 0.000000 0.000000 0.000000
0.000000 0.000000 0.000018
4.429477 1.000000 0.000000
764.299377 0.000000
0.000000 0.000000 0.000000 0.000000
0.000000 1.802636
11 0.015000 0.855000 0.001000
0.487000 0.580000 0.780000 0.490000 1.250000 6.700000 0.650000 0.650000
187499.984375 75.360001 0.084000
1.073000 0.050000 0.116600
0.166973 0.099225 0.000553 0.000000
0.000000

0.000000 0.000000 0.673270
0.045349 0.005041 0.765350 4.209323 179.388596
0.000000 0.012802 0.013215 0.000000 0.000000 0.000000
0.000000 0.000018 0.000002
4.477355 1.000000 0.000000
764.299377 0.000000
0.000000 0.000000 0.000000 0.000000
0.000000 1.180433
11 0.015000 0.870000 0.001000
0.487000 0.580000 0.780000 0.490000 1.250000 6.700000 0.650000 0.650000
187499.984375 75.360001 0.084000
1.073000 0.050000 0.116600
0.167542 0.087373 0.000487 0.000000
0.000000

0.000000 0.000000 0.675799
0.045357 0.005042 0.765537 4.209922 179.392776
0.000000 0.035786 0.013335 0.000000 0.000000 0.000000
0.000000 0.000013 0.000001
4.524372 1.000000 0.000000
764.299377 0.000000
0.000000 0.000000 0.000000 0.000000
0.000000 1.179433
11 0.015000 0.885000 0.001000
0.487000 0.580000 0.780000 0.490000 1.250000 6.700000 0.650000 0.650000
187499.984375 75.360001 0.084000
1.073000 0.050000 0.116600
0.167556 0.087528 0.000487 0.000000
0.000000

0.000000 0.000000 0.677210
0.045362 0.005042 0.765673 4.210257 179.397263
0.000000 0.071149 0.013361 0.000000 0.000000 0.000000
0.000000 0.000008 0.000000
4.570569 1.000000 0.000000
764.299377 0.000000
0.000000 0.000000 0.000000 0.000000
0.000000 1.178905
11 0.015000 0.900000 0.001000
0.487000 0.580000 0.780000 0.490000 1.250000 6.700000 0.650000 0.650000
187499.984375 75.360001 0.084000
1.073000 0.050000 0.116600
0.167564 0.087393 0.000487 0.000000
0.000000

0.000000 0.000000 0.678352
0.045367 0.005043 0.765797 4.210517 179.402802
0.000000 0.120414 0.013374 0.000000 0.000000 0.000000
0.000000 0.000005 0.000000
4.615983 1.000000 0.000000
764.299377 0.000000
0.000000 0.000000 0.000000 0.000000
0.000000 1.178450
11 0.015000 0.915000 0.001000
0.487000 0.580000 0.780000 0.490000 1.250000 6.700000 0.650000 0.650000
187499.984375 75.360001 0.084000
1.073000 0.050000 0.116600
0.167570 0.087445 0.000487 0.000000
0.000000

0.000000 0.000000 0.679434
0.045371 0.005043 0.765911 4.210734 179.406189
0.000000 0.175731 0.013414 0.000000 0.000000 0.000000
0.000000 0.000004 0.000000
4.660645 1.000000 0.000000
764.299377 0.000000
0.000000 0.000000 0.000000 0.000000
0.000000 1.177976
11 0.015000 0.930000 0.001000
0.487000 0.580000 0.780000 0.490000 1.250000 6.700000 0.650000 0.650000
187499.984375 75.360001 0.084000
1.073000 0.050000 0.116600
0.167575 0.087325 0.000486 0.000000
0.000000

0.000000 0.000000 0.680537
0.045374 0.005044 0.766025 4.210952 179.409866
0.000000 0.221991 0.013314 0.000000 0.000000 0.000000
0.000000 0.000003 0.000000
4.704589 1.000000 0.000000
764.299377 0.000000
0.000000 0.000000 0.000000 0.000000
0.000000 1.177644
11 0.015000 0.945000 0.001000
0.487000 0.580000 0.780000 0.490000 1.250000 6.700000 0.650000 0.650000
187499.984375 75.360001 0.084000
1.073000 0.050000 0.116600
0.167583 0.087518 0.000487 0.000000
0.000000

0.000000 0.000000 0.681701
0.045379 0.005044 0.766146 4.211221 179.413635
0.000000 0.245522 0.013198 0.000000 0.000000 0.000000
0.000000 0.000003 0.000000
4.747842 1.000000 0.000000
764.299377 0.000000
0.000000 0.000000 0.000000 0.000000
0.000000 1.177484
11 0.015000 0.960000 0.001000
0.487000 0.580000 0.780000 0.490000 1.250000 6.700000 0.650000 0.650000
187499.984375 75.360001 0.084000
1.073000 0.050000 0.116600
0.167590 0.087478 0.000487 0.000000
0.000000

0.000000 0.000000 0.684128
0.045387 0.005045 0.766324 4.211815 179.417480
0.000000 0.241086 0.013057 0.000000 0.000000 0.000000
0.000000 0.000003 0.000000
4.790433 1.000000 0.000000
764.299377 0.000000
0.000000 0.000000 0.000000 0.000000
0.000000 1.177516
11 0.015000 0.975000 0.001000
0.487000 0.580000 0.780000 0.490000 1.250000 6.700000 0.650000 0.650000
187499.984375 75.360001 0.084000
1.073000 0.050000 0.116600
0.167601 0.087445 0.000487 0.000000
0.000000

0.000000 0.000000 0.685841
0.045393 0.005046 0.766468 4.212220 179.422028
0.000000 0.213101 0.012889 0.000000 0.000000 0.000000
0.000000 0.000003 0.000000
4.832385 1.000000 0.000000
764.299377 0.000000
0.000000 0.000000 0.000000 0.000000
0.000000 1.177490
11 0.015000 0.990000 0.001000
0.487000 0.580000 0.780000 0.490000 1.250000 6.700000 0.650000 0.650000
187499.984375 75.360001 0.084000
1.073000 0.050000 0.116600
0.167611 0.087420 0.000487 0.000000
0.000000

0.000000 0.000000 0.686860
0.045397 0.005046 0.766577 4.212437 179.427353
0.000000 0.171837 0.012718 0.000000 0.000000 0.000000
0.000000 0.000004 0.000000
4.873722 1.000000 0.000000
764.299377 0.000000
0.000000 0.000000 0.000000 0.000000
0.000000 1.177325
11 0.015000 1.005000 0.001000
0.487000 0.580000 0.780000 0.490000 1.250000 6.700000 0.650000 0.650000
187499.984375 75.360001 0.084000
1.073000 0.050000 0.116600
0.167615 0.087595 0.000488 0.000000
0.000000

0.000000 0.000000 0.688829
0.045403 0.005047 0.766727 4.212897 179.430542
0.000000 0.128105 0.012606 0.000000 0.000000 0.000000
0.000000 0.000006 0.000000
4.914467 1.000000 0.000000
764.299377 0.000000
0.000000 0.000000 0.000000 0.000000
0.000000 1.177058
11 0.015000 1.020000 0.001000
0.487000 0.580000 0.780000 0.490000 1.250000 6.700000 0.650000 0.650000
187499.984375 75.360001 0.084000
1.073000 0.050000 0.116600
0.167628 0.087456 0.000487 0.000000
0.000000

0.000000 0.000000 0.689841
0.045407 0.005047 0.766834 4.213117 179.433731
0.000000 0.089542 0.012472 0.000000 0.000000 0.000000
0.000000 0.000008 0.000000
4.954639 1.000000 0.000000
764.299377 0.000000
0.000000 0.000000 0.000000 0.000000
0.000000 1.176606
11 0.015000 1.035000 0.001000
0.487000 0.580000 0.780000 0.490000 1.250000 6.700000 0.650000 0.650000
187499.984375 75.360001 0.084000
1.073000 0.050000 0.116600
0.167631 0.087701 0.000488 0.000000
0.000000

0.000000 0.000000 0.691008
0.045411 0.005048 0.766949 4.213375 179.437195
0.000000 0.059561 0.012241 0.000000 0.000000 0.000000
0.000000 0.000012 0.000000
4.994257 1.000000 0.000000
764.299377 0.000000
0.000000 0.000000 0.000000 0.000000
0.000000 1.176058
11 0.015000 1.050000 0.001000
0.487000 0.580000 0.780000 0.490000 1.250000 6.700000 0.650000 0.650000
187499.984375 75.360001 0.084000
1.073000 0.050000 0.116600
0.167640 0.087522 0.000487 0.000000
0.000000

0.000000 0.000000 0.691983
0.045415 0.005048 0.767047 4.213552 179.440811
0.000000 0.038334 0.012086 0.000000 0.000000 0.000000
0.000000 0.000017 0.000001
5.033341 1.000000 0.000000
764.299377 0.000000
0.000000 0.000000 0.000000 0.000000
0.000000 1.175438
11 0.015000 1.065000 0.001000
0.487000 0.580000 0.780000 0.490000 1.250000 6.700000 0.650000 0.650000
187499.984375 75.360001 0.084000
1.073000 0.050000 0.116600
0.167643 0.087724 0.000489 0.000000
0.000000

0.000000 0.000000 0.693060
0.045418 0.005049 0.767152 4.213777 179.444366
0.000000 0.024333 0.011873 0.000000 0.000000 0.000000
0.000000 0.000019 0.000002
5.071906 1.000000 0.000000
764.299377 0.000000
0.000000 0.000000 0.000000 0.000000
0.000000 1.174772
11 0.015000 1.080000 0.001000
0.487000 0.580000 0.780000 0.490000 1.250000 6.700000 0.650000 0.650000
187499.984375 75.360001 0.084000
1.073000 0.050000 0.116600
0.167650 0.087487 0.000487 0.000000
0.000000

0.000000 0.000000 0.695628
0.045427 0.005049 0.767326 4.214384 179.448105
0.000000 0.015539 0.011656 0.000000 0.000000 0.000000
0.000000 0.000021 0.000003
5.109967 1.000000 0.000000
764.299377 0.000000
0.000000 0.000000 0.000000 0.000000
0.000000 1.174189
11 0.015000 1.095000 0.001000
0.487000 0.580000 0.780000 0.490000 1.250000 6.700000 0.650000 0.650000
187499.984375 75.360001 0.084000
1.073000 0.050000 0.116600
0.167663 0.087850 0.000489 0.000000
0.000000

0.000000 0.000000 0.698717
0.045436 0.005051 0.767525 4.215121 179.453857
0.000000 0.010175 0.011468 0.000000 0.000000 0.000000
0.000000 0.000022 0.000004
5.147541 1.000000 0.000000
764.299377 0.000000
0.000000 0.000000 0.000000 0.000000
0.000000 1.173609
11 0.015000 1.110000 0.001000
0.487000 0.580000 0.780000 0.490000 1.250000 6.700000 0.650000 0.650000
187499.984375 75.360001 0.084000
1.073000 0.050000 0.116600
0.167679 0.087391 0.000487 0.000000
0.000000

0.000000 0.000000 0.699694
0.045440 0.005051 0.767619 4.215307 179.456741
0.000000 0.006937 0.011301 0.000000 0.000000 0.000000
0.000000 0.000019 0.000006
5.184639 1.000000 0.000000
764.299377 0.000000
0.000000 0.000000 0.000000 0.000000
0.000000 1.172930
11 0.015000 1.125000 0.001000
0.487000 0.580000 0.780000 0.490000 1.250000 6.700000 0.650000 0.650000
187499.984375 75.360001 0.084000
1.073000 0.050000 0.116600
0.167684 0.087693 0.000488 0.000000
0.000000

0.000000 0.000000 0.700651
0.045443 0.005051 0.767715 4.215495 179.459854
0.000000 0.004983 0.011158 0.000000 0.000000 0.000000
0.000000 0.000017 0.000008
5.221276 1.000000 0.000000
764.299377 0.000000
0.000000 0.000000 0.000000 0.000000
0.000000 1.172243
11 0.015000 1.140000 0.001000
0.487000 0.580000 0.780000 0.490000 1.250000 6.700000 0.650000 0.650000
187499.984375 75.360001 0.084000
1.073000 0.050000 0.116600
0.167691 0.087628 0.000488 0.000000
0.000000

0.000000 0.000000 0.701597
0.045447 0.005052 0.767814 4.215703 179.462708
0.000000 0.003791 0.011006 0.000000 0.000000 0.000000
0.000000 0.000014 0.000010
5.257463 1.000000 0.000000
764.299377 0.000000
0.000000 0.000000 0.000000 0.000000
0.000000 1.171574
11 0.015000 1.155000 0.001000
0.487000 0.580000 0.780000 0.490000 1.250000 6.700000 0.650000 0.650000
187499.984375 75.360001 0.084000
1.073000 0.050000 0.116600
0.167698 0.087724 0.000489 0.000000
0.000000

0.000000 0.000000 0.702811
0.045451 0.005052 0.767922 4.215965 179.465973
0.000000 0.003063 0.010960 0.000000 0.000000 0.000000
0.000000 0.000012 0.000012
5.293210 1.000000 0.000000
764.299377 0.000000
0.000000 0.000000 0.000000 0.000000
0.000000 1.170925
11 0.015000 1.170000 0.001000
0.487000 0.580000 0.780000 0.490000 1.250000 6.700000 0.650000 0.650000
187499.984375 75.360001 0.084000
1.073000 0.050000 0.116600
0.167701 0.087703 0.000488 0.000000
0.000000

0.000000 0.000000 0.704342
0.045456 0.005053 0.768040 4.216290 179.469589
0.000000 0.002608 0.010845 0.000000 0.000000 0.000000
0.000000 0.000010 0.000013
5.328530 1.000000 0.000000
764.299377 0.000000
0.000000 0.000000 0.000000 0.000000
0.000000 1.170292
11 0.015000 1.185000 0.001000
0.487000 0.580000 0.780000 0.490000 1.250000 6.700000 0.650000 0.650000
187499.984375 75.360001 0.084000
1.073000 0.050000 0.116600
0.167708 0.087447 0.000487 0.000000
0.000000

0.000000 0.000000 0.705257
0.045459 0.005053 0.768129 4.216451 179.472733
0.000000 0.002319 0.010795 0.000000 0.000000 0.000000
0.000000 0.000008 0.000014
5.363431 1.000000 0.000000
764.299377 0.000000
0.000000 0.000000 0.000000 0.000000
0.000000 1.169653
11 0.015000 1.200000 0.001000
0.487000 0.580000 0.780000 0.490000 1.250000 6.700000 0.650000 0.650000
187499.984375 75.360001 0.084000
1.073000 0.050000 0.116600
0.167715 0.087630 0.000488 0.000000
0.000000

0.000000 0.000000 0.706164
0.045462 0.005053 0.768219 4.216632 179.474991
0.000000 0.002133 0.010733 0.000000 0.000000 0.000000
0.000000 0.000008 0.000015
5.397922 1.000000 0.000000
764.299377 0.000000
0.000000 0.000000 0.000000 0.000000
0.000000 1.169021
11 0.015000 1.215000 0.001000
0.487000 0.580000 0.780000 0.490000 1.250000 6.700000 0.650000 0.650000
187499.984375 75.360001 0.084000
1.073000 0.050000 0.116600
0.167721 0.087582 0.000488 0.000000
0.000000

0.000000 0.000000 0.707057
0.045465 0.005054 0.768313 4.216826 179.479233
0.000000 0.002011 0.010703 0.000000 0.000000 0.000000
0.000000 0.000007 0.000015
5.432012 1.000000 0.000000
764.299377 0.000000
0.000000 0.000000 0.000000 0.000000
0.000000 1.168400
11 0.015000 1.230000 0.001000
0.487000 0.580000 0.780000 0.490000 1.250000 6.700000 0.650000 0.650000
187499.984375 75.360001 0.084000
1.073000 0.050000 0.116600
0.167725 0.087654 0.000488 0.000000
0.000000

0.000000 0.000000 0.707940
0.045468 0.005054 0.768405 4.217015 179.481949
0.000000 0.001930 0.010668 0.000000 0.000000 0.000000
0.000000 0.000007 0.000016
5.465707 1.000000 0.000000
764.299377 0.000000
0.000000 0.000000 0.000000 0.000000
0.000000 1.167788
11 0.015000 1.245000 0.001000
0.487000 0.580000 0.780000 0.490000 1.250000 6.700000 0.650000 0.650000
187499.984375 75.360001 0.084000
1.073000 0.050000 0.116600
0.167727 0.087732 0.000489 0.000000
0.000000

0.000000 0.000000 0.708814
0.045471 0.005055 0.768492 4.217187 179.485016
0.000000 0.001874 0.010660 0.000000 0.000000 0.000000
0.000000 0.000007 0.000016
5.499015 1.000000 0.000000
764.299377 0.000000
0.000000 0.000000 0.000000 0.000000
0.000000 1.167190
11 0.015000 1.260000 0.001000
0.487000 0.580000 0.780000 0.490000 1.250000 6.700000 0.650000 0.650000
187499.984375 75.360001 0.084000
1.073000 0.050000 0.116600
0.167735 0.088044 0.000490 0.000000
0.000000

0.000000 0.000000 0.709741
0.045474 0.005055 0.768580 4.217356 179.488068
0.000000 0.001828 0.010594 0.000000 0.000000 0.000000
0.000000 0.000007 0.000016
5.531943 1.000000 0.000000
764.299377 0.000000
0.000000 0.000000 0.000000 0.000000
0.000000 1.166602
11 0.015000 1.275000 0.001000
0.487000 0.580000 0.780000 0.490000 1.250000 6.700000 0.650000 0.650000
187499.984375 75.360001 0.084000
1.073000 0.050000 0.116600
0.167738 0.087995 0.000490 0.000000
0.000000

0.000000 0.000000 0.711107
0.045479 0.005055 0.768689 4.217653 179.491241
0.000000 0.001790 0.010554 0.000000 0.000000 0.000000
0.000000 0.000007 0.000016
5.564497 1.000000 0.000000
764.299377 0.000000
0.000000 0.000000 0.000000 0.000000
0.000000 1.166042
11 0.015000 1.290000 0.001000
0.487000 0.580000 0.780000 0.490000 1.250000 6.700000 0.650000 0.650000
187499.984375 75.360001 0.084000
1.073000 0.050000 0.116600
0.167747 0.088001 0.000490 0.000000
0.000000

0.000000 0.000000 0.712545
0.045484 0.005056 0.768800 4.217960 179.494690
0.000000 0.001757 0.010509 0.000000 0.000000 0.000000
0.000000 0.000007 0.000017
5.596681 1.000000 0.000000
764.299377 0.000000
0.000000 0.000000 0.000000 0.000000
0.000000 1.165493
11 0.015000 1.305000 0.001000
0.487000 0.580000 0.780000 0.490000 1.250000 6.700000 0.650000 0.650000
187499.984375 75.360001 0.084000
1.073000 0.050000 0.116600
0.167752 0.087889 0.000489 0.000000
0.000000

0.000000 0.000000 0.713550
0.045487 0.005056 0.768891 4.218163 179.496933
0.000000 0.001731 0.010482 0.000000 0.000000 0.000000
0.000000 0.000007 0.000017
5.628500 1.000000 0.000000
764.299377 0.000000
0.000000 0.000000 0.000000 0.000000
0.000000 1.164947
11 0.015000 1.320000 0.001000
0.487000 0.580000 0.780000 0.490000 1.250000 6.700000 0.650000 0.650000
187499.984375 75.360001 0.084000
1.073000 0.050000 0.116600
0.167758 0.087999 0.000490 0.000000
0.000000

0.000000 0.000000 0.714416
0.045490 0.005057 0.768974 4.218338 179.499954
0.000000 0.001707 0.010424 0.000000 0.000000 0.000000
0.000000 0.000007 0.000017
5.659960 1.000000 0.000000
764.299377 0.000000
0.000000 0.000000 0.000000 0.000000
0.000000 1.164377
11 0.015000 1.335000 0.001000
0.487000 0.580000 0.780000 0.490000 1.250000 6.700000 0.650000 0.650000
187499.984375 75.360001 0.084000
1.073000 0.050000 0.116600
0.167765 0.087912 0.000490 0.000000
0.000000

0.000000 0.000000 0.715238
0.045493 0.005057 0.769054 4.218488 179.504120
0.000000 0.001689 0.010416 0.000000 0.000000 0.000000
0.000000 0.000007 0.000017
5.691063 1.000000 0.000000
764.299377 0.000000
0.000000 0.000000 0.000000 0.000000
0.000000 1.163847
11 0.015000 1.350000 0.001000
0.487000 0.580000 0.780000 0.490000 1.250000 6.700000 0.650000 0.650000
187499.984375 75.360001 0.084000
1.073000 0.050000 0.116600
0.167766 0.088004 0.000490 0.000000
0.000000

0.000000 0.000000 0.716069
0.045495 0.005057 0.769135 4.218643 179.507568
0.000000 0.001672 0.010371 0.000000 0.000000 0.000000
0.000000 0.000007 0.000017
5.721814 1.000000 0.000000
764.299377 0.000000
0.000000 0.000000 0.000000 0.000000
0.000000 1.163325
11 0.015000 1.365000 0.001000
0.487000 0.580000 0.780000 0.490000 1.250000 6.700000 0.650000 0.650000
187499.984375 75.360001 0.084000
1.073000 0.050000 0.116600
0.167773 0.088108 0.000491 0.000000
0.000000

0.000000 0.000000 0.717067
0.045499 0.005058 0.769224 4.218843 179.510590
0.000000 0.001655 0.010318 0.000000 0.000000 0.000000
0.000000 0.000007 0.000017
5.752215 1.000000 0.000000
764.299377 0.000000
0.000000 0.000000 0.000000 0.000000
0.000000 1.162850
11 0.015000 1.380000 0.001000
0.487000 0.580000 0.780000 0.490000 1.250000 6.700000 0.650000 0.650000
187499.984375 75.360001 0.084000
1.073000 0.050000 0.116600
0.167776 0.088299 0.000492 0.000000
0.000000

0.000000 0.000000 0.719584
0.045506 0.005058 0.769370 4.219375 179.514984
0.000000 0.001642 0.010283 0.000000 0.000000 0.000000
0.000000 0.000006 0.000018
5.782268 1.000000 0.000000
764.299377 0.000000
0.000000 0.000000 0.000000 0.000000
0.000000 1.162414
11 0.015000 1.395000 0.001000
0.487000 0.580000 0.780000 0.490000 1.250000 6.700000 0.650000 0.650000
187499.984375 75.360001 0.084000
1.073000 0.050000 0.116600
0.167790 0.088055 0.000490 0.000000
0.000000

0.000000 0.000000 0.720483
0.045509 0.005059 0.769453 4.219544 179.517944
0.000000 0.001628 0.010236 0.000000 0.000000 0.000000
0.000000 0.000006 0.000018
5.811977 1.000000 0.000000
764.299377 0.000000
0.000000 0.000000 0.000000 0.000000
0.000000 1.161953
11 0.015000 1.410000 0.001000
0.487000 0.580000 0.780000 0.490000 1.250000 6.700000 0.650000 0.650000
187499.984375 75.360001 0.084000
1.073000 0.050000 0.116600
0.167795 0.088291 0.000492 0.000000
0.000000

0.000000 0.000000 0.721698
0.045512 0.005059 0.769546 4.219777 179.521362
0.000000 0.001613 0.010197 0.000000 0.000000 0.000000
0.000000 0.000006 0.000018
5.841342 1.000000 0.000000
764.299377 0.000000
0.000000 0.000000 0.000000 0.000000
0.000000 1.161457
11 0.015000 1.425000 0.001000
0.487000 0.580000 0.780000 0.490000 1.250000 6.700000 0.650000 0.650000
187499.984375 75.360001 0.084000
1.073000 0.050000 0.116600
0.167800 0.088028 0.000490 0.000000
0.000000

0.000000 0.000000 0.722694
0.045516 0.005059 0.769629 4.219961 179.524506
0.000000 0.001602 0.010183 0.000000 0.000000 0.000000
0.000000 0.000006 0.000018
5.870368 1.000000 0.000000
764.299377 0.000000
0.000000 0.000000 0.000000 0.000000
0.000000 1.161083
11 0.015000 1.440000 0.001000
0.487000 0.580000 0.780000 0.490000 1.250000 6.700000 0.650000 0.650000
187499.984375 75.360001 0.084000
1.073000 0.050000 0.116600
0.167805 0.088072 0.000491 0.000000
0.000000

0.000000 0.000000 0.723465
0.045518 0.005060 0.769703 4.220098 179.527313
0.000000 0.001594 0.010163 0.000000 0.000000 0.000000
0.000000 0.000006 0.000018
5.899052 1.000000 0.000000
764.299377 0.000000
0.000000 0.000000 0.000000 0.000000
0.000000 1.160620
11 0.015000 1.455000 0.001000
0.487000 0.580000 0.780000 0.490000 1.250000 6.700000 0.650000 0.650000
187499.984375 75.360001 0.084000
1.073000 0.050000 0.116600
0.167812 0.088024 0.000490 0.000000
0.000000

0.000000 0.000000 0.724232
0.045521 0.005060 0.769780 4.220247 179.529526
0.000000 0.001586 0.010139 0.000000 0.000000 0.000000
0.000000 0.000006 0.000018
5.927398 1.000000 0.000000
764.299377 0.000000
0.000000 0.000000 0.000000 0.000000
0.000000 1.160208
11 0.015000 1.470000 0.001000
0.487000 0.580000 0.780000 0.490000 1.250000 6.700000 0.650000 0.650000
187499.984375 75.360001 0.084000
1.073000 0.050000 0.116600
0.167814 0.088097 0.000491 0.000000
0.000000

0.000000 0.000000 0.724988
0.045523 0.005060 0.769855 4.220398 179.532150
0.000000 0.001576 0.010111 0.000000 0.000000 0.000000
0.000000 0.000006 0.000018
5.955408 1.000000 0.000000
764.299377 0.000000
0.000000 0.000000 0.000000 0.000000
0.000000 1.159810
11 0.015000 1.485000 0.001000
0.487000 0.580000 0.780000 0.490000 1.250000 6.700000 0.650000 0.650000
187499.984375 75.360001 0.084000
1.073000 0.050000 0.116600
0.167817 0.088183 0.000491 0.000000
0.000000

0.000000 0.000000 0.725737
0.045526 0.005061 0.769928 4.220531 179.535675
0.000000 0.001563 0.010062 0.000000 0.000000 0.000000
0.000000 0.000006 0.000019
5.983080 1.000000 0.000000
764.299377 0.000000
0.000000 0.000000 0.000000 0.000000
0.000000 1.159512
11 0.015000 1.500000 0.001000
0.487000 0.580000 0.780000 0.490000 1.250000 6.700000 0.650000 0.650000
187499.984375 75.360001 0.084000
1.073000 0.050000 0.116600
0.167820 0.088514 0.000493 0.000000
0.000000

0.000000 0.000000 0.726634
0.045529 0.005061 0.770005 4.220695 179.538040
0.000000 0.001551 0.010053 0.000000 0.000000 0.000000
0.000000 0.000006 0.000019
6.010416 1.000000 0.000000
764.299377 0.000000
0.000000 0.000000 0.000000 0.000000
0.000000 1.159091
11 0.015000 1.515000 0.001000
0.487000 0.580000 0.780000 0.490000 1.250000 6.700000 0.650000 0.650000
187499.984375 75.360001 0.084000
1.073000 0.050000 0.116600
0.167825 0.088251 0.000492 0.000000
0.000000

0.000000 0.000000 0.727458
0.045531 0.005061 0.770078 4.220843 179.540176
0.000000 0.001540 0.010020 0.000000 0.000000 0.000000
0.000000 0.000006 0.000019
6.037416 1.000000 0.000000
764.299377 0.000000
0.000000 0.000000 0.000000 0.000000
0.000000 1.158767
11 0.015000 1.530000 0.001000
0.487000 0.580000 0.780000 0.490000 1.250000 6.700000 0.650000 0.650000
187499.984375 75.360001 0.084000
1.073000 0.050000 0.116600
0.167832 0.088351 0.000492 0.000000
0.000000

0.000000 0.000000 0.732637
0.045545 0.005063 0.770327 4.221942 179.548721
0.000000 0.001526 0.009950 0.000000 0.000000 0.000000
0.000000 0.000006 0.000019
6.064081 1.000000 0.000000
764.299377 0.000000
0.000000 0.000000 0.000000 0.000000
0.000000 1.158686
11 0.015000 1.545000 0.001000
0.487000 0.580000 0.780000 0.490000 1.250000 6.700000 0.650000 0.650000
187499.984375 75.360001 0.084000
1.073000 0.050000 0.116600
0.167858 0.088431 0.000493 0.000000
0.000000

0.000000 0.000000 0.748943
0.045586 0.005067 0.771001 4.225389 179.580933
0.000000 0.001509 0.009889 0.000000 0.000000 0.000000
0.000000 0.000006 0.000019
6.090409 1.000000 0.000000
764.299377 0.000000
0.000000 0.000000 0.000000 0.000000
0.000000 1.159156
11 0.015000 1.560000 0.001000
0.487000 0.580000 0.780000 0.490000 1.250000 6.700000 0.650000 0.650000
187499.984375 75.360001 0.084000
1.073000 0.050000 0.116600
0.167938 0.088133 0.000491 0.000000
0.000000

0.000000 0.000000 0.749690
0.045588 0.005068 0.771069 4.225503 179.583496
0.000000 0.001493 0.009850 0.000000 0.000000 0.000000
0.000000 0.000006 0.000019
6.116404 1.000000 0.000000
764.299377 0.000000
0.000000 0.000000 0.000000 0.000000
0.000000 1.158823
11 0.015000 1.575000 0.001000
0.487000 0.580000 0.780000 0.490000 1.250000 6.700000 0.650000 0.650000
187499.984375 75.360001 0.084000
1.073000 0.050000 0.116600
0.167942 0.088212 0.000491 0.000000
0.000000

0.000000 0.000000 0.750439
0.045590 0.005068 0.771138 4.225632 179.585922
0.000000 0.001479 0.009816 0.000000 0.000000 0.000000
0.000000 0.000006 0.000020
6.142062 1.000000 0.000000
764.299377 0.000000
0.000000 0.000000 0.000000 0.000000
0.000000 1.158515
11 0.015000 1.590000 0.001000
0.487000 0.580000 0.780000 0.490000 1.250000 6.700000 0.650000 0.650000
187499.984375 75.360001 0.084000
1.073000 0.050000 0.116600
0.167947 0.088303 0.000492 0.000000
0.000000

0.000000 0.000000 0.751198
0.045592 0.005068 0.771204 4.225736 179.588562
0.000000 0.001469 0.009807 0.000000 0.000000 0.000000
0.000000 0.000006 0.000020
6.167386 1.000000 0.000000
764.299377 0.000000
0.000000 0.000000 0.000000 0.000000
0.000000 1.158262
11 0.015000 1.605000 0.001000
0.487000 0.580000 0.780000 0.490000 1.250000 6.700000 0.650000 0.650000
187499.984375 75.360001 0.084000
1.073000 0.050000 0.116600
0.167951 0.088556 0.000493 0.000000
0.000000

0.000000 0.000000 0.752146
0.045595 0.005068 0.771280 4.225910 179.591354
0.000000 0.001458 0.009768 0.000000 0.000000 0.000000
0.000000 0.000006 0.000020
6.192373 1.000000 0.000000
764.299377 0.000000
0.000000 0.000000 0.000000 0.000000
0.000000 1.157870
11 0.015000 1.620000 0.001000
0.487000 0.580000 0.780000 0.490000 1.250000 6.700000 0.650000 0.650000
187499.984375 75.360001 0.084000
1.073000 0.050000 0.116600
0.167955 0.088386 0.000492 0.000000
0.000000

0.000000 0.000000 0.762824
0.045621 0.005071 0.771720 4.228079 179.616714
0.000000 0.001443 0.009704 0.000000 0.000000 0.000000
0.000000 0.000006 0.000020
6.217026 1.000000 0.000000
764.299377 0.000000
0.000000 0.000000 0.000000 0.000000
0.000000 1.157909
11 0.015000 1.635000 0.001000
0.487000 0.580000 0.780000 0.490000 1.250000 6.700000 0.650000 0.650000
187499.984375 75.360001 0.084000
1.073000 0.050000 0.116600
0.168008 0.088404 0.000492 0.000000
0.000000

0.000000 0.000000 0.763786
0.045624 0.005072 0.771797 4.228261 179.620544
0.000000 0.001423 0.009627 0.000000 0.000000 0.000000
0.000000 0.000006 0.000020
6.241342 1.000000 0.000000
764.299377 0.000000
0.000000 0.000000 0.000000 0.000000
0.000000 1.157572
11 0.015000 1.650000 0.001000
0.487000 0.580000 0.780000 0.490000 1.250000 6.700000 0.650000 0.650000
187499.984375 75.360001 0.084000
1.073000 0.050000 0.116600
0.168012 0.088280 0.000492 0.000000
0.000000

0.000000 0.000000 0.764546
0.045626 0.005072 0.771862 4.228378 179.623062
0.000000 0.001406 0.009593 0.000000 0.000000 0.000000
0.000000 0.000005 0.000020
6.265323 1.000000 0.000000
764.299377 0.000000
0.000000 0.000000 0.000000 0.000000
0.000000 1.157247
11 0.015000 1.665000 0.001000
0.487000 0.580000 0.780000 0.490000 1.250000 6.700000 0.650000 0.650000
187499.984375 75.360001 0.084000
1.073000 0.050000 0.116600
0.168016 0.088365 0.000492 0.000000
0.000000

0.000000 0.000000 0.765308
0.045629 0.005072 0.771930 4.228507 179.625702
0.000000 0.001393 0.009576 0.000000 0.000000 0.000000
0.000000 0.000005 0.000021
6.288968 1.000000 0.000000
764.299377 0.000000
0.000000 0.000000 0.000000 0.000000
0.000000 1.156969
11 0.015000 1.680000 0.001000
0.487000 0.580000 0.780000 0.490000 1.250000 6.700000 0.650000 0.650000
187499.984375 75.360001 0.084000
1.073000 0.050000 0.116600
0.168020 0.088695 0.000494 0.000000
0.000000

0.000000 0.000000 0.766293
0.045631 0.005072 0.771996 4.228635 179.628540
0.000000 0.001385 0.009557 0.000000 0.000000 0.000000
0.000000 0.000005 0.000021
6.312278 1.000000 0.000000
764.299377 0.000000
0.000000 0.000000 0.000000 0.000000
0.000000 1.156637
11 0.015000 1.695000 0.001000
0.487000 0.580000 0.780000 0.490000 1.250000 6.700000 0.650000 0.650000
187499.984375 75.360001 0.084000
1.073000 0.050000 0.116600
0.168023 0.088465 0.000493 0.000000
0.000000

0.000000 0.000000 0.767663
0.045635 0.005073 0.772086 4.228893 179.632538
0.000000 0.001373 0.009486 0.000000 0.000000 0.000000
0.000000 0.000005 0.000021
6.335251 1.000000 0.000000
764.299377 0.000000
0.000000 0.000000 0.000000 0.000000
0.000000 1.156379
11 0.015000 1.710000 0.001000
0.487000 0.580000 0.780000 0.490000 1.250000 6.700000 0.650000 0.650000
187499.984375 75.360001 0.084000
1.073000 0.050000 0.116600
0.168032 0.088513 0.000493 0.000000
0.000000

0.000000 0.000000 0.768411
0.045637 0.005073 0.772150 4.229011 179.635422
0.000000 0.001363 0.009472 0.000000 0.000000 0.000000
0.000000 0.000005 0.000021
6.357888 1.000000 0.000000
764.299377 0.000000
0.000000 0.000000 0.000000 0.000000
0.000000 1.156089
11 0.015000 1.725000 0.001000
0.487000 0.580000 0.780000 0.490000 1.250000 6.700000 0.650000 0.650000
187499.984375 75.360001 0.084000
1.073000 0.050000 0.116600
0.168034 0.088621 0.000494 0.000000
0.000000

0.000000 0.000000 0.769583
0.045640 0.005073 0.772229 4.229214 179.639267
0.000000 0.001356 0.009442 0.000000 0.000000 0.000000
0.000000 0.000005 0.000021
6.380189 1.000000 0.000000
764.299377 0.000000
0.000000 0.000000 0.000000 0.000000
0.000000 1.155803
11 0.015000 1.740000 0.001000
0.487000 0.580000 0.780000 0.490000 1.250000 6.700000 0.650000 0.650000
187499.984375 75.360001 0.084000
1.073000 0.050000 0.116600
0.168040 0.088711 0.000494 0.000000
0.000000

0.000000 0.000000 0.776772
0.045657 0.005075 0.772525 4.230608 179.654068
0.000000 0.001347 0.009393 0.000000 0.000000 0.000000
0.000000 0.000005 0.000021
6.402155 1.000000 0.000000
764.299377 0.000000
0.000000 0.000000 0.000000 0.000000
0.000000 1.155840
11 0.015000 1.755000 0.001000
0.487000 0.580000 0.780000 0.490000 1.250000 6.700000 0.650000 0.650000
187499.984375 75.360001 0.084000
1.073000 0.050000 0.116600
0.168076 0.088618 0.000494 0.000000
0.000000

0.000000 0.000000 0.789093
0.045685 0.005078 0.772995 4.232949 179.669128
0.000000 0.001333 0.009347 0.000000 0.000000 0.000000
0.000000 0.000005 0.000021
6.423785 1.000000 0.000000
764.299377 0.000000
0.000000 0.000000 0.000000 0.000000
0.000000 1.156271
11 0.015000 1.770000 0.001000
0.487000 0.580000 0.780000 0.490000 1.250000 6.700000 0.650000 0.650000
187499.984375 75.360001 0.084000
1.073000 0.050000 0.116600
0.168134 0.088532 0.000493 0.000000
0.000000

0.000000 0.000000 0.792365
0.045693 0.005079 0.773146 4.233538 179.674133
0.000000 0.001316 0.009278 0.000000 0.000000 0.000000
0.000000 0.000005 0.000021
6.445080 1.000000 0.000000
764.299377 0.000000
0.000000 0.000000 0.000000 0.000000
0.000000 1.156160
11 0.015000 1.785000 0.001000
0.487000 0.580000 0.780000 0.490000 1.250000 6.700000 0.650000 0.650000
187499.984375 75.360001 0.084000
1.073000 0.050000 0.116600
0.168147 0.088840 0.000495 0.000000
0.000000

0.000000 0.000000 0.798276
0.045706 0.005081 0.773382 4.234607 179.679153
0.000000 0.001299 0.009240 0.000000 0.000000 0.000000
0.000000 0.000005 0.000022
6.466039 1.000000 0.000000
764.299377 0.000000
0.000000 0.000000 0.000000 0.000000
0.000000 1.156177
11 0.015000 1.800000 0.001000
0.487000 0.580000 0.780000 0.490000 1.250000 6.700000 0.650000 0.650000
187499.984375 75.360001 0.084000
1.073000 0.050000 0.116600
0.168177 0.088616 0.000494 0.000000
0.000000

0.000000 0.000000 0.799615
0.045710 0.005081 0.773462 4.234819 179.681976
0.000000 0.001285 0.009210 0.000000 0.000000 0.000000
0.000000 0.000005 0.000022
6.486663 1.000000 0.000000
764.299377 0.000000
0.000000 0.000000 0.000000 0.000000
0.000000 1.155955
11 0.015000 1.815000 0.001000
0.487000 0.580000 0.780000 0.490000 1.250000 6.700000 0.650000 0.650000
187499.984375 75.360001 0.084000
1.073000 0.050000 0.116600
0.168184 0.088700 0.000494 0.000000
0.000000

0.000000 0.000000 0.803556
0.045719 0.005082 0.773628 4.235515 179.686188
0.000000 0.001276 0.009200 0.000000 0.000000 0.000000
0.000000 0.000005 0.000022
6.506953 1.000000 0.000000
764.299377 0.000000
0.000000 0.000000 0.000000 0.000000
0.000000 1.155894
11 0.015000 1.830000 0.001000
0.487000 0.580000 0.780000 0.490000 1.250000 6.700000 0.650000 0.650000
187499.984375 75.360001 0.084000
1.073000 0.050000 0.116600
0.168200 0.088678 0.000494 0.000000
0.000000

0.000000 0.000000 0.804380
0.045721 0.005082 0.773689 4.235627 179.688492
0.000000 0.001266 0.009145 0.000000 0.000000 0.000000
0.000000 0.000005 0.000022
6.526910 1.000000 0.000000
764.299377 0.000000
0.000000 0.000000 0.000000 0.000000
0.000000 1.155661
11 0.015000 1.845000 0.001000
0.487000 0.580000 0.780000 0.490000 1.250000 6.700000 0.650000 0.650000
187499.984375 75.360001 0.084000
1.073000 0.050000 0.116600
0.168206 0.088765 0.000494 0.000000
0.000000

0.000000 0.000000 0.805336
0.045723 0.005083 0.773758 4.235778 179.691345
0.000000 0.001256 0.009107 0.000000 0.000000 0.000000
0.000000 0.000005 0.000022
6.546535 1.000000 0.000000
764.299377 0.000000
0.000000 0.000000 0.000000 0.000000
0.000000 1.155431
11 0.015000 1.860000 0.001000
0.487000 0.580000 0.780000 0.490000 1.250000 6.700000 0.650000 0.650000
187499.984375 75.360001 0.084000
1.073000 0.050000 0.116600
0.168211 0.088635 0.000494 0.000000
0.000000

0.000000 0.000000 0.806617
0.045726 0.005083 0.773835 4.235978 179.694336
0.000000 0.001252 0.009115 0.000000 0.000000 0.000000
0.000000 0.000005 0.000022
6.565826 1.000000 0.000000
764.299377 0.000000
0.000000 0.000000 0.000000 0.000000
0.000000 1.155236
11 0.015000 1.875000 0.001000
0.487000 0.580000 0.780000 0.490000 1.250000 6.700000 0.650000 0.650000
187499.984375 75.360001 0.084000
1.073000 0.050000 0.116600
0.168217 0.088769 0.000494 0.000000
0.000000

0.000000 0.000000 0.807563
0.045728 0.005083 0.773902 4.236125 179.697296
0.000000 0.001246 0.009061 0.000000 0.000000 0.000000
0.000000 0.000005 0.000022
6.584787 1.000000 0.000000
764.299377 0.000000
0.000000 0.000000 0.000000 0.000000
0.000000 1.155022
11 0.015000 1.890000 0.001000
0.487000 0.580000 0.780000 0.490000 1.250000 6.700000 0.650000 0.650000
187499.984375 75.360001 0.084000
1.073000 0.050000 0.116600
0.168219 0.088964 0.000495 0.000000
0.000000

0.000000 0.000000 0.808643
0.045731 0.005084 0.773972 4.236293 179.700180
0.000000 0.001237 0.009025 0.000000 0.000000 0.000000
0.000000 0.000005 0.000023
6.603418 1.000000 0.000000
764.299377 0.000000
0.000000 0.000000 0.000000 0.000000
0.000000 1.154830
11 0.015000 1.905000 0.001000
0.487000 0.580000 0.780000 0.490000 1.250000 6.700000 0.650000 0.650000
187499.984375 75.360001 0.084000
1.073000 0.050000 0.116600
0.168227 0.088663 0.000494 0.000000
0.000000

0.000000 0.000000 0.809556
0.045733 0.005084 0.774036 4.236442 179.702957
0.000000 0.001228 0.008997 0.000000 0.000000 0.000000
0.000000 0.000004 0.000023
6.621719 1.000000 0.000000
764.299377 0.000000
0.000000 0.000000 0.000000 0.000000
0.000000 1.154627
11 0.015000 1.920000 0.001000
0.487000 0.580000 0.780000 0.490000 1.250000 6.700000 0.650000 0.650000
187499.984375 75.360001 0.084000
1.073000 0.050000 0.116600
0.168230 0.088656 0.000494 0.000000
0.000000

0.000000 0.000000 0.810322
0.045735 0.005084 0.774092 4.236527 179.705765
0.000000 0.001219 0.008958 0.000000 0.000000 0.000000
0.000000 0.000004 0.000023
6.639693 1.000000 0.000000
764.299377 0.000000
0.000000 0.000000 0.000000 0.000000
0.000000 1.154425
11 0.015000 1.935000 0.001000
0.487000 0.580000 0.780000 0.490000 1.250000 6.700000 0.650000 0.650000
187499.984375 75.360001 0.084000
1.073000 0.050000 0.116600
0.168232 0.088740 0.000494 0.000000
0.000000

0.000000 0.000000 0.811084
0.045737 0.005084 0.774151 4.236639 179.708481
0.000000 0.001212 0.008919 0.000000 0.000000 0.000000
0.000000 0.000004 0.000023
6.657341 1.000000 0.000000
764.299377 0.000000
0.000000 0.000000 0.000000 0.000000
0.000000 1.154245
11 0.015000 1.950000 0.001000
0.487000 0.580000 0.780000 0.490000 1.250000 6.700000 0.650000 0.650000
187499.984375 75.360001 0.084000
1.073000 0.050000 0.116600
0.168235 0.089052 0.000496 0.000000
0.000000

0.000000 0.000000 0.812185
0.045739 0.005085 0.774219 4.236789 179.711868
0.000000 0.001207 0.008909 0.000000 0.000000 0.000000
0.000000 0.000004 0.000023
6.674663 1.000000 0.000000
764.299377 0.000000
0.000000 0.000000 0.000000 0.000000
0.000000 1.154066
11 0.015000 1.965000 0.001000
0.487000 0.580000 0.780000 0.490000 1.250000 6.700000 0.650000 0.650000
187499.984375 75.360001 0.084000
1.073000 0.050000 0.116600
0.168243 0.088943 0.000495 0.000000
0.000000

0.000000 0.000000 0.816003
0.045748 0.005085 0.774377 4.237444 179.716812
0.000000 0.001199 0.008853 0.000000 0.000000 0.000000
0.000000 0.000004 0.000023
6.691661 1.000000 0.000000
764.299377 0.000000
0.000000 0.000000 0.000000 0.000000
0.000000 1.154068
11 0.015000 1.980000 0.001000
0.487000 0.580000 0.780000 0.490000 1.250000 6.700000 0.650000 0.650000
187499.984375 75.360001 0.084000
1.073000 0.050000 0.116600
0.168257 0.088972 0.000496 0.000000
0.000000

0.000000 0.000000 0.817626
0.045751 0.005086 0.774460 4.237696 179.720581
0.000000 0.005981 0.009484 0.000000 0.000000 0.000000
0.000000 0.000021 0.000011
6.708339 1.000000 0.000000
764.299377 0.000000
0.000000 0.000000 0.000000 0.000000
0.000000 1.153866
11 0.015000 1.995000 0.001000
0.487000 0.580000 0.780000 0.490000 1.250000 6.700000 0.650000 0.650000
187499.984375 75.360001 0.084000
1.073000 0.050000 0.116600
0.168266 0.089077 0.000496 0.000000
0.000000
1.000000
2.000000
0.321000 0.000000
0.000000
0
-0.735000
0 0
0.000000
1
0.000000
1.000000
1.000000
1.000000
0.000000 0.000000 0.000000
0.000000 0.000000
0.000000 0.000000 0.000000 0.000000 0.000000 0.000000 0.000000
0.000000 0.000000 0.000000 0.000000 0.000000 0.000000 0.000000
240
2.000000
1
C:\Kingsite\dnd\Ohio1.spf
-1.000000 -1.000000
0.000000
49
49
10.000000
101
