11
Clay
0.580000 0.612000 0.084000 0.780000 0.530000 1.000000 0.000000 0.000000
1.020000 6.700000 1 0.028600 0.500000 0.050000 0.010000 0.027000 0.963000
0.000000 0.015000 2.000000 152999.984375 75.360001 133
0.103800 3.528000 4.728100 0.000000 1
8.234000 8.234000 10.000000 5.000000 25.000000 100.000000
0.000000 0.000000 0.008910 0.000000 157.166290 232.534912
500.000000 0.000000 0.000000

0.000246 295.641266 560.870178
2.359956 0.262250 20.039515 227.598160 4084.880127
0.000000 0.011352 0.014310 0.754248 0.000000 0.000000
0.000002 0.000000 0.000009
-0.199160 0.000010 71.570358
764.299377 0.000000
0.202550 0.000000 0.000000 0.000000
0.000000 0.052035
11 0.015000 0.015000 0.028600
0.612000 0.580000 0.780000 0.530000 1.020000 6.700000 0.780000 0.780000
152999.984375 75.360001 0.084000
1.073000 0.050000 0.116600
3.630052 5.034079 0.001586 0.000000
0.000000

0.000437 6.886045 74.918999
2.048754 0.227667 19.275301 205.193512 4115.814453
0.000000 0.004773 0.009146 0.468183 0.000000 0.000000
0.000001 0.000001 0.000006
-0.031501 0.000010 71.570358
764.299377 0.000000
0.000000 0.000000 0.000000 0.000000
0.000000 0.074142
11 0.015000 0.030000 0.028600
0.612000 0.580000 0.780000 0.530000 1.020000 6.700000 0.780000 0.780000
152999.984375 75.360001 0.084000
1.073000 0.050000 0.116600
3.665642 5.620245 0.002001 0.000000
0.000000

0.000592 5.176220 69.402794
2.052188 0.228063 19.908867 204.667145 4116.455566
0.000000 0.004196 0.004611 0.235839 0.000000 0.000000
0.000001 0.000007 0.000022
0.070702 0.779634 0.000000
764.299377 0.000000
0.000000 0.000000 0.000000 0.000000
0.000000 0.087901
11 0.015000 0.045000 0.028600
0.612000 0.580000 0.780000 0.530000 1.020000 6.700000 0.780000 0.780000
152999.984375 75.360001 0.084000
1.073000 0.050000 0.116600
3.670596 5.853898 0.041328 0.000000
0.000000

0.000725 4.823081 66.703758
2.052772 0.228127 20.351915 204.356125 4116.865723
0.000000 0.002715 0.002320 0.118587 0.000000 0.000000
0.000001 0.000006 0.000026
0.183855 0.779634 0.000000
764.299377 0.000000
0.000000 0.000000 0.000000 0.000000
0.000000 0.098045
11 0.015000 0.060000 0.028600
0.612000 0.580000 0.780000 0.530000 1.020000 6.700000 0.780000 0.780000
152999.984375 75.360001 0.084000
1.073000 0.050000 0.116600
3.673931 6.086593 0.043082 0.000000
0.000000

0.000844 4.482620 64.224617
2.052429 0.228088 20.682724 204.045914 4117.182617
0.000000 0.001640 0.001180 0.060184 0.000000 0.000000
0.000001 0.000005 0.000034
0.296103 0.779634 0.000000
764.299377 0.000000
0.000000 0.000000 0.000000 0.000000
0.000000 0.109422
11 0.015000 0.075000 0.028600
0.612000 0.580000 0.780000 0.530000 1.020000 6.700000 0.780000 0.780000
152999.984375 75.360001 0.084000
1.073000 0.050000 0.116600
3.676443 6.044155 0.042778 0.000000
0.000000

0.000952 4.171144 61.905628
2.051920 0.228032 20.946121 203.776993 4117.445312
0.000000 0.001884 0.001637 0.031214 0.000000 0.000000
0.000000 0.000008 0.000035
0.407318 0.779634 0.000000
764.299377 0.000000
0.000000 0.000000 0.000000 0.000000
0.000000 0.120102
11 0.015000 0.090000 0.028600
0.612000 0.580000 0.780000 0.530000 1.020000 6.700000 0.780000 0.780000
152999.984375 75.360001 0.084000
1.073000 0.050000 0.116600
3.678425 6.368871 0.045222 0.000000
0.000000

0.012790 6.456803 131.883926
2.077782 0.230905 31.648033 195.054245 4121.170410
0.000000 0.001052 0.000850 0.015607 0.000000 0.000000
0.000000 0.000001 0.000045
0.517381 0.779634 0.000000
764.299377 0.000000
0.000000 0.000000 0.000000 0.000000
0.000000 0.147218
11 0.015000 0.105000 0.028600
0.612000 0.580000 0.780000 0.530000 1.020000 6.700000 0.780000 0.780000
152999.984375 75.360001 0.084000
1.073000 0.050000 0.116600
3.744124 6.868723 0.049008 0.000000
0.000000

0.012391 4.101523 74.163986
1.020671 0.113429 16.042730 95.054443 2969.013916
0.000000 0.001585 0.001490 0.007804 0.000000 0.000000
0.000000 0.000004 0.000014
0.633719 0.649590 0.000000
764.299377 0.000000
0.000000 0.000000 0.000000 0.000000
0.000000 0.148957
11 0.015000 0.120000 0.018000
0.547000 0.580000 0.780000 0.490000 1.150000 6.700000 0.650000 0.650000
172500.000000 75.360001 0.084000
1.073000 0.050000 0.116600
2.774499 5.961778 0.027706 0.000000
0.000000

0.012272 3.880452 70.074249
1.000877 0.111230 15.774933 93.197365 2969.317383
0.000000 0.001636 0.001290 0.003902 0.000000 0.000000
0.000000 0.000003 0.000016
0.757402 0.649590 0.000000
764.299377 0.000000
0.000000 0.000000 0.000000 0.000000
0.000000 0.153209
11 0.015000 0.135000 0.018000
0.547000 0.580000 0.780000 0.490000 1.150000 6.700000 0.650000 0.650000
172500.000000 75.360001 0.084000
1.073000 0.050000 0.116600
2.775607 5.689275 0.026370 0.000000
0.000000

0.011803 3.595788 66.139168
0.983079 0.109252 15.518065 91.532982 2969.729004
0.000000 0.001507 0.001061 0.001951 0.000000 0.000000
0.000000 0.000001 0.000020
0.879673 0.649590 0.000000
764.299377 0.000000
0.000000 0.000000 0.000000 0.000000
0.000000 0.155136
11 0.015000 0.150000 0.018000
0.547000 0.580000 0.780000 0.490000 1.150000 6.700000 0.650000 0.650000
172500.000000 75.360001 0.084000
1.073000 0.050000 0.116600
2.776435 6.143748 0.028577 0.000000
0.000000

0.011207 16.698275 62.676048
0.942913 0.104790 14.869576 87.621719 2969.929932
0.000000 0.001103 0.000781 0.000975 0.000000 0.000000
0.000000 0.000001 0.000022
1.000440 0.649590 0.000000
764.299377 0.000000
0.000000 0.000000 0.000000 0.000000
0.000000 0.169231
11 0.015000 0.165000 0.018000
0.547000 0.580000 0.780000 0.490000 1.150000 6.700000 0.650000 0.650000
172500.000000 75.360001 0.084000
1.073000 0.050000 0.116600
2.777124 7.417645 0.034865 0.000000
0.000000

0.010694 15.633450 59.326336
0.929005 0.103245 14.666372 86.315002 2970.242676
0.000000 0.000860 0.000773 0.000488 0.000000 0.000000
0.000000 0.000000 0.000024
1.119627 0.649590 0.000000
764.299377 0.000000
0.000000 0.000000 0.000000 0.000000
0.000000 0.177037
11 0.015000 0.180000 0.018000
0.547000 0.580000 0.780000 0.490000 1.150000 6.700000 0.650000 0.650000
172500.000000 75.360001 0.084000
1.073000 0.050000 0.116600
2.777956 9.512092 0.045497 0.000000
0.000000

0.010183 14.610580 56.148369
0.916291 0.101833 14.481386 85.124962 2970.493408
0.000000 0.000657 0.000666 0.000244 0.000000 0.000000
0.000000 0.000000 0.000026
1.237166 0.649590 0.000000
764.299377 0.000000
0.000000 0.000000 0.000000 0.000000
0.000000 0.184063
11 0.015000 0.195000 0.018000
0.547000 0.580000 0.780000 0.490000 1.150000 6.700000 0.650000 0.650000
172500.000000 75.360001 0.084000
1.073000 0.050000 0.116600
2.778576 8.936278 0.042558 0.000000
0.000000

0.008904 13.297791 52.194809
0.905745 0.100662 14.289070 84.207581 2969.949463
0.000000 0.000362 0.000445 0.000122 0.000000 0.000000
0.000000 0.000000 0.000027
1.352984 0.650000 0.000000
764.299377 0.000000
0.000000 0.000000 0.000000 0.000000
0.000000 0.188134
11 0.015000 0.210000 0.018000
0.547000 0.580000 0.780000 0.490000 1.150000 6.700000 0.650000 0.650000
172500.000000 75.360001 0.084000
1.073000 0.050000 0.116600
2.776423 3.340203 0.015185 0.000000
0.000000

0.008382 12.372906 44.016640
0.534368 0.059388 8.381655 49.361450 1549.714355
0.000000 0.000051 0.000110 0.000061 0.000000 0.000000
0.000000 0.000000 0.000015
1.468011 0.650000 0.000000
764.299377 0.000000
0.000000 0.000000 0.000000 0.000000
0.000000 0.188972
11 0.015000 0.225000 0.009000
0.527000 0.580000 0.780000 0.490000 1.200000 6.700000 0.650000 0.650000
180000.015625 75.360001 0.084000
1.073000 0.050000 0.116600
1.448776 2.761667 0.011521 0.000000
0.000000

0.007889 11.517831 41.372826
0.522615 0.058083 8.229660 48.432575 1549.819946
0.000000 0.000000 0.000092 0.000030 0.000000 0.000000
0.000000 0.000000 0.000005
1.582192 0.650000 0.000000
764.299377 0.000000
0.000000 0.000000 0.000000 0.000000
0.000000 0.184998
11 0.015000 0.240000 0.009000
0.527000 0.580000 0.780000 0.490000 1.200000 6.700000 0.650000 0.650000
180000.015625 75.360001 0.084000
1.073000 0.050000 0.116600
1.448972 2.343647 0.009742 0.000000
0.000000

0.007393 10.716488 38.901672
0.512742 0.056986 8.088667 47.578457 1549.895996
0.000000 0.000000 0.000096 0.000015 0.000000 0.000000
0.000000 0.000000 0.000004
1.694512 0.650000 0.000000
764.299377 0.000000
0.000000 0.000000 0.000000 0.000000
0.000000 0.179740
11 0.015000 0.255000 0.009000
0.527000 0.580000 0.780000 0.490000 1.200000 6.700000 0.650000 0.650000
180000.015625 75.360001 0.084000
1.073000 0.050000 0.116600
1.449170 2.129622 0.008836 0.000000
0.000000

0.006927 9.969995 36.587631
0.503416 0.055950 7.959190 46.792610 1549.949219
0.000000 0.000000 0.000099 0.000008 0.000000 0.000000
0.000000 0.000000 0.000003
1.804958 0.650000 0.000000
764.299377 0.000000
0.000000 0.000000 0.000000 0.000000
0.000000 0.172369
11 0.015000 0.270000 0.009000
0.527000 0.580000 0.780000 0.490000 1.200000 6.700000 0.650000 0.650000
180000.015625 75.360001 0.084000
1.073000 0.050000 0.116600
1.449330 1.966464 0.008147 0.000000
0.000000

0.006487 9.270313 34.438278
0.495457 0.055066 7.839149 46.065380 1549.997803
0.000000 0.000000 0.000073 0.000004 0.000000 0.000000
0.000000 0.000000 0.000003
1.913528 0.650000 0.000000
764.299377 0.000000
0.000000 0.000000 0.000000 0.000000
0.000000 0.165894
11 0.015000 0.285000 0.009000
0.527000 0.580000 0.780000 0.490000 1.200000 6.700000 0.650000 0.650000
180000.015625 75.360001 0.084000
1.073000 0.050000 0.116600
1.449454 1.837991 0.007607 0.000000
0.000000

0.006065 8.616268 32.425079
0.488064 0.054245 7.729000 45.398289 1550.086060
0.000000 0.000000 0.000092 0.000002 0.000000 0.000000
0.000000 0.000000 0.000002
2.020232 0.650000 0.000000
764.299377 0.000000
0.000000 0.000000 0.000000 0.000000
0.000000 0.159825
11 0.015000 0.300000 0.009000
0.527000 0.580000 0.780000 0.490000 1.200000 6.700000 0.650000 0.650000
180000.015625 75.360001 0.084000
1.073000 0.050000 0.116600
1.449586 1.590268 0.006568 0.000000
0.000000

0.005716 8.029996 30.590652
0.481517 0.053517 7.626746 44.761852 1550.141968
0.000000 0.000000 0.000112 0.000001 0.000000 0.000000
0.000000 0.000000 0.000002
2.125086 0.650000 0.000000
764.299377 0.000000
0.000000 0.000000 0.000000 0.000000
0.000000 0.155374
11 0.015000 0.315000 0.009000
0.527000 0.580000 0.780000 0.490000 1.200000 6.700000 0.650000 0.650000
180000.015625 75.360001 0.084000
1.073000 0.050000 0.116600
1.449725 1.422921 0.005869 0.000000
0.000000

0.005336 7.462774 27.492201
0.382000 0.042457 6.041367 35.445755 1184.283691
0.000000 0.000000 0.000094 0.000000 0.000000 0.000000
0.000000 0.000000 0.000001
2.229492 0.650000 0.000000
764.299377 0.000000
0.000000 0.000000 0.000000 0.000000
0.000000 0.150691
11 0.015000 0.330000 0.006600
0.497000 0.580000 0.780000 0.490000 1.250000 6.700000 0.650000 0.650000
187499.984375 75.360001 0.084000
1.073000 0.050000 0.116600
1.107532 1.213522 0.004522 0.000000
0.000000

0.004980 6.936000 25.858316
0.376219 0.041815 5.954307 34.923389 1184.285645
0.000000 0.000000 0.000089 0.000000 0.000000 0.000000
0.000000 0.000000 0.000001
2.333480 0.650000 0.000000
764.299377 0.000000
0.000000 0.000000 0.000000 0.000000
0.000000 0.147159
11 0.015000 0.345000 0.006600
0.497000 0.580000 0.780000 0.490000 1.250000 6.700000 0.650000 0.650000
187499.984375 75.360001 0.084000
1.073000 0.050000 0.116600
1.107623 1.101732 0.004102 0.000000
0.000000

0.004645 6.449175 24.357811
0.371103 0.041247 5.872877 34.435097 1184.347046
0.000000 0.000000 0.000093 0.000000 0.000000 0.000000
0.000000 0.000000 0.000001
2.435679 0.650000 0.000000
764.299377 0.000000
0.000000 0.000000 0.000000 0.000000
0.000000 0.144647
11 0.015000 0.360000 0.006600
0.497000 0.580000 0.780000 0.490000 1.250000 6.700000 0.650000 0.650000
187499.984375 75.360001 0.084000
1.073000 0.050000 0.116600
1.107731 1.009190 0.003755 0.000000
0.000000

0.004330 5.990056 22.936245
0.366301 0.040713 5.798717 33.990234 1184.375610
0.000000 0.000000 0.000096 0.000000 0.000000 0.000000
0.000000 0.000000 0.000001
2.536141 0.650000 0.000000
764.299377 0.000000
0.000000 0.000000 0.000000 0.000000
0.000000 0.142089
11 0.015000 0.375000 0.006600
0.497000 0.580000 0.780000 0.490000 1.250000 6.700000 0.650000 0.650000
187499.984375 75.360001 0.084000
1.073000 0.050000 0.116600
1.107791 0.930396 0.003460 0.000000
0.000000

0.004030 5.561232 21.610970
0.361815 0.040215 5.730157 33.580853 1184.395386
0.000000 0.000000 0.000099 0.000000 0.000000 0.000000
0.000000 0.000000 0.000001
2.634921 0.650000 0.000000
764.299377 0.000000
0.000000 0.000000 0.000000 0.000000
0.000000 0.139612
11 0.015000 0.390000 0.006600
0.497000 0.580000 0.780000 0.490000 1.250000 6.700000 0.650000 0.650000
187499.984375 75.360001 0.084000
1.073000 0.050000 0.116600
1.107851 0.864633 0.003213 0.000000
0.000000

0.003753 5.164403 20.387283
0.357686 0.039756 5.666274 33.198235 1184.443848
0.000000 0.000000 0.000124 0.000000 0.000000 0.000000
0.000000 0.000000 0.000001
2.732080 0.650000 0.000000
764.299377 0.000000
0.000000 0.000000 0.000000 0.000000
0.000000 0.137186
11 0.015000 0.405000 0.006600
0.497000 0.580000 0.780000 0.490000 1.250000 6.700000 0.650000 0.650000
187499.984375 75.360001 0.084000
1.073000 0.050000 0.116600
1.107904 0.810492 0.003011 0.000000
0.000000

0.003493 4.797678 17.087143
0.201785 0.022428 3.185633 18.660627 592.249451
0.000000 0.000000 0.000049 0.000000 0.000000 0.000000
0.000000 0.000000 0.000000
2.828122 0.650000 0.000000
764.299377 0.000000
0.000000 0.000000 0.000000 0.000000
0.000000 0.131045
11 0.015000 0.420000 0.003300
0.487000 0.580000 0.780000 0.490000 1.250000 6.700000 0.650000 0.650000
187499.984375 75.360001 0.084000
1.073000 0.050000 0.116600
0.553979 0.603236 0.002192 0.000000
0.000000

0.003248 4.454181 15.999126
0.198234 0.022034 3.131781 18.341772 592.251221
0.000000 0.000000 0.000050 0.000000 0.000000 0.000000
0.000000 0.000000 0.000000
2.923128 0.650000 0.000000
764.299377 0.000000
0.000000 0.000000 0.000000 0.000000
0.000000 0.126237
11 0.015000 0.435000 0.003300
0.487000 0.580000 0.780000 0.490000 1.250000 6.700000 0.650000 0.650000
187499.984375 75.360001 0.084000
1.073000 0.050000 0.116600
0.554003 0.546946 0.001987 0.000000
0.000000

0.003020 4.134530 14.988575
0.195053 0.021680 3.081904 18.046486 592.273499
0.000000 0.000000 0.000055 0.000000 0.000000 0.000000
0.000000 0.000000 0.000000
3.016723 0.650000 0.000000
764.299377 0.000000
0.000000 0.000000 0.000000 0.000000
0.000000 0.121528
11 0.015000 0.450000 0.003300
0.487000 0.580000 0.780000 0.490000 1.250000 6.700000 0.650000 0.650000
187499.984375 75.360001 0.084000
1.073000 0.050000 0.116600
0.554025 0.503014 0.001827 0.000000
0.000000

0.002803 3.833642 14.048586
0.192190 0.021362 3.035746 17.774616 592.273376
0.000000 0.000000 0.000053 0.000000 0.000000 0.000000
0.000000 0.000000 0.000000
3.108978 0.650000 0.000000
764.299377 0.000000
0.000000 0.000000 0.000000 0.000000
0.000000 0.117007
11 0.015000 0.465000 0.003300
0.487000 0.580000 0.780000 0.490000 1.250000 6.700000 0.650000 0.650000
187499.984375 75.360001 0.084000
1.073000 0.050000 0.116600
0.554047 0.467947 0.001699 0.000000
0.000000

0.002606 3.558241 13.179686
0.189347 0.021046 2.992873 17.520403 592.283691
0.000000 0.000000 0.000058 0.000000 0.000000 0.000000
0.000000 0.000000 0.000000
3.199964 0.650000 0.000000
764.299377 0.000000
0.000000 0.000000 0.000000 0.000000
0.000000 0.112729
11 0.015000 0.480000 0.003300
0.487000 0.580000 0.780000 0.490000 1.250000 6.700000 0.650000 0.650000
187499.984375 75.360001 0.084000
1.073000 0.050000 0.116600
0.554068 0.438383 0.001591 0.000000
0.000000

0.002423 3.303236 12.377788
0.188088 0.020907 2.952736 17.282515 592.306763
0.000000 0.000001 0.000087 0.000000 0.000000 0.000000
0.000000 0.000000 0.000002
3.289751 0.650000 0.000000
764.299377 0.000000
0.000000 0.000000 0.000000 0.000000
0.000000 0.112767
11 0.015000 0.495000 0.003300
0.487000 0.580000 0.780000 0.490000 1.250000 6.700000 0.650000 0.650000
187499.984375 75.360001 0.084000
1.073000 0.050000 0.116600
0.554096 0.401950 0.001459 0.000000
0.000000

0.002252 3.065990 11.648393
0.185505 0.020620 2.914797 17.057686 592.313232
0.000000 0.000027 0.000686 0.000000 0.000000 0.000000
0.000000 0.000000 0.000008
3.378408 0.650000 0.000000
764.299377 0.000000
0.000000 0.000000 0.000000 0.000000
0.000000 0.110697
11 0.015000 0.510000 0.003300
0.487000 0.580000 0.780000 0.490000 1.250000 6.700000 0.650000 0.650000
187499.984375 75.360001 0.084000
1.073000 0.050000 0.116600
0.554115 0.376605 0.001366 0.000000
0.000000

0.002093 2.855943 9.920394
0.074425 0.008273 1.162234 6.800910 179.512329
0.000000 0.000000 0.000024 0.000000 0.000000 0.000000
0.000000 0.000000 0.000000
3.466003 0.650000 0.000000
764.299377 0.000000
0.000000 0.000000 0.000000 0.000000
0.000000 0.102376
11 0.015000 0.525000 0.001000
0.487000 0.580000 0.780000 0.490000 1.250000 6.700000 0.650000 0.650000
187499.984375 75.360001 0.084000
1.073000 0.050000 0.116600
0.167918 0.243294 0.000882 0.000000
0.000000

0.001944 2.647660 9.196237
0.072559 0.008065 1.134792 6.639439 179.511276
0.000000 0.000000 0.000025 0.000000 0.000000 0.000000
0.000000 0.000000 0.000000
3.552603 0.650000 0.000000
764.299377 0.000000
0.000000 0.000000 0.000000 0.000000
0.000000 0.096182
11 0.015000 0.540000 0.001000
0.487000 0.580000 0.780000 0.490000 1.250000 6.700000 0.650000 0.650000
187499.984375 75.360001 0.084000
1.073000 0.050000 0.116600
0.167922 0.219819 0.000797 0.000000
0.000000

0.001806 2.454479 8.517650
0.070894 0.007880 1.109695 6.491848 179.510208
0.000000 0.000000 0.000023 0.000000 0.000000 0.000000
0.000000 0.000000 0.000000
3.638272 0.650000 0.000000
764.299377 0.000000
0.000000 0.000000 0.000000 0.000000
0.000000 0.090025
11 0.015000 0.555000 0.001000
0.487000 0.580000 0.780000 0.490000 1.250000 6.700000 0.650000 0.650000
187499.984375 75.360001 0.084000
1.073000 0.050000 0.116600
0.167928 0.197736 0.000716 0.000000
0.000000

0.001677 2.276010 7.836051
0.069517 0.007727 1.089397 6.372458 179.514938
0.000000 0.000000 0.000023 0.000000 0.000000 0.000000
0.000000 0.000000 0.000000
3.723069 0.650000 0.000000
764.299377 0.000000
0.000000 0.000000 0.000000 0.000000
0.000000 0.084112
11 0.015000 0.570000 0.001000
0.487000 0.580000 0.780000 0.490000 1.250000 6.700000 0.650000 0.650000
187499.984375 75.360001 0.084000
1.073000 0.050000 0.116600
0.167931 0.168530 0.000610 0.000000
0.000000

0.001556 2.110826 7.248788
0.069269 0.007700 1.067777 6.245351 179.518890
0.000000 0.000000 0.000035 0.000000 0.000000 0.000000
0.000000 0.000000 0.000001
3.807052 0.650000 0.000000
764.299377 0.000000
0.000000 0.000000 0.000000 0.000000
0.000000 0.082167
11 0.015000 0.585000 0.001000
0.487000 0.580000 0.780000 0.490000 1.250000 6.700000 0.650000 0.650000
187499.984375 75.360001 0.084000
1.073000 0.050000 0.116600
0.167935 0.153956 0.000558 0.000000
0.000000

0.001445 1.958493 6.781576
0.067603 0.007515 1.043485 6.102725 179.520203
0.000000 0.000011 0.000813 0.000000 0.000000 0.000000
0.000000 0.000000 0.000003
3.890276 0.650000 0.000000
764.299377 0.000000
0.000000 0.000000 0.000000 0.000000
0.000000 0.078860
11 0.015000 0.600000 0.001000
0.487000 0.580000 0.780000 0.490000 1.250000 6.700000 0.650000 0.650000
187499.984375 75.360001 0.084000
1.073000 0.050000 0.116600
0.167940 0.141404 0.000512 0.000000
0.000000

0.001341 1.817031 6.320096
0.066142 0.007352 1.022458 5.979227 179.523346
0.000000 0.000021 0.001019 0.000000 0.000000 0.000000
0.000000 0.000000 0.000004
3.972792 0.650000 0.000000
764.299377 0.000000
0.000000 0.000000 0.000000 0.000000
0.000000 0.075686
11 0.015000 0.615000 0.001000
0.487000 0.580000 0.780000 0.490000 1.250000 6.700000 0.650000 0.650000
187499.984375 75.360001 0.084000
1.073000 0.050000 0.116600
0.167944 0.130111 0.000471 0.000000
0.000000

0.001245 1.685614 5.873680
0.064845 0.007208 1.003988 5.870716 179.527649
0.000000 0.000029 0.001125 0.000000 0.000000 0.000000
0.000000 0.000000 0.000004
4.054646 0.650000 0.000000
764.299377 0.000000
0.000000 0.000000 0.000000 0.000000
0.000000 0.072516
11 0.015000 0.630000 0.001000
0.487000 0.580000 0.780000 0.490000 1.250000 6.700000 0.650000 0.650000
187499.984375 75.360001 0.084000
1.073000 0.050000 0.116600
0.167949 0.122365 0.000443 0.000000
0.000000

0.001156 1.563934 5.471018
0.063602 0.007070 0.986224 5.766229 179.526764
0.000000 0.000038 0.001216 0.000000 0.000000 0.000000
0.000000 0.000000 0.000004
4.135884 0.650000 0.000000
764.299377 0.000000
0.000000 0.000000 0.000000 0.000000
0.000000 0.069354
11 0.015000 0.645000 0.001000
0.487000 0.580000 0.780000 0.490000 1.250000 6.700000 0.650000 0.650000
187499.984375 75.360001 0.084000
1.073000 0.050000 0.116600
0.167951 0.144761 0.000524 0.000000
0.000000

0.001084 1.454952 5.096826
0.062444 0.006941 0.970027 5.668534 179.527161
0.000000 0.000042 0.001178 0.000000 0.000000 0.000000
0.000000 0.000000 0.000004
4.216545 0.650000 0.000000
764.299377 0.000000
0.000000 0.000000 0.000000 0.000000
0.000000 0.066209
11 0.015000 0.660000 0.001000
0.487000 0.580000 0.780000 0.490000 1.250000 6.700000 0.650000 0.650000
187499.984375 75.360001 0.084000
1.073000 0.050000 0.116600
0.167961 0.125560 0.000455 0.000000
0.000000

0.001020 1.354984 4.769777
0.061297 0.006814 0.953905 5.570679 179.531296
0.000000 0.000029 0.000526 0.000000 0.000000 0.000000
0.000000 0.000000 0.000004
4.296665 0.650000 0.000000
764.299377 0.000000
0.000000 0.000000 0.000000 0.000000
0.000000 0.063095
11 0.015000 0.675000 0.001000
0.487000 0.580000 0.780000 0.490000 1.250000 6.700000 0.650000 0.650000
187499.984375 75.360001 0.084000
1.073000 0.050000 0.116600
0.167966 0.122169 0.000442 0.000000
0.000000

0.000956 1.260448 4.483876
0.060179 0.006690 0.937794 5.475165 179.536087
0.000000 0.000057 0.001548 0.000000 0.000000 0.000000
0.000000 0.000000 0.000004
4.376277 0.650000 0.000000
764.299377 0.000000
0.000000 0.000000 0.000000 0.000000
0.000000 0.060030
11 0.015000 0.690000 0.001000
0.487000 0.580000 0.780000 0.490000 1.250000 6.700000 0.650000 0.650000
187499.984375 75.360001 0.084000
1.073000 0.050000 0.116600
0.167976 0.127233 0.000461 0.000000
0.000000

0.000902 1.174536 4.221395
0.059134 0.006574 0.922784 5.385615 179.540817
0.000000 0.000423 0.005019 0.000000 0.000000 0.000000
0.000000 0.000001 0.000003
4.455413 0.650000 0.000000
764.299377 0.000000
0.000000 0.000000 0.000000 0.000000
0.000000 0.057359
11 0.015000 0.705000 0.001000
0.487000 0.580000 0.780000 0.490000 1.250000 6.700000 0.650000 0.650000
187499.984375 75.360001 0.084000
1.073000 0.050000 0.116600
0.167988 0.128681 0.000466 0.000000
0.000000

0.000860 1.098960 3.985480
0.058143 0.006463 0.908805 5.299914 179.544434
0.000000 0.009746 0.007116 0.000000 0.000000 0.000000
0.000000 0.000003 0.000000
4.534098 0.650000 0.000000
764.299377 0.000000
0.000000 0.000000 0.000000 0.000000
0.000000 0.058927
11 0.015000 0.720000 0.001000
0.487000 0.580000 0.780000 0.490000 1.250000 6.700000 0.650000 0.650000
187499.984375 75.360001 0.084000
1.073000 0.050000 0.116600
0.168015 0.148557 0.000538 0.000000
0.000000

0.000934 1.066498 3.816564
0.057001 0.006336 0.894674 5.199882 179.569260
0.000000 0.158434 0.019559 0.000000 0.000000 0.000000
0.000000 0.000001 0.000000
4.609703 0.753967 0.000000
764.299377 0.000000
0.000000 0.000000 0.000000 0.000000
0.000000 1.268358
11 0.015000 0.735000 0.001000
0.487000 0.580000 0.780000 0.490000 1.250000 6.700000 0.650000 0.650000
187499.984375 75.360001 0.084000
1.073000 0.050000 0.116600
0.168125 0.141525 0.000595 0.000000
0.000000

0.000000 0.315000 3.906859
0.049987 0.005555 0.814081 4.636839 179.693558
0.000000 0.042571 0.012792 0.000000 0.000000 0.000000
0.000000 0.000004 0.000000
4.677559 1.000000 0.000000
764.299377 0.000000
0.000000 0.000000 0.000000 0.000000
0.000000 0.123394
11 0.015000 0.750000 0.001000
0.487000 0.580000 0.780000 0.490000 1.250000 6.700000 0.650000 0.650000
187499.984375 75.360001 0.084000
1.073000 0.050000 0.116600
0.168666 0.089628 0.000499 0.000000
0.000000

0.000000 0.297066 3.728442
0.049630 0.005515 0.811398 4.601982 179.721771
0.000000 0.020965 0.011837 0.000000 0.000000 0.000000
0.000000 0.000007 0.000000
4.740730 1.000000 0.000000
764.299377 0.000000
0.000000 0.000000 0.000000 0.000000
0.000000 0.114352
11 0.015000 0.765000 0.001000
0.487000 0.580000 0.780000 0.490000 1.250000 6.700000 0.650000 0.650000
187499.984375 75.360001 0.084000
1.073000 0.050000 0.116600
0.168736 0.088719 0.000494 0.000000
0.000000

0.000000 0.276104 3.531272
0.049355 0.005485 0.807506 4.577895 179.725128
0.000000 0.017036 0.011843 0.000000 0.000000 0.000000
0.000000 0.000009 0.000000
4.803470 1.000000 0.000000
764.299377 0.000000
0.000000 0.000000 0.000000 0.000000
0.000000 0.144102
11 0.015000 0.780000 0.001000
0.487000 0.580000 0.780000 0.490000 1.250000 6.700000 0.650000 0.650000
187499.984375 75.360001 0.084000
1.073000 0.050000 0.116600
0.168748 0.088346 0.000492 0.000000
0.000000

0.000000 0.261314 3.443140
0.049060 0.005452 0.803186 4.550678 179.813812
0.000000 0.025967 0.012020 0.000000 0.000000 0.000000
0.000000 0.000006 0.000000
4.865790 1.000000 0.000000
764.299377 0.000000
0.000000 0.000000 0.000000 0.000000
0.000000 0.189064
11 0.015000 0.795000 0.001000
0.487000 0.580000 0.780000 0.490000 1.250000 6.700000 0.650000 0.650000
187499.984375 75.360001 0.084000
1.073000 0.050000 0.116600
0.169008 0.087898 0.000490 0.000000
0.000000

0.000000 0.242718 3.269402
0.048835 0.005427 0.800053 4.531006 179.816223
0.000000 0.136588 0.012227 0.000000 0.000000 0.000000
0.000000 0.000001 0.000000
4.927698 1.000000 0.000000
764.299377 0.000000
0.000000 0.000000 0.000000 0.000000
0.000000 0.356803
11 0.015000 0.810000 0.001000
0.487000 0.580000 0.780000 0.490000 1.250000 6.700000 0.650000 0.650000
187499.984375 75.360001 0.084000
1.073000 0.050000 0.116600
0.169018 0.088371 0.000492 0.000000
0.000000

0.000000 0.225617 3.109714
0.048625 0.005404 0.797220 4.512515 179.821609
0.000000 0.913352 0.011969 0.000000 0.000000 0.000000
0.000000 0.000000 0.000000
4.989200 1.000000 0.000000
764.299377 0.000000
0.000000 0.000000 0.000000 0.000000
0.000000 0.812117
11 0.015000 0.825000 0.001000
0.487000 0.580000 0.780000 0.490000 1.250000 6.700000 0.650000 0.650000
187499.984375 75.360001 0.084000
1.073000 0.050000 0.116600
0.169025 0.087985 0.000490 0.000000
0.000000

0.000000 0.209837 2.962763
0.048429 0.005382 0.794640 4.495254 179.826370
0.000000 7.257993 0.012227 0.000000 0.000000 0.000000
0.000000 0.000000 0.000000
5.050300 1.000000 0.000000
764.299377 0.000000
0.000000 0.000000 0.000000 0.000000
0.000000 3.086787
11 0.015000 0.840000 0.001000
0.487000 0.580000 0.780000 0.490000 1.250000 6.700000 0.650000 0.650000
187499.984375 75.360001 0.084000
1.073000 0.050000 0.116600
0.169038 0.088373 0.000492 0.000000
0.000000

0.000000 0.194852 2.823974
0.048252 0.005362 0.792127 4.479832 179.828812
0.000000 24.390125 0.015041 0.000000 0.000000 0.000000
0.000000 0.000000 0.000000
5.111001 1.000000 0.000000
764.299377 0.000000
0.000000 0.000000 0.000000 0.000000
0.000000 9.139648
11 0.015000 0.855000 0.001000
0.487000 0.580000 0.780000 0.490000 1.250000 6.700000 0.650000 0.650000
187499.984375 75.360001 0.084000
1.073000 0.050000 0.116600
0.169045 0.089261 0.000497 0.000000
0.000000

0.000000 0.000000 1.094769
0.046031 0.005116 0.773220 4.278350 179.941803
0.000000 12.832828 0.014068 0.000000 0.000000 0.000000
0.000000 0.000000 0.000000
5.171303 1.000000 0.000000
764.299377 0.000000
0.000000 0.000000 0.000000 0.000000
0.000000 1.042814
11 0.015000 0.870000 0.001000
0.487000 0.580000 0.780000 0.490000 1.250000 6.700000 0.650000 0.650000
187499.984375 75.360001 0.084000
1.073000 0.050000 0.116600
0.169360 0.085563 0.000477 0.000000
0.000000

0.000000 0.000000 1.097785
0.046033 0.005116 0.773310 4.278404 179.943619
0.000000 3.701733 0.014105 0.000000 0.000000 0.000000
0.000000 0.000000 0.000000
5.231205 1.000000 0.000000
764.299377 0.000000
0.000000 0.000000 0.000000 0.000000
0.000000 1.040406
11 0.015000 0.885000 0.001000
0.487000 0.580000 0.780000 0.490000 1.250000 6.700000 0.650000 0.650000
187499.984375 75.360001 0.084000
1.073000 0.050000 0.116600
0.169372 0.085724 0.000477 0.000000
0.000000

0.000000 0.000000 1.098998
0.046035 0.005116 0.773390 4.278410 179.945419
0.000000 0.941784 0.014041 0.000000 0.000000 0.000000
0.000000 0.000000 0.000000
5.290704 1.000000 0.000000
764.299377 0.000000
0.000000 0.000000 0.000000 0.000000
0.000000 1.040036
11 0.015000 0.900000 0.001000
0.487000 0.580000 0.780000 0.490000 1.250000 6.700000 0.650000 0.650000
187499.984375 75.360001 0.084000
1.073000 0.050000 0.116600
0.169375 0.085591 0.000477 0.000000
0.000000

0.000000 0.000000 1.099787
0.046036 0.005116 0.773463 4.278380 179.948349
0.000000 0.497257 0.013972 0.000000 0.000000 0.000000
0.000000 0.000000 0.000000
5.349798 1.000000 0.000000
764.299377 0.000000
0.000000 0.000000 0.000000 0.000000
0.000000 1.041060
11 0.015000 0.915000 0.001000
0.487000 0.580000 0.780000 0.490000 1.250000 6.700000 0.650000 0.650000
187499.984375 75.360001 0.084000
1.073000 0.050000 0.116600
0.169379 0.085647 0.000477 0.000000
0.000000

0.000000 0.000000 1.100494
0.046037 0.005116 0.773532 4.278339 179.949631
0.000000 0.508570 0.013908 0.000000 0.000000 0.000000
0.000000 0.000000 0.000000
5.408483 1.000000 0.000000
764.299377 0.000000
0.000000 0.000000 0.000000 0.000000
0.000000 1.041316
11 0.015000 0.930000 0.001000
0.487000 0.580000 0.780000 0.490000 1.250000 6.700000 0.650000 0.650000
187499.984375 75.360001 0.084000
1.073000 0.050000 0.116600
0.169380 0.085530 0.000476 0.000000
0.000000

0.000000 0.000000 1.101253
0.046039 0.005117 0.773601 4.278307 179.950928
0.000000 0.527711 0.013830 0.000000 0.000000 0.000000
0.000000 0.000000 0.000000
5.466753 1.000000 0.000000
764.299377 0.000000
0.000000 0.000000 0.000000 0.000000
0.000000 1.042330
11 0.015000 0.945000 0.001000
0.487000 0.580000 0.780000 0.490000 1.250000 6.700000 0.650000 0.650000
187499.984375 75.360001 0.084000
1.073000 0.050000 0.116600
0.169384 0.085728 0.000477 0.000000
0.000000

0.000000 0.000000 1.102117
0.046040 0.005117 0.773672 4.278291 179.952499
0.000000 0.485256 0.013767 0.000000 0.000000 0.000000
0.000000 0.000000 0.000000
5.524604 1.000000 0.000000
764.299377 0.000000
0.000000 0.000000 0.000000 0.000000
0.000000 1.042387
11 0.015000 0.960000 0.001000
0.487000 0.580000 0.780000 0.490000 1.250000 6.700000 0.650000 0.650000
187499.984375 75.360001 0.084000
1.073000 0.050000 0.116600
0.169387 0.085689 0.000477 0.000000
0.000000

0.000000 0.000000 1.105039
0.046043 0.005117 0.773760 4.278364 179.953934
0.000000 0.395455 0.013642 0.000000 0.000000 0.000000
0.000000 0.000001 0.000000
5.582029 1.000000 0.000000
764.299377 0.000000
0.000000 0.000000 0.000000 0.000000
0.000000 1.041241
11 0.015000 0.975000 0.001000
0.487000 0.580000 0.780000 0.490000 1.250000 6.700000 0.650000 0.650000
187499.984375 75.360001 0.084000
1.073000 0.050000 0.116600
0.169396 0.085662 0.000477 0.000000
0.000000

0.000000 0.000000 1.106814
0.046044 0.005117 0.773834 4.278378 179.956009
0.000000 0.289185 0.013457 0.000000 0.000000 0.000000
0.000000 0.000001 0.000000
5.639022 1.000000 0.000000
764.299377 0.000000
0.000000 0.000000 0.000000 0.000000
0.000000 1.040469
11 0.015000 0.990000 0.001000
0.487000 0.580000 0.780000 0.490000 1.250000 6.700000 0.650000 0.650000
187499.984375 75.360001 0.084000
1.073000 0.050000 0.116600
0.169401 0.085638 0.000477 0.000000
0.000000

0.000000 0.000000 1.107481
0.046045 0.005117 0.773900 4.278347 179.958847
0.000000 0.192189 0.013233 0.000000 0.000000 0.000000
0.000000 0.000001 0.000000
5.695576 1.000000 0.000000
764.299377 0.000000
0.000000 0.000000 0.000000 0.000000
0.000000 1.040730
11 0.015000 1.005000 0.001000
0.487000 0.580000 0.780000 0.490000 1.250000 6.700000 0.650000 0.650000
187499.984375 75.360001 0.084000
1.073000 0.050000 0.116600
0.169404 0.085816 0.000478 0.000000
0.000000

0.000000 0.000000 1.109686
0.046047 0.005118 0.773976 4.278376 179.960419
0.000000 0.117640 0.013016 0.000000 0.000000 0.000000
0.000000 0.000002 0.000000
5.751685 1.000000 0.000000
764.299377 0.000000
0.000000 0.000000 0.000000 0.000000
0.000000 1.039116
11 0.015000 1.020000 0.001000
0.487000 0.580000 0.780000 0.490000 1.250000 6.700000 0.650000 0.650000
187499.984375 75.360001 0.084000
1.073000 0.050000 0.116600
0.169412 0.085682 0.000477 0.000000
0.000000

0.000000 0.000000 1.110364
0.046049 0.005118 0.774042 4.278355 179.961823
0.000000 0.067333 0.012770 0.000000 0.000000 0.000000
0.000000 0.000004 0.000000
5.807341 1.000000 0.000000
764.299377 0.000000
0.000000 0.000000 0.000000 0.000000
0.000000 1.039452
11 0.015000 1.035000 0.001000
0.487000 0.580000 0.780000 0.490000 1.250000 6.700000 0.650000 0.650000
187499.984375 75.360001 0.084000
1.073000 0.050000 0.116600
0.169414 0.085929 0.000479 0.000000
0.000000

0.000000 0.000000 1.111298
0.046050 0.005118 0.774107 4.278338 179.963120
0.000000 0.036966 0.012441 0.000000 0.000000 0.000000
0.000000 0.000007 0.000000
5.862537 1.000000 0.000000
764.299377 0.000000
0.000000 0.000000 0.000000 0.000000
0.000000 1.038811
11 0.015000 1.050000 0.001000
0.487000 0.580000 0.780000 0.490000 1.250000 6.700000 0.650000 0.650000
187499.984375 75.360001 0.084000
1.073000 0.050000 0.116600
0.169418 0.085753 0.000478 0.000000
0.000000

0.000000 0.000000 1.111935
0.046051 0.005118 0.774167 4.278285 179.964737
0.000000 0.020446 0.012094 0.000000 0.000000 0.000000
0.000000 0.000011 0.000001
5.917266 1.000000 0.000000
764.299377 0.000000
0.000000 0.000000 0.000000 0.000000
0.000000 1.039646
11 0.015000 1.065000 0.001000
0.487000 0.580000 0.780000 0.490000 1.250000 6.700000 0.650000 0.650000
187499.984375 75.360001 0.084000
1.073000 0.050000 0.116600
0.169420 0.085958 0.000479 0.000000
0.000000

0.000000 0.000000 1.112744
0.046052 0.005118 0.774232 4.278270 179.966431
0.000000 0.012249 0.011783 0.000000 0.000000 0.000000
0.000000 0.000016 0.000001
5.971522 1.000000 0.000000
764.299377 0.000000
0.000000 0.000000 0.000000 0.000000
0.000000 1.038513
11 0.015000 1.080000 0.001000
0.487000 0.580000 0.780000 0.490000 1.250000 6.700000 0.650000 0.650000
187499.984375 75.360001 0.084000
1.073000 0.050000 0.116600
0.169421 0.085725 0.000477 0.000000
0.000000

0.000000 0.000000 1.115962
0.046054 0.005118 0.774310 4.278332 179.968140
0.000000 0.008481 0.011615 0.000000 0.000000 0.000000
0.000000 0.000015 0.000002
6.025298 1.000000 0.000000
764.299377 0.000000
0.000000 0.000000 0.000000 0.000000
0.000000 1.038470
11 0.015000 1.095000 0.001000
0.487000 0.580000 0.780000 0.490000 1.250000 6.700000 0.650000 0.650000
187499.984375 75.360001 0.084000
1.073000 0.050000 0.116600
0.169433 0.086091 0.000479 0.000000
0.000000

0.000000 0.000000 1.120013
0.046057 0.005119 0.774387 4.278411 179.971954
0.000000 0.006796 0.011486 0.000000 0.000000 0.000000
0.000000 0.000015 0.000002
6.078588 1.000000 0.000000
764.299377 0.000000
0.000000 0.000000 0.000000 0.000000
0.000000 1.034550
11 0.015000 1.110000 0.001000
0.487000 0.580000 0.780000 0.490000 1.250000 6.700000 0.650000 0.650000
187499.984375 75.360001 0.084000
1.073000 0.050000 0.116600
0.169446 0.085633 0.000477 0.000000
0.000000

0.000000 0.000000 1.120686
0.046058 0.005119 0.774446 4.278365 179.973160
0.000000 0.006061 0.011412 0.000000 0.000000 0.000000
0.000000 0.000015 0.000003
6.131383 1.000000 0.000000
764.299377 0.000000
0.000000 0.000000 0.000000 0.000000
0.000000 1.034825
11 0.015000 1.125000 0.001000
0.487000 0.580000 0.780000 0.490000 1.250000 6.700000 0.650000 0.650000
187499.984375 75.360001 0.084000
1.073000 0.050000 0.116600
0.169449 0.085938 0.000479 0.000000
0.000000

0.000000 0.000000 1.121339
0.046059 0.005119 0.774503 4.278331 179.974365
0.000000 0.005717 0.011365 0.000000 0.000000 0.000000
0.000000 0.000015 0.000003
6.183680 1.000000 0.000000
764.299377 0.000000
0.000000 0.000000 0.000000 0.000000
0.000000 1.034267
11 0.015000 1.140000 0.001000
0.487000 0.580000 0.780000 0.490000 1.250000 6.700000 0.650000 0.650000
187499.984375 75.360001 0.084000
1.073000 0.050000 0.116600
0.169452 0.085877 0.000478 0.000000
0.000000

0.000000 0.000000 1.121981
0.046060 0.005119 0.774563 4.278322 179.975388
0.000000 0.005535 0.011294 0.000000 0.000000 0.000000
0.000000 0.000015 0.000003
6.235470 1.000000 0.000000
764.299377 0.000000
0.000000 0.000000 0.000000 0.000000
0.000000 1.034158
11 0.015000 1.155000 0.001000
0.487000 0.580000 0.780000 0.490000 1.250000 6.700000 0.650000 0.650000
187499.984375 75.360001 0.084000
1.073000 0.050000 0.116600
0.169455 0.085976 0.000479 0.000000
0.000000

0.000000 0.000000 1.123057
0.046061 0.005119 0.774623 4.278314 179.976807
0.000000 0.005426 0.011277 0.000000 0.000000 0.000000
0.000000 0.000015 0.000003
6.286748 1.000000 0.000000
764.299377 0.000000
0.000000 0.000000 0.000000 0.000000
0.000000 1.033609
11 0.015000 1.170000 0.001000
0.487000 0.580000 0.780000 0.490000 1.250000 6.700000 0.650000 0.650000
187499.984375 75.360001 0.084000
1.073000 0.050000 0.116600
0.169457 0.085958 0.000479 0.000000
0.000000

0.000000 0.000000 1.124653
0.046063 0.005119 0.774685 4.278312 179.978424
0.000000 0.005357 0.011254 0.000000 0.000000 0.000000
0.000000 0.000015 0.000003
6.337508 1.000000 0.000000
764.299377 0.000000
0.000000 0.000000 0.000000 0.000000
0.000000 1.032269
11 0.015000 1.185000 0.001000
0.487000 0.580000 0.780000 0.490000 1.250000 6.700000 0.650000 0.650000
187499.984375 75.360001 0.084000
1.073000 0.050000 0.116600
0.169461 0.085705 0.000477 0.000000
0.000000

0.000000 0.000000 1.125270
0.046063 0.005119 0.774737 4.278256 179.979691
0.000000 0.005311 0.011236 0.000000 0.000000 0.000000
0.000000 0.000015 0.000003
6.387743 1.000000 0.000000
764.299377 0.000000
0.000000 0.000000 0.000000 0.000000
0.000000 1.032535
11 0.015000 1.200000 0.001000
0.487000 0.580000 0.780000 0.490000 1.250000 6.700000 0.650000 0.650000
187499.984375 75.360001 0.084000
1.073000 0.050000 0.116600
0.169465 0.085890 0.000478 0.000000
0.000000

0.000000 0.000000 1.125879
0.046064 0.005119 0.774793 4.278231 179.980515
0.000000 0.005267 0.011205 0.000000 0.000000 0.000000
0.000000 0.000015 0.000003
6.437450 1.000000 0.000000
764.299377 0.000000
0.000000 0.000000 0.000000 0.000000
0.000000 1.031614
11 0.015000 1.215000 0.001000
0.487000 0.580000 0.780000 0.490000 1.250000 6.700000 0.650000 0.650000
187499.984375 75.360001 0.084000
1.073000 0.050000 0.116600
0.169467 0.085845 0.000478 0.000000
0.000000

0.000000 0.000000 1.126477
0.046065 0.005120 0.774848 4.278211 179.982941
0.000000 0.005240 0.011177 0.000000 0.000000 0.000000
0.000000 0.000015 0.000003
6.486622 1.000000 0.000000
764.299377 0.000000
0.000000 0.000000 0.000000 0.000000
0.000000 1.031278
11 0.015000 1.230000 0.001000
0.487000 0.580000 0.780000 0.490000 1.250000 6.700000 0.650000 0.650000
187499.984375 75.360001 0.084000
1.073000 0.050000 0.116600
0.169469 0.085919 0.000479 0.000000
0.000000

0.000000 0.000000 1.127066
0.046066 0.005120 0.774903 4.278207 179.984222
0.000000 0.005230 0.011165 0.000000 0.000000 0.000000
0.000000 0.000015 0.000003
6.535254 1.000000 0.000000
764.299377 0.000000
0.000000 0.000000 0.000000 0.000000
0.000000 1.031028
11 0.015000 1.245000 0.001000
0.487000 0.580000 0.780000 0.490000 1.250000 6.700000 0.650000 0.650000
187499.984375 75.360001 0.084000
1.073000 0.050000 0.116600
0.169469 0.086000 0.000479 0.000000
0.000000

0.000000 0.000000 1.127645
0.046067 0.005120 0.774957 4.278175 179.985367
0.000000 0.005232 0.011182 0.000000 0.000000 0.000000
0.000000 0.000015 0.000003
6.583341 1.000000 0.000000
764.299377 0.000000
0.000000 0.000000 0.000000 0.000000
0.000000 1.032043
11 0.015000 1.260000 0.001000
0.487000 0.580000 0.780000 0.490000 1.250000 6.700000 0.650000 0.650000
187499.984375 75.360001 0.084000
1.073000 0.050000 0.116600
0.169474 0.086314 0.000481 0.000000
0.000000

0.000000 0.000000 1.128320
0.046068 0.005120 0.775009 4.278136 179.986328
0.000000 0.005251 0.011180 0.000000 0.000000 0.000000
0.000000 0.000015 0.000004
6.630878 1.000000 0.000000
764.299377 0.000000
0.000000 0.000000 0.000000 0.000000
0.000000 1.031521
11 0.015000 1.275000 0.001000
0.487000 0.580000 0.780000 0.490000 1.250000 6.700000 0.650000 0.650000
187499.984375 75.360001 0.084000
1.073000 0.050000 0.116600
0.169475 0.086269 0.000480 0.000000
0.000000

0.000000 0.000000 1.129694
0.046069 0.005120 0.775067 4.278141 179.987640
0.000000 0.005255 0.011104 0.000000 0.000000 0.000000
0.000000 0.000015 0.000004
6.677863 1.000000 0.000000
764.299377 0.000000
0.000000 0.000000 0.000000 0.000000
0.000000 1.030970
11 0.015000 1.290000 0.001000
0.487000 0.580000 0.780000 0.490000 1.250000 6.700000 0.650000 0.650000
187499.984375 75.360001 0.084000
1.073000 0.050000 0.116600
0.169480 0.086276 0.000481 0.000000
0.000000

0.000000 0.000000 1.131192
0.046071 0.005120 0.775121 4.278138 179.989380
0.000000 0.005256 0.011101 0.000000 0.000000 0.000000
0.000000 0.000015 0.000004
6.724288 1.000000 0.000000
764.299377 0.000000
0.000000 0.000000 0.000000 0.000000
0.000000 1.029578
11 0.015000 1.305000 0.001000
0.487000 0.580000 0.780000 0.490000 1.250000 6.700000 0.650000 0.650000
187499.984375 75.360001 0.084000
1.073000 0.050000 0.116600
0.169483 0.086168 0.000480 0.000000
0.000000

0.000000 0.000000 1.132011
0.046072 0.005120 0.775175 4.278121 179.990173
0.000000 0.005257 0.011084 0.000000 0.000000 0.000000
0.000000 0.000016 0.000004
6.770152 1.000000 0.000000
764.299377 0.000000
0.000000 0.000000 0.000000 0.000000
0.000000 1.031057
11 0.015000 1.320000 0.001000
0.487000 0.580000 0.780000 0.490000 1.250000 6.700000 0.650000 0.650000
187499.984375 75.360001 0.084000
1.073000 0.050000 0.116600
0.169486 0.086280 0.000481 0.000000
0.000000

0.000000 0.000000 1.132609
0.046072 0.005120 0.775223 4.278082 179.991272
0.000000 0.005273 0.011093 0.000000 0.000000 0.000000
0.000000 0.000016 0.000004
6.815449 1.000000 0.000000
764.299377 0.000000
0.000000 0.000000 0.000000 0.000000
0.000000 1.030930
11 0.015000 1.335000 0.001000
0.487000 0.580000 0.780000 0.490000 1.250000 6.700000 0.650000 0.650000
187499.984375 75.360001 0.084000
1.073000 0.050000 0.116600
0.169490 0.086195 0.000480 0.000000
0.000000

0.000000 0.000000 1.133144
0.046073 0.005121 0.775274 4.278056 179.993805
0.000000 0.005286 0.011063 0.000000 0.000000 0.000000
0.000000 0.000016 0.000004
6.860176 1.000000 0.000000
764.299377 0.000000
0.000000 0.000000 0.000000 0.000000
0.000000 1.031982
11 0.015000 1.350000 0.001000
0.487000 0.580000 0.780000 0.490000 1.250000 6.700000 0.650000 0.650000
187499.984375 75.360001 0.084000
1.073000 0.050000 0.116600
0.169490 0.086290 0.000481 0.000000
0.000000

0.000000 0.000000 1.133702
0.046074 0.005121 0.775321 4.278015 179.994919
0.000000 0.005306 0.011047 0.000000 0.000000 0.000000
0.000000 0.000016 0.000004
6.904329 1.000000 0.000000
764.299377 0.000000
0.000000 0.000000 0.000000 0.000000
0.000000 1.033532
11 0.015000 1.365000 0.001000
0.487000 0.580000 0.780000 0.490000 1.250000 6.700000 0.650000 0.650000
187499.984375 75.360001 0.084000
1.073000 0.050000 0.116600
0.169493 0.086396 0.000481 0.000000
0.000000

0.000000 0.000000 1.134530
0.046075 0.005121 0.775370 4.278000 179.996399
0.000000 0.005334 0.011064 0.000000 0.000000 0.000000
0.000000 0.000016 0.000004
6.947904 1.000000 0.000000
764.299377 0.000000
0.000000 0.000000 0.000000 0.000000
0.000000 1.037391
11 0.015000 1.380000 0.001000
0.487000 0.580000 0.780000 0.490000 1.250000 6.700000 0.650000 0.650000
187499.984375 75.360001 0.084000
1.073000 0.050000 0.116600
0.169495 0.086591 0.000482 0.000000
0.000000

0.000000 0.000000 1.137764
0.046076 0.005121 0.775429 4.278024 179.999023
0.000000 0.005354 0.011048 0.000000 0.000000 0.000000
0.000000 0.000016 0.000004
6.990898 1.000000 0.000000
764.299377 0.000000
0.000000 0.000000 0.000000 0.000000
0.000000 1.033692
11 0.015000 1.395000 0.001000
0.487000 0.580000 0.780000 0.490000 1.250000 6.700000 0.650000 0.650000
187499.984375 75.360001 0.084000
1.073000 0.050000 0.116600
0.169507 0.086349 0.000481 0.000000
0.000000

0.000000 0.000000 1.138444
0.046077 0.005121 0.775480 4.278001 180.000290
0.000000 0.005379 0.011035 0.000000 0.000000 0.000000
0.000000 0.000016 0.000004
7.033308 1.000000 0.000000
764.299377 0.000000
0.000000 0.000000 0.000000 0.000000
0.000000 1.037714
11 0.015000 1.410000 0.001000
0.487000 0.580000 0.780000 0.490000 1.250000 6.700000 0.650000 0.650000
187499.984375 75.360001 0.084000
1.073000 0.050000 0.116600
0.169508 0.086586 0.000482 0.000000
0.000000

0.000000 0.000000 1.139633
0.046078 0.005121 0.775530 4.277989 180.001923
0.000000 0.005402 0.011012 0.000000 0.000000 0.000000
0.000000 0.000016 0.000004
7.075131 1.000000 0.000000
764.299377 0.000000
0.000000 0.000000 0.000000 0.000000
0.000000 1.035435
11 0.015000 1.425000 0.001000
0.487000 0.580000 0.780000 0.490000 1.250000 6.700000 0.650000 0.650000
187499.984375 75.360001 0.084000
1.073000 0.050000 0.116600
0.169511 0.086325 0.000481 0.000000
0.000000

0.000000 0.000000 1.140472
0.046079 0.005121 0.775576 4.277948 180.003433
0.000000 0.005446 0.011008 0.000000 0.000000 0.000000
0.000000 0.000016 0.000004
7.116364 1.000000 0.000000
764.299377 0.000000
0.000000 0.000000 0.000000 0.000000
0.000000 1.045309
11 0.015000 1.440000 0.001000
0.487000 0.580000 0.780000 0.490000 1.250000 6.700000 0.650000 0.650000
187499.984375 75.360001 0.084000
1.073000 0.050000 0.116600
0.169515 0.086372 0.000481 0.000000
0.000000

0.000000 0.000000 1.140969
0.046080 0.005121 0.775622 4.277928 180.004425
0.000000 0.005520 0.011020 0.000000 0.000000 0.000000
0.000000 0.000016 0.000004
7.157006 1.000000 0.000000
764.299377 0.000000
0.000000 0.000000 0.000000 0.000000
0.000000 1.046054
11 0.015000 1.455000 0.001000
0.487000 0.580000 0.780000 0.490000 1.250000 6.700000 0.650000 0.650000
187499.984375 75.360001 0.084000
1.073000 0.050000 0.116600
0.169518 0.086325 0.000481 0.000000
0.000000

0.000000 0.000000 1.141458
0.046080 0.005121 0.775669 4.277905 180.005356
0.000000 0.005621 0.011024 0.000000 0.000000 0.000000
0.000000 0.000017 0.000004
7.197052 1.000000 0.000000
764.299377 0.000000
0.000000 0.000000 0.000000 0.000000
0.000000 1.051016
11 0.015000 1.470000 0.001000
0.487000 0.580000 0.780000 0.490000 1.250000 6.700000 0.650000 0.650000
187499.984375 75.360001 0.084000
1.073000 0.050000 0.116600
0.169518 0.086402 0.000481 0.000000
0.000000

0.000000 0.000000 1.141939
0.046081 0.005121 0.775715 4.277877 180.006363
0.000000 0.005763 0.011085 0.000000 0.000000 0.000000
0.000000 0.000017 0.000004
7.236502 1.000000 0.000000
764.299377 0.000000
0.000000 0.000000 0.000000 0.000000
0.000000 1.056912
11 0.015000 1.485000 0.001000
0.487000 0.580000 0.780000 0.490000 1.250000 6.700000 0.650000 0.650000
187499.984375 75.360001 0.084000
1.073000 0.050000 0.116600
0.169519 0.086491 0.000482 0.000000
0.000000

0.000000 0.000000 1.142416
0.046082 0.005122 0.775761 4.277854 180.008224
0.000000 0.005933 0.011112 0.000000 0.000000 0.000000
0.000000 0.000017 0.000004
7.275352 1.000000 0.000000
764.299377 0.000000
0.000000 0.000000 0.000000 0.000000
0.000000 1.072587
11 0.015000 1.500000 0.001000
0.487000 0.580000 0.780000 0.490000 1.250000 6.700000 0.650000 0.650000
187499.984375 75.360001 0.084000
1.073000 0.050000 0.116600
0.169520 0.086823 0.000484 0.000000
0.000000

0.000000 0.000000 1.143128
0.046082 0.005122 0.775807 4.277822 180.009018
0.000000 0.006172 0.011198 0.000000 0.000000 0.000000
0.000000 0.000017 0.000004
7.313602 1.000000 0.000000
764.299377 0.000000
0.000000 0.000000 0.000000 0.000000
0.000000 1.071779
11 0.015000 1.515000 0.001000
0.487000 0.580000 0.780000 0.490000 1.250000 6.700000 0.650000 0.650000
187499.984375 75.360001 0.084000
1.073000 0.050000 0.116600
0.169523 0.086563 0.000482 0.000000
0.000000

0.000000 0.000000 1.143732
0.046083 0.005122 0.775850 4.277789 180.009552
0.000000 0.006487 0.011231 0.000000 0.000000 0.000000
0.000000 0.000017 0.000004
7.351248 1.000000 0.000000
764.299377 0.000000
0.000000 0.000000 0.000000 0.000000
0.000000 1.082270
11 0.015000 1.530000 0.001000
0.487000 0.580000 0.780000 0.490000 1.250000 6.700000 0.650000 0.650000
187499.984375 75.360001 0.084000
1.073000 0.050000 0.116600
0.169527 0.086665 0.000483 0.000000
0.000000

0.000000 0.000000 1.151180
0.046086 0.005122 0.775922 4.277928 180.016510
0.000000 0.006936 0.011295 0.000000 0.000000 0.000000
0.000000 0.000018 0.000003
7.388289 1.000000 0.000000
764.299377 0.000000
0.000000 0.000000 0.000000 0.000000
0.000000 1.086436
11 0.015000 1.545000 0.001000
0.487000 0.580000 0.780000 0.490000 1.250000 6.700000 0.650000 0.650000
187499.984375 75.360001 0.084000
1.073000 0.050000 0.116600
0.169550 0.086747 0.000483 0.000000
0.000000

0.000000 0.000000 1.176097
0.046094 0.005123 0.776043 4.278320 180.047104
0.000000 0.007448 0.011278 0.000000 0.000000 0.000000
0.000000 0.000018 0.000003
7.424724 1.000000 0.000000
764.299377 0.000000
0.000000 0.000000 0.000000 0.000000
0.000000 1.072735
11 0.015000 1.560000 0.001000
0.487000 0.580000 0.780000 0.490000 1.250000 6.700000 0.650000 0.650000
187499.984375 75.360001 0.084000
1.073000 0.050000 0.116600
0.169630 0.086451 0.000481 0.000000
0.000000

0.000000 0.000000 1.176574
0.046095 0.005123 0.776087 4.278291 180.047928
0.000000 0.008111 0.011297 0.000000 0.000000 0.000000
0.000000 0.000018 0.000003
7.460552 1.000000 0.000000
764.299377 0.000000
0.000000 0.000000 0.000000 0.000000
0.000000 1.079670
11 0.015000 1.575000 0.001000
0.487000 0.580000 0.780000 0.490000 1.250000 6.700000 0.650000 0.650000
187499.984375 75.360001 0.084000
1.073000 0.050000 0.116600
0.169633 0.086531 0.000482 0.000000
0.000000

0.000000 0.000000 1.177057
0.046095 0.005123 0.776129 4.278245 180.048874
0.000000 0.008912 0.011372 0.000000 0.000000 0.000000
0.000000 0.000018 0.000003
7.495770 1.000000 0.000000
764.299377 0.000000
0.000000 0.000000 0.000000 0.000000
0.000000 1.087213
11 0.015000 1.590000 0.001000
0.487000 0.580000 0.780000 0.490000 1.250000 6.700000 0.650000 0.650000
187499.984375 75.360001 0.084000
1.073000 0.050000 0.116600
0.169633 0.086625 0.000482 0.000000
0.000000

0.000000 0.000000 1.177563
0.046096 0.005123 0.776172 4.278206 180.050110
0.000000 0.009724 0.011402 0.000000 0.000000 0.000000
0.000000 0.000019 0.000003
7.530379 1.000000 0.000000
764.299377 0.000000
0.000000 0.000000 0.000000 0.000000
0.000000 1.101100
11 0.015000 1.605000 0.001000
0.487000 0.580000 0.780000 0.490000 1.250000 6.700000 0.650000 0.650000
187499.984375 75.360001 0.084000
1.073000 0.050000 0.116600
0.169637 0.086880 0.000484 0.000000
0.000000

0.000000 0.000000 1.178367
0.046096 0.005123 0.776215 4.278193 180.051559
0.000000 0.010388 0.011383 0.000000 0.000000 0.000000
0.000000 0.000019 0.000002
7.564377 1.000000 0.000000
764.299377 0.000000
0.000000 0.000000 0.000000 0.000000
0.000000 1.096915
11 0.015000 1.620000 0.001000
0.487000 0.580000 0.780000 0.490000 1.250000 6.700000 0.650000 0.650000
187499.984375 75.360001 0.084000
1.073000 0.050000 0.116600
0.169639 0.086712 0.000483 0.000000
0.000000

0.000000 0.000000 1.194408
0.046101 0.005124 0.776293 4.278365 180.075485
0.000000 0.010744 0.011360 0.000000 0.000000 0.000000
0.000000 0.000019 0.000002
7.597765 1.000000 0.000000
764.299377 0.000000
0.000000 0.000000 0.000000 0.000000
0.000000 1.071553
11 0.015000 1.635000 0.001000
0.487000 0.580000 0.780000 0.490000 1.250000 6.700000 0.650000 0.650000
187499.984375 75.360001 0.084000
1.073000 0.050000 0.116600
0.169689 0.086731 0.000483 0.000000
0.000000

0.000000 0.000000 1.195236
0.046101 0.005124 0.776336 4.278341 180.077026
0.000000 0.010823 0.011351 0.000000 0.000000 0.000000
0.000000 0.000019 0.000002
7.630540 1.000000 0.000000
764.299377 0.000000
0.000000 0.000000 0.000000 0.000000
0.000000 1.071924
11 0.015000 1.650000 0.001000
0.487000 0.580000 0.780000 0.490000 1.250000 6.700000 0.650000 0.650000
187499.984375 75.360001 0.084000
1.073000 0.050000 0.116600
0.169692 0.086610 0.000482 0.000000
0.000000

0.000000 0.000000 1.195748
0.046102 0.005124 0.776378 4.278322 180.077957
0.000000 0.010743 0.011355 0.000000 0.000000 0.000000
0.000000 0.000019 0.000002
7.662704 1.000000 0.000000
764.299377 0.000000
0.000000 0.000000 0.000000 0.000000
0.000000 1.073820
11 0.015000 1.665000 0.001000
0.487000 0.580000 0.780000 0.490000 1.250000 6.700000 0.650000 0.650000
187499.984375 75.360001 0.084000
1.073000 0.050000 0.116600
0.169693 0.086697 0.000483 0.000000
0.000000

0.000000 0.000000 1.196267
0.046102 0.005124 0.776419 4.278278 180.079071
0.000000 0.010699 0.011365 0.000000 0.000000 0.000000
0.000000 0.000019 0.000002
7.694254 1.000000 0.000000
764.299377 0.000000
0.000000 0.000000 0.000000 0.000000
0.000000 1.079631
11 0.015000 1.680000 0.001000
0.487000 0.580000 0.780000 0.490000 1.250000 6.700000 0.650000 0.650000
187499.984375 75.360001 0.084000
1.073000 0.050000 0.116600
0.169695 0.087030 0.000485 0.000000
0.000000

0.000000 0.000000 1.197142
0.046103 0.005124 0.776455 4.278236 180.080566
0.000000 0.010963 0.011398 0.000000 0.000000 0.000000
0.000000 0.000019 0.000002
7.725192 1.000000 0.000000
764.299377 0.000000
0.000000 0.000000 0.000000 0.000000
0.000000 1.077557
11 0.015000 1.695000 0.001000
0.487000 0.580000 0.780000 0.490000 1.250000 6.700000 0.650000 0.650000
187499.984375 75.360001 0.084000
1.073000 0.050000 0.116600
0.169697 0.086801 0.000483 0.000000
0.000000

0.000000 0.000000 1.198617
0.046104 0.005124 0.776503 4.278233 180.083130
0.000000 0.011821 0.011442 0.000000 0.000000 0.000000
0.000000 0.000020 0.000002
7.755516 1.000000 0.000000
764.299377 0.000000
0.000000 0.000000 0.000000 0.000000
0.000000 1.079328
11 0.015000 1.710000 0.001000
0.487000 0.580000 0.780000 0.490000 1.250000 6.700000 0.650000 0.650000
187499.984375 75.360001 0.084000
1.073000 0.050000 0.116600
0.169702 0.086852 0.000484 0.000000
0.000000

0.000000 0.000000 1.199123
0.046104 0.005124 0.776540 4.278191 180.084473
0.000000 0.013722 0.011574 0.000000 0.000000 0.000000
0.000000 0.000020 0.000002
7.785228 1.000000 0.000000
764.299377 0.000000
0.000000 0.000000 0.000000 0.000000
0.000000 1.081704
11 0.015000 1.725000 0.001000
0.487000 0.580000 0.780000 0.490000 1.250000 6.700000 0.650000 0.650000
187499.984375 75.360001 0.084000
1.073000 0.050000 0.116600
0.169704 0.086961 0.000484 0.000000
0.000000

0.000000 0.000000 1.200302
0.046105 0.005124 0.776580 4.278162 180.086807
0.000000 0.017365 0.011837 0.000000 0.000000 0.000000
0.000000 0.000020 0.000001
7.814328 1.000000 0.000000
764.299377 0.000000
0.000000 0.000000 0.000000 0.000000
0.000000 1.079992
11 0.015000 1.740000 0.001000
0.487000 0.580000 0.780000 0.490000 1.250000 6.700000 0.650000 0.650000
187499.984375 75.360001 0.084000
1.073000 0.050000 0.116600
0.169707 0.087054 0.000485 0.000000
0.000000

0.000000 0.000000 1.210858
0.046107 0.005124 0.776637 4.278230 180.100189
0.000000 0.023975 0.012052 0.000000 0.000000 0.000000
0.000000 0.000015 0.000001
7.842818 1.000000 0.000000
764.299377 0.000000
0.000000 0.000000 0.000000 0.000000
0.000000 1.072607
11 0.015000 1.755000 0.001000
0.487000 0.580000 0.780000 0.490000 1.250000 6.700000 0.650000 0.650000
187499.984375 75.360001 0.084000
1.073000 0.050000 0.116600
0.169741 0.086962 0.000484 0.000000
0.000000

0.000000 0.000000 1.229402
0.046111 0.005125 0.776696 4.278303 180.113464
0.000000 0.036059 0.012198 0.000000 0.000000 0.000000
0.000000 0.000011 0.000000
7.870697 1.000000 0.000000
764.299377 0.000000
0.000000 0.000000 0.000000 0.000000
0.000000 1.070149
11 0.015000 1.770000 0.001000
0.487000 0.580000 0.780000 0.490000 1.250000 6.700000 0.650000 0.650000
187499.984375 75.360001 0.084000
1.073000 0.050000 0.116600
0.169798 0.086878 0.000484 0.000000
0.000000

0.000000 0.000000 1.233843
0.046112 0.005125 0.776738 4.278295 180.117020
0.000000 0.057153 0.012326 0.000000 0.000000 0.000000
0.000000 0.000007 0.000000
7.897966 1.000000 0.000000
764.299377 0.000000
0.000000 0.000000 0.000000 0.000000
0.000000 1.070523
11 0.015000 1.785000 0.001000
0.487000 0.580000 0.780000 0.490000 1.250000 6.700000 0.650000 0.650000
187499.984375 75.360001 0.084000
1.073000 0.050000 0.116600
0.169811 0.087186 0.000486 0.000000
0.000000

0.000000 0.000000 1.242385
0.046114 0.005125 0.776778 4.278280 180.120377
0.000000 0.089907 0.012375 0.000000 0.000000 0.000000
0.000000 0.000005 0.000000
7.924627 1.000000 0.000000
764.299377 0.000000
0.000000 0.000000 0.000000 0.000000
0.000000 1.067267
11 0.015000 1.800000 0.001000
0.487000 0.580000 0.780000 0.490000 1.250000 6.700000 0.650000 0.650000
187499.984375 75.360001 0.084000
1.073000 0.050000 0.116600
0.169837 0.086965 0.000484 0.000000
0.000000

0.000000 0.000000 1.243811
0.046114 0.005125 0.776814 4.278238 180.121902
0.000000 0.133432 0.012384 0.000000 0.000000 0.000000
0.000000 0.000003 0.000000
7.950680 1.000000 0.000000
764.299377 0.000000
0.000000 0.000000 0.000000 0.000000
0.000000 1.067674
11 0.015000 1.815000 0.001000
0.487000 0.580000 0.780000 0.490000 1.250000 6.700000 0.650000 0.650000
187499.984375 75.360001 0.084000
1.073000 0.050000 0.116600
0.169842 0.087050 0.000485 0.000000
0.000000

0.000000 0.000000 1.249287
0.046115 0.005125 0.776854 4.278211 180.124741
0.000000 0.181331 0.012338 0.000000 0.000000 0.000000
0.000000 0.000002 0.000000
7.976128 1.000000 0.000000
764.299377 0.000000
0.000000 0.000000 0.000000 0.000000
0.000000 1.066812
11 0.015000 1.830000 0.001000
0.487000 0.580000 0.780000 0.490000 1.250000 6.700000 0.650000 0.650000
187499.984375 75.360001 0.084000
1.073000 0.050000 0.116600
0.169858 0.087031 0.000485 0.000000
0.000000

0.000000 0.000000 1.249919
0.046115 0.005125 0.776890 4.278174 180.125687
0.000000 0.222925 0.012260 0.000000 0.000000 0.000000
0.000000 0.000002 0.000000
8.000971 1.000000 0.000000
764.299377 0.000000
0.000000 0.000000 0.000000 0.000000
0.000000 1.067451
11 0.015000 1.845000 0.001000
0.487000 0.580000 0.780000 0.490000 1.250000 6.700000 0.650000 0.650000
187499.984375 75.360001 0.084000
1.073000 0.050000 0.116600
0.169861 0.087118 0.000485 0.000000
0.000000

0.000000 0.000000 1.250757
0.046116 0.005125 0.776926 4.278136 180.127029
0.000000 0.247499 0.012250 0.000000 0.000000 0.000000
0.000000 0.000002 0.000000
8.025211 1.000000 0.000000
764.299377 0.000000
0.000000 0.000000 0.000000 0.000000
0.000000 1.067705
11 0.015000 1.860000 0.001000
0.487000 0.580000 0.780000 0.490000 1.250000 6.700000 0.650000 0.650000
187499.984375 75.360001 0.084000
1.073000 0.050000 0.116600
0.169863 0.086992 0.000484 0.000000
0.000000

0.000000 0.000000 1.252102
0.046116 0.005125 0.776964 4.278113 180.128342
0.000000 0.248992 0.012141 0.000000 0.000000 0.000000
0.000000 0.000002 0.000000
8.048850 1.000000 0.000000
764.299377 0.000000
0.000000 0.000000 0.000000 0.000000
0.000000 1.068080
11 0.015000 1.875000 0.001000
0.487000 0.580000 0.780000 0.490000 1.250000 6.700000 0.650000 0.650000
187499.984375 75.360001 0.084000
1.073000 0.050000 0.116600
0.169868 0.087128 0.000485 0.000000
0.000000

0.000000 0.000000 1.252929
0.046116 0.005125 0.777000 4.278075 180.129578
0.000000 0.228265 0.012026 0.000000 0.000000 0.000000
0.000000 0.000002 0.000000
8.071891 1.000000 0.000000
764.299377 0.000000
0.000000 0.000000 0.000000 0.000000
0.000000 1.068702
11 0.015000 1.890000 0.001000
0.487000 0.580000 0.780000 0.490000 1.250000 6.700000 0.650000 0.650000
187499.984375 75.360001 0.084000
1.073000 0.050000 0.116600
0.169869 0.087324 0.000486 0.000000
0.000000

0.000000 0.000000 1.253971
0.046117 0.005125 0.777035 4.278043 180.131210
0.000000 0.191926 0.011899 0.000000 0.000000 0.000000
0.000000 0.000002 0.000000
8.094336 1.000000 0.000000
764.299377 0.000000
0.000000 0.000000 0.000000 0.000000
0.000000 1.068674
11 0.015000 1.905000 0.001000
0.487000 0.580000 0.780000 0.490000 1.250000 6.700000 0.650000 0.650000
187499.984375 75.360001 0.084000
1.073000 0.050000 0.116600
0.169873 0.087025 0.000485 0.000000
0.000000

0.000000 0.000000 1.254752
0.046117 0.005126 0.777068 4.277997 180.132431
0.000000 0.149049 0.011793 0.000000 0.000000 0.000000
0.000000 0.000003 0.000000
8.116186 1.000000 0.000000
764.299377 0.000000
0.000000 0.000000 0.000000 0.000000
0.000000 1.068974
11 0.015000 1.920000 0.001000
0.487000 0.580000 0.780000 0.490000 1.250000 6.700000 0.650000 0.650000
187499.984375 75.360001 0.084000
1.073000 0.050000 0.116600
0.169875 0.087019 0.000485 0.000000
0.000000

0.000000 0.000000 1.255308
0.046117 0.005126 0.777102 4.277952 180.133606
0.000000 0.107667 0.011642 0.000000 0.000000 0.000000
0.000000 0.000004 0.000000
8.137444 1.000000 0.000000
764.299377 0.000000
0.000000 0.000000 0.000000 0.000000
0.000000 1.069399
11 0.015000 1.935000 0.001000
0.487000 0.580000 0.780000 0.490000 1.250000 6.700000 0.650000 0.650000
187499.984375 75.360001 0.084000
1.073000 0.050000 0.116600
0.169876 0.087105 0.000485 0.000000
0.000000

0.000000 0.000000 1.255860
0.046117 0.005126 0.777139 4.277931 180.134872
0.000000 0.072903 0.011450 0.000000 0.000000 0.000000
0.000000 0.000006 0.000000
8.158114 1.000000 0.000000
764.299377 0.000000
0.000000 0.000000 0.000000 0.000000
0.000000 1.070964
11 0.015000 1.950000 0.001000
0.487000 0.580000 0.780000 0.490000 1.250000 6.700000 0.650000 0.650000
187499.984375 75.360001 0.084000
1.073000 0.050000 0.116600
0.169879 0.087420 0.000487 0.000000
0.000000

0.000000 0.000000 1.256943
0.046118 0.005126 0.777171 4.277891 180.136536
0.000000 0.046726 0.011241 0.000000 0.000000 0.000000
0.000000 0.000009 0.000000
8.178197 1.000000 0.000000
764.299377 0.000000
0.000000 0.000000 0.000000 0.000000
0.000000 1.070341
11 0.015000 1.965000 0.001000
0.487000 0.580000 0.780000 0.490000 1.250000 6.700000 0.650000 0.650000
187499.984375 75.360001 0.084000
1.073000 0.050000 0.116600
0.169882 0.087314 0.000486 0.000000
0.000000

0.000000 0.000000 1.262228
0.046118 0.005126 0.777206 4.277845 180.140091
0.000000 0.028981 0.010988 0.000000 0.000000 0.000000
0.000000 0.000015 0.000001
8.197698 1.000000 0.000000
764.299377 0.000000
0.000000 0.000000 0.000000 0.000000
0.000000 1.069041
11 0.015000 1.980000 0.001000
0.487000 0.580000 0.780000 0.490000 1.250000 6.700000 0.650000 0.650000
187499.984375 75.360001 0.084000
1.073000 0.050000 0.116600
0.169896 0.087344 0.000486 0.000000
0.000000

0.000000 0.000000 1.264120
0.046119 0.005126 0.777238 4.277807 180.142136
0.000000 0.073508 0.011596 0.000000 0.000000 0.000000
0.000000 0.000006 0.000000
8.216618 1.000000 0.000000
764.299377 0.000000
0.000000 0.000000 0.000000 0.000000
0.000000 1.068586
11 0.015000 1.995000 0.001000
0.487000 0.580000 0.780000 0.490000 1.250000 6.700000 0.650000 0.650000
187499.984375 75.360001 0.084000
1.073000 0.050000 0.116600
0.169903 0.087449 0.000487 0.000000
0.000000
1.000000
2.000000
0.321000 0.000000
0.000000
0
-0.735000
0 0
0.000000
1
0.000000
1.000000
1.000000
1.000000
0.000000 0.000000 0.000000
0.000000 0.000000
0.000000 0.000000 0.000000 0.000000 0.000000 0.000000 0.000000
0.000000 0.000000 0.000000 0.000000 0.000000 0.000000 0.000000
240
2.000000
1
C:\Kingsite\dnd\Ohio1.spf
-1.000000 -1.000000
0.000000
49
49
10.000000
105
