11
Clay
0.580000 0.612000 0.084000 0.780000 0.530000 1.000000 0.000000 0.000000
1.020000 6.700000 1 0.028600 0.500000 0.050000 0.010000 0.027000 0.963000
0.000000 0.015000 2.000000 152999.984375 75.360001 133
0.103800 3.528000 4.728100 0.000000 1
8.234000 8.234000 10.000000 5.000000 25.000000 100.000000
0.000000 0.000000 0.000000 0.000000 171.800461 254.186905
500.000000 0.000000 0.000000

0.001649 331.954559 631.503479
8.108232 0.901598 84.746681 699.630066 3597.981934
0.000000 0.000000 0.017145 0.883903 0.000000 0.000000
0.000014 0.000099 0.000618
10.020246 0.775578 0.000000
764.299377 0.000000
0.533251 0.000000 0.000000 0.000000
0.000000 0.055368
11 0.015000 0.015000 0.028600
0.612000 0.580000 0.780000 0.530000 1.020000 6.700000 0.780000 0.780000
152999.984375 75.360001 0.084000
1.073000 0.050000 0.116600
2.331819 22.386694 0.148861 0.000000
0.000000

0.002504 8.236253 91.075218
7.099457 0.789366 86.110237 685.571167 3639.916992
0.000000 0.001231 0.009751 0.495811 0.000000 0.000000
0.000005 0.000005 0.000592
9.855230 0.775578 0.000000
764.299377 0.000000
0.000000 0.000000 0.000000 0.000000
0.000000 0.108712
11 0.015000 0.030000 0.028600
0.612000 0.580000 0.780000 0.530000 1.020000 6.700000 0.780000 0.780000
152999.984375 75.360001 0.084000
1.073000 0.050000 0.116600
2.362440 6.717471 0.044706 0.000000
0.000000

0.003105 6.388330 84.800064
7.097151 0.789073 87.730057 685.103821 3639.825439
0.000000 0.001392 0.009663 0.249715 0.000000 0.000000
0.000005 0.000003 0.000639
9.691200 0.775578 0.000000
764.299377 0.000000
0.000000 0.000000 0.000000 0.000000
0.000000 0.096082
11 0.015000 0.045000 0.028600
0.612000 0.580000 0.780000 0.530000 1.020000 6.700000 0.780000 0.780000
152999.984375 75.360001 0.084000
1.073000 0.050000 0.116600
2.364207 5.370440 0.035811 0.000000
0.000000

0.003585 6.017534 81.794235
7.099391 0.789296 88.838531 684.790955 3639.751709
0.000000 0.001790 0.010017 0.124858 0.000000 0.000000
0.000005 0.000002 0.000805
9.528637 0.775578 0.000000
764.299377 0.000000
0.000000 0.000000 0.000000 0.000000
0.000000 0.089964
11 0.015000 0.060000 0.028600
0.612000 0.580000 0.780000 0.530000 1.020000 6.700000 0.780000 0.780000
152999.984375 75.360001 0.084000
1.073000 0.050000 0.116600
2.365391 5.386809 0.036038 0.000000
0.000000

0.003985 5.656744 78.920837
7.100173 0.789363 89.669136 684.532654 3639.735840
0.000000 0.002257 0.010350 0.062429 0.000000 0.000000
0.000005 0.000002 0.000829
9.368010 0.775578 0.000000
764.299377 0.000000
0.000000 0.000000 0.000000 0.000000
0.000000 0.085525
11 0.015000 0.075000 0.028600
0.612000 0.580000 0.780000 0.530000 1.020000 6.700000 0.780000 0.780000
152999.984375 75.360001 0.084000
1.073000 0.050000 0.116600
2.366274 5.681269 0.038174 0.000000
0.000000

0.004334 5.320150 76.208672
7.100247 0.789353 90.334175 684.309082 3639.681152
0.000000 0.002576 0.010599 0.031214 0.000000 0.000000
0.000005 0.000001 0.000853
9.209767 0.775578 0.000000
764.299377 0.000000
0.000000 0.000000 0.000000 0.000000
0.000000 0.082285
11 0.015000 0.090000 0.028600
0.612000 0.580000 0.780000 0.530000 1.020000 6.700000 0.780000 0.780000
152999.984375 75.360001 0.084000
1.073000 0.050000 0.116600
2.366982 5.317997 0.035909 0.000000
0.000000

0.015402 7.437004 154.569473
7.228336 0.803578 110.884407 677.470947 3634.942627
0.000000 0.001550 0.008058 0.015607 0.000000 0.000000
0.000004 0.000000 0.000878
9.054344 0.775578 0.000000
764.299377 0.000000
0.000000 0.000000 0.000000 0.000000
0.000000 0.118816
11 0.015000 0.105000 0.028600
0.612000 0.580000 0.780000 0.530000 1.020000 6.700000 0.780000 0.780000
152999.984375 75.360001 0.084000
1.073000 0.050000 0.116600
2.386819 5.028772 0.034119 0.000000
0.000000

0.014135 4.662638 114.400345
3.083860 0.342839 48.476501 285.976501 2875.822510
0.000000 0.000841 0.003707 0.007804 0.000000 0.000000
0.000001 0.000000 0.000371
8.891608 0.645073 0.000000
764.299377 0.000000
0.000000 0.000000 0.000000 0.000000
0.000000 0.082664
11 0.015000 0.120000 0.018000
0.547000 0.580000 0.780000 0.490000 1.150000 6.700000 0.650000 0.650000
172500.000000 75.360001 0.084000
1.073000 0.050000 0.116600
2.439442 8.595129 0.038939 0.000000
0.000000

0.014008 4.444049 107.275169
2.903922 0.322830 45.783859 269.272522 2876.044678
0.000000 0.000781 0.003503 0.003902 0.000000 0.000000
0.000001 0.000000 0.000365
8.720250 0.645073 0.000000
764.299377 0.000000
0.000000 0.000000 0.000000 0.000000
0.000000 0.078276
11 0.015000 0.135000 0.018000
0.547000 0.580000 0.780000 0.490000 1.150000 6.700000 0.650000 0.650000
172500.000000 75.360001 0.084000
1.073000 0.050000 0.116600
2.445343 8.353013 0.038010 0.000000
0.000000

0.013485 4.131629 100.414413
2.736040 0.304161 43.222912 253.763718 2876.244873
0.000000 0.000723 0.003433 0.001951 0.000000 0.000000
0.000001 0.000000 0.000370
8.552772 0.645073 0.000000
764.299377 0.000000
0.000000 0.000000 0.000000 0.000000
0.000000 0.074387
11 0.015000 0.150000 0.018000
0.547000 0.580000 0.780000 0.490000 1.150000 6.700000 0.650000 0.650000
172500.000000 75.360001 0.084000
1.073000 0.050000 0.116600
2.450621 8.280994 0.037801 0.000000
0.000000

0.012782 19.356125 94.233070
2.713386 0.301638 42.882458 251.513336 2877.624512
0.000000 0.000382 0.002901 0.000975 0.000000 0.000000
0.000001 0.000000 0.000348
8.389530 0.645073 0.000000
764.299377 0.000000
0.000000 0.000000 0.000000 0.000000
0.000000 0.092100
11 0.015000 0.165000 0.018000
0.547000 0.580000 0.780000 0.490000 1.150000 6.700000 0.650000 0.650000
172500.000000 75.360001 0.084000
1.073000 0.050000 0.116600
2.455648 8.726941 0.039917 0.000000
0.000000

0.012083 18.100878 87.958992
2.558037 0.284365 40.481575 237.198059 2877.857422
0.000000 0.000376 0.002863 0.000488 0.000000 0.000000
0.000001 0.000000 0.000361
8.230855 0.645073 0.000000
764.299377 0.000000
0.000000 0.000000 0.000000 0.000000
0.000000 0.086829
11 0.015000 0.180000 0.018000
0.547000 0.580000 0.780000 0.490000 1.150000 6.700000 0.650000 0.650000
172500.000000 75.360001 0.084000
1.073000 0.050000 0.116600
2.460050 8.818920 0.040383 0.000000
0.000000

0.011406 16.875147 82.143082
2.413252 0.268266 38.237698 223.853516 2878.067139
0.000000 0.000322 0.002776 0.000244 0.000000 0.000000
0.000001 0.000000 0.000355
8.077040 0.645073 0.000000
764.299377 0.000000
0.000000 0.000000 0.000000 0.000000
0.000000 0.081898
11 0.015000 0.195000 0.018000
0.547000 0.580000 0.780000 0.490000 1.150000 6.700000 0.650000 0.650000
172500.000000 75.360001 0.084000
1.073000 0.050000 0.116600
2.463974 9.201204 0.042155 0.000000
0.000000

0.010119 15.366593 74.900192
2.257043 0.250899 35.732018 209.549255 2874.132324
0.000000 0.000291 0.002685 0.000122 0.000000 0.000000
0.000001 0.000000 0.000350
7.928341 0.650000 0.000000
764.299377 0.000000
0.000000 0.000000 0.000000 0.000000
0.000000 0.076262
11 0.015000 0.210000 0.018000
0.547000 0.580000 0.780000 0.490000 1.150000 6.700000 0.650000 0.650000
172500.000000 75.360001 0.084000
1.073000 0.050000 0.116600
2.454738 7.698719 0.035536 0.000000
0.000000

0.009489 14.069935 69.938469
1.910069 0.212326 30.231224 177.181061 1507.576172
0.000000 0.000107 0.001606 0.000061 0.000000 0.000000
0.000000 0.000000 0.000161
7.783758 0.650000 0.000000
764.299377 0.000000
0.000000 0.000000 0.000000 0.000000
0.000000 0.068871
11 0.015000 0.225000 0.009000
0.527000 0.580000 0.780000 0.490000 1.200000 6.700000 0.650000 0.650000
180000.015625 75.360001 0.084000
1.073000 0.050000 0.116600
1.281943 8.152490 0.034801 0.000000
0.000000

0.008900 13.106832 65.099854
1.791325 0.199124 28.378777 166.216904 1506.891968
0.000000 0.000011 0.001240 0.000030 0.000000 0.000000
0.000000 0.000000 0.000133
7.643624 0.650000 0.000000
764.299377 0.000000
0.000000 0.000000 0.000000 0.000000
0.000000 0.065473
11 0.015000 0.240000 0.009000
0.527000 0.580000 0.780000 0.490000 1.200000 6.700000 0.650000 0.650000
180000.015625 75.360001 0.084000
1.073000 0.050000 0.116600
1.283071 7.963996 0.033993 0.000000
0.000000

0.008353 12.190771 60.691368
1.680910 0.186848 26.655752 156.019440 1506.292236
0.000000 0.000000 0.001111 0.000015 0.000000 0.000000
0.000000 0.000000 0.000125
7.509342 0.650000 0.000000
764.299377 0.000000
0.000000 0.000000 0.000000 0.000000
0.000000 0.062491
11 0.015000 0.255000 0.009000
0.527000 0.580000 0.780000 0.490000 1.200000 6.700000 0.650000 0.650000
180000.015625 75.360001 0.084000
1.073000 0.050000 0.116600
1.284133 7.705048 0.032882 0.000000
0.000000

0.007829 11.355673 56.399734
1.578736 0.175489 25.057592 146.574936 1505.727417
0.000000 0.000039 0.001191 0.000008 0.000000 0.000000
0.000000 0.000000 0.000124
7.381027 0.650000 0.000000
764.299377 0.000000
0.000000 0.000000 0.000000 0.000000
0.000000 0.060105
11 0.015000 0.270000 0.009000
0.527000 0.580000 0.780000 0.490000 1.200000 6.700000 0.650000 0.650000
180000.015625 75.360001 0.084000
1.073000 0.050000 0.116600
1.285065 7.291830 0.031111 0.000000
0.000000

0.007327 10.572999 52.430939
1.483663 0.164919 23.568405 137.787567 1505.228760
0.000000 0.000064 0.001229 0.000004 0.000000 0.000000
0.000000 0.000000 0.000123
7.258756 0.650000 0.000000
764.299377 0.000000
0.000000 0.000000 0.000000 0.000000
0.000000 0.058156
11 0.015000 0.285000 0.009000
0.527000 0.580000 0.780000 0.490000 1.200000 6.700000 0.650000 0.650000
180000.015625 75.360001 0.084000
1.073000 0.050000 0.116600
1.285893 7.084044 0.030211 0.000000
0.000000

0.006849 9.839942 48.715508
1.395504 0.155119 22.185602 129.637329 1504.816406
0.000000 0.000087 0.001266 0.000002 0.000000 0.000000
0.000000 0.000000 0.000125
7.142571 0.650000 0.000000
764.299377 0.000000
0.000000 0.000000 0.000000 0.000000
0.000000 0.056715
11 0.015000 0.300000 0.009000
0.527000 0.580000 0.780000 0.490000 1.200000 6.700000 0.650000 0.650000
180000.015625 75.360001 0.084000
1.073000 0.050000 0.116600
1.286706 6.699215 0.028553 0.000000
0.000000

0.006395 9.150890 45.226650
1.313677 0.146022 20.900126 122.071526 1504.364502
0.000000 0.000115 0.001413 0.000001 0.000000 0.000000
0.000000 0.000000 0.000129
7.032477 0.650000 0.000000
764.299377 0.000000
0.000000 0.000000 0.000000 0.000000
0.000000 0.055784
11 0.015000 0.315000 0.009000
0.527000 0.580000 0.780000 0.490000 1.200000 6.700000 0.650000 0.650000
180000.015625 75.360001 0.084000
1.073000 0.050000 0.116600
1.287441 6.371429 0.027136 0.000000
0.000000

0.005965 8.508190 42.264454
1.178928 0.131043 18.759186 109.522720 1151.251709
0.000000 0.000069 0.000990 0.000000 0.000000 0.000000
0.000000 0.000000 0.000087
6.927059 0.650000 0.000000
764.299377 0.000000
0.000000 0.000000 0.000000 0.000000
0.000000 0.054857
11 0.015000 0.330000 0.006600
0.497000 0.580000 0.780000 0.490000 1.250000 6.700000 0.650000 0.650000
187499.984375 75.360001 0.084000
1.073000 0.050000 0.116600
0.983991 6.645040 0.025663 0.000000
0.000000

0.005554 7.904670 39.220425
1.108221 0.123182 17.644798 102.983139 1150.763184
0.000000 0.000079 0.001032 0.000000 0.000000 0.000000
0.000000 0.000000 0.000085
6.826365 0.650000 0.000000
764.299377 0.000000
0.000000 0.000000 0.000000 0.000000
0.000000 0.054975
11 0.015000 0.345000 0.006600
0.497000 0.580000 0.780000 0.490000 1.250000 6.700000 0.650000 0.650000
187499.984375 75.360001 0.084000
1.073000 0.050000 0.116600
0.984477 6.426440 0.024791 0.000000
0.000000

0.005159 7.343932 36.393169
1.042627 0.115891 16.608837 96.915657 1150.441528
0.000000 0.000115 0.001286 0.000000 0.000000 0.000000
0.000000 0.000000 0.000094
6.731728 0.650000 0.000000
764.299377 0.000000
0.000000 0.000000 0.000000 0.000000
0.000000 0.055569
11 0.015000 0.360000 0.006600
0.497000 0.580000 0.780000 0.490000 1.250000 6.700000 0.650000 0.650000
187499.984375 75.360001 0.084000
1.073000 0.050000 0.116600
0.984972 6.057524 0.023338 0.000000
0.000000

0.004800 6.821072 33.694813
0.981725 0.109121 15.647579 91.280334 1150.073120
0.000000 0.000138 0.001535 0.000000 0.000000 0.000000
0.000000 0.000000 0.000106
6.643029 0.650000 0.000000
764.299377 0.000000
0.000000 0.000000 0.000000 0.000000
0.000000 0.056560
11 0.015000 0.375000 0.006600
0.497000 0.580000 0.780000 0.490000 1.250000 6.700000 0.650000 0.650000
187499.984375 75.360001 0.084000
1.073000 0.050000 0.116600
0.985335 5.642951 0.021712 0.000000
0.000000

0.004469 6.337906 31.263714
0.925065 0.102822 14.752839 86.033852 1149.749023
0.000000 0.000154 0.001730 0.000000 0.000000 0.000000
0.000000 0.000000 0.000105
6.560124 0.650000 0.000000
764.299377 0.000000
0.000000 0.000000 0.000000 0.000000
0.000000 0.057923
11 0.015000 0.390000 0.006600
0.497000 0.580000 0.780000 0.490000 1.250000 6.700000 0.650000 0.650000
187499.984375 75.360001 0.084000
1.073000 0.050000 0.116600
0.985709 5.231018 0.020098 0.000000
0.000000

0.004158 5.887532 29.016523
0.872416 0.096970 13.920585 81.157471 1149.508789
0.000000 0.000167 0.001963 0.000000 0.000000 0.000000
0.000000 0.000000 0.000103
6.482845 0.650000 0.000000
764.299377 0.000000
0.000000 0.000000 0.000000 0.000000
0.000000 0.059554
11 0.015000 0.405000 0.006600
0.497000 0.580000 0.780000 0.490000 1.250000 6.700000 0.650000 0.650000
187499.984375 75.360001 0.084000
1.073000 0.050000 0.116600
0.986046 4.917807 0.018867 0.000000
0.000000

0.003865 5.468002 27.764257
0.727311 0.080841 11.595485 67.585579 577.616760
0.000000 0.000001 0.000366 0.000000 0.000000 0.000000
0.000000 0.000000 0.000041
6.410676 0.650000 0.000000
764.299377 0.000000
0.000000 0.000000 0.000000 0.000000
0.000000 0.060783
11 0.015000 0.420000 0.003300
0.487000 0.580000 0.780000 0.490000 1.250000 6.700000 0.650000 0.650000
187499.984375 75.360001 0.084000
1.073000 0.050000 0.116600
0.493165 4.702599 0.017664 0.000000
0.000000

0.003588 5.076513 25.623983
0.682078 0.075813 10.879087 63.398247 577.262573
0.000000 0.000000 0.000341 0.000000 0.000000 0.000000
0.000000 0.000000 0.000035
6.343379 0.650000 0.000000
764.299377 0.000000
0.000000 0.000000 0.000000 0.000000
0.000000 0.062675
11 0.015000 0.435000 0.003300
0.487000 0.580000 0.780000 0.490000 1.250000 6.700000 0.650000 0.650000
187499.984375 75.360001 0.084000
1.073000 0.050000 0.116600
0.493310 4.433125 0.016625 0.000000
0.000000

0.003335 4.714747 23.674255
0.640047 0.071141 10.213400 59.504963 576.994019
0.000000 0.000061 0.000674 0.000000 0.000000 0.000000
0.000000 0.000000 0.000040
6.281070 0.650000 0.000000
764.299377 0.000000
0.000000 0.000000 0.000000 0.000000
0.000000 0.064585
11 0.015000 0.450000 0.003300
0.487000 0.580000 0.780000 0.490000 1.250000 6.700000 0.650000 0.650000
187499.984375 75.360001 0.084000
1.073000 0.050000 0.116600
0.493450 4.188653 0.015683 0.000000
0.000000

0.003096 4.376925 21.884775
0.601001 0.066800 9.594157 55.887585 576.717041
0.000000 0.000082 0.001096 0.000000 0.000000 0.000000
0.000000 0.000000 0.000049
6.223526 0.650000 0.000000
764.299377 0.000000
0.000000 0.000000 0.000000 0.000000
0.000000 0.066424
11 0.015000 0.465000 0.003300
0.487000 0.580000 0.780000 0.490000 1.250000 6.700000 0.650000 0.650000
187499.984375 75.360001 0.084000
1.073000 0.050000 0.116600
0.493571 3.915745 0.014637 0.000000
0.000000

0.002874 4.063115 20.250397
0.564774 0.062774 9.019259 52.530132 576.446533
0.000000 0.000094 0.001578 0.000000 0.000000 0.000000
0.000000 0.000000 0.000050
6.170517 0.650000 0.000000
764.299377 0.000000
0.000000 0.000000 0.000000 0.000000
0.000000 0.068121
11 0.015000 0.480000 0.003300
0.487000 0.580000 0.780000 0.490000 1.250000 6.700000 0.650000 0.650000
187499.984375 75.360001 0.084000
1.073000 0.050000 0.116600
0.493711 3.630241 0.013548 0.000000
0.000000

0.002670 3.771965 18.735359
0.531146 0.059036 8.485684 49.412590 576.232605
0.000000 0.000098 0.001988 0.000000 0.000000 0.000000
0.000000 0.000000 0.000049
6.121808 0.650000 0.000000
764.299377 0.000000
0.000000 0.000000 0.000000 0.000000
0.000000 0.069609
11 0.015000 0.495000 0.003300
0.487000 0.580000 0.780000 0.490000 1.250000 6.700000 0.650000 0.650000
187499.984375 75.360001 0.084000
1.073000 0.050000 0.116600
0.493830 3.388832 0.012626 0.000000
0.000000

0.002480 3.501635 17.351166
0.499898 0.055562 7.989536 46.514805 576.025879
0.000000 0.000101 0.002373 0.000000 0.000000 0.000000
0.000000 0.000000 0.000048
6.077158 0.650000 0.000000
764.299377 0.000000
0.000000 0.000000 0.000000 0.000000
0.000000 0.070838
11 0.015000 0.510000 0.003300
0.487000 0.580000 0.780000 0.490000 1.250000 6.700000 0.650000 0.650000
187499.984375 75.360001 0.084000
1.073000 0.050000 0.116600
0.493947 3.118155 0.011599 0.000000
0.000000

0.002302 3.250500 23.178476
0.386310 0.042937 6.175547 35.947926 176.693985
0.000000 0.000000 0.000162 0.000000 0.000000 0.000000
0.000000 0.000000 0.000015
6.036331 0.650000 0.000000
764.299377 0.000000
0.000000 0.000000 0.000000 0.000000
0.000000 0.070168
11 0.015000 0.525000 0.001000
0.487000 0.580000 0.780000 0.490000 1.250000 6.700000 0.650000 0.650000
187499.984375 75.360001 0.084000
1.073000 0.050000 0.116600
0.149710 2.891572 0.010739 0.000000
0.000000

0.002137 3.016955 20.817778
0.362382 0.040278 5.794799 33.726608 176.502869
0.000000 0.000000 0.000152 0.000000 0.000000 0.000000
0.000000 0.000000 0.000012
5.999089 0.650000 0.000000
764.299377 0.000000
0.000000 0.000000 0.000000 0.000000
0.000000 0.070873
11 0.015000 0.540000 0.001000
0.487000 0.580000 0.780000 0.490000 1.250000 6.700000 0.650000 0.650000
187499.984375 75.360001 0.084000
1.073000 0.050000 0.116600
0.149740 2.652567 0.009836 0.000000
0.000000

0.001983 2.799862 18.681992
0.340099 0.037801 5.440552 31.660505 176.325500
0.000000 0.000000 0.000144 0.000000 0.000000 0.000000
0.000000 0.000000 0.000011
5.965200 0.650000 0.000000
764.299377 0.000000
0.000000 0.000000 0.000000 0.000000
0.000000 0.071148
11 0.015000 0.555000 0.001000
0.487000 0.580000 0.780000 0.490000 1.250000 6.700000 0.650000 0.650000
187499.984375 75.360001 0.084000
1.073000 0.050000 0.116600
0.149769 2.465020 0.009127 0.000000
0.000000

0.001840 2.598289 16.939287
0.318470 0.035397 5.095997 29.651691 176.158936
0.000000 0.000000 0.000133 0.000000 0.000000 0.000000
0.000000 0.000000 0.000010
5.934436 0.650000 0.000000
764.299377 0.000000
0.000000 0.000000 0.000000 0.000000
0.000000 0.071073
11 0.015000 0.570000 0.001000
0.487000 0.580000 0.780000 0.490000 1.250000 6.700000 0.650000 0.650000
187499.984375 75.360001 0.084000
1.073000 0.050000 0.116600
0.149797 2.289391 0.008465 0.000000
0.000000

0.001707 2.411026 15.222466
0.299123 0.033246 4.787636 27.854156 176.004562
0.000000 0.000000 0.000126 0.000000 0.000000 0.000000
0.000000 0.000000 0.000008
5.906579 0.650000 0.000000
764.299377 0.000000
0.000000 0.000000 0.000000 0.000000
0.000000 0.070630
11 0.015000 0.585000 0.001000
0.487000 0.580000 0.780000 0.490000 1.250000 6.700000 0.650000 0.650000
187499.984375 75.360001 0.084000
1.073000 0.050000 0.116600
0.149825 2.116720 0.007816 0.000000
0.000000

0.001583 2.237182 13.810009
0.280831 0.031213 4.495955 26.154430 175.852127
0.000000 0.000000 0.000119 0.000000 0.000000 0.000000
0.000000 0.000000 0.000007
5.881414 0.650000 0.000000
764.299377 0.000000
0.000000 0.000000 0.000000 0.000000
0.000000 0.069804
11 0.015000 0.600000 0.001000
0.487000 0.580000 0.780000 0.490000 1.250000 6.700000 0.650000 0.650000
187499.984375 75.360001 0.084000
1.073000 0.050000 0.116600
0.149851 1.932673 0.007126 0.000000
0.000000

0.001468 2.075735 12.150762
0.265103 0.029465 4.234276 24.629726 175.720627
0.000000 0.000014 0.000568 0.000000 0.000000 0.000000
0.000000 0.000000 0.000011
5.858739 0.650000 0.000000
764.299377 0.000000
0.000000 0.000000 0.000000 0.000000
0.000000 0.069767
11 0.015000 0.615000 0.001000
0.487000 0.580000 0.780000 0.490000 1.250000 6.700000 0.650000 0.650000
187499.984375 75.360001 0.084000
1.073000 0.050000 0.116600
0.149880 1.788617 0.006587 0.000000
0.000000

0.001362 1.925911 10.433395
0.250086 0.027796 3.997447 23.249893 175.620773
0.000000 0.000033 0.003105 0.000000 0.000000 0.000000
0.000000 0.000000 0.000015
5.838358 0.650000 0.000000
764.299377 0.000000
0.000000 0.000000 0.000000 0.000000
0.000000 0.068011
11 0.015000 0.630000 0.001000
0.487000 0.580000 0.780000 0.490000 1.250000 6.700000 0.650000 0.650000
187499.984375 75.360001 0.084000
1.073000 0.050000 0.116600
0.149898 1.649393 0.006067 0.000000
0.000000

0.001263 1.787024 9.103473
0.235171 0.026138 3.761257 21.874037 175.528702
0.000000 0.004630 0.004889 0.000000 0.000000 0.000000
0.000000 0.000003 0.000014
5.820086 0.650000 0.000000
764.299377 0.000000
0.000000 0.000000 0.000000 0.000000
0.000000 0.066060
11 0.015000 0.645000 0.001000
0.487000 0.580000 0.780000 0.490000 1.250000 6.700000 0.650000 0.650000
187499.984375 75.360001 0.084000
1.073000 0.050000 0.116600
0.149922 2.146927 0.007887 0.000000
0.000000

0.001177 1.661066 8.266990
0.220567 0.024515 3.528828 20.520412 175.430573
0.000000 0.022134 0.005742 0.000000 0.000000 0.000000
0.000000 0.000006 0.000012
5.803749 0.650000 0.000000
764.299377 0.000000
0.000000 0.000000 0.000000 0.000000
0.000000 0.381599
11 0.015000 0.660000 0.001000
0.487000 0.580000 0.780000 0.490000 1.250000 6.700000 0.650000 0.650000
187499.984375 75.360001 0.084000
1.073000 0.050000 0.116600
0.149997 2.539304 0.009903 0.000000
0.000000

0.001107 1.548058 7.655557
0.206874 0.022993 3.310970 19.248259 175.332748
0.000000 0.033971 0.006944 0.000000 0.000000 0.000000
0.000000 0.000013 0.000008
5.789768 0.650000 0.000000
764.299377 0.000000
0.000000 0.000000 0.000000 0.000000
0.000000 0.662151
11 0.015000 0.675000 0.001000
0.487000 0.580000 0.780000 0.490000 1.250000 6.700000 0.650000 0.650000
187499.984375 75.360001 0.084000
1.073000 0.050000 0.116600
0.150080 3.084786 0.012229 0.000000
0.000000

0.001042 1.445891 7.138542
0.194218 0.021586 3.109748 18.071316 175.243530
0.000000 0.029466 0.005951 0.000000 0.000000 0.000000
0.000000 0.000021 0.000005
5.778742 0.650000 0.000000
764.299377 0.000000
0.000000 0.000000 0.000000 0.000000
0.000000 0.616135
11 0.015000 0.690000 0.001000
0.487000 0.580000 0.780000 0.490000 1.250000 6.700000 0.650000 0.650000
187499.984375 75.360001 0.084000
1.073000 0.050000 0.116600
0.150189 3.249712 0.012226 0.000000
0.000000

0.000987 1.350415 6.655348
0.181860 0.020210 2.924337 16.980831 175.166550
0.000000 0.039280 0.004923 0.000000 0.000000 0.000000
0.000000 0.000023 0.000002
5.770046 0.946079 0.000000
764.299377 0.000000
0.000000 0.000000 0.000000 0.000000
0.000000 0.618631
11 0.015000 0.705000 0.001000
0.487000 0.580000 0.780000 0.490000 1.250000 6.700000 0.650000 0.650000
187499.984375 75.360001 0.084000
1.073000 0.050000 0.116600
0.150293 3.609513 0.019581 0.000000
0.000000

0.000949 1.267998 6.230643
0.170949 0.018997 2.756534 15.985293 175.103333
0.000000 0.091041 0.006413 0.000000 0.000000 0.000000
0.000001 0.000014 0.000000
5.762931 1.000000 0.000000
764.299377 0.000000
0.000000 0.000000 0.000000 0.000000
0.000000 0.850118
11 0.015000 0.720000 0.001000
0.487000 0.580000 0.780000 0.490000 1.250000 6.700000 0.650000 0.650000
187499.984375 75.360001 0.084000
1.073000 0.050000 0.116600
0.150503 4.769323 0.027552 0.000000
0.000000

0.000994 1.241119 6.036126
0.162054 0.018008 2.621795 15.143505 175.146851
0.000000 0.225312 0.008603 0.000000 0.000000 0.000000
0.000001 0.000010 0.000000
5.757289 1.000000 0.000000
764.299377 0.000000
0.000000 0.000000 0.000000 0.000000
0.000000 2.459376
11 0.015000 0.735000 0.001000
0.487000 0.580000 0.780000 0.490000 1.250000 6.700000 0.650000 0.650000
187499.984375 75.360001 0.084000
1.073000 0.050000 0.116600
0.151333 5.950625 0.034735 0.000000
0.000000

0.000000 0.449485 7.855699
0.103398 0.011490 1.702796 9.617323 176.140015
0.000000 0.053883 0.008192 0.000000 0.000000 0.000000
0.000000 0.000029 0.000002
5.753021 1.000000 0.000000
764.299377 0.000000
0.000000 0.000000 0.000000 0.000000
0.000000 0.499688
11 0.015000 0.750000 0.001000
0.487000 0.580000 0.780000 0.490000 1.250000 6.700000 0.650000 0.650000
187499.984375 75.360001 0.084000
1.073000 0.050000 0.116600
0.157400 0.444429 0.002482 0.000000
0.000000

0.000000 0.437635 7.668333
0.098722 0.010970 1.632143 9.175115 176.406555
0.000000 0.031858 0.008590 0.000000 0.000000 0.000000
0.000000 0.000030 0.000002
5.750038 1.000000 0.000000
764.299377 0.000000
0.000000 0.000000 0.000000 0.000000
0.000000 0.522249
11 0.015000 0.765000 0.001000
0.487000 0.580000 0.780000 0.490000 1.250000 6.700000 0.650000 0.650000
187499.984375 75.360001 0.084000
1.073000 0.050000 0.116600
0.158198 0.371489 0.002073 0.000000
0.000000

0.000000 0.408999 7.191528
0.094311 0.010480 1.560128 8.765317 176.448074
0.000000 0.039573 0.008979 0.000000 0.000000 0.000000
0.000000 0.000028 0.000002
5.748263 1.000000 0.000000
764.299377 0.000000
0.000000 0.000000 0.000000 0.000000
0.000000 0.534070
11 0.015000 0.780000 0.001000
0.487000 0.580000 0.780000 0.490000 1.250000 6.700000 0.650000 0.650000
187499.984375 75.360001 0.084000
1.073000 0.050000 0.116600
0.158365 0.309222 0.001725 0.000000
0.000000

0.000000 0.380659 6.741823
0.090519 0.010059 1.498026 8.413464 176.579636
0.000000 0.056571 0.008794 0.000000 0.000000 0.000000
0.000001 0.000021 0.000001
5.747627 1.000000 0.000000
764.299377 0.000000
0.000000 0.000000 0.000000 0.000000
0.000000 0.681462
11 0.015000 0.795000 0.001000
0.487000 0.580000 0.780000 0.490000 1.250000 6.700000 0.650000 0.650000
187499.984375 75.360001 0.084000
1.073000 0.050000 0.116600
0.158774 0.262630 0.001465 0.000000
0.000000

0.000000 0.354244 6.280813
0.086693 0.009634 1.435493 8.058385 176.582901
0.000000 0.058578 0.008260 0.000000 0.000000 0.000000
0.000001 0.000021 0.000001
5.748071 1.000000 0.000000
764.299377 0.000000
0.000000 0.000000 0.000000 0.000000
0.000000 0.597493
11 0.015000 0.810000 0.001000
0.487000 0.580000 0.780000 0.490000 1.250000 6.700000 0.650000 0.650000
187499.984375 75.360001 0.084000
1.073000 0.050000 0.116600
0.158828 0.209489 0.001168 0.000000
0.000000

0.000000 0.329697 5.851175
0.083158 0.009241 1.377627 7.730352 176.589828
0.000000 0.156241 0.007831 0.000000 0.000000 0.000000
0.000000 0.000008 0.000000
5.749541 1.000000 0.000000
764.299377 0.000000
0.000000 0.000000 0.000000 0.000000
0.000000 1.338026
11 0.015000 0.825000 0.001000
0.487000 0.580000 0.780000 0.490000 1.250000 6.700000 0.650000 0.650000
187499.984375 75.360001 0.084000
1.073000 0.050000 0.116600
0.158881 0.196563 0.001096 0.000000
0.000000

0.000000 0.306846 5.458020
0.079899 0.008879 1.324299 7.427890 176.603958
0.000000 0.566626 0.007296 0.000000 0.000000 0.000000
0.000000 0.000002 0.000000
5.751994 1.000000 0.000000
764.299377 0.000000
0.000000 0.000000 0.000000 0.000000
0.000000 2.881039
11 0.015000 0.840000 0.001000
0.487000 0.580000 0.780000 0.490000 1.250000 6.700000 0.650000 0.650000
187499.984375 75.360001 0.084000
1.073000 0.050000 0.116600
0.158958 0.174387 0.000972 0.000000
0.000000

0.000000 0.286040 5.089229
0.076849 0.008540 1.274223 7.144994 176.605789
0.000000 1.990135 0.007043 0.000000 0.000000 0.000000
0.000000 0.000001 0.000000
5.755388 1.000000 0.000000
764.299377 0.000000
0.000000 0.000000 0.000000 0.000000
0.000000 8.978284
11 0.015000 0.855000 0.001000
0.487000 0.580000 0.780000 0.490000 1.250000 6.700000 0.650000 0.650000
187499.984375 75.360001 0.084000
1.073000 0.050000 0.116600
0.159010 0.200170 0.001116 0.000000
0.000000

0.000000 0.000000 0.099466
0.039196 0.004356 0.661459 3.649056 177.093063
0.000000 0.698023 0.015749 0.000000 0.000000 0.000000
0.000000 0.000002 0.000000
5.759692 1.000000 0.000000
764.299377 0.000000
0.000000 0.000000 0.000000 0.000000
0.000000 1.125525
11 0.015000 0.870000 0.001000
0.487000 0.580000 0.780000 0.490000 1.250000 6.700000 0.650000 0.650000
187499.984375 75.360001 0.084000
1.073000 0.050000 0.116600
0.160573 0.094300 0.000525 0.000000
0.000000

0.000000 0.000000 0.100228
0.039222 0.004359 0.661961 3.651470 177.105148
0.000000 0.165659 0.015697 0.000000 0.000000 0.000000
0.000001 0.000010 0.000000
5.764875 1.000000 0.000000
764.299377 0.000000
0.000000 0.000000 0.000000 0.000000
0.000000 1.125112
11 0.015000 0.885000 0.001000
0.487000 0.580000 0.780000 0.490000 1.250000 6.700000 0.650000 0.650000
187499.984375 75.360001 0.084000
1.073000 0.050000 0.116600
0.160601 0.094443 0.000526 0.000000
0.000000

0.000000 0.000000 0.100822
0.039243 0.004361 0.662366 3.653348 177.117722
0.000000 0.083984 0.015618 0.000000 0.000000 0.000000
0.000001 0.000015 0.000000
5.770912 1.000000 0.000000
764.299377 0.000000
0.000000 0.000000 0.000000 0.000000
0.000000 1.124905
11 0.015000 0.900000 0.001000
0.487000 0.580000 0.780000 0.490000 1.250000 6.700000 0.650000 0.650000
187499.984375 75.360001 0.084000
1.073000 0.050000 0.116600
0.160624 0.094294 0.000525 0.000000
0.000000

0.000000 0.000000 0.101372
0.039262 0.004363 0.662747 3.655086 177.132584
0.000000 0.100393 0.015520 0.000000 0.000000 0.000000
0.000001 0.000012 0.000000
5.777782 1.000000 0.000000
764.299377 0.000000
0.000000 0.000000 0.000000 0.000000
0.000000 1.124657
11 0.015000 0.915000 0.001000
0.487000 0.580000 0.780000 0.490000 1.250000 6.700000 0.650000 0.650000
187499.984375 75.360001 0.084000
1.073000 0.050000 0.116600
0.160641 0.094333 0.000525 0.000000
0.000000

0.000000 0.000000 0.101910
0.039281 0.004365 0.663111 3.656745 177.143646
0.000000 0.126862 0.015498 0.000000 0.000000 0.000000
0.000001 0.000010 0.000000
5.785465 1.000000 0.000000
764.299377 0.000000
0.000000 0.000000 0.000000 0.000000
0.000000 1.124272
11 0.015000 0.930000 0.001000
0.487000 0.580000 0.780000 0.490000 1.250000 6.700000 0.650000 0.650000
187499.984375 75.360001 0.084000
1.073000 0.050000 0.116600
0.160663 0.094201 0.000525 0.000000
0.000000

0.000000 0.000000 0.102450
0.039299 0.004367 0.663470 3.658387 177.154800
0.000000 0.142103 0.015430 0.000000 0.000000 0.000000
0.000001 0.000009 0.000000
5.793944 1.000000 0.000000
764.299377 0.000000
0.000000 0.000000 0.000000 0.000000
0.000000 1.123761
11 0.015000 0.945000 0.001000
0.487000 0.580000 0.780000 0.490000 1.250000 6.700000 0.650000 0.650000
187499.984375 75.360001 0.084000
1.073000 0.050000 0.116600
0.160680 0.094379 0.000526 0.000000
0.000000

0.000000 0.000000 0.102993
0.039317 0.004369 0.663836 3.660065 177.165787
0.000000 0.140032 0.015374 0.000000 0.000000 0.000000
0.000001 0.000009 0.000000
5.803203 1.000000 0.000000
764.299377 0.000000
0.000000 0.000000 0.000000 0.000000
0.000000 1.123206
11 0.015000 0.960000 0.001000
0.487000 0.580000 0.780000 0.490000 1.250000 6.700000 0.650000 0.650000
187499.984375 75.360001 0.084000
1.073000 0.050000 0.116600
0.160701 0.094330 0.000525 0.000000
0.000000

0.000000 0.000000 0.103726
0.039343 0.004372 0.664310 3.662343 177.176559
0.000000 0.122813 0.015323 0.000000 0.000000 0.000000
0.000001 0.000010 0.000000
5.813229 1.000000 0.000000
764.299377 0.000000
0.000000 0.000000 0.000000 0.000000
0.000000 1.122668
11 0.015000 0.975000 0.001000
0.487000 0.580000 0.780000 0.490000 1.250000 6.700000 0.650000 0.650000
187499.984375 75.360001 0.084000
1.073000 0.050000 0.116600
0.160726 0.094284 0.000525 0.000000
0.000000

0.000000 0.000000 0.104348
0.039363 0.004374 0.664712 3.664234 177.188690
0.000000 0.097222 0.015253 0.000000 0.000000 0.000000
0.000001 0.000013 0.000000
5.824008 1.000000 0.000000
764.299377 0.000000
0.000000 0.000000 0.000000 0.000000
0.000000 1.122108
11 0.015000 0.990000 0.001000
0.487000 0.580000 0.780000 0.490000 1.250000 6.700000 0.650000 0.650000
187499.984375 75.360001 0.084000
1.073000 0.050000 0.116600
0.160745 0.094247 0.000525 0.000000
0.000000

0.000000 0.000000 0.104864
0.039381 0.004376 0.665053 3.665793 177.200989
0.000000 0.070498 0.015198 0.000000 0.000000 0.000000
0.000001 0.000017 0.000001
5.835525 1.000000 0.000000
764.299377 0.000000
0.000000 0.000000 0.000000 0.000000
0.000000 1.121538
11 0.015000 1.005000 0.001000
0.487000 0.580000 0.780000 0.490000 1.250000 6.700000 0.650000 0.650000
187499.984375 75.360001 0.084000
1.073000 0.050000 0.116600
0.160764 0.094412 0.000526 0.000000
0.000000

0.000000 0.000000 0.105520
0.039402 0.004379 0.665470 3.667759 177.211227
0.000000 0.047613 0.015125 0.000000 0.000000 0.000000
0.000001 0.000024 0.000001
5.847770 1.000000 0.000000
764.299377 0.000000
0.000000 0.000000 0.000000 0.000000
0.000000 1.120976
11 0.015000 1.020000 0.001000
0.487000 0.580000 0.780000 0.490000 1.250000 6.700000 0.650000 0.650000
187499.984375 75.360001 0.084000
1.073000 0.050000 0.116600
0.160785 0.094260 0.000525 0.000000
0.000000

0.000000 0.000000 0.106028
0.039420 0.004380 0.665808 3.669311 177.221375
0.000000 0.030868 0.015071 0.000000 0.000000 0.000000
0.000000 0.000029 0.000002
5.860729 1.000000 0.000000
764.299377 0.000000
0.000000 0.000000 0.000000 0.000000
0.000000 1.120389
11 0.015000 1.035000 0.001000
0.487000 0.580000 0.780000 0.490000 1.250000 6.700000 0.650000 0.650000
187499.984375 75.360001 0.084000
1.073000 0.050000 0.116600
0.160803 0.094492 0.000526 0.000000
0.000000

0.000000 0.000000 0.106558
0.039437 0.004382 0.666149 3.670878 177.231735
0.000000 0.020012 0.015036 0.000000 0.000000 0.000000
0.000000 0.000032 0.000004
5.874389 1.000000 0.000000
764.299377 0.000000
0.000000 0.000000 0.000000 0.000000
0.000000 1.119811
11 0.015000 1.050000 0.001000
0.487000 0.580000 0.780000 0.490000 1.250000 6.700000 0.650000 0.650000
187499.984375 75.360001 0.084000
1.073000 0.050000 0.116600
0.160820 0.094303 0.000525 0.000000
0.000000

0.000000 0.000000 0.107056
0.039453 0.004384 0.666468 3.672328 177.242508
0.000000 0.013630 0.015002 0.000000 0.000000 0.000000
0.000000 0.000033 0.000006
5.888736 1.000000 0.000000
764.299377 0.000000
0.000000 0.000000 0.000000 0.000000
0.000000 1.119234
11 0.015000 1.065000 0.001000
0.487000 0.580000 0.780000 0.490000 1.250000 6.700000 0.650000 0.650000
187499.984375 75.360001 0.084000
1.073000 0.050000 0.116600
0.160837 0.094496 0.000526 0.000000
0.000000

0.000000 0.000000 0.107565
0.039470 0.004386 0.666796 3.673832 177.252502
0.000000 0.010185 0.014924 0.000000 0.000000 0.000000
0.000000 0.000032 0.000008
5.903755 1.000000 0.000000
764.299377 0.000000
0.000000 0.000000 0.000000 0.000000
0.000000 1.118671
11 0.015000 1.080000 0.001000
0.487000 0.580000 0.780000 0.490000 1.250000 6.700000 0.650000 0.650000
187499.984375 75.360001 0.084000
1.073000 0.050000 0.116600
0.160853 0.094248 0.000525 0.000000
0.000000

0.000000 0.000000 0.108308
0.039494 0.004389 0.667248 3.676026 177.263718
0.000000 0.008466 0.014877 0.000000 0.000000 0.000000
0.000000 0.000031 0.000009
5.919432 1.000000 0.000000
764.299377 0.000000
0.000000 0.000000 0.000000 0.000000
0.000000 1.118131
11 0.015000 1.095000 0.001000
0.487000 0.580000 0.780000 0.490000 1.250000 6.700000 0.650000 0.650000
187499.984375 75.360001 0.084000
1.073000 0.050000 0.116600
0.160878 0.094595 0.000527 0.000000
0.000000

0.000000 0.000000 0.109127
0.039520 0.004392 0.667736 3.678423 177.276367
0.000000 0.007661 0.014836 0.000000 0.000000 0.000000
0.000000 0.000030 0.000010
5.935750 1.000000 0.000000
764.299377 0.000000
0.000000 0.000000 0.000000 0.000000
0.000000 1.117605
11 0.015000 1.110000 0.001000
0.487000 0.580000 0.780000 0.490000 1.250000 6.700000 0.650000 0.650000
187499.984375 75.360001 0.084000
1.073000 0.050000 0.116600
0.160906 0.094127 0.000524 0.000000
0.000000

0.000000 0.000000 0.109618
0.039536 0.004393 0.668042 3.679810 177.285812
0.000000 0.007301 0.014801 0.000000 0.000000 0.000000
0.000000 0.000029 0.000011
5.952693 1.000000 0.000000
764.299377 0.000000
0.000000 0.000000 0.000000 0.000000
0.000000 1.117072
11 0.015000 1.125000 0.001000
0.487000 0.580000 0.780000 0.490000 1.250000 6.700000 0.650000 0.650000
187499.984375 75.360001 0.084000
1.073000 0.050000 0.116600
0.160921 0.094418 0.000526 0.000000
0.000000

0.000000 0.000000 0.110102
0.039551 0.004395 0.668353 3.681236 177.296188
0.000000 0.007140 0.014756 0.000000 0.000000 0.000000
0.000000 0.000029 0.000011
5.970244 1.000000 0.000000
764.299377 0.000000
0.000000 0.000000 0.000000 0.000000
0.000000 1.116544
11 0.015000 1.140000 0.001000
0.487000 0.580000 0.780000 0.490000 1.250000 6.700000 0.650000 0.650000
187499.984375 75.360001 0.084000
1.073000 0.050000 0.116600
0.160938 0.094345 0.000525 0.000000
0.000000

0.000000 0.000000 0.110584
0.039567 0.004397 0.668656 3.682626 177.306107
0.000000 0.007042 0.014729 0.000000 0.000000 0.000000
0.000000 0.000029 0.000011
5.988384 1.000000 0.000000
764.299377 0.000000
0.000000 0.000000 0.000000 0.000000
0.000000 1.116028
11 0.015000 1.155000 0.001000
0.487000 0.580000 0.780000 0.490000 1.250000 6.700000 0.650000 0.650000
187499.984375 75.360001 0.084000
1.073000 0.050000 0.116600
0.160955 0.094431 0.000526 0.000000
0.000000

0.000000 0.000000 0.111103
0.039583 0.004399 0.668977 3.684099 177.316406
0.000000 0.006975 0.014678 0.000000 0.000000 0.000000
0.000000 0.000029 0.000011
6.007093 1.000000 0.000000
764.299377 0.000000
0.000000 0.000000 0.000000 0.000000
0.000000 1.115522
11 0.015000 1.170000 0.001000
0.487000 0.580000 0.780000 0.490000 1.250000 6.700000 0.650000 0.650000
187499.984375 75.360001 0.084000
1.073000 0.050000 0.116600
0.160968 0.094395 0.000526 0.000000
0.000000

0.000000 0.000000 0.111674
0.039601 0.004401 0.669322 3.685717 177.326477
0.000000 0.006923 0.014640 0.000000 0.000000 0.000000
0.000000 0.000029 0.000011
6.026352 1.000000 0.000000
764.299377 0.000000
0.000000 0.000000 0.000000 0.000000
0.000000 1.115032
11 0.015000 1.185000 0.001000
0.487000 0.580000 0.780000 0.490000 1.250000 6.700000 0.650000 0.650000
187499.984375 75.360001 0.084000
1.073000 0.050000 0.116600
0.160988 0.094133 0.000524 0.000000
0.000000

0.000000 0.000000 0.112144
0.039616 0.004402 0.669610 3.687033 177.335892
0.000000 0.006889 0.014641 0.000000 0.000000 0.000000
0.000000 0.000029 0.000012
6.046140 1.000000 0.000000
764.299377 0.000000
0.000000 0.000000 0.000000 0.000000
0.000000 1.114545
11 0.015000 1.200000 0.001000
0.487000 0.580000 0.780000 0.490000 1.250000 6.700000 0.650000 0.650000
187499.984375 75.360001 0.084000
1.073000 0.050000 0.116600
0.161003 0.094305 0.000525 0.000000
0.000000

0.000000 0.000000 0.112611
0.039630 0.004404 0.669899 3.688346 177.344315
0.000000 0.006835 0.014580 0.000000 0.000000 0.000000
0.000000 0.000029 0.000012
6.066434 1.000000 0.000000
764.299377 0.000000
0.000000 0.000000 0.000000 0.000000
0.000000 1.114070
11 0.015000 1.215000 0.001000
0.487000 0.580000 0.780000 0.490000 1.250000 6.700000 0.650000 0.650000
187499.984375 75.360001 0.084000
1.073000 0.050000 0.116600
0.161019 0.094245 0.000525 0.000000
0.000000

0.000000 0.000000 0.113073
0.039645 0.004405 0.670188 3.689663 177.355331
0.000000 0.006798 0.014552 0.000000 0.000000 0.000000
0.000000 0.000029 0.000012
6.087214 1.000000 0.000000
764.299377 0.000000
0.000000 0.000000 0.000000 0.000000
0.000000 1.113596
11 0.015000 1.230000 0.001000
0.487000 0.580000 0.780000 0.490000 1.250000 6.700000 0.650000 0.650000
187499.984375 75.360001 0.084000
1.073000 0.050000 0.116600
0.161032 0.094308 0.000525 0.000000
0.000000

0.000000 0.000000 0.113533
0.039659 0.004407 0.670467 3.690935 177.364685
0.000000 0.006761 0.014514 0.000000 0.000000 0.000000
0.000000 0.000029 0.000012
6.108456 1.000000 0.000000
764.299377 0.000000
0.000000 0.000000 0.000000 0.000000
0.000000 1.113134
11 0.015000 1.245000 0.001000
0.487000 0.580000 0.780000 0.490000 1.250000 6.700000 0.650000 0.650000
187499.984375 75.360001 0.084000
1.073000 0.050000 0.116600
0.161044 0.094379 0.000526 0.000000
0.000000

0.000000 0.000000 0.113989
0.039673 0.004409 0.670744 3.692203 177.374481
0.000000 0.006730 0.014489 0.000000 0.000000 0.000000
0.000000 0.000029 0.000012
6.130136 1.000000 0.000000
764.299377 0.000000
0.000000 0.000000 0.000000 0.000000
0.000000 1.112681
11 0.015000 1.260000 0.001000
0.487000 0.580000 0.780000 0.490000 1.250000 6.700000 0.650000 0.650000
187499.984375 75.360001 0.084000
1.073000 0.050000 0.116600
0.161064 0.094679 0.000527 0.000000
0.000000

0.000000 0.000000 0.114452
0.039687 0.004410 0.671023 3.693458 177.384171
0.000000 0.006700 0.014447 0.000000 0.000000 0.000000
0.000000 0.000029 0.000012
6.152231 1.000000 0.000000
764.299377 0.000000
0.000000 0.000000 0.000000 0.000000
0.000000 1.112239
11 0.015000 1.275000 0.001000
0.487000 0.580000 0.780000 0.490000 1.250000 6.700000 0.650000 0.650000
187499.984375 75.360001 0.084000
1.073000 0.050000 0.116600
0.161076 0.094621 0.000527 0.000000
0.000000

0.000000 0.000000 0.114984
0.039703 0.004412 0.671334 3.694912 177.393585
0.000000 0.006670 0.014425 0.000000 0.000000 0.000000
0.000000 0.000029 0.000013
6.174716 1.000000 0.000000
764.299377 0.000000
0.000000 0.000000 0.000000 0.000000
0.000000 1.111812
11 0.015000 1.290000 0.001000
0.487000 0.580000 0.780000 0.490000 1.250000 6.700000 0.650000 0.650000
187499.984375 75.360001 0.084000
1.073000 0.050000 0.116600
0.161093 0.094619 0.000527 0.000000
0.000000

0.000000 0.000000 0.115527
0.039720 0.004414 0.671658 3.696440 177.403549
0.000000 0.006634 0.014383 0.000000 0.000000 0.000000
0.000000 0.000029 0.000013
6.197567 1.000000 0.000000
764.299377 0.000000
0.000000 0.000000 0.000000 0.000000
0.000000 1.111402
11 0.015000 1.305000 0.001000
0.487000 0.580000 0.780000 0.490000 1.250000 6.700000 0.650000 0.650000
187499.984375 75.360001 0.084000
1.073000 0.050000 0.116600
0.161109 0.094495 0.000526 0.000000
0.000000

0.000000 0.000000 0.115996
0.039734 0.004415 0.671938 3.697728 177.412659
0.000000 0.006612 0.014363 0.000000 0.000000 0.000000
0.000000 0.000029 0.000013
6.220758 1.000000 0.000000
764.299377 0.000000
0.000000 0.000000 0.000000 0.000000
0.000000 1.110983
11 0.015000 1.320000 0.001000
0.487000 0.580000 0.780000 0.490000 1.250000 6.700000 0.650000 0.650000
187499.984375 75.360001 0.084000
1.073000 0.050000 0.116600
0.161125 0.094597 0.000527 0.000000
0.000000

0.000000 0.000000 0.116445
0.039748 0.004417 0.672204 3.698936 177.422165
0.000000 0.006585 0.014312 0.000000 0.000000 0.000000
0.000000 0.000029 0.000013
6.244267 1.000000 0.000000
764.299377 0.000000
0.000000 0.000000 0.000000 0.000000
0.000000 1.110576
11 0.015000 1.335000 0.001000
0.487000 0.580000 0.780000 0.490000 1.250000 6.700000 0.650000 0.650000
187499.984375 75.360001 0.084000
1.073000 0.050000 0.116600
0.161140 0.094501 0.000526 0.000000
0.000000

0.000000 0.000000 0.116883
0.039761 0.004418 0.672462 3.700105 177.432648
0.000000 0.006562 0.014267 0.000000 0.000000 0.000000
0.000000 0.000029 0.000013
6.268066 1.000000 0.000000
764.299377 0.000000
0.000000 0.000000 0.000000 0.000000
0.000000 1.110182
11 0.015000 1.350000 0.001000
0.487000 0.580000 0.780000 0.490000 1.250000 6.700000 0.650000 0.650000
187499.984375 75.360001 0.084000
1.073000 0.050000 0.116600
0.161150 0.094585 0.000527 0.000000
0.000000

0.000000 0.000000 0.117320
0.039774 0.004420 0.672717 3.701261 177.442215
0.000000 0.006538 0.014235 0.000000 0.000000 0.000000
0.000000 0.000029 0.000013
6.292131 1.000000 0.000000
764.299377 0.000000
0.000000 0.000000 0.000000 0.000000
0.000000 1.109792
11 0.015000 1.365000 0.001000
0.487000 0.580000 0.780000 0.490000 1.250000 6.700000 0.650000 0.650000
187499.984375 75.360001 0.084000
1.073000 0.050000 0.116600
0.161163 0.094678 0.000527 0.000000
0.000000

0.000000 0.000000 0.117783
0.039788 0.004421 0.672990 3.702517 177.452011
0.000000 0.006514 0.014194 0.000000 0.000000 0.000000
0.000000 0.000029 0.000014
6.316437 1.000000 0.000000
764.299377 0.000000
0.000000 0.000000 0.000000 0.000000
0.000000 1.109413
11 0.015000 1.380000 0.001000
0.487000 0.580000 0.780000 0.490000 1.250000 6.700000 0.650000 0.650000
187499.984375 75.360001 0.084000
1.073000 0.050000 0.116600
0.161177 0.094859 0.000528 0.000000
0.000000

0.000000 0.000000 0.118497
0.039809 0.004424 0.673381 3.704424 177.462418
0.000000 0.006495 0.014186 0.000000 0.000000 0.000000
0.000000 0.000030 0.000014
6.340959 1.000000 0.000000
764.299377 0.000000
0.000000 0.000000 0.000000 0.000000
0.000000 1.109063
11 0.015000 1.395000 0.001000
0.487000 0.580000 0.780000 0.490000 1.250000 6.700000 0.650000 0.650000
187499.984375 75.360001 0.084000
1.073000 0.050000 0.116600
0.161202 0.094605 0.000527 0.000000
0.000000

0.000000 0.000000 0.118943
0.039822 0.004425 0.673640 3.705608 177.471619
0.000000 0.006477 0.014168 0.000000 0.000000 0.000000
0.000000 0.000030 0.000014
6.365673 1.000000 0.000000
764.299377 0.000000
0.000000 0.000000 0.000000 0.000000
0.000000 1.108697
11 0.015000 1.410000 0.001000
0.487000 0.580000 0.780000 0.490000 1.250000 6.700000 0.650000 0.650000
187499.984375 75.360001 0.084000
1.073000 0.050000 0.116600
0.161214 0.094837 0.000528 0.000000
0.000000

0.000000 0.000000 0.119438
0.039836 0.004427 0.673921 3.706910 177.480469
0.000000 0.006446 0.014110 0.000000 0.000000 0.000000
0.000000 0.000030 0.000014
6.390553 1.000000 0.000000
764.299377 0.000000
0.000000 0.000000 0.000000 0.000000
0.000000 1.108350
11 0.015000 1.425000 0.001000
0.487000 0.580000 0.780000 0.490000 1.250000 6.700000 0.650000 0.650000
187499.984375 75.360001 0.084000
1.073000 0.050000 0.116600
0.161227 0.094567 0.000527 0.000000
0.000000

0.000000 0.000000 0.119897
0.039849 0.004428 0.674180 3.708098 177.489639
0.000000 0.006427 0.014068 0.000000 0.000000 0.000000
0.000000 0.000030 0.000014
6.415577 1.000000 0.000000
764.299377 0.000000
0.000000 0.000000 0.000000 0.000000
0.000000 1.108011
11 0.015000 1.440000 0.001000
0.487000 0.580000 0.780000 0.490000 1.250000 6.700000 0.650000 0.650000
187499.984375 75.360001 0.084000
1.073000 0.050000 0.116600
0.161242 0.094597 0.000527 0.000000
0.000000

0.000000 0.000000 0.120317
0.039862 0.004430 0.674424 3.709198 177.497849
0.000000 0.006397 0.014022 0.000000 0.000000 0.000000
0.000000 0.000030 0.000014
6.440720 1.000000 0.000000
764.299377 0.000000
0.000000 0.000000 0.000000 0.000000
0.000000 1.107662
11 0.015000 1.455000 0.001000
0.487000 0.580000 0.780000 0.490000 1.250000 6.700000 0.650000 0.650000
187499.984375 75.360001 0.084000
1.073000 0.050000 0.116600
0.161260 0.094542 0.000527 0.000000
0.000000

0.000000 0.000000 0.120736
0.039874 0.004431 0.674666 3.710302 177.506363
0.000000 0.006369 0.013967 0.000000 0.000000 0.000000
0.000000 0.000030 0.000015
6.465960 1.000000 0.000000
764.299377 0.000000
0.000000 0.000000 0.000000 0.000000
0.000000 1.107337
11 0.015000 1.470000 0.001000
0.487000 0.580000 0.780000 0.490000 1.250000 6.700000 0.650000 0.650000
187499.984375 75.360001 0.084000
1.073000 0.050000 0.116600
0.161267 0.094607 0.000527 0.000000
0.000000

0.000000 0.000000 0.121150
0.039886 0.004432 0.674904 3.711377 177.514740
0.000000 0.006356 0.013981 0.000000 0.000000 0.000000
0.000000 0.000030 0.000015
6.491271 1.000000 0.000000
764.299377 0.000000
0.000000 0.000000 0.000000 0.000000
0.000000 1.107005
11 0.015000 1.485000 0.001000
0.487000 0.580000 0.780000 0.490000 1.250000 6.700000 0.650000 0.650000
187499.984375 75.360001 0.084000
1.073000 0.050000 0.116600
0.161279 0.094687 0.000527 0.000000
0.000000

0.000000 0.000000 0.121562
0.039898 0.004434 0.675142 3.712452 177.524368
0.000000 0.006329 0.013917 0.000000 0.000000 0.000000
0.000000 0.000030 0.000015
6.516634 1.000000 0.000000
764.299377 0.000000
0.000000 0.000000 0.000000 0.000000
0.000000 1.106684
11 0.015000 1.500000 0.001000
0.487000 0.580000 0.780000 0.490000 1.250000 6.700000 0.650000 0.650000
187499.984375 75.360001 0.084000
1.073000 0.050000 0.116600
0.161290 0.095008 0.000529 0.000000
0.000000

0.000000 0.000000 0.121999
0.039911 0.004435 0.675392 3.713604 177.532745
0.000000 0.006307 0.013871 0.000000 0.000000 0.000000
0.000000 0.000030 0.000015
6.542025 1.000000 0.000000
764.299377 0.000000
0.000000 0.000000 0.000000 0.000000
0.000000 1.106377
11 0.015000 1.515000 0.001000
0.487000 0.580000 0.780000 0.490000 1.250000 6.700000 0.650000 0.650000
187499.984375 75.360001 0.084000
1.073000 0.050000 0.116600
0.161301 0.094736 0.000528 0.000000
0.000000

0.000000 0.000000 0.122422
0.039923 0.004436 0.675628 3.714663 177.541458
0.000000 0.006283 0.013849 0.000000 0.000000 0.000000
0.000000 0.000030 0.000015
6.567424 1.000000 0.000000
764.299377 0.000000
0.000000 0.000000 0.000000 0.000000
0.000000 1.106064
11 0.015000 1.530000 0.001000
0.487000 0.580000 0.780000 0.490000 1.250000 6.700000 0.650000 0.650000
187499.984375 75.360001 0.084000
1.073000 0.050000 0.116600
0.161321 0.094829 0.000528 0.000000
0.000000

0.000000 0.000000 0.123577
0.039955 0.004440 0.676205 3.717619 177.556549
0.000000 0.006265 0.013809 0.000000 0.000000 0.000000
0.000000 0.000030 0.000015
6.592809 1.000000 0.000000
764.299377 0.000000
0.000000 0.000000 0.000000 0.000000
0.000000 1.105819
11 0.015000 1.545000 0.001000
0.487000 0.580000 0.780000 0.490000 1.250000 6.700000 0.650000 0.650000
187499.984375 75.360001 0.084000
1.073000 0.050000 0.116600
0.161351 0.094900 0.000529 0.000000
0.000000

0.000000 0.000000 0.126616
0.040038 0.004449 0.677642 3.725292 177.594650
0.000000 0.006245 0.013791 0.000000 0.000000 0.000000
0.000000 0.000030 0.000016
6.618162 1.000000 0.000000
764.299377 0.000000
0.000000 0.000000 0.000000 0.000000
0.000000 1.105750
11 0.015000 1.560000 0.001000
0.487000 0.580000 0.780000 0.490000 1.250000 6.700000 0.650000 0.650000
187499.984375 75.360001 0.084000
1.073000 0.050000 0.116600
0.161433 0.094598 0.000527 0.000000
0.000000

0.000000 0.000000 0.127030
0.040049 0.004450 0.677867 3.726303 177.602524
0.000000 0.006230 0.013770 0.000000 0.000000 0.000000
0.000000 0.000030 0.000016
6.643461 1.000000 0.000000
764.299377 0.000000
0.000000 0.000000 0.000000 0.000000
0.000000 1.105448
11 0.015000 1.575000 0.001000
0.487000 0.580000 0.780000 0.490000 1.250000 6.700000 0.650000 0.650000
187499.984375 75.360001 0.084000
1.073000 0.050000 0.116600
0.161454 0.094670 0.000527 0.000000
0.000000

0.000000 0.000000 0.127443
0.040061 0.004452 0.678098 3.727355 177.611450
0.000000 0.006195 0.013688 0.000000 0.000000 0.000000
0.000000 0.000030 0.000016
6.668689 1.000000 0.000000
764.299377 0.000000
0.000000 0.000000 0.000000 0.000000
0.000000 1.105163
11 0.015000 1.590000 0.001000
0.487000 0.580000 0.780000 0.490000 1.250000 6.700000 0.650000 0.650000
187499.984375 75.360001 0.084000
1.073000 0.050000 0.116600
0.161460 0.094753 0.000528 0.000000
0.000000

0.000000 0.000000 0.127855
0.040072 0.004453 0.678323 3.728373 177.620270
0.000000 0.006178 0.013662 0.000000 0.000000 0.000000
0.000000 0.000030 0.000016
6.693827 1.000000 0.000000
764.299377 0.000000
0.000000 0.000000 0.000000 0.000000
0.000000 1.104869
11 0.015000 1.605000 0.001000
0.487000 0.580000 0.780000 0.490000 1.250000 6.700000 0.650000 0.650000
187499.984375 75.360001 0.084000
1.073000 0.050000 0.116600
0.161475 0.094998 0.000529 0.000000
0.000000

0.000000 0.000000 0.128300
0.040084 0.004454 0.678561 3.729460 177.629227
0.000000 0.006159 0.013619 0.000000 0.000000 0.000000
0.000000 0.000030 0.000016
6.718858 1.000000 0.000000
764.299377 0.000000
0.000000 0.000000 0.000000 0.000000
0.000000 1.104593
11 0.015000 1.620000 0.001000
0.487000 0.580000 0.780000 0.490000 1.250000 6.700000 0.650000 0.650000
187499.984375 75.360001 0.084000
1.073000 0.050000 0.116600
0.161486 0.094818 0.000528 0.000000
0.000000

0.000000 0.000000 0.130408
0.040140 0.004461 0.679545 3.734653 177.660706
0.000000 0.006142 0.013602 0.000000 0.000000 0.000000
0.000000 0.000030 0.000016
6.743766 1.000000 0.000000
764.299377 0.000000
0.000000 0.000000 0.000000 0.000000
0.000000 1.104458
11 0.015000 1.635000 0.001000
0.487000 0.580000 0.780000 0.490000 1.250000 6.700000 0.650000 0.650000
187499.984375 75.360001 0.084000
1.073000 0.050000 0.116600
0.161542 0.094834 0.000528 0.000000
0.000000

0.000000 0.000000 0.130855
0.040153 0.004462 0.679783 3.735742 177.670853
0.000000 0.006117 0.013555 0.000000 0.000000 0.000000
0.000000 0.000030 0.000017
6.768534 1.000000 0.000000
764.299377 0.000000
0.000000 0.000000 0.000000 0.000000
0.000000 1.104193
11 0.015000 1.650000 0.001000
0.487000 0.580000 0.780000 0.490000 1.250000 6.700000 0.650000 0.650000
187499.984375 75.360001 0.084000
1.073000 0.050000 0.116600
0.161556 0.094701 0.000527 0.000000
0.000000

0.000000 0.000000 0.131269
0.040163 0.004463 0.679998 3.736720 177.679718
0.000000 0.006092 0.013496 0.000000 0.000000 0.000000
0.000000 0.000030 0.000017
6.793147 1.000000 0.000000
764.299377 0.000000
0.000000 0.000000 0.000000 0.000000
0.000000 1.103930
11 0.015000 1.665000 0.001000
0.487000 0.580000 0.780000 0.490000 1.250000 6.700000 0.650000 0.650000
187499.984375 75.360001 0.084000
1.073000 0.050000 0.116600
0.161568 0.094779 0.000528 0.000000
0.000000

0.000000 0.000000 0.131680
0.040175 0.004464 0.680223 3.737740 177.689117
0.000000 0.006072 0.013475 0.000000 0.000000 0.000000
0.000000 0.000030 0.000017
6.817591 1.000000 0.000000
764.299377 0.000000
0.000000 0.000000 0.000000 0.000000
0.000000 1.103670
11 0.015000 1.680000 0.001000
0.487000 0.580000 0.780000 0.490000 1.250000 6.700000 0.650000 0.650000
187499.984375 75.360001 0.084000
1.073000 0.050000 0.116600
0.161579 0.095102 0.000530 0.000000
0.000000

0.000000 0.000000 0.132130
0.040187 0.004466 0.680454 3.738802 177.697693
0.000000 0.006054 0.013443 0.000000 0.000000 0.000000
0.000000 0.000030 0.000017
6.841852 1.000000 0.000000
764.299377 0.000000
0.000000 0.000000 0.000000 0.000000
0.000000 1.103421
11 0.015000 1.695000 0.001000
0.487000 0.580000 0.780000 0.490000 1.250000 6.700000 0.650000 0.650000
187499.984375 75.360001 0.084000
1.073000 0.050000 0.116600
0.161589 0.094865 0.000528 0.000000
0.000000

0.000000 0.000000 0.132646
0.040200 0.004467 0.680721 3.740052 177.708008
0.000000 0.006026 0.013373 0.000000 0.000000 0.000000
0.000000 0.000030 0.000017
6.865916 1.000000 0.000000
764.299377 0.000000
0.000000 0.000000 0.000000 0.000000
0.000000 1.103170
11 0.015000 1.710000 0.001000
0.487000 0.580000 0.780000 0.490000 1.250000 6.700000 0.650000 0.650000
187499.984375 75.360001 0.084000
1.073000 0.050000 0.116600
0.161606 0.094901 0.000529 0.000000
0.000000

0.000000 0.000000 0.133053
0.040211 0.004468 0.680932 3.741008 177.716660
0.000000 0.006019 0.013364 0.000000 0.000000 0.000000
0.000000 0.000030 0.000018
6.889772 1.000000 0.000000
764.299377 0.000000
0.000000 0.000000 0.000000 0.000000
0.000000 1.102930
11 0.015000 1.725000 0.001000
0.487000 0.580000 0.780000 0.490000 1.250000 6.700000 0.650000 0.650000
187499.984375 75.360001 0.084000
1.073000 0.050000 0.116600
0.161615 0.095006 0.000529 0.000000
0.000000

0.000000 0.000000 0.133532
0.040224 0.004470 0.681176 3.742137 177.726746
0.000000 0.005998 0.013351 0.000000 0.000000 0.000000
0.000000 0.000030 0.000018
6.913408 1.000000 0.000000
764.299377 0.000000
0.000000 0.000000 0.000000 0.000000
0.000000 1.102690
11 0.015000 1.740000 0.001000
0.487000 0.580000 0.780000 0.490000 1.250000 6.700000 0.650000 0.650000
187499.984375 75.360001 0.084000
1.073000 0.050000 0.116600
0.161629 0.095084 0.000530 0.000000
0.000000

0.000000 0.000000 0.135057
0.040263 0.004474 0.681870 3.745751 177.747574
0.000000 0.005982 0.013302 0.000000 0.000000 0.000000
0.000000 0.000030 0.000018
6.936814 1.000000 0.000000
764.299377 0.000000
0.000000 0.000000 0.000000 0.000000
0.000000 1.102545
11 0.015000 1.755000 0.001000
0.487000 0.580000 0.780000 0.490000 1.250000 6.700000 0.650000 0.650000
187499.984375 75.360001 0.084000
1.073000 0.050000 0.116600
0.161670 0.094991 0.000529 0.000000
0.000000

0.000000 0.000000 0.137479
0.040325 0.004481 0.682944 3.751433 177.768448
0.000000 0.005956 0.013260 0.000000 0.000000 0.000000
0.000000 0.000030 0.000018
6.959979 1.000000 0.000000
764.299377 0.000000
0.000000 0.000000 0.000000 0.000000
0.000000 1.102470
11 0.015000 1.770000 0.001000
0.487000 0.580000 0.780000 0.490000 1.250000 6.700000 0.650000 0.650000
187499.984375 75.360001 0.084000
1.073000 0.050000 0.116600
0.161735 0.094896 0.000529 0.000000
0.000000

0.000000 0.000000 0.138329
0.040346 0.004483 0.683337 3.753402 177.779053
0.000000 0.005942 0.013224 0.000000 0.000000 0.000000
0.000000 0.000030 0.000018
6.982895 1.000000 0.000000
764.299377 0.000000
0.000000 0.000000 0.000000 0.000000
0.000000 1.102275
11 0.015000 1.785000 0.001000
0.487000 0.580000 0.780000 0.490000 1.250000 6.700000 0.650000 0.650000
187499.984375 75.360001 0.084000
1.073000 0.050000 0.116600
0.161754 0.095200 0.000530 0.000000
0.000000

0.000000 0.000000 0.139642
0.040379 0.004487 0.683924 3.756418 177.790314
0.000000 0.005919 0.013167 0.000000 0.000000 0.000000
0.000000 0.000030 0.000018
7.005551 1.000000 0.000000
764.299377 0.000000
0.000000 0.000000 0.000000 0.000000
0.000000 1.102120
11 0.015000 1.800000 0.001000
0.487000 0.580000 0.780000 0.490000 1.250000 6.700000 0.650000 0.650000
187499.984375 75.360001 0.084000
1.073000 0.050000 0.116600
0.161787 0.094968 0.000529 0.000000
0.000000

0.000000 0.000000 0.140157
0.040392 0.004489 0.684174 3.757594 177.800140
0.000000 0.005900 0.013144 0.000000 0.000000 0.000000
0.000000 0.000030 0.000019
7.027942 1.000000 0.000000
764.299377 0.000000
0.000000 0.000000 0.000000 0.000000
0.000000 1.101891
11 0.015000 1.815000 0.001000
0.487000 0.580000 0.780000 0.490000 1.250000 6.700000 0.650000 0.650000
187499.984375 75.360001 0.084000
1.073000 0.050000 0.116600
0.161803 0.095048 0.000529 0.000000
0.000000

0.000000 0.000000 0.141128
0.040416 0.004491 0.684607 3.759775 177.810516
0.000000 0.005878 0.013106 0.000000 0.000000 0.000000
0.000000 0.000030 0.000019
7.050058 1.000000 0.000000
764.299377 0.000000
0.000000 0.000000 0.000000 0.000000
0.000000 1.101706
11 0.015000 1.830000 0.001000
0.487000 0.580000 0.780000 0.490000 1.250000 6.700000 0.650000 0.650000
187499.984375 75.360001 0.084000
1.073000 0.050000 0.116600
0.161826 0.095020 0.000529 0.000000
0.000000

0.000000 0.000000 0.141551
0.040426 0.004492 0.684813 3.760704 177.818680
0.000000 0.005859 0.013059 0.000000 0.000000 0.000000
0.000000 0.000030 0.000019
7.071896 1.000000 0.000000
764.299377 0.000000
0.000000 0.000000 0.000000 0.000000
0.000000 1.101487
11 0.015000 1.845000 0.001000
0.487000 0.580000 0.780000 0.490000 1.250000 6.700000 0.650000 0.650000
187499.984375 75.360001 0.084000
1.073000 0.050000 0.116600
0.161839 0.095099 0.000530 0.000000
0.000000

0.000000 0.000000 0.141997
0.040437 0.004494 0.685031 3.761699 177.826447
0.000000 0.005835 0.013013 0.000000 0.000000 0.000000
0.000000 0.000029 0.000019
7.093447 1.000000 0.000000
764.299377 0.000000
0.000000 0.000000 0.000000 0.000000
0.000000 1.101272
11 0.015000 1.860000 0.001000
0.487000 0.580000 0.780000 0.490000 1.250000 6.700000 0.650000 0.650000
187499.984375 75.360001 0.084000
1.073000 0.050000 0.116600
0.161849 0.094958 0.000529 0.000000
0.000000

0.000000 0.000000 0.142500
0.040449 0.004495 0.685267 3.762802 177.835159
0.000000 0.005816 0.012951 0.000000 0.000000 0.000000
0.000000 0.000029 0.000019
7.114708 1.000000 0.000000
764.299377 0.000000
0.000000 0.000000 0.000000 0.000000
0.000000 1.101070
11 0.015000 1.875000 0.001000
0.487000 0.580000 0.780000 0.490000 1.250000 6.700000 0.650000 0.650000
187499.984375 75.360001 0.084000
1.073000 0.050000 0.116600
0.161864 0.095090 0.000530 0.000000
0.000000

0.000000 0.000000 0.142944
0.040460 0.004496 0.685483 3.763792 177.843872
0.000000 0.005805 0.012940 0.000000 0.000000 0.000000
0.000000 0.000029 0.000019
7.135674 1.000000 0.000000
764.299377 0.000000
0.000000 0.000000 0.000000 0.000000
0.000000 1.100876
11 0.015000 1.890000 0.001000
0.487000 0.580000 0.780000 0.490000 1.250000 6.700000 0.650000 0.650000
187499.984375 75.360001 0.084000
1.073000 0.050000 0.116600
0.161871 0.095277 0.000531 0.000000
0.000000

0.000000 0.000000 0.143408
0.040472 0.004497 0.685706 3.764828 177.853165
0.000000 0.005786 0.012888 0.000000 0.000000 0.000000
0.000000 0.000029 0.000019
7.156343 1.000000 0.000000
764.299377 0.000000
0.000000 0.000000 0.000000 0.000000
0.000000 1.100693
11 0.015000 1.905000 0.001000
0.487000 0.580000 0.780000 0.490000 1.250000 6.700000 0.650000 0.650000
187499.984375 75.360001 0.084000
1.073000 0.050000 0.116600
0.161885 0.094969 0.000529 0.000000
0.000000

0.000000 0.000000 0.143844
0.040483 0.004499 0.685919 3.765809 177.861771
0.000000 0.005761 0.012829 0.000000 0.000000 0.000000
0.000000 0.000029 0.000020
7.176710 1.000000 0.000000
764.299377 0.000000
0.000000 0.000000 0.000000 0.000000
0.000000 1.100511
11 0.015000 1.920000 0.001000
0.487000 0.580000 0.780000 0.490000 1.250000 6.700000 0.650000 0.650000
187499.984375 75.360001 0.084000
1.073000 0.050000 0.116600
0.161898 0.094953 0.000529 0.000000
0.000000

0.000000 0.000000 0.144255
0.040492 0.004500 0.686110 3.766664 177.870346
0.000000 0.005749 0.012805 0.000000 0.000000 0.000000
0.000000 0.000029 0.000020
7.196774 1.000000 0.000000
764.299377 0.000000
0.000000 0.000000 0.000000 0.000000
0.000000 1.100334
11 0.015000 1.935000 0.001000
0.487000 0.580000 0.780000 0.490000 1.250000 6.700000 0.650000 0.650000
187499.984375 75.360001 0.084000
1.073000 0.050000 0.116600
0.161904 0.095032 0.000529 0.000000
0.000000

0.000000 0.000000 0.144662
0.040502 0.004501 0.686309 3.767566 177.878693
0.000000 0.005733 0.012791 0.000000 0.000000 0.000000
0.000000 0.000029 0.000020
7.216534 1.000000 0.000000
764.299377 0.000000
0.000000 0.000000 0.000000 0.000000
0.000000 1.100164
11 0.015000 1.950000 0.001000
0.487000 0.580000 0.780000 0.490000 1.250000 6.700000 0.650000 0.650000
187499.984375 75.360001 0.084000
1.073000 0.050000 0.116600
0.161914 0.095337 0.000531 0.000000
0.000000

0.000000 0.000000 0.145129
0.040513 0.004502 0.686525 3.768564 177.887787
0.000000 0.005716 0.012744 0.000000 0.000000 0.000000
0.000000 0.000029 0.000020
7.235989 1.000000 0.000000
764.299377 0.000000
0.000000 0.000000 0.000000 0.000000
0.000000 1.100004
11 0.015000 1.965000 0.001000
0.487000 0.580000 0.780000 0.490000 1.250000 6.700000 0.650000 0.650000
187499.984375 75.360001 0.084000
1.073000 0.050000 0.116600
0.161929 0.095221 0.000530 0.000000
0.000000

0.000000 0.000000 0.146082
0.040536 0.004505 0.686935 3.770625 177.897964
0.000000 0.005692 0.012708 0.000000 0.000000 0.000000
0.000000 0.000029 0.000020
7.255137 1.000000 0.000000
764.299377 0.000000
0.000000 0.000000 0.000000 0.000000
0.000000 1.099896
11 0.015000 1.980000 0.001000
0.487000 0.580000 0.780000 0.490000 1.250000 6.700000 0.650000 0.650000
187499.984375 75.360001 0.084000
1.073000 0.050000 0.116600
0.161948 0.095245 0.000530 0.000000
0.000000

0.000000 0.000000 0.146644
0.040549 0.004506 0.687189 3.771835 177.906860
0.000000 0.014940 0.012762 0.000000 0.000000 0.000000
0.000000 0.000043 0.000009
7.273980 1.000000 0.000000
764.299377 0.000000
0.000000 0.000000 0.000000 0.000000
0.000000 1.099722
11 0.015000 1.995000 0.001000
0.487000 0.580000 0.780000 0.490000 1.250000 6.700000 0.650000 0.650000
187499.984375 75.360001 0.084000
1.073000 0.050000 0.116600
0.161963 0.095343 0.000531 0.000000
0.000000
1.000000
2.000000
0.321000 0.000000
0.000000
0
-0.705000
0 0
0.000000
1
0.000000
1.000000
1.000000
1.000000
0.000000 0.000000 0.000000
0.000000 0.000000
0.000000 0.000000 0.000000 0.000000 0.000000 0.000000 0.000000
0.000000 0.000000 0.000000 0.000000 0.000000 0.000000 0.000000
240
2.000000
1
C:\Kingsite\dnd\Ohio1.spf
-1.000000 -1.000000
0.000000
47
47
10.000000
99
