11
Clay
0.580000 0.612000 0.084000 0.780000 0.530000 1.000000 0.000000 0.000000
1.020000 6.700000 1 0.028600 0.500000 0.050000 0.010000 0.027000 0.963000
0.000000 0.015000 2.000000 152999.984375 75.360001 133
0.103800 3.528000 4.728100 0.000000 1
8.234000 8.234000 10.000000 5.000000 25.000000 100.000000
0.000000 0.000000 0.000000 0.000000 230.041565 340.357269
500.000000 0.000000 0.000000

0.000543 446.871765 820.090149
8.851515 1.517070 67.721046 611.951538 3637.611328
0.000000 0.000000 0.018556 0.948404 0.000000 0.000000
0.000012 0.000002 0.000860
2.452220 0.770412 0.000000
764.299377 0.000000
2.505869 0.000000 0.000000 0.000000
0.000000 0.114842
11 0.015000 0.015000 0.028600
0.612000 0.580000 0.780000 0.530000 1.020000 6.700000 0.780000 0.780000
152999.984375 75.360001 0.084000
1.073000 0.050000 0.116600
2.519274 27.041491 0.238262 0.000000
0.000000

0.000866 10.466207 95.350647
5.882037 1.063255 69.206268 598.692810 3718.269043
0.000000 0.000000 0.009330 0.476582 0.000000 0.000000
0.000010 0.000001 0.000605
2.517430 0.770412 0.000000
764.299377 0.000000
0.624414 0.000000 0.000000 0.000000
0.000000 0.040339
11 0.015000 0.030000 0.028600
0.612000 0.580000 0.780000 0.530000 1.020000 6.700000 0.780000 0.780000
152999.984375 75.360001 0.084000
1.073000 0.050000 0.116600
2.579549 7.378253 0.052344 0.000000
0.000000

0.001099 7.906674 86.854584
5.904109 1.006225 70.815651 598.438721 3718.248779
0.000000 0.000000 0.004719 0.240768 0.000000 0.000000
0.000010 0.000001 0.000438
2.582211 0.770412 0.000000
764.299377 0.000000
0.560704 0.000000 0.000000 0.000000
0.000000 0.038201
11 0.015000 0.045000 0.028600
0.612000 0.580000 0.780000 0.530000 1.020000 6.700000 0.780000 0.780000
152999.984375 75.360001 0.084000
1.073000 0.050000 0.116600
2.581882 7.176285 0.050808 0.000000
0.000000

0.001291 7.371812 82.632851
5.933627 0.963315 71.923759 598.280945 3718.235596
0.000000 0.000000 0.002412 0.122778 0.000000 0.000000
0.000008 0.000001 0.000333
2.646354 0.770412 0.000000
764.299377 0.000000
0.489063 0.000000 0.000000 0.000000
0.000000 0.036978
11 0.015000 0.060000 0.028600
0.612000 0.580000 0.780000 0.530000 1.020000 6.700000 0.780000 0.780000
152999.984375 75.360001 0.084000
1.073000 0.050000 0.116600
2.583460 7.461158 0.052976 0.000000
0.000000

0.001453 6.866456 78.635925
5.974282 0.930359 72.789749 598.471313 3718.242188
0.000000 0.000000 0.001234 0.062429 0.000000 0.000000
0.000007 0.000000 0.000192
2.709659 0.770412 0.000000
764.299377 0.000000
0.039437 0.000000 0.000000 0.000000
0.000000 0.042580
11 0.015000 0.075000 0.028600
0.612000 0.580000 0.780000 0.530000 1.020000 6.700000 0.780000 0.780000
152999.984375 75.360001 0.084000
1.073000 0.050000 0.116600
2.584627 7.103326 0.050254 0.000000
0.000000

0.001591 6.381556 74.879120
6.014104 0.899585 73.430573 598.313721 3718.224609
0.000000 0.000000 0.001261 0.031214 0.000000 0.000000
0.000006 0.000000 0.000173
2.771934 0.770412 0.000000
764.299377 0.000000
0.001540 0.000000 0.000000 0.000000
0.000000 0.041697
11 0.015000 0.090000 0.028600
0.612000 0.580000 0.780000 0.530000 1.020000 6.700000 0.780000 0.780000
152999.984375 75.360001 0.084000
1.073000 0.050000 0.116600
2.585524 7.373473 0.052307 0.000000
0.000000

0.008011 7.359528 127.808212
6.219595 0.886132 96.706268 594.341248 3713.828857
0.000000 0.000216 0.002656 0.015607 0.000000 0.000000
0.000005 0.000000 0.000160
2.832999 0.770412 0.000000
764.299377 0.000000
0.000000 0.000000 0.000000 0.000000
0.000000 0.075664
11 0.015000 0.105000 0.028600
0.612000 0.580000 0.780000 0.530000 1.020000 6.700000 0.780000 0.780000
152999.984375 75.360001 0.084000
1.073000 0.050000 0.116600
2.613971 7.208585 0.051053 0.000000
0.000000

0.007745 5.511549 113.422325
2.710908 0.359640 41.998959 247.581131 2893.014893
0.000000 0.000013 0.000813 0.007804 0.000000 0.000000
0.000001 0.000000 0.000050
2.896853 0.639376 0.000000
764.299377 0.000000
0.000000 0.000000 0.000000 0.000000
0.000000 0.098555
11 0.015000 0.120000 0.018000
0.547000 0.580000 0.780000 0.490000 1.150000 6.700000 0.650000 0.650000
172500.000000 75.360001 0.084000
1.073000 0.050000 0.116600
2.508480 8.254599 0.038510 0.000000
0.000000

0.007443 5.088070 105.888214
2.577235 0.323243 39.744972 233.934280 2893.537842
0.000000 0.000047 0.000972 0.003902 0.000000 0.000000
0.000001 0.000000 0.000059
2.964021 0.639376 0.000000
764.299377 0.000000
0.000000 0.000000 0.000000 0.000000
0.000000 0.093506
11 0.015000 0.135000 0.018000
0.547000 0.580000 0.780000 0.490000 1.150000 6.700000 0.650000 0.650000
172500.000000 75.360001 0.084000
1.073000 0.050000 0.116600
2.513326 8.541515 0.039950 0.000000
0.000000

0.007233 4.698253 99.085846
2.452967 0.290824 37.648190 221.128296 2894.027832
0.000000 0.000044 0.000884 0.001951 0.000000 0.000000
0.000001 0.000001 0.000061
3.029562 0.639376 0.000000
764.299377 0.000000
0.000000 0.000000 0.000000 0.000000
0.000000 0.086946
11 0.015000 0.150000 0.018000
0.547000 0.580000 0.780000 0.490000 1.150000 6.700000 0.650000 0.650000
172500.000000 75.360001 0.084000
1.073000 0.050000 0.116600
2.517831 8.619970 0.040346 0.000000
0.000000

0.006889 15.979955 93.212631
2.438023 0.282128 37.514862 220.079605 2895.236816
0.000000 0.000000 0.000692 0.000975 0.000000 0.000000
0.000001 0.000001 0.000048
3.093342 0.639376 0.000000
764.299377 0.000000
0.000000 0.000000 0.000000 0.000000
0.000000 0.105000
11 0.015000 0.165000 0.018000
0.547000 0.580000 0.780000 0.490000 1.150000 6.700000 0.650000 0.650000
172500.000000 75.360001 0.084000
1.073000 0.050000 0.116600
2.522195 9.595160 0.045307 0.000000
0.000000

0.006557 14.923508 86.931717
2.311464 0.261015 35.544064 208.271927 2895.733643
0.000000 0.000004 0.000668 0.000488 0.000000 0.000000
0.000000 0.000001 0.000049
3.155245 0.639376 0.000000
764.299377 0.000000
0.000000 0.000000 0.000000 0.000000
0.000000 0.099354
11 0.015000 0.180000 0.018000
0.547000 0.580000 0.780000 0.490000 1.150000 6.700000 0.650000 0.650000
172500.000000 75.360001 0.084000
1.073000 0.050000 0.116600
2.525978 9.690303 0.045795 0.000000
0.000000

0.006189 13.902822 80.995293
2.191615 0.243893 33.695637 197.278763 2896.164062
0.000000 0.000000 0.000620 0.000244 0.000000 0.000000
0.000000 0.000004 0.000053
3.215172 0.639376 0.000000
764.299377 0.000000
0.000000 0.000000 0.000000 0.000000
0.000000 0.089413
11 0.015000 0.195000 0.018000
0.547000 0.580000 0.780000 0.490000 1.150000 6.700000 0.650000 0.650000
172500.000000 75.360001 0.084000
1.073000 0.050000 0.116600
2.529246 9.562951 0.045142 0.000000
0.000000

0.005531 12.566456 73.258263
2.058867 0.229119 31.657969 185.588516 2892.834717
0.000000 0.000002 0.000582 0.000122 0.000000 0.000000
0.000000 0.000004 0.000051
3.272901 0.650000 0.000000
764.299377 0.000000
0.000000 0.000000 0.000000 0.000000
0.000000 0.083731
11 0.015000 0.210000 0.018000
0.547000 0.580000 0.780000 0.490000 1.150000 6.700000 0.650000 0.650000
172500.000000 75.360001 0.084000
1.073000 0.050000 0.116600
2.520535 7.936381 0.037519 0.000000
0.000000

0.005199 11.635560 68.844337
1.695081 0.188635 26.028440 152.481873 1514.701904
0.000000 0.000000 0.000480 0.000061 0.000000 0.000000
0.000000 0.000001 0.000017
3.328843 0.650000 0.000000
764.299377 0.000000
0.000000 0.000000 0.000000 0.000000
0.000000 0.068627
11 0.015000 0.225000 0.009000
0.527000 0.580000 0.780000 0.490000 1.200000 6.700000 0.650000 0.650000
180000.015625 75.360001 0.084000
1.073000 0.050000 0.116600
1.316058 8.137638 0.035477 0.000000
0.000000

0.004887 10.844484 63.970303
1.591734 0.177135 24.504618 143.457047 1514.368408
0.000000 0.000000 0.000429 0.000030 0.000000 0.000000
0.000000 0.000001 0.000014
3.383044 0.650000 0.000000
764.299377 0.000000
0.000000 0.000000 0.000000 0.000000
0.000000 0.060937
11 0.015000 0.240000 0.009000
0.527000 0.580000 0.780000 0.490000 1.200000 6.700000 0.650000 0.650000
180000.015625 75.360001 0.084000
1.073000 0.050000 0.116600
1.316994 7.817228 0.033987 0.000000
0.000000

0.004579 10.093694 59.411694
1.498114 0.166718 23.088377 135.090637 1514.065186
0.000000 0.000000 0.000414 0.000015 0.000000 0.000000
0.000000 0.000001 0.000013
3.435003 0.650000 0.000000
764.299377 0.000000
0.000000 0.000000 0.000000 0.000000
0.000000 0.057723
11 0.015000 0.255000 0.009000
0.527000 0.580000 0.780000 0.490000 1.200000 6.700000 0.650000 0.650000
180000.015625 75.360001 0.084000
1.073000 0.050000 0.116600
1.317867 7.227645 0.031268 0.000000
0.000000

0.004275 9.394197 55.157566
1.411371 0.157067 21.768961 127.324684 1513.800781
0.000000 0.000000 0.000413 0.000008 0.000000 0.000000
0.000000 0.000001 0.000010
3.484722 0.650000 0.000000
764.299377 0.000000
0.000000 0.000000 0.000000 0.000000
0.000000 0.054531
11 0.015000 0.270000 0.009000
0.527000 0.580000 0.780000 0.490000 1.200000 6.700000 0.650000 0.650000
180000.015625 75.360001 0.084000
1.073000 0.050000 0.116600
1.318636 6.733883 0.029012 0.000000
0.000000

0.003999 8.742024 51.223446
1.330765 0.148099 20.542990 120.100632 1513.532227
0.000000 0.000000 0.000383 0.000004 0.000000 0.000000
0.000000 0.000001 0.000009
3.532222 0.650000 0.000000
764.299377 0.000000
0.000000 0.000000 0.000000 0.000000
0.000000 0.051400
11 0.015000 0.285000 0.009000
0.527000 0.580000 0.780000 0.490000 1.200000 6.700000 0.650000 0.650000
180000.015625 75.360001 0.084000
1.073000 0.050000 0.116600
1.319327 6.463090 0.027781 0.000000
0.000000

0.003737 8.134727 47.589428
1.256378 0.139823 19.403776 113.394897 1513.325684
0.000000 0.000000 0.000400 0.000002 0.000000 0.000000
0.000000 0.000001 0.000008
3.577544 0.650000 0.000000
764.299377 0.000000
0.000000 0.000000 0.000000 0.000000
0.000000 0.048845
11 0.015000 0.300000 0.009000
0.527000 0.580000 0.780000 0.490000 1.200000 6.700000 0.650000 0.650000
180000.015625 75.360001 0.084000
1.073000 0.050000 0.116600
1.320022 6.047033 0.025903 0.000000
0.000000

0.003489 7.565705 44.196888
1.189263 0.132355 18.344696 107.164490 1513.122559
0.000000 0.000000 0.000354 0.000001 0.000000 0.000000
0.000000 0.000001 0.000009
3.620746 0.650000 0.000000
764.299377 0.000000
0.000000 0.000000 0.000000 0.000000
0.000000 0.050276
11 0.015000 0.315000 0.009000
0.527000 0.580000 0.780000 0.490000 1.200000 6.700000 0.650000 0.650000
180000.015625 75.360001 0.084000
1.073000 0.050000 0.116600
1.320651 5.684351 0.024276 0.000000
0.000000

0.003257 7.034021 41.368252
1.057109 0.117649 16.301203 95.191437 1157.273804
0.000000 0.000000 0.000309 0.000000 0.000000 0.000000
0.000000 0.000000 0.000004
3.662452 0.650000 0.000000
764.299377 0.000000
0.000000 0.000000 0.000000 0.000000
0.000000 0.044720
11 0.015000 0.330000 0.006600
0.497000 0.580000 0.780000 0.490000 1.250000 6.700000 0.650000 0.650000
187499.984375 75.360001 0.084000
1.073000 0.050000 0.116600
1.009271 5.786090 0.022347 0.000000
0.000000

0.003036 6.537923 38.373886
0.999052 0.111190 15.385972 89.818909 1157.044922
0.000000 0.000000 0.000306 0.000000 0.000000 0.000000
0.000000 0.000000 0.000005
3.702719 0.650000 0.000000
764.299377 0.000000
0.000000 0.000000 0.000000 0.000000
0.000000 0.045664
11 0.015000 0.345000 0.006600
0.497000 0.580000 0.780000 0.490000 1.250000 6.700000 0.650000 0.650000
187499.984375 75.360001 0.084000
1.073000 0.050000 0.116600
1.009687 5.555161 0.021416 0.000000
0.000000

0.002825 6.076253 35.596733
0.944941 0.105169 14.535383 84.834137 1156.820679
0.000000 0.000000 0.000287 0.000000 0.000000 0.000000
0.000000 0.000000 0.000005
3.741094 0.650000 0.000000
764.299377 0.000000
0.000000 0.000000 0.000000 0.000000
0.000000 0.046131
11 0.015000 0.360000 0.006600
0.497000 0.580000 0.780000 0.490000 1.250000 6.700000 0.650000 0.650000
187499.984375 75.360001 0.084000
1.073000 0.050000 0.116600
1.010106 5.146839 0.019778 0.000000
0.000000

0.002630 5.646045 33.012966
0.895342 0.099650 13.744088 80.195808 1156.669678
0.000000 0.000004 0.000346 0.000000 0.000000 0.000000
0.000000 0.000000 0.000010
3.777695 0.650000 0.000000
764.299377 0.000000
0.000000 0.000000 0.000000 0.000000
0.000000 0.047792
11 0.015000 0.375000 0.006600
0.497000 0.580000 0.780000 0.490000 1.250000 6.700000 0.650000 0.650000
187499.984375 75.360001 0.084000
1.073000 0.050000 0.116600
1.010433 4.817706 0.018465 0.000000
0.000000

0.002448 5.245731 30.626867
0.846959 0.094267 13.009197 75.890144 1156.511963
0.000000 0.000030 0.000595 0.000000 0.000000 0.000000
0.000000 0.000000 0.000017
3.812654 0.650000 0.000000
764.299377 0.000000
0.000000 0.000000 0.000000 0.000000
0.000000 0.045444
11 0.015000 0.390000 0.006600
0.497000 0.580000 0.780000 0.490000 1.250000 6.700000 0.650000 0.650000
187499.984375 75.360001 0.084000
1.073000 0.050000 0.116600
1.010755 4.457270 0.017035 0.000000
0.000000

0.002276 4.872039 28.408583
0.801964 0.089260 12.325686 71.889534 1156.368042
0.000000 0.000059 0.000833 0.000000 0.000000 0.000000
0.000000 0.000000 0.000024
3.846112 0.650000 0.000000
764.299377 0.000000
0.000000 0.000000 0.000000 0.000000
0.000000 0.043215
11 0.015000 0.405000 0.006600
0.497000 0.580000 0.780000 0.490000 1.250000 6.700000 0.650000 0.650000
187499.984375 75.360001 0.084000
1.073000 0.050000 0.116600
1.011029 4.196288 0.016005 0.000000
0.000000

0.002114 4.524383 27.328955
0.652611 0.072638 9.949465 58.022186 580.070312
0.000000 0.000002 0.000243 0.000000 0.000000 0.000000
0.000000 0.000000 0.000006
3.878360 0.650000 0.000000
764.299377 0.000000
0.000000 0.000000 0.000000 0.000000
0.000000 0.041161
11 0.015000 0.420000 0.003300
0.487000 0.580000 0.780000 0.490000 1.250000 6.700000 0.650000 0.650000
187499.984375 75.360001 0.084000
1.073000 0.050000 0.116600
0.505639 4.026643 0.015028 0.000000
0.000000

0.001965 4.202072 25.201002
0.613902 0.068331 9.364282 54.600307 579.862427
0.000000 0.000005 0.000285 0.000000 0.000000 0.000000
0.000000 0.000000 0.000006
3.909561 0.650000 0.000000
764.299377 0.000000
0.000000 0.000000 0.000000 0.000000
0.000000 0.039062
11 0.015000 0.435000 0.003300
0.487000 0.580000 0.780000 0.490000 1.250000 6.700000 0.650000 0.650000
187499.984375 75.360001 0.084000
1.073000 0.050000 0.116600
0.505761 3.748862 0.013961 0.000000
0.000000

0.001826 3.902378 23.249063
0.577950 0.064330 8.820638 51.422989 579.686584
0.000000 0.000027 0.000641 0.000000 0.000000 0.000000
0.000000 0.000000 0.000011
3.939719 0.650000 0.000000
764.299377 0.000000
0.000000 0.000000 0.000000 0.000000
0.000000 0.037089
11 0.015000 0.450000 0.003300
0.487000 0.580000 0.780000 0.490000 1.250000 6.700000 0.650000 0.650000
187499.984375 75.360001 0.084000
1.073000 0.050000 0.116600
0.505878 3.478168 0.012926 0.000000
0.000000

0.001696 3.622755 21.453827
0.544532 0.060611 8.315359 48.470634 579.539673
0.000000 0.000064 0.001133 0.000000 0.000000 0.000000
0.000000 0.000000 0.000014
3.968989 0.650000 0.000000
764.299377 0.000000
0.000000 0.000000 0.000000 0.000000
0.000000 0.035225
11 0.015000 0.465000 0.003300
0.487000 0.580000 0.780000 0.490000 1.250000 6.700000 0.650000 0.650000
187499.984375 75.360001 0.084000
1.073000 0.050000 0.116600
0.505976 3.159130 0.011711 0.000000
0.000000

0.001575 3.363478 19.834761
0.513449 0.057153 7.844887 45.722874 579.389282
0.000000 0.000112 0.001655 0.000000 0.000000 0.000000
0.000000 0.000000 0.000014
3.997524 0.650000 0.000000
764.299377 0.000000
0.000000 0.000000 0.000000 0.000000
0.000000 0.033481
11 0.015000 0.480000 0.003300
0.487000 0.580000 0.780000 0.490000 1.250000 6.700000 0.650000 0.650000
187499.984375 75.360001 0.084000
1.073000 0.050000 0.116600
0.506089 2.897642 0.010720 0.000000
0.000000

0.001462 3.122335 18.343813
0.484557 0.053937 7.407538 43.169525 579.244751
0.000000 0.000168 0.002239 0.000000 0.000000 0.000000
0.000000 0.000000 0.000014
4.025477 0.650000 0.000000
764.299377 0.000000
0.000000 0.000000 0.000000 0.000000
0.000000 0.031825
11 0.015000 0.495000 0.003300
0.487000 0.580000 0.780000 0.490000 1.250000 6.700000 0.650000 0.650000
187499.984375 75.360001 0.084000
1.073000 0.050000 0.116600
0.506192 2.694685 0.009953 0.000000
0.000000

0.001357 2.898524 16.977255
0.457702 0.050949 7.000998 40.796474 579.135498
0.000000 0.000224 0.002835 0.000000 0.000000 0.000000
0.000000 0.000000 0.000014
4.052995 0.650000 0.000000
764.299377 0.000000
0.000000 0.000000 0.000000 0.000000
0.000000 0.030251
11 0.015000 0.510000 0.003300
0.487000 0.580000 0.780000 0.490000 1.250000 6.700000 0.650000 0.650000
187499.984375 75.360001 0.084000
1.073000 0.050000 0.116600
0.506286 2.506023 0.009243 0.000000
0.000000

0.001260 2.690679 22.339899
0.335635 0.037362 5.143520 29.970285 176.879440
0.000000 0.000000 0.000090 0.000000 0.000000 0.000000
0.000000 0.000000 0.000001
4.080221 0.650000 0.000000
764.299377 0.000000
0.000000 0.000000 0.000000 0.000000
0.000000 0.022904
11 0.015000 0.525000 0.001000
0.487000 0.580000 0.780000 0.490000 1.250000 6.700000 0.650000 0.650000
187499.984375 75.360001 0.084000
1.073000 0.050000 0.116600
0.153446 2.324636 0.008562 0.000000
0.000000

0.001169 2.496973 20.141819
0.315476 0.035119 4.837225 28.183392 176.759140
0.000000 0.000000 0.000091 0.000000 0.000000 0.000000
0.000000 0.000000 0.000000
4.107291 0.650000 0.000000
764.299377 0.000000
0.000000 0.000000 0.000000 0.000000
0.000000 0.021812
11 0.015000 0.540000 0.001000
0.487000 0.580000 0.780000 0.490000 1.250000 6.700000 0.650000 0.650000
187499.984375 75.360001 0.084000
1.073000 0.050000 0.116600
0.153469 2.158067 0.007938 0.000000
0.000000

0.001084 2.317559 18.076216
0.302490 0.033673 4.556199 26.544283 176.648468
0.000000 0.000000 0.000085 0.000000 0.000000 0.000000
0.000000 0.000000 0.000001
4.134336 0.650000 0.000000
764.299377 0.000000
0.000000 0.000000 0.000000 0.000000
0.000000 0.023175
11 0.015000 0.555000 0.001000
0.487000 0.580000 0.780000 0.490000 1.250000 6.700000 0.650000 0.650000
187499.984375 75.360001 0.084000
1.073000 0.050000 0.116600
0.153496 1.975480 0.007256 0.000000
0.000000

0.001006 2.150772 16.279287
0.279480 0.031113 4.286816 24.973269 176.550735
0.000000 0.000000 0.000081 0.000000 0.000000 0.000000
0.000000 0.000000 0.000000
4.161476 0.650000 0.000000
764.299377 0.000000
0.000000 0.000000 0.000000 0.000000
0.000000 0.020056
11 0.015000 0.570000 0.001000
0.487000 0.580000 0.780000 0.490000 1.250000 6.700000 0.650000 0.650000
187499.984375 75.360001 0.084000
1.073000 0.050000 0.116600
0.153518 1.817718 0.006668 0.000000
0.000000

0.000933 1.995856 14.800807
0.262675 0.029242 4.031182 23.482727 176.450546
0.000000 0.000000 0.000075 0.000000 0.000000 0.000000
0.000000 0.000000 0.000000
4.188824 0.650000 0.000000
764.299377 0.000000
0.000000 0.000000 0.000000 0.000000
0.000000 0.019102
11 0.015000 0.585000 0.001000
0.487000 0.580000 0.780000 0.490000 1.250000 6.700000 0.650000 0.650000
187499.984375 75.360001 0.084000
1.073000 0.050000 0.116600
0.153544 1.664778 0.006100 0.000000
0.000000

0.000865 1.852012 13.627647
0.248259 0.027638 3.786273 22.054726 176.357193
0.000000 0.000000 0.000070 0.000000 0.000000 0.000000
0.000000 0.000000 0.000000
4.216484 0.650000 0.000000
764.299377 0.000000
0.000000 0.000000 0.000000 0.000000
0.000000 0.018139
11 0.015000 0.600000 0.001000
0.487000 0.580000 0.780000 0.490000 1.250000 6.700000 0.650000 0.650000
187499.984375 75.360001 0.084000
1.073000 0.050000 0.116600
0.153566 1.507249 0.005516 0.000000
0.000000

0.000803 1.719062 12.033812
0.238343 0.026534 3.578905 20.845797 176.275131
0.000000 0.000022 0.000937 0.000000 0.000000 0.000000
0.000000 0.000000 0.000005
4.244549 0.650000 0.000000
764.299377 0.000000
0.000000 0.000000 0.000000 0.000000
0.000000 0.021450
11 0.015000 0.615000 0.001000
0.487000 0.580000 0.780000 0.490000 1.250000 6.700000 0.650000 0.650000
187499.984375 75.360001 0.084000
1.073000 0.050000 0.116600
0.153591 1.381395 0.005051 0.000000
0.000000

0.000744 1.595406 10.391685
0.225104 0.025061 3.393105 19.762716 176.214264
0.000000 0.005170 0.002941 0.000000 0.000000 0.000000
0.000000 0.000004 0.000001
4.273105 0.650000 0.000000
764.299377 0.000000
0.000000 0.000000 0.000000 0.000000
0.000000 0.019716
11 0.015000 0.630000 0.001000
0.487000 0.580000 0.780000 0.490000 1.250000 6.700000 0.650000 0.650000
187499.984375 75.360001 0.084000
1.073000 0.050000 0.116600
0.153607 1.254151 0.004581 0.000000
0.000000

0.000692 1.481146 8.998003
0.211642 0.023560 3.210780 18.698475 176.165405
0.000000 0.058403 0.004677 0.000000 0.000000 0.000000
0.000000 0.000003 0.000000
4.302226 0.650000 0.000000
764.299377 0.000000
0.000000 0.000000 0.000000 0.000000
0.000000 0.265909
11 0.015000 0.645000 0.001000
0.487000 0.580000 0.780000 0.490000 1.250000 6.700000 0.650000 0.650000
187499.984375 75.360001 0.084000
1.073000 0.050000 0.116600
0.153629 1.946134 0.007146 0.000000
0.000000

0.000656 1.384181 8.122249
0.195484 0.021749 3.027453 17.611570 176.112411
0.000000 0.142119 0.002796 0.000000 0.000000 0.000000
0.000000 0.000005 0.000000
4.331975 0.650000 0.000000
764.299377 0.000000
0.000000 0.000000 0.000000 0.000000
0.000000 0.366373
11 0.015000 0.660000 0.001000
0.487000 0.580000 0.780000 0.490000 1.250000 6.700000 0.650000 0.650000
187499.984375 75.360001 0.084000
1.073000 0.050000 0.116600
0.153695 2.140131 0.007871 0.000000
0.000000

0.000611 1.288144 7.486914
0.183962 0.020467 2.850734 16.579538 176.055359
0.000000 0.207780 0.006339 0.000000 0.000000 0.000000
0.000000 0.000004 0.000000
4.362410 0.650000 0.000000
764.299377 0.000000
0.000000 0.000000 0.000000 0.000000
0.000000 0.666939
11 0.015000 0.675000 0.001000
0.487000 0.580000 0.780000 0.490000 1.250000 6.700000 0.650000 0.650000
187499.984375 75.360001 0.084000
1.073000 0.050000 0.116600
0.153765 2.171037 0.007986 0.000000
0.000000

0.000575 1.201713 6.963898
0.172585 0.019199 2.685798 15.613691 175.999344
0.000000 0.112530 0.008440 0.000000 0.000000 0.000000
0.000000 0.000007 0.000000
4.393573 0.650000 0.000000
764.299377 0.000000
0.000000 0.000000 0.000000 0.000000
0.000000 0.566694
11 0.015000 0.690000 0.001000
0.487000 0.580000 0.780000 0.490000 1.250000 6.700000 0.650000 0.650000
187499.984375 75.360001 0.084000
1.073000 0.050000 0.116600
0.153847 2.115815 0.007780 0.000000
0.000000

0.000538 1.119756 6.484564
0.162670 0.018096 2.532211 14.718962 175.956741
0.000000 0.106465 0.009161 0.000000 0.000000 0.000000
0.000000 0.000007 0.000000
4.425504 0.650000 0.000000
764.299377 0.000000
0.000000 0.000000 0.000000 0.000000
0.000000 0.614598
11 0.015000 0.705000 0.001000
0.487000 0.580000 0.780000 0.490000 1.250000 6.700000 0.650000 0.650000
187499.984375 75.360001 0.084000
1.073000 0.050000 0.116600
0.153929 2.336508 0.008606 0.000000
0.000000

0.000503 1.048997 6.067740
0.153617 0.017090 2.391943 13.900156 175.922104
0.000000 0.114377 0.010494 0.000000 0.000000 0.000000
0.000000 0.000008 0.000000
4.458230 0.650000 0.000000
764.299377 0.000000
0.000000 0.000000 0.000000 0.000000
0.000000 0.597529
11 0.015000 0.720000 0.001000
0.487000 0.580000 0.780000 0.490000 1.250000 6.700000 0.650000 0.650000
187499.984375 75.360001 0.084000
1.073000 0.050000 0.116600
0.154102 2.850025 0.010540 0.000000
0.000000

0.000585 1.055361 5.875288
0.145364 0.016170 2.282468 13.162805 175.976471
0.000000 0.076059 0.013737 0.000000 0.000000 0.000000
0.000000 0.000014 0.000000
4.491769 0.650000 0.000000
764.299377 0.000000
0.000000 0.000000 0.000000 0.000000
0.000000 0.491871
11 0.015000 0.735000 0.001000
0.487000 0.580000 0.780000 0.490000 1.250000 6.700000 0.650000 0.650000
187499.984375 75.360001 0.084000
1.073000 0.050000 0.116600
0.154776 3.143218 0.011653 0.000000
0.000000

0.000000 0.470717 7.279481
0.093189 0.010363 1.477467 8.392418 176.832153
0.000000 0.039120 0.015994 0.000000 0.000000 0.000000
0.000000 0.000028 0.000001
4.522817 0.984590 0.000000
764.299377 0.000000
0.000000 0.000000 0.000000 0.000000
0.000000 0.337025
11 0.015000 0.750000 0.001000
0.487000 0.580000 0.780000 0.490000 1.250000 6.700000 0.650000 0.650000
187499.984375 75.360001 0.084000
1.073000 0.050000 0.116600
0.159650 0.336515 0.001849 0.000000
0.000000

0.000000 0.450994 7.074529
0.089325 0.009933 1.424630 8.041180 177.057205
0.000000 0.024314 0.016214 0.000000 0.000000 0.000000
0.000000 0.000030 0.000001
4.551965 1.000000 0.000000
764.299377 0.000000
0.000000 0.000000 0.000000 0.000000
0.000000 0.305159
11 0.015000 0.765000 0.001000
0.487000 0.580000 0.780000 0.490000 1.250000 6.700000 0.650000 0.650000
187499.984375 75.360001 0.084000
1.073000 0.050000 0.116600
0.160312 0.280734 0.001566 0.000000
0.000000

0.000000 0.422775 6.653967
0.085714 0.009532 1.370653 7.717112 177.097610
0.000000 0.027598 0.015791 0.000000 0.000000 0.000000
0.000000 0.000029 0.000001
4.581952 1.000000 0.000000
764.299377 0.000000
0.000000 0.000000 0.000000 0.000000
0.000000 0.383795
11 0.015000 0.780000 0.001000
0.487000 0.580000 0.780000 0.490000 1.250000 6.700000 0.650000 0.650000
187499.984375 75.360001 0.084000
1.073000 0.050000 0.116600
0.160461 0.236581 0.001319 0.000000
0.000000

0.000000 0.395262 6.281894
0.082619 0.009188 1.322307 7.442439 177.232666
0.000000 0.037824 0.015508 0.000000 0.000000 0.000000
0.000000 0.000029 0.000001
4.612875 1.000000 0.000000
764.299377 0.000000
0.000000 0.000000 0.000000 0.000000
0.000000 0.382601
11 0.015000 0.795000 0.001000
0.487000 0.580000 0.780000 0.490000 1.250000 6.700000 0.650000 0.650000
187499.984375 75.360001 0.084000
1.073000 0.050000 0.116600
0.160868 0.194119 0.001082 0.000000
0.000000

0.000000 0.367718 5.858378
0.079528 0.008844 1.274293 7.170137 177.240311
0.000000 0.095903 0.015535 0.000000 0.000000 0.000000
0.000000 0.000023 0.000000
4.644718 1.000000 0.000000
764.299377 0.000000
0.000000 0.000000 0.000000 0.000000
0.000000 0.672431
11 0.015000 0.810000 0.001000
0.487000 0.580000 0.780000 0.490000 1.250000 6.700000 0.650000 0.650000
187499.984375 75.360001 0.084000
1.073000 0.050000 0.116600
0.160914 0.157554 0.000878 0.000000
0.000000

0.000000 0.342582 5.463913
0.076671 0.008526 1.230451 6.918165 177.250107
0.000000 0.359510 0.015110 0.000000 0.000000 0.000000
0.000001 0.000008 0.000000
4.677457 1.000000 0.000000
764.299377 0.000000
0.000000 0.000000 0.000000 0.000000
0.000000 1.084795
11 0.015000 0.825000 0.001000
0.487000 0.580000 0.780000 0.490000 1.250000 6.700000 0.650000 0.650000
187499.984375 75.360001 0.084000
1.073000 0.050000 0.116600
0.160960 0.144134 0.000803 0.000000
0.000000

0.000000 0.319094 5.107323
0.074029 0.008233 1.189853 6.685002 177.267502
0.000000 2.608918 0.015962 0.000000 0.000000 0.000000
0.000000 0.000002 0.000000
4.711065 1.000000 0.000000
764.299377 0.000000
0.000000 0.000000 0.000000 0.000000
0.000000 4.074067
11 0.015000 0.840000 0.001000
0.487000 0.580000 0.780000 0.490000 1.250000 6.700000 0.650000 0.650000
187499.984375 75.360001 0.084000
1.073000 0.050000 0.116600
0.161031 0.145627 0.000811 0.000000
0.000000

0.000000 0.297794 4.764741
0.071568 0.007959 1.152462 6.467863 177.273361
0.000000 7.459025 0.021609 0.000000 0.000000 0.000000
0.000000 0.000002 0.000000
4.745507 1.000000 0.000000
764.299377 0.000000
0.000000 0.000000 0.000000 0.000000
0.000000 9.869763
11 0.015000 0.855000 0.001000
0.487000 0.580000 0.780000 0.490000 1.250000 6.700000 0.650000 0.650000
187499.984375 75.360001 0.084000
1.073000 0.050000 0.116600
0.161073 0.160006 0.000892 0.000000
0.000000

0.000000 0.000000 0.167494
0.041129 0.004574 0.692210 3.821053 177.730103
0.000000 2.637030 0.014986 0.000000 0.000000 0.000000
0.000000 0.000005 0.000000
4.780746 1.000000 0.000000
764.299377 0.000000
0.000000 0.000000 0.000000 0.000000
0.000000 1.150428
11 0.015000 0.870000 0.001000
0.487000 0.580000 0.780000 0.490000 1.250000 6.700000 0.650000 0.650000
187499.984375 75.360001 0.084000
1.073000 0.050000 0.116600
0.162443 0.092441 0.000515 0.000000
0.000000

0.000000 0.000000 0.168600
0.041152 0.004577 0.692645 3.823081 177.739868
0.000000 0.510825 0.014889 0.000000 0.000000 0.000000
0.000000 0.000027 0.000000
4.816743 1.000000 0.000000
764.299377 0.000000
0.000000 0.000000 0.000000 0.000000
0.000000 1.150395
11 0.015000 0.885000 0.001000
0.487000 0.580000 0.780000 0.490000 1.250000 6.700000 0.650000 0.650000
187499.984375 75.360001 0.084000
1.073000 0.050000 0.116600
0.162467 0.092587 0.000516 0.000000
0.000000

0.000000 0.000000 0.169422
0.041170 0.004579 0.692985 3.824593 177.750656
0.000000 0.096874 0.014858 0.000000 0.000000 0.000000
0.000000 0.000028 0.000000
4.853453 1.000000 0.000000
764.299377 0.000000
0.000000 0.000000 0.000000 0.000000
0.000000 1.149860
11 0.015000 0.900000 0.001000
0.487000 0.580000 0.780000 0.490000 1.250000 6.700000 0.650000 0.650000
187499.984375 75.360001 0.084000
1.073000 0.050000 0.116600
0.162486 0.092442 0.000515 0.000000
0.000000

0.000000 0.000000 0.170176
0.041187 0.004580 0.693298 3.825968 177.763214
0.000000 0.055432 0.014836 0.000000 0.000000 0.000000
0.000000 0.000029 0.000000
4.890830 1.000000 0.000000
764.299377 0.000000
0.000000 0.000000 0.000000 0.000000
0.000000 1.149354
11 0.015000 0.915000 0.001000
0.487000 0.580000 0.780000 0.490000 1.250000 6.700000 0.650000 0.650000
187499.984375 75.360001 0.084000
1.073000 0.050000 0.116600
0.162500 0.092484 0.000515 0.000000
0.000000

0.000000 0.000000 0.170908
0.041202 0.004582 0.693600 3.827281 177.772156
0.000000 0.064966 0.014821 0.000000 0.000000 0.000000
0.000000 0.000029 0.000000
4.928826 1.000000 0.000000
764.299377 0.000000
0.000000 0.000000 0.000000 0.000000
0.000000 1.148907
11 0.015000 0.930000 0.001000
0.487000 0.580000 0.780000 0.490000 1.250000 6.700000 0.650000 0.650000
187499.984375 75.360001 0.084000
1.073000 0.050000 0.116600
0.162517 0.092357 0.000514 0.000000
0.000000

0.000000 0.000000 0.171643
0.041217 0.004584 0.693895 3.828558 177.781067
0.000000 0.076224 0.014789 0.000000 0.000000 0.000000
0.000000 0.000029 0.000000
4.967394 1.000000 0.000000
764.299377 0.000000
0.000000 0.000000 0.000000 0.000000
0.000000 1.148511
11 0.015000 0.945000 0.001000
0.487000 0.580000 0.780000 0.490000 1.250000 6.700000 0.650000 0.650000
187499.984375 75.360001 0.084000
1.073000 0.050000 0.116600
0.162533 0.092539 0.000515 0.000000
0.000000

0.000000 0.000000 0.172387
0.041233 0.004586 0.694201 3.829904 177.789963
0.000000 0.081743 0.014721 0.000000 0.000000 0.000000
0.000000 0.000029 0.000000
5.006484 1.000000 0.000000
764.299377 0.000000
0.000000 0.000000 0.000000 0.000000
0.000000 1.148123
11 0.015000 0.960000 0.001000
0.487000 0.580000 0.780000 0.490000 1.250000 6.700000 0.650000 0.650000
187499.984375 75.360001 0.084000
1.073000 0.050000 0.116600
0.162549 0.092491 0.000515 0.000000
0.000000

0.000000 0.000000 0.173447
0.041256 0.004588 0.694611 3.831820 177.798767
0.000000 0.080941 0.014700 0.000000 0.000000 0.000000
0.000000 0.000029 0.000000
5.046046 1.000000 0.000000
764.299377 0.000000
0.000000 0.000000 0.000000 0.000000
0.000000 1.147738
11 0.015000 0.975000 0.001000
0.487000 0.580000 0.780000 0.490000 1.250000 6.700000 0.650000 0.650000
187499.984375 75.360001 0.084000
1.073000 0.050000 0.116600
0.162572 0.092449 0.000515 0.000000
0.000000

0.000000 0.000000 0.174325
0.041274 0.004590 0.694952 3.833372 177.809235
0.000000 0.075525 0.014644 0.000000 0.000000 0.000000
0.000000 0.000030 0.000000
5.086030 1.000000 0.000000
764.299377 0.000000
0.000000 0.000000 0.000000 0.000000
0.000000 1.147292
11 0.015000 0.990000 0.001000
0.487000 0.580000 0.780000 0.490000 1.250000 6.700000 0.650000 0.650000
187499.984375 75.360001 0.084000
1.073000 0.050000 0.116600
0.162586 0.092415 0.000515 0.000000
0.000000

0.000000 0.000000 0.175022
0.041289 0.004592 0.695235 3.834603 177.819748
0.000000 0.067844 0.014574 0.000000 0.000000 0.000000
0.000000 0.000030 0.000000
5.126387 1.000000 0.000000
764.299377 0.000000
0.000000 0.000000 0.000000 0.000000
0.000000 1.146793
11 0.015000 1.005000 0.001000
0.487000 0.580000 0.780000 0.490000 1.250000 6.700000 0.650000 0.650000
187499.984375 75.360001 0.084000
1.073000 0.050000 0.116600
0.162604 0.092581 0.000516 0.000000
0.000000

0.000000 0.000000 0.175958
0.041308 0.004594 0.695590 3.836229 177.827698
0.000000 0.059681 0.014515 0.000000 0.000000 0.000000
0.000000 0.000031 0.000000
5.167067 1.000000 0.000000
764.299377 0.000000
0.000000 0.000000 0.000000 0.000000
0.000000 1.146280
11 0.015000 1.020000 0.001000
0.487000 0.580000 0.780000 0.490000 1.250000 6.700000 0.650000 0.650000
187499.984375 75.360001 0.084000
1.073000 0.050000 0.116600
0.162622 0.092434 0.000515 0.000000
0.000000

0.000000 0.000000 0.176644
0.041322 0.004596 0.695871 3.837457 177.836243
0.000000 0.051924 0.014490 0.000000 0.000000 0.000000
0.000000 0.000032 0.000000
5.208024 1.000000 0.000000
764.299377 0.000000
0.000000 0.000000 0.000000 0.000000
0.000000 1.145725
11 0.015000 1.035000 0.001000
0.487000 0.580000 0.780000 0.490000 1.250000 6.700000 0.650000 0.650000
187499.984375 75.360001 0.084000
1.073000 0.050000 0.116600
0.162637 0.092668 0.000516 0.000000
0.000000

0.000000 0.000000 0.177371
0.041337 0.004597 0.696157 3.838718 177.844849
0.000000 0.044714 0.014426 0.000000 0.000000 0.000000
0.000000 0.000033 0.000001
5.249209 1.000000 0.000000
764.299377 0.000000
0.000000 0.000000 0.000000 0.000000
0.000000 1.145181
11 0.015000 1.050000 0.001000
0.487000 0.580000 0.780000 0.490000 1.250000 6.700000 0.650000 0.650000
187499.984375 75.360001 0.084000
1.073000 0.050000 0.116600
0.162651 0.092482 0.000515 0.000000
0.000000

0.000000 0.000000 0.178043
0.041351 0.004599 0.696419 3.839844 177.853607
0.000000 0.038066 0.014370 0.000000 0.000000 0.000000
0.000000 0.000034 0.000001
5.290578 1.000000 0.000000
764.299377 0.000000
0.000000 0.000000 0.000000 0.000000
0.000000 1.144621
11 0.015000 1.065000 0.001000
0.487000 0.580000 0.780000 0.490000 1.250000 6.700000 0.650000 0.650000
187499.984375 75.360001 0.084000
1.073000 0.050000 0.116600
0.162664 0.092677 0.000516 0.000000
0.000000

0.000000 0.000000 0.178735
0.041365 0.004601 0.696691 3.841035 177.861877
0.000000 0.031989 0.014323 0.000000 0.000000 0.000000
0.000000 0.000035 0.000001
5.332086 1.000000 0.000000
764.299377 0.000000
0.000000 0.000000 0.000000 0.000000
0.000000 1.144063
11 0.015000 1.080000 0.001000
0.487000 0.580000 0.780000 0.490000 1.250000 6.700000 0.650000 0.650000
187499.984375 75.360001 0.084000
1.073000 0.050000 0.116600
0.162677 0.092433 0.000515 0.000000
0.000000

0.000000 0.000000 0.179815
0.041387 0.004603 0.697085 3.842898 177.871094
0.000000 0.026548 0.014263 0.000000 0.000000 0.000000
0.000000 0.000036 0.000001
5.373691 1.000000 0.000000
764.299377 0.000000
0.000000 0.000000 0.000000 0.000000
0.000000 1.143547
11 0.015000 1.095000 0.001000
0.487000 0.580000 0.780000 0.490000 1.250000 6.700000 0.650000 0.650000
187499.984375 75.360001 0.084000
1.073000 0.050000 0.116600
0.162699 0.092784 0.000517 0.000000
0.000000

0.000000 0.000000 0.181024
0.041410 0.004606 0.697517 3.844965 177.881775
0.000000 0.021904 0.014232 0.000000 0.000000 0.000000
0.000000 0.000038 0.000001
5.415351 1.000000 0.000000
764.299377 0.000000
0.000000 0.000000 0.000000 0.000000
0.000000 1.143047
11 0.015000 1.110000 0.001000
0.487000 0.580000 0.780000 0.490000 1.250000 6.700000 0.650000 0.650000
187499.984375 75.360001 0.084000
1.073000 0.050000 0.116600
0.162725 0.092320 0.000514 0.000000
0.000000

0.000000 0.000000 0.181684
0.041423 0.004607 0.697769 3.846050 177.889008
0.000000 0.018109 0.014151 0.000000 0.000000 0.000000
0.000000 0.000040 0.000002
5.457026 1.000000 0.000000
764.299377 0.000000
0.000000 0.000000 0.000000 0.000000
0.000000 1.142501
11 0.015000 1.125000 0.001000
0.487000 0.580000 0.780000 0.490000 1.250000 6.700000 0.650000 0.650000
187499.984375 75.360001 0.084000
1.073000 0.050000 0.116600
0.162738 0.092613 0.000516 0.000000
0.000000

0.000000 0.000000 0.182339
0.041437 0.004609 0.698027 3.847168 177.897522
0.000000 0.015170 0.014088 0.000000 0.000000 0.000000
0.000000 0.000041 0.000002
5.498681 1.000000 0.000000
764.299377 0.000000
0.000000 0.000000 0.000000 0.000000
0.000000 1.141961
11 0.015000 1.140000 0.001000
0.487000 0.580000 0.780000 0.490000 1.250000 6.700000 0.650000 0.650000
187499.984375 75.360001 0.084000
1.073000 0.050000 0.116600
0.162752 0.092542 0.000515 0.000000
0.000000

0.000000 0.000000 0.182988
0.041450 0.004610 0.698280 3.848278 177.905212
0.000000 0.013020 0.014066 0.000000 0.000000 0.000000
0.000000 0.000043 0.000003
5.540277 1.000000 0.000000
764.299377 0.000000
0.000000 0.000000 0.000000 0.000000
0.000000 1.141431
11 0.015000 1.155000 0.001000
0.487000 0.580000 0.780000 0.490000 1.250000 6.700000 0.650000 0.650000
187499.984375 75.360001 0.084000
1.073000 0.050000 0.116600
0.162766 0.092630 0.000516 0.000000
0.000000

0.000000 0.000000 0.183699
0.041464 0.004612 0.698545 3.849441 177.913101
0.000000 0.011496 0.013977 0.000000 0.000000 0.000000
0.000000 0.000044 0.000004
5.581781 1.000000 0.000000
764.299377 0.000000
0.000000 0.000000 0.000000 0.000000
0.000000 1.140905
11 0.015000 1.170000 0.001000
0.487000 0.580000 0.780000 0.490000 1.250000 6.700000 0.650000 0.650000
187499.984375 75.360001 0.084000
1.073000 0.050000 0.116600
0.162776 0.092597 0.000516 0.000000
0.000000

0.000000 0.000000 0.184496
0.041480 0.004613 0.698840 3.850769 177.921463
0.000000 0.010463 0.013931 0.000000 0.000000 0.000000
0.000000 0.000044 0.000004
5.623162 1.000000 0.000000
764.299377 0.000000
0.000000 0.000000 0.000000 0.000000
0.000000 1.140404
11 0.015000 1.185000 0.001000
0.487000 0.580000 0.780000 0.490000 1.250000 6.700000 0.650000 0.650000
187499.984375 75.360001 0.084000
1.073000 0.050000 0.116600
0.162793 0.092337 0.000514 0.000000
0.000000

0.000000 0.000000 0.185126
0.041492 0.004615 0.699076 3.851785 177.929001
0.000000 0.009769 0.013883 0.000000 0.000000 0.000000
0.000000 0.000044 0.000004
5.664387 1.000000 0.000000
764.299377 0.000000
0.000000 0.000000 0.000000 0.000000
0.000000 1.139899
11 0.015000 1.200000 0.001000
0.487000 0.580000 0.780000 0.490000 1.250000 6.700000 0.650000 0.650000
187499.984375 75.360001 0.084000
1.073000 0.050000 0.116600
0.162806 0.092513 0.000515 0.000000
0.000000

0.000000 0.000000 0.185754
0.041505 0.004616 0.699317 3.852826 177.935364
0.000000 0.009313 0.013860 0.000000 0.000000 0.000000
0.000000 0.000044 0.000004
5.705430 1.000000 0.000000
764.299377 0.000000
0.000000 0.000000 0.000000 0.000000
0.000000 1.139401
11 0.015000 1.215000 0.001000
0.487000 0.580000 0.780000 0.490000 1.250000 6.700000 0.650000 0.650000
187499.984375 75.360001 0.084000
1.073000 0.050000 0.116600
0.162819 0.092455 0.000515 0.000000
0.000000

0.000000 0.000000 0.186373
0.041517 0.004618 0.699556 3.853863 177.944672
0.000000 0.008999 0.013829 0.000000 0.000000 0.000000
0.000000 0.000045 0.000005
5.746261 1.000000 0.000000
764.299377 0.000000
0.000000 0.000000 0.000000 0.000000
0.000000 1.138920
11 0.015000 1.230000 0.001000
0.487000 0.580000 0.780000 0.490000 1.250000 6.700000 0.650000 0.650000
187499.984375 75.360001 0.084000
1.073000 0.050000 0.116600
0.162829 0.092521 0.000515 0.000000
0.000000

0.000000 0.000000 0.186990
0.041529 0.004619 0.699788 3.854858 177.952103
0.000000 0.008767 0.013805 0.000000 0.000000 0.000000
0.000000 0.000045 0.000005
5.786856 1.000000 0.000000
764.299377 0.000000
0.000000 0.000000 0.000000 0.000000
0.000000 1.138441
11 0.015000 1.245000 0.001000
0.487000 0.580000 0.780000 0.490000 1.250000 6.700000 0.650000 0.650000
187499.984375 75.360001 0.084000
1.073000 0.050000 0.116600
0.162839 0.092594 0.000516 0.000000
0.000000

0.000000 0.000000 0.187599
0.041541 0.004620 0.700019 3.855847 177.959930
0.000000 0.008596 0.013752 0.000000 0.000000 0.000000
0.000000 0.000045 0.000005
5.827192 1.000000 0.000000
764.299377 0.000000
0.000000 0.000000 0.000000 0.000000
0.000000 1.137985
11 0.015000 1.260000 0.001000
0.487000 0.580000 0.780000 0.490000 1.250000 6.700000 0.650000 0.650000
187499.984375 75.360001 0.084000
1.073000 0.050000 0.116600
0.162855 0.092896 0.000517 0.000000
0.000000

0.000000 0.000000 0.188221
0.041553 0.004622 0.700246 3.856826 177.967499
0.000000 0.008478 0.013726 0.000000 0.000000 0.000000
0.000000 0.000045 0.000005
5.867245 1.000000 0.000000
764.299377 0.000000
0.000000 0.000000 0.000000 0.000000
0.000000 1.137525
11 0.015000 1.275000 0.001000
0.487000 0.580000 0.780000 0.490000 1.250000 6.700000 0.650000 0.650000
187499.984375 75.360001 0.084000
1.073000 0.050000 0.116600
0.162866 0.092840 0.000517 0.000000
0.000000

0.000000 0.000000 0.188957
0.041567 0.004623 0.700512 3.858014 177.975067
0.000000 0.008384 0.013694 0.000000 0.000000 0.000000
0.000000 0.000045 0.000005
5.906997 1.000000 0.000000
764.299377 0.000000
0.000000 0.000000 0.000000 0.000000
0.000000 1.137094
11 0.015000 1.290000 0.001000
0.487000 0.580000 0.780000 0.490000 1.250000 6.700000 0.650000 0.650000
187499.984375 75.360001 0.084000
1.073000 0.050000 0.116600
0.162879 0.092841 0.000517 0.000000
0.000000

0.000000 0.000000 0.189713
0.041582 0.004625 0.700786 3.859259 177.983231
0.000000 0.008302 0.013651 0.000000 0.000000 0.000000
0.000000 0.000046 0.000005
5.946427 1.000000 0.000000
764.299377 0.000000
0.000000 0.000000 0.000000 0.000000
0.000000 1.136674
11 0.015000 1.305000 0.001000
0.487000 0.580000 0.780000 0.490000 1.250000 6.700000 0.650000 0.650000
187499.984375 75.360001 0.084000
1.073000 0.050000 0.116600
0.162894 0.092720 0.000516 0.000000
0.000000

0.000000 0.000000 0.190348
0.041594 0.004626 0.701021 3.860275 177.990158
0.000000 0.008240 0.013639 0.000000 0.000000 0.000000
0.000000 0.000046 0.000005
5.985518 1.000000 0.000000
764.299377 0.000000
0.000000 0.000000 0.000000 0.000000
0.000000 1.136253
11 0.015000 1.320000 0.001000
0.487000 0.580000 0.780000 0.490000 1.250000 6.700000 0.650000 0.650000
187499.984375 75.360001 0.084000
1.073000 0.050000 0.116600
0.162906 0.092825 0.000517 0.000000
0.000000

0.000000 0.000000 0.190945
0.041605 0.004628 0.701241 3.861229 177.997803
0.000000 0.008187 0.013601 0.000000 0.000000 0.000000
0.000000 0.000046 0.000006
6.024254 1.000000 0.000000
764.299377 0.000000
0.000000 0.000000 0.000000 0.000000
0.000000 1.135836
11 0.015000 1.335000 0.001000
0.487000 0.580000 0.780000 0.490000 1.250000 6.700000 0.650000 0.650000
187499.984375 75.360001 0.084000
1.073000 0.050000 0.116600
0.162920 0.092731 0.000516 0.000000
0.000000

0.000000 0.000000 0.191529
0.041616 0.004629 0.701454 3.862133 178.006485
0.000000 0.008146 0.013565 0.000000 0.000000 0.000000
0.000000 0.000046 0.000006
6.062621 1.000000 0.000000
764.299377 0.000000
0.000000 0.000000 0.000000 0.000000
0.000000 1.135427
11 0.015000 1.350000 0.001000
0.487000 0.580000 0.780000 0.490000 1.250000 6.700000 0.650000 0.650000
187499.984375 75.360001 0.084000
1.073000 0.050000 0.116600
0.162928 0.092818 0.000517 0.000000
0.000000

0.000000 0.000000 0.192112
0.041627 0.004630 0.701665 3.863036 178.014145
0.000000 0.008099 0.013506 0.000000 0.000000 0.000000
0.000000 0.000046 0.000006
6.100603 1.000000 0.000000
764.299377 0.000000
0.000000 0.000000 0.000000 0.000000
0.000000 1.135025
11 0.015000 1.365000 0.001000
0.487000 0.580000 0.780000 0.490000 1.250000 6.700000 0.650000 0.650000
187499.984375 75.360001 0.084000
1.073000 0.050000 0.116600
0.162939 0.092914 0.000517 0.000000
0.000000

0.000000 0.000000 0.192738
0.041639 0.004631 0.701895 3.864043 178.022049
0.000000 0.008065 0.013497 0.000000 0.000000 0.000000
0.000000 0.000047 0.000006
6.138189 1.000000 0.000000
764.299377 0.000000
0.000000 0.000000 0.000000 0.000000
0.000000 1.134642
11 0.015000 1.380000 0.001000
0.487000 0.580000 0.780000 0.490000 1.250000 6.700000 0.650000 0.650000
187499.984375 75.360001 0.084000
1.073000 0.050000 0.116600
0.162950 0.093096 0.000519 0.000000
0.000000

0.000000 0.000000 0.193772
0.041658 0.004634 0.702237 3.865663 178.030594
0.000000 0.008026 0.013437 0.000000 0.000000 0.000000
0.000000 0.000047 0.000006
6.175368 1.000000 0.000000
764.299377 0.000000
0.000000 0.000000 0.000000 0.000000
0.000000 1.134295
11 0.015000 1.395000 0.001000
0.487000 0.580000 0.780000 0.490000 1.250000 6.700000 0.650000 0.650000
187499.984375 75.360001 0.084000
1.073000 0.050000 0.116600
0.162972 0.092845 0.000517 0.000000
0.000000

0.000000 0.000000 0.194369
0.041669 0.004635 0.702455 3.866595 178.037949
0.000000 0.008010 0.013434 0.000000 0.000000 0.000000
0.000000 0.000047 0.000006
6.212129 1.000000 0.000000
764.299377 0.000000
0.000000 0.000000 0.000000 0.000000
0.000000 1.133922
11 0.015000 1.410000 0.001000
0.487000 0.580000 0.780000 0.490000 1.250000 6.700000 0.650000 0.650000
187499.984375 75.360001 0.084000
1.073000 0.050000 0.116600
0.162983 0.093079 0.000518 0.000000
0.000000

0.000000 0.000000 0.195049
0.041682 0.004636 0.702692 3.867656 178.045242
0.000000 0.007997 0.013422 0.000000 0.000000 0.000000
0.000000 0.000047 0.000006
6.248463 1.000000 0.000000
764.299377 0.000000
0.000000 0.000000 0.000000 0.000000
0.000000 1.133558
11 0.015000 1.425000 0.001000
0.487000 0.580000 0.780000 0.490000 1.250000 6.700000 0.650000 0.650000
187499.984375 75.360001 0.084000
1.073000 0.050000 0.116600
0.162992 0.092809 0.000517 0.000000
0.000000

0.000000 0.000000 0.195667
0.041693 0.004638 0.702908 3.868587 178.052597
0.000000 0.007963 0.013365 0.000000 0.000000 0.000000
0.000000 0.000048 0.000006
6.284362 1.000000 0.000000
764.299377 0.000000
0.000000 0.000000 0.000000 0.000000
0.000000 1.133194
11 0.015000 1.440000 0.001000
0.487000 0.580000 0.780000 0.490000 1.250000 6.700000 0.650000 0.650000
187499.984375 75.360001 0.084000
1.073000 0.050000 0.116600
0.163006 0.092843 0.000517 0.000000
0.000000

0.000000 0.000000 0.196225
0.041703 0.004639 0.703109 3.869442 178.058990
0.000000 0.007940 0.013353 0.000000 0.000000 0.000000
0.000000 0.000048 0.000006
6.319819 1.000000 0.000000
764.299377 0.000000
0.000000 0.000000 0.000000 0.000000
0.000000 1.132832
11 0.015000 1.455000 0.001000
0.487000 0.580000 0.780000 0.490000 1.250000 6.700000 0.650000 0.650000
187499.984375 75.360001 0.084000
1.073000 0.050000 0.116600
0.163020 0.092790 0.000517 0.000000
0.000000

0.000000 0.000000 0.196778
0.041714 0.004640 0.703309 3.870290 178.065384
0.000000 0.007927 0.013322 0.000000 0.000000 0.000000
0.000000 0.000048 0.000006
6.354827 1.000000 0.000000
764.299377 0.000000
0.000000 0.000000 0.000000 0.000000
0.000000 1.132477
11 0.015000 1.470000 0.001000
0.487000 0.580000 0.780000 0.490000 1.250000 6.700000 0.650000 0.650000
187499.984375 75.360001 0.084000
1.073000 0.050000 0.116600
0.163026 0.092858 0.000517 0.000000
0.000000

0.000000 0.000000 0.197328
0.041724 0.004641 0.703508 3.871130 178.072281
0.000000 0.007896 0.013264 0.000000 0.000000 0.000000
0.000000 0.000048 0.000007
6.389380 1.000000 0.000000
764.299377 0.000000
0.000000 0.000000 0.000000 0.000000
0.000000 1.132123
11 0.015000 1.485000 0.001000
0.487000 0.580000 0.780000 0.490000 1.250000 6.700000 0.650000 0.650000
187499.984375 75.360001 0.084000
1.073000 0.050000 0.116600
0.163037 0.092939 0.000518 0.000000
0.000000

0.000000 0.000000 0.197872
0.041734 0.004642 0.703707 3.871974 178.080215
0.000000 0.007876 0.013239 0.000000 0.000000 0.000000
0.000000 0.000048 0.000007
6.423473 1.000000 0.000000
764.299377 0.000000
0.000000 0.000000 0.000000 0.000000
0.000000 1.131776
11 0.015000 1.500000 0.001000
0.487000 0.580000 0.780000 0.490000 1.250000 6.700000 0.650000 0.650000
187499.984375 75.360001 0.084000
1.073000 0.050000 0.116600
0.163045 0.093262 0.000519 0.000000
0.000000

0.000000 0.000000 0.198456
0.041745 0.004643 0.703916 3.872886 178.087250
0.000000 0.007843 0.013199 0.000000 0.000000 0.000000
0.000000 0.000049 0.000007
6.457102 1.000000 0.000000
764.299377 0.000000
0.000000 0.000000 0.000000 0.000000
0.000000 1.131435
11 0.015000 1.515000 0.001000
0.487000 0.580000 0.780000 0.490000 1.250000 6.700000 0.650000 0.650000
187499.984375 75.360001 0.084000
1.073000 0.050000 0.116600
0.163055 0.092993 0.000518 0.000000
0.000000

0.000000 0.000000 0.199018
0.041755 0.004645 0.704110 3.873710 178.094284
0.000000 0.007822 0.013160 0.000000 0.000000 0.000000
0.000000 0.000049 0.000007
6.490263 1.000000 0.000000
764.299377 0.000000
0.000000 0.000000 0.000000 0.000000
0.000000 1.131082
11 0.015000 1.530000 0.001000
0.487000 0.580000 0.780000 0.490000 1.250000 6.700000 0.650000 0.650000
187499.984375 75.360001 0.084000
1.073000 0.050000 0.116600
0.163072 0.093087 0.000518 0.000000
0.000000

0.000000 0.000000 0.200771
0.041785 0.004648 0.704637 3.876362 178.107315
0.000000 0.007801 0.013122 0.000000 0.000000 0.000000
0.000000 0.000049 0.000007
6.522954 1.000000 0.000000
764.299377 0.000000
0.000000 0.000000 0.000000 0.000000
0.000000 1.130832
11 0.015000 1.545000 0.001000
0.487000 0.580000 0.780000 0.490000 1.250000 6.700000 0.650000 0.650000
187499.984375 75.360001 0.084000
1.073000 0.050000 0.116600
0.163099 0.093162 0.000519 0.000000
0.000000

0.000000 0.000000 0.205582
0.041866 0.004657 0.705992 3.883574 178.143814
0.000000 0.007756 0.013056 0.000000 0.000000 0.000000
0.000000 0.000049 0.000007
6.555172 1.000000 0.000000
764.299377 0.000000
0.000000 0.000000 0.000000 0.000000
0.000000 1.130840
11 0.015000 1.560000 0.001000
0.487000 0.580000 0.780000 0.490000 1.250000 6.700000 0.650000 0.650000
187499.984375 75.360001 0.084000
1.073000 0.050000 0.116600
0.163180 0.092860 0.000517 0.000000
0.000000

0.000000 0.000000 0.206127
0.041875 0.004658 0.706176 3.884347 178.149979
0.000000 0.007740 0.013063 0.000000 0.000000 0.000000
0.000000 0.000049 0.000007
6.586915 1.000000 0.000000
764.299377 0.000000
0.000000 0.000000 0.000000 0.000000
0.000000 1.130505
11 0.015000 1.575000 0.001000
0.487000 0.580000 0.780000 0.490000 1.250000 6.700000 0.650000 0.650000
187499.984375 75.360001 0.084000
1.073000 0.050000 0.116600
0.163199 0.092933 0.000518 0.000000
0.000000

0.000000 0.000000 0.206673
0.041885 0.004659 0.706369 3.885174 178.157150
0.000000 0.007700 0.012975 0.000000 0.000000 0.000000
0.000000 0.000050 0.000007
6.618181 1.000000 0.000000
764.299377 0.000000
0.000000 0.000000 0.000000 0.000000
0.000000 1.130170
11 0.015000 1.590000 0.001000
0.487000 0.580000 0.780000 0.490000 1.250000 6.700000 0.650000 0.650000
187499.984375 75.360001 0.084000
1.073000 0.050000 0.116600
0.163204 0.093019 0.000518 0.000000
0.000000

0.000000 0.000000 0.207216
0.041894 0.004660 0.706557 3.885961 178.164215
0.000000 0.007672 0.012952 0.000000 0.000000 0.000000
0.000000 0.000050 0.000007
6.648971 1.000000 0.000000
764.299377 0.000000
0.000000 0.000000 0.000000 0.000000
0.000000 1.129842
11 0.015000 1.605000 0.001000
0.487000 0.580000 0.780000 0.490000 1.250000 6.700000 0.650000 0.650000
187499.984375 75.360001 0.084000
1.073000 0.050000 0.116600
0.163214 0.093267 0.000519 0.000000
0.000000

0.000000 0.000000 0.207813
0.041905 0.004661 0.706754 3.886808 178.171371
0.000000 0.007646 0.012945 0.000000 0.000000 0.000000
0.000000 0.000050 0.000007
6.679281 1.000000 0.000000
764.299377 0.000000
0.000000 0.000000 0.000000 0.000000
0.000000 1.129526
11 0.015000 1.620000 0.001000
0.487000 0.580000 0.780000 0.490000 1.250000 6.700000 0.650000 0.650000
187499.984375 75.360001 0.084000
1.073000 0.050000 0.116600
0.163225 0.093088 0.000518 0.000000
0.000000

0.000000 0.000000 0.211102
0.041959 0.004667 0.707671 3.891625 178.201187
0.000000 0.007624 0.012914 0.000000 0.000000 0.000000
0.000000 0.000050 0.000007
6.709113 1.000000 0.000000
764.299377 0.000000
0.000000 0.000000 0.000000 0.000000
0.000000 1.129436
11 0.015000 1.635000 0.001000
0.487000 0.580000 0.780000 0.490000 1.250000 6.700000 0.650000 0.650000
187499.984375 75.360001 0.084000
1.073000 0.050000 0.116600
0.163281 0.093105 0.000519 0.000000
0.000000

0.000000 0.000000 0.211701
0.041969 0.004668 0.707870 3.892476 178.209396
0.000000 0.007584 0.012857 0.000000 0.000000 0.000000
0.000000 0.000050 0.000007
6.738466 1.000000 0.000000
764.299377 0.000000
0.000000 0.000000 0.000000 0.000000
0.000000 1.129132
11 0.015000 1.650000 0.001000
0.487000 0.580000 0.780000 0.490000 1.250000 6.700000 0.650000 0.650000
187499.984375 75.360001 0.084000
1.073000 0.050000 0.116600
0.163292 0.092974 0.000518 0.000000
0.000000

0.000000 0.000000 0.212246
0.041978 0.004669 0.708051 3.893247 178.216431
0.000000 0.007550 0.012795 0.000000 0.000000 0.000000
0.000000 0.000050 0.000008
6.767341 1.000000 0.000000
764.299377 0.000000
0.000000 0.000000 0.000000 0.000000
0.000000 1.128825
11 0.015000 1.665000 0.001000
0.487000 0.580000 0.780000 0.490000 1.250000 6.700000 0.650000 0.650000
187499.984375 75.360001 0.084000
1.073000 0.050000 0.116600
0.163301 0.093056 0.000518 0.000000
0.000000

0.000000 0.000000 0.212789
0.041988 0.004671 0.708237 3.894034 178.223862
0.000000 0.007521 0.012778 0.000000 0.000000 0.000000
0.000000 0.000050 0.000008
6.795738 1.000000 0.000000
764.299377 0.000000
0.000000 0.000000 0.000000 0.000000
0.000000 1.128526
11 0.015000 1.680000 0.001000
0.487000 0.580000 0.780000 0.490000 1.250000 6.700000 0.650000 0.650000
187499.984375 75.360001 0.084000
1.073000 0.050000 0.116600
0.163312 0.093379 0.000520 0.000000
0.000000

0.000000 0.000000 0.213393
0.041998 0.004672 0.708432 3.894874 178.231003
0.000000 0.007501 0.012734 0.000000 0.000000 0.000000
0.000000 0.000051 0.000008
6.823659 1.000000 0.000000
764.299377 0.000000
0.000000 0.000000 0.000000 0.000000
0.000000 1.128245
11 0.015000 1.695000 0.001000
0.487000 0.580000 0.780000 0.490000 1.250000 6.700000 0.650000 0.650000
187499.984375 75.360001 0.084000
1.073000 0.050000 0.116600
0.163319 0.093144 0.000519 0.000000
0.000000

0.000000 0.000000 0.214103
0.042010 0.004673 0.708660 3.895897 178.239700
0.000000 0.007473 0.012705 0.000000 0.000000 0.000000
0.000000 0.000051 0.000008
6.851105 1.000000 0.000000
764.299377 0.000000
0.000000 0.000000 0.000000 0.000000
0.000000 1.127975
11 0.015000 1.710000 0.001000
0.487000 0.580000 0.780000 0.490000 1.250000 6.700000 0.650000 0.650000
187499.984375 75.360001 0.084000
1.073000 0.050000 0.116600
0.163333 0.093184 0.000519 0.000000
0.000000

0.000000 0.000000 0.214639
0.042019 0.004674 0.708838 3.896640 178.246613
0.000000 0.007460 0.012673 0.000000 0.000000 0.000000
0.000000 0.000051 0.000008
6.878075 1.000000 0.000000
764.299377 0.000000
0.000000 0.000000 0.000000 0.000000
0.000000 1.127697
11 0.015000 1.725000 0.001000
0.487000 0.580000 0.780000 0.490000 1.250000 6.700000 0.650000 0.650000
187499.984375 75.360001 0.084000
1.073000 0.050000 0.116600
0.163341 0.093289 0.000520 0.000000
0.000000

0.000000 0.000000 0.215292
0.042029 0.004675 0.709042 3.897540 178.254822
0.000000 0.007432 0.012621 0.000000 0.000000 0.000000
0.000000 0.000051 0.000008
6.904573 1.000000 0.000000
764.299377 0.000000
0.000000 0.000000 0.000000 0.000000
0.000000 1.127438
11 0.015000 1.740000 0.001000
0.487000 0.580000 0.780000 0.490000 1.250000 6.700000 0.650000 0.650000
187499.984375 75.360001 0.084000
1.073000 0.050000 0.116600
0.163353 0.093370 0.000520 0.000000
0.000000

0.000000 0.000000 0.217629
0.042067 0.004679 0.709684 3.900841 178.273758
0.000000 0.007389 0.012555 0.000000 0.000000 0.000000
0.000000 0.000051 0.000008
6.930600 1.000000 0.000000
764.299377 0.000000
0.000000 0.000000 0.000000 0.000000
0.000000 1.127329
11 0.015000 1.755000 0.001000
0.487000 0.580000 0.780000 0.490000 1.250000 6.700000 0.650000 0.650000
187499.984375 75.360001 0.084000
1.073000 0.050000 0.116600
0.163391 0.093276 0.000520 0.000000
0.000000

0.000000 0.000000 0.221410
0.042126 0.004686 0.710685 3.906111 178.292892
0.000000 0.007355 0.012538 0.000000 0.000000 0.000000
0.000000 0.000051 0.000008
6.956157 1.000000 0.000000
764.299377 0.000000
0.000000 0.000000 0.000000 0.000000
0.000000 1.127332
11 0.015000 1.770000 0.001000
0.487000 0.580000 0.780000 0.490000 1.250000 6.700000 0.650000 0.650000
187499.984375 75.360001 0.084000
1.073000 0.050000 0.116600
0.163455 0.093186 0.000519 0.000000
0.000000

0.000000 0.000000 0.222656
0.042146 0.004688 0.711036 3.907818 178.302078
0.000000 0.007336 0.012510 0.000000 0.000000 0.000000
0.000000 0.000051 0.000008
6.981247 1.000000 0.000000
764.299377 0.000000
0.000000 0.000000 0.000000 0.000000
0.000000 1.127147
11 0.015000 1.785000 0.001000
0.487000 0.580000 0.780000 0.490000 1.250000 6.700000 0.650000 0.650000
187499.984375 75.360001 0.084000
1.073000 0.050000 0.116600
0.163474 0.093491 0.000521 0.000000
0.000000

0.000000 0.000000 0.224646
0.042176 0.004692 0.711572 3.910537 178.311584
0.000000 0.007298 0.012454 0.000000 0.000000 0.000000
0.000000 0.000051 0.000008
7.005871 1.000000 0.000000
764.299377 0.000000
0.000000 0.000000 0.000000 0.000000
0.000000 1.127018
11 0.015000 1.800000 0.001000
0.487000 0.580000 0.780000 0.490000 1.250000 6.700000 0.650000 0.650000
187499.984375 75.360001 0.084000
1.073000 0.050000 0.116600
0.163506 0.093262 0.000519 0.000000
0.000000

0.000000 0.000000 0.225352
0.042188 0.004693 0.711786 3.911486 178.319733
0.000000 0.007271 0.012426 0.000000 0.000000 0.000000
0.000000 0.000051 0.000008
7.030033 1.000000 0.000000
764.299377 0.000000
0.000000 0.000000 0.000000 0.000000
0.000000 1.126805
11 0.015000 1.815000 0.001000
0.487000 0.580000 0.780000 0.490000 1.250000 6.700000 0.650000 0.650000
187499.984375 75.360001 0.084000
1.073000 0.050000 0.116600
0.163518 0.093341 0.000520 0.000000
0.000000

0.000000 0.000000 0.226791
0.042210 0.004695 0.712178 3.913417 178.328308
0.000000 0.007239 0.012358 0.000000 0.000000 0.000000
0.000000 0.000051 0.000009
7.053733 1.000000 0.000000
764.299377 0.000000
0.000000 0.000000 0.000000 0.000000
0.000000 1.126653
11 0.015000 1.830000 0.001000
0.487000 0.580000 0.780000 0.490000 1.250000 6.700000 0.650000 0.650000
187499.984375 75.360001 0.084000
1.073000 0.050000 0.116600
0.163540 0.093314 0.000520 0.000000
0.000000

0.000000 0.000000 0.227350
0.042218 0.004696 0.712351 3.914140 178.334564
0.000000 0.007230 0.012360 0.000000 0.000000 0.000000
0.000000 0.000052 0.000009
7.076973 1.000000 0.000000
764.299377 0.000000
0.000000 0.000000 0.000000 0.000000
0.000000 1.126437
11 0.015000 1.845000 0.001000
0.487000 0.580000 0.780000 0.490000 1.250000 6.700000 0.650000 0.650000
187499.984375 75.360001 0.084000
1.073000 0.050000 0.116600
0.163550 0.093396 0.000520 0.000000
0.000000

0.000000 0.000000 0.227945
0.042228 0.004697 0.712534 3.914935 178.340851
0.000000 0.007199 0.012309 0.000000 0.000000 0.000000
0.000000 0.000052 0.000009
7.099757 1.000000 0.000000
764.299377 0.000000
0.000000 0.000000 0.000000 0.000000
0.000000 1.126235
11 0.015000 1.860000 0.001000
0.487000 0.580000 0.780000 0.490000 1.250000 6.700000 0.650000 0.650000
187499.984375 75.360001 0.084000
1.073000 0.050000 0.116600
0.163559 0.093257 0.000519 0.000000
0.000000

0.000000 0.000000 0.228632
0.042238 0.004699 0.712735 3.915810 178.347977
0.000000 0.007169 0.012256 0.000000 0.000000 0.000000
0.000000 0.000052 0.000009
7.122086 1.000000 0.000000
764.299377 0.000000
0.000000 0.000000 0.000000 0.000000
0.000000 1.126044
11 0.015000 1.875000 0.001000
0.487000 0.580000 0.780000 0.490000 1.250000 6.700000 0.650000 0.650000
187499.984375 75.360001 0.084000
1.073000 0.050000 0.116600
0.163573 0.093389 0.000520 0.000000
0.000000

0.000000 0.000000 0.229223
0.042247 0.004700 0.712916 3.916588 178.355087
0.000000 0.007147 0.012242 0.000000 0.000000 0.000000
0.000000 0.000052 0.000009
7.143963 1.000000 0.000000
764.299377 0.000000
0.000000 0.000000 0.000000 0.000000
0.000000 1.125851
11 0.015000 1.890000 0.001000
0.487000 0.580000 0.780000 0.490000 1.250000 6.700000 0.650000 0.650000
187499.984375 75.360001 0.084000
1.073000 0.050000 0.116600
0.163578 0.093580 0.000521 0.000000
0.000000

0.000000 0.000000 0.229849
0.042257 0.004701 0.713106 3.917406 178.362656
0.000000 0.007122 0.012194 0.000000 0.000000 0.000000
0.000000 0.000052 0.000009
7.165390 1.000000 0.000000
764.299377 0.000000
0.000000 0.000000 0.000000 0.000000
0.000000 1.125673
11 0.015000 1.905000 0.001000
0.487000 0.580000 0.780000 0.490000 1.250000 6.700000 0.650000 0.650000
187499.984375 75.360001 0.084000
1.073000 0.050000 0.116600
0.163590 0.093274 0.000520 0.000000
0.000000

0.000000 0.000000 0.230429
0.042266 0.004702 0.713287 3.918181 178.369568
0.000000 0.007101 0.012153 0.000000 0.000000 0.000000
0.000000 0.000052 0.000009
7.186371 1.000000 0.000000
764.299377 0.000000
0.000000 0.000000 0.000000 0.000000
0.000000 1.125496
11 0.015000 1.920000 0.001000
0.487000 0.580000 0.780000 0.490000 1.250000 6.700000 0.650000 0.650000
187499.984375 75.360001 0.084000
1.073000 0.050000 0.116600
0.163601 0.093260 0.000519 0.000000
0.000000

0.000000 0.000000 0.230966
0.042274 0.004703 0.713445 3.918823 178.376663
0.000000 0.007060 0.012115 0.000000 0.000000 0.000000
0.000000 0.000052 0.000009
7.206908 1.000000 0.000000
764.299377 0.000000
0.000000 0.000000 0.000000 0.000000
0.000000 1.125317
11 0.015000 1.935000 0.001000
0.487000 0.580000 0.780000 0.490000 1.250000 6.700000 0.650000 0.650000
187499.984375 75.360001 0.084000
1.073000 0.050000 0.116600
0.163607 0.093340 0.000520 0.000000
0.000000

0.000000 0.000000 0.231500
0.042283 0.004704 0.713613 3.919533 178.383362
0.000000 0.007044 0.012086 0.000000 0.000000 0.000000
0.000000 0.000052 0.000009
7.227003 1.000000 0.000000
764.299377 0.000000
0.000000 0.000000 0.000000 0.000000
0.000000 1.125155
11 0.015000 1.950000 0.001000
0.487000 0.580000 0.780000 0.490000 1.250000 6.700000 0.650000 0.650000
187499.984375 75.360001 0.084000
1.073000 0.050000 0.116600
0.163614 0.093647 0.000522 0.000000
0.000000

0.000000 0.000000 0.232132
0.042292 0.004705 0.713793 3.920317 178.391022
0.000000 0.007017 0.012032 0.000000 0.000000 0.000000
0.000000 0.000052 0.000009
7.246660 1.000000 0.000000
764.299377 0.000000
0.000000 0.000000 0.000000 0.000000
0.000000 1.125006
11 0.015000 1.965000 0.001000
0.487000 0.580000 0.780000 0.490000 1.250000 6.700000 0.650000 0.650000
187499.984375 75.360001 0.084000
1.073000 0.050000 0.116600
0.163627 0.093532 0.000521 0.000000
0.000000

0.000000 0.000000 0.233539
0.042313 0.004707 0.714165 3.922137 178.399841
0.000000 0.006999 0.012023 0.000000 0.000000 0.000000
0.000000 0.000052 0.000009
7.265880 1.000000 0.000000
764.299377 0.000000
0.000000 0.000000 0.000000 0.000000
0.000000 1.124924
11 0.015000 1.980000 0.001000
0.487000 0.580000 0.780000 0.490000 1.250000 6.700000 0.650000 0.650000
187499.984375 75.360001 0.084000
1.073000 0.050000 0.116600
0.163645 0.093559 0.000521 0.000000
0.000000

0.000000 0.000000 0.234319
0.042324 0.004708 0.714384 3.923130 178.406876
0.000000 0.016037 0.012113 0.000000 0.000000 0.000000
0.000000 0.000058 0.000005
7.284667 1.000000 0.000000
764.299377 0.000000
0.000000 0.000000 0.000000 0.000000
0.000000 1.124759
11 0.015000 1.995000 0.001000
0.487000 0.580000 0.780000 0.490000 1.250000 6.700000 0.650000 0.650000
187499.984375 75.360001 0.084000
1.073000 0.050000 0.116600
0.163659 0.093658 0.000522 0.000000
0.000000
1.000000
2.000000
0.321000 0.000000
0.000000
0
-0.750000
0 0
0.000000
1
0.000000
1.000000
1.000000
1.000000
0.000000 0.000000 0.000000
0.000000 0.000000
0.000000 0.000000 0.000000 0.000000 0.000000 0.000000 0.000000
0.000000 0.000000 0.000000 0.000000 0.000000 0.000000 0.000000
240
2.000000
1
C:\Kingsite\dnd\Ohio1.spf
-1.000000 -1.000000
0.000000
50
50
10.000000
100
