11
Clay
0.580000 0.612000 0.084000 0.780000 0.530000 1.000000 0.000000 0.000000
1.020000 6.700000 1 0.028600 0.500000 0.050000 0.010000 0.027000 0.963000
0.000000 0.015000 2.000000 152999.984375 75.360001 133
0.103800 3.528000 4.728100 0.000000 1
8.234000 8.234000 10.000000 5.000000 25.000000 100.000000
0.000000 0.000000 0.014202 0.000000 163.563675 242.000061
500.000000 0.000000 0.000000

0.000552 313.006500 585.078857
5.585879 0.620707 56.966900 541.050659 3846.556396
0.000000 0.002699 0.018740 0.956820 0.000000 0.000000
0.000023 0.000018 0.001058
0.697560 0.779419 0.000000
764.299377 0.000000
2.786388 0.000000 0.000000 0.000000
0.000000 0.111060
11 0.015000 0.015000 0.028600
0.612000 0.580000 0.780000 0.530000 1.020000 6.700000 0.780000 0.780000
152999.984375 75.360001 0.084000
1.073000 0.050000 0.116600
2.936142 28.970638 0.194155 0.000000
0.000000

0.000899 7.067413 78.338150
5.300560 0.588997 57.921444 524.523621 3892.649902
0.000000 0.002823 0.009420 0.480679 0.000000 0.000000
0.000020 0.000014 0.001052
0.793997 0.779419 0.000000
764.299377 0.000000
1.390467 0.000000 0.000000 0.000000
0.000000 0.009066
11 0.015000 0.030000 0.028600
0.612000 0.580000 0.780000 0.530000 1.020000 6.700000 0.780000 0.780000
152999.984375 75.360001 0.084000
1.073000 0.050000 0.116600
2.976661 5.132340 0.034657 0.000000
0.000000

0.001159 5.334019 72.663513
5.310089 0.590056 59.383240 524.204468 3892.760742
0.000000 0.002934 0.004729 0.241228 0.000000 0.000000
0.000019 0.000023 0.001030
0.859649 0.779419 0.000000
764.299377 0.000000
1.281225 0.000000 0.000000 0.000000
0.000000 0.008754
11 0.015000 0.045000 0.028600
0.612000 0.580000 0.780000 0.530000 1.020000 6.700000 0.780000 0.780000
152999.984375 75.360001 0.084000
1.073000 0.050000 0.116600
2.979608 4.772664 0.032555 0.000000
0.000000

0.001371 4.992383 69.974304
5.317209 0.590848 60.366016 524.012939 3892.825439
0.000000 0.002666 0.002387 0.121640 0.000000 0.000000
0.000019 0.000026 0.001108
0.924975 0.779419 0.000000
764.299377 0.000000
1.163365 0.000000 0.000000 0.000000
0.000000 0.009192
11 0.015000 0.060000 0.028600
0.612000 0.580000 0.780000 0.530000 1.020000 6.700000 0.780000 0.780000
152999.984375 75.360001 0.084000
1.073000 0.050000 0.116600
2.981537 5.077099 0.034966 0.000000
0.000000

0.001554 4.657559 67.334671
5.322807 0.591471 61.126350 523.876282 3892.885254
0.000000 0.002233 0.001214 0.061756 0.000000 0.000000
0.000019 0.000034 0.001065
0.989918 0.779419 0.000000
764.299377 0.000000
1.047727 0.000000 0.000000 0.000000
0.000000 0.009991
11 0.015000 0.075000 0.028600
0.612000 0.580000 0.780000 0.530000 1.020000 6.700000 0.780000 0.780000
152999.984375 75.360001 0.084000
1.073000 0.050000 0.116600
2.983015 4.986953 0.034595 0.000000
0.000000

0.001723 4.366075 64.977600
5.324522 0.591663 61.747059 523.768066 3892.937744
0.000000 0.000000 0.000609 0.030978 0.000000 0.000000
0.000022 0.000040 0.001013
1.054425 0.779419 0.000000
764.299377 0.000000
0.914830 0.000000 0.000000 0.000000
0.000000 0.006205
11 0.015000 0.090000 0.028600
0.612000 0.580000 0.780000 0.530000 1.020000 6.700000 0.780000 0.780000
152999.984375 75.360001 0.084000
1.073000 0.050000 0.116600
2.984208 5.111034 0.035607 0.000000
0.000000

0.011297 6.155710 136.520706
5.471054 0.607947 84.028282 517.500183 3889.489990
0.000000 0.000000 0.000537 0.015607 0.000000 0.000000
0.000023 0.000043 0.000997
1.118446 0.779419 0.000000
764.299377 0.000000
0.864011 0.000000 0.000000 0.000000
0.000000 0.008357
11 0.015000 0.105000 0.028600
0.612000 0.580000 0.780000 0.530000 1.020000 6.700000 0.780000 0.780000
152999.984375 75.360001 0.084000
1.073000 0.050000 0.116600
3.021508 4.702597 0.032816 0.000000
0.000000

0.011690 4.196043 102.382767
2.129522 0.236636 33.888321 199.632904 2918.074707
0.000000 0.002003 0.010936 0.007804 0.000000 0.000000
0.000006 0.000037 0.000115
1.186332 0.649350 0.000000
764.299377 0.000000
0.000000 0.000000 0.000000 0.000000
0.000000 0.015205
11 0.015000 0.120000 0.018000
0.547000 0.580000 0.780000 0.490000 1.150000 6.700000 0.650000 0.650000
172500.000000 75.360001 0.084000
1.073000 0.050000 0.116600
2.602515 8.633488 0.040370 0.000000
0.000000

0.011428 3.920847 95.803787
2.023335 0.224837 32.256813 189.604279 2918.728516
0.000000 0.001810 0.010948 0.003902 0.000000 0.000000
0.000005 0.000039 0.000099
1.258715 0.649350 0.000000
764.299377 0.000000
0.000000 0.000000 0.000000 0.000000
0.000000 0.016582
11 0.015000 0.135000 0.018000
0.547000 0.580000 0.780000 0.490000 1.150000 6.700000 0.650000 0.650000
172500.000000 75.360001 0.084000
1.073000 0.050000 0.116600
2.606131 9.385936 0.043843 0.000000
0.000000

0.011134 3.704217 89.707016
1.923724 0.213769 30.720266 180.201660 2919.437012
0.000000 0.001653 0.009916 0.001951 0.000000 0.000000
0.000005 0.000038 0.000085
1.330505 0.649350 0.000000
764.299377 0.000000
0.000000 0.000000 0.000000 0.000000
0.000000 0.018409
11 0.015000 0.150000 0.018000
0.547000 0.580000 0.780000 0.490000 1.150000 6.700000 0.650000 0.650000
172500.000000 75.360001 0.084000
1.073000 0.050000 0.116600
2.609322 10.908829 0.050913 0.000000
0.000000

0.010997 16.979168 84.828773
1.898485 0.210965 30.346426 177.739990 2920.165527
0.000000 0.001802 0.010436 0.000975 0.000000 0.000000
0.000004 0.000036 0.000070
1.401667 0.649350 0.000000
764.299377 0.000000
0.000000 0.000000 0.000000 0.000000
0.000000 0.024177
11 0.015000 0.165000 0.018000
0.547000 0.580000 0.780000 0.490000 1.150000 6.700000 0.650000 0.650000
172500.000000 75.360001 0.084000
1.073000 0.050000 0.116600
2.612173 15.251992 0.071209 0.000000
0.000000

0.010465 15.903100 79.471558
1.808108 0.200922 28.930023 169.240341 2920.891113
0.000000 0.002680 0.016740 0.000488 0.000000 0.000000
0.000003 0.000027 0.000038
1.472170 0.649350 0.000000
764.299377 0.000000
0.000000 0.000000 0.000000 0.000000
0.000000 0.025987
11 0.015000 0.180000 0.018000
0.547000 0.580000 0.780000 0.490000 1.150000 6.700000 0.650000 0.650000
172500.000000 75.360001 0.084000
1.073000 0.050000 0.116600
2.615150 10.570546 0.049441 0.000000
0.000000

0.009942 14.889605 74.375038
1.724115 0.191589 27.609766 161.347321 2921.500244
0.000000 0.002721 0.013476 0.000244 0.000000 0.000000
0.000003 0.000024 0.000034
1.541988 0.649350 0.000000
764.299377 0.000000
0.000000 0.000000 0.000000 0.000000
0.000000 0.027643
11 0.015000 0.195000 0.018000
0.547000 0.580000 0.780000 0.490000 1.150000 6.700000 0.650000 0.650000
172500.000000 75.360001 0.084000
1.073000 0.050000 0.116600
2.617717 9.604630 0.045040 0.000000
0.000000

0.008078 13.287810 67.405685
1.640452 0.182293 26.174252 153.630692 2919.531006
0.000000 0.002659 0.008682 0.000122 0.000000 0.000000
0.000002 0.000017 0.000024
1.611100 0.650000 0.000000
764.299377 0.000000
0.000000 0.000000 0.000000 0.000000
0.000000 0.028639
11 0.015000 0.210000 0.018000
0.547000 0.580000 0.780000 0.490000 1.150000 6.700000 0.650000 0.650000
172500.000000 75.360001 0.084000
1.073000 0.050000 0.116600
2.611747 7.118236 0.033485 0.000000
0.000000

0.007589 12.377627 64.685303
1.270393 0.141171 20.260983 118.857590 1525.884644
0.000000 0.002540 0.005462 0.000061 0.000000 0.000000
0.000001 0.000013 0.000008
1.680076 0.650000 0.000000
764.299377 0.000000
0.000000 0.000000 0.000000 0.000000
0.000000 0.029899
11 0.015000 0.225000 0.009000
0.527000 0.580000 0.780000 0.490000 1.200000 6.700000 0.650000 0.650000
180000.015625 75.360001 0.084000
1.073000 0.050000 0.116600
1.363388 7.137187 0.031098 0.000000
0.000000

0.007149 11.530703 59.672100
1.203943 0.133787 19.212406 112.627113 1525.842285
0.000000 0.002930 0.004408 0.000030 0.000000 0.000000
0.000000 0.000013 0.000008
1.748893 0.650000 0.000000
764.299377 0.000000
0.000000 0.000000 0.000000 0.000000
0.000000 0.030493
11 0.015000 0.240000 0.009000
0.527000 0.580000 0.780000 0.490000 1.200000 6.700000 0.650000 0.650000
180000.015625 75.360001 0.084000
1.073000 0.050000 0.116600
1.364066 6.864676 0.029884 0.000000
0.000000

0.006707 10.736362 55.256645
1.141559 0.126855 18.224777 106.780823 1525.831421
0.000000 0.003301 0.003466 0.000015 0.000000 0.000000
0.000000 0.000013 0.000008
1.816952 0.650000 0.000000
764.299377 0.000000
0.000000 0.000000 0.000000 0.000000
0.000000 0.030775
11 0.015000 0.255000 0.009000
0.527000 0.580000 0.780000 0.490000 1.200000 6.700000 0.650000 0.650000
180000.015625 75.360001 0.084000
1.073000 0.050000 0.116600
1.364704 6.452802 0.028025 0.000000
0.000000

0.006302 9.997877 51.192020
1.083488 0.120403 17.306616 101.338638 1525.791870
0.000000 0.003602 0.002801 0.000008 0.000000 0.000000
0.000000 0.000012 0.000008
1.884253 0.650000 0.000000
764.299377 0.000000
0.000000 0.000000 0.000000 0.000000
0.000000 0.030811
11 0.015000 0.270000 0.009000
0.527000 0.580000 0.780000 0.490000 1.200000 6.700000 0.650000 0.650000
180000.015625 75.360001 0.084000
1.073000 0.050000 0.116600
1.365277 6.144168 0.026593 0.000000
0.000000

0.005898 9.305762 47.509663
1.029256 0.114376 16.446619 96.259201 1525.782227
0.000000 0.003802 0.002783 0.000004 0.000000 0.000000
0.000000 0.000011 0.000010
1.950801 0.650000 0.000000
764.299377 0.000000
0.000000 0.000000 0.000000 0.000000
0.000000 0.030695
11 0.015000 0.285000 0.009000
0.527000 0.580000 0.780000 0.490000 1.200000 6.700000 0.650000 0.650000
180000.015625 75.360001 0.084000
1.073000 0.050000 0.116600
1.365776 5.678576 0.024481 0.000000
0.000000

0.005512 8.660621 44.142544
0.978789 0.108769 15.645281 91.534203 1525.791016
0.000000 0.003803 0.002489 0.000002 0.000000 0.000000
0.000000 0.000010 0.000011
2.016607 0.650000 0.000000
764.299377 0.000000
0.000000 0.000000 0.000000 0.000000
0.000000 0.030516
11 0.015000 0.300000 0.009000
0.527000 0.580000 0.780000 0.490000 1.200000 6.700000 0.650000 0.650000
180000.015625 75.360001 0.084000
1.073000 0.050000 0.116600
1.366285 5.354370 0.022989 0.000000
0.000000

0.005151 8.056534 40.997124
0.931965 0.103566 14.901766 87.151390 1525.772339
0.000000 0.003655 0.002585 0.000001 0.000000 0.000000
0.000000 0.000009 0.000013
2.081686 0.650000 0.000000
764.299377 0.000000
0.000000 0.000000 0.000000 0.000000
0.000000 0.030345
11 0.015000 0.315000 0.009000
0.527000 0.580000 0.780000 0.490000 1.200000 6.700000 0.650000 0.650000
180000.015625 75.360001 0.084000
1.073000 0.050000 0.116600
1.366763 4.846894 0.020729 0.000000
0.000000

0.004811 7.493907 38.584202
0.811130 0.090138 12.968246 75.814095 1166.302368
0.000000 0.003294 0.002162 0.000000 0.000000 0.000000
0.000000 0.000007 0.000009
2.146915 0.650000 0.000000
764.299377 0.000000
0.000000 0.000000 0.000000 0.000000
0.000000 0.030288
11 0.015000 0.330000 0.006600
0.497000 0.580000 0.780000 0.490000 1.250000 6.700000 0.650000 0.650000
187499.984375 75.360001 0.084000
1.073000 0.050000 0.116600
1.044390 4.833115 0.018693 0.000000
0.000000

0.004490 6.967269 35.776730
0.770955 0.085674 12.329844 72.056267 1166.217285
0.000000 0.002926 0.002678 0.000000 0.000000 0.000000
0.000000 0.000005 0.000011
2.212326 0.650000 0.000000
764.299377 0.000000
0.000000 0.000000 0.000000 0.000000
0.000000 0.030304
11 0.015000 0.345000 0.006600
0.497000 0.580000 0.780000 0.490000 1.250000 6.700000 0.650000 0.650000
187499.984375 75.360001 0.084000
1.073000 0.050000 0.116600
1.044713 4.555372 0.017555 0.000000
0.000000

0.004187 6.475921 33.169201
0.733684 0.081532 11.736750 68.571655 1166.226440
0.000000 0.002500 0.002953 0.000000 0.000000 0.000000
0.000000 0.000003 0.000013
2.277064 0.650000 0.000000
764.299377 0.000000
0.000000 0.000000 0.000000 0.000000
0.000000 0.030474
11 0.015000 0.360000 0.006600
0.497000 0.580000 0.780000 0.490000 1.250000 6.700000 0.650000 0.650000
187499.984375 75.360001 0.084000
1.073000 0.050000 0.116600
1.045037 4.241839 0.016293 0.000000
0.000000

0.003906 6.019667 30.730076
0.698998 0.077678 11.185209 65.329086 1166.172485
0.000000 0.002091 0.003414 0.000000 0.000000 0.000000
0.000000 0.000002 0.000015
2.341161 0.650000 0.000000
764.299377 0.000000
0.000000 0.000000 0.000000 0.000000
0.000000 0.030836
11 0.015000 0.375000 0.006600
0.497000 0.580000 0.780000 0.490000 1.250000 6.700000 0.650000 0.650000
187499.984375 75.360001 0.084000
1.073000 0.050000 0.116600
1.045268 3.898275 0.014927 0.000000
0.000000

0.003640 5.595254 28.493063
0.666748 0.074094 10.672069 62.314938 1166.169312
0.000000 0.001678 0.003130 0.000000 0.000000 0.000000
0.000000 0.000000 0.000016
2.404651 0.650000 0.000000
764.299377 0.000000
0.000000 0.000000 0.000000 0.000000
0.000000 0.031444
11 0.015000 0.390000 0.006600
0.497000 0.580000 0.780000 0.490000 1.250000 6.700000 0.650000 0.650000
187499.984375 75.360001 0.084000
1.073000 0.050000 0.116600
1.045510 3.431043 0.013100 0.000000
0.000000

0.003390 5.199597 26.416338
0.636783 0.070764 10.195049 59.515205 1166.168335
0.000000 0.001360 0.003479 0.000000 0.000000 0.000000
0.000000 0.000000 0.000017
2.467572 0.650000 0.000000
764.299377 0.000000
0.000000 0.000000 0.000000 0.000000
0.000000 0.032361
11 0.015000 0.405000 0.006600
0.497000 0.580000 0.780000 0.490000 1.250000 6.700000 0.650000 0.650000
187499.984375 75.360001 0.084000
1.073000 0.050000 0.116600
1.045703 3.133845 0.011934 0.000000
0.000000

0.003156 4.828308 26.248304
0.480491 0.053396 7.683200 44.842590 583.941528
0.000000 0.000937 0.001235 0.000000 0.000000 0.000000
0.000000 0.000001 0.000008
2.530250 0.650000 0.000000
764.299377 0.000000
0.000000 0.000000 0.000000 0.000000
0.000000 0.033792
11 0.015000 0.420000 0.003300
0.487000 0.580000 0.780000 0.490000 1.250000 6.700000 0.650000 0.650000
187499.984375 75.360001 0.084000
1.073000 0.050000 0.116600
0.522942 2.887533 0.010754 0.000000
0.000000

0.002935 4.484200 24.019308
0.455849 0.050658 7.290887 42.544922 583.865601
0.000000 0.000730 0.001221 0.000000 0.000000 0.000000
0.000000 0.000001 0.000009
2.592732 0.650000 0.000000
764.299377 0.000000
0.000000 0.000000 0.000000 0.000000
0.000000 0.035543
11 0.015000 0.435000 0.003300
0.487000 0.580000 0.780000 0.490000 1.250000 6.700000 0.650000 0.650000
187499.984375 75.360001 0.084000
1.073000 0.050000 0.116600
0.523031 2.639473 0.009806 0.000000
0.000000

0.002728 4.163671 22.011841
0.432817 0.048098 6.924000 40.397591 583.832764
0.000000 0.000576 0.001185 0.000000 0.000000 0.000000
0.000000 0.000001 0.000009
2.654770 0.650000 0.000000
764.299377 0.000000
0.000000 0.000000 0.000000 0.000000
0.000000 0.037870
11 0.015000 0.450000 0.003300
0.487000 0.580000 0.780000 0.490000 1.250000 6.700000 0.650000 0.650000
187499.984375 75.360001 0.084000
1.073000 0.050000 0.116600
0.523110 2.426249 0.008994 0.000000
0.000000

0.002535 3.866242 20.220404
0.411236 0.045700 6.580050 38.385410 583.775208
0.000000 0.000487 0.001620 0.000000 0.000000 0.000000
0.000000 0.000001 0.000009
2.716408 0.650000 0.000000
764.299377 0.000000
0.000000 0.000000 0.000000 0.000000
0.000000 0.040849
11 0.015000 0.465000 0.003300
0.487000 0.580000 0.780000 0.490000 1.250000 6.700000 0.650000 0.650000
187499.984375 75.360001 0.084000
1.073000 0.050000 0.116600
0.523185 2.196155 0.008124 0.000000
0.000000

0.002355 3.589822 18.615013
0.391051 0.043457 6.258286 36.503338 583.721558
0.000000 0.000432 0.002234 0.000000 0.000000 0.000000
0.000000 0.000001 0.000009
2.777690 0.650000 0.000000
764.299377 0.000000
0.000000 0.000000 0.000000 0.000000
0.000000 0.044524
11 0.015000 0.480000 0.003300
0.487000 0.580000 0.780000 0.490000 1.250000 6.700000 0.650000 0.650000
187499.984375 75.360001 0.084000
1.073000 0.050000 0.116600
0.523267 2.017913 0.007450 0.000000
0.000000

0.002187 3.332573 17.148573
0.372243 0.041367 5.958389 34.749897 583.685181
0.000000 0.000403 0.002920 0.000000 0.000000 0.000000
0.000000 0.000001 0.000009
2.838658 0.650000 0.000000
764.299377 0.000000
0.000000 0.000000 0.000000 0.000000
0.000000 0.048902
11 0.015000 0.495000 0.003300
0.487000 0.580000 0.780000 0.490000 1.250000 6.700000 0.650000 0.650000
187499.984375 75.360001 0.084000
1.073000 0.050000 0.116600
0.523346 1.853666 0.006831 0.000000
0.000000

0.002031 3.093765 15.808429
0.354720 0.039420 5.678973 33.116230 583.652283
0.000000 0.000392 0.003616 0.000000 0.000000 0.000000
0.000000 0.000001 0.000009
2.899356 0.650000 0.000000
764.299377 0.000000
0.000000 0.000000 0.000000 0.000000
0.000000 0.053942
11 0.015000 0.510000 0.003300
0.487000 0.580000 0.780000 0.490000 1.250000 6.700000 0.650000 0.650000
187499.984375 75.360001 0.084000
1.073000 0.050000 0.116600
0.523415 1.713727 0.006305 0.000000
0.000000

0.001886 2.872148 21.539467
0.230921 0.025662 3.679826 21.456547 177.484512
0.000000 0.000210 0.000187 0.000000 0.000000 0.000000
0.000000 0.000001 0.000003
2.959826 0.650000 0.000000
764.299377 0.000000
0.000000 0.000000 0.000000 0.000000
0.000000 0.060291
11 0.015000 0.525000 0.001000
0.487000 0.580000 0.780000 0.490000 1.250000 6.700000 0.650000 0.650000
187499.984375 75.360001 0.084000
1.073000 0.050000 0.116600
0.158628 1.554579 0.005711 0.000000
0.000000

0.001751 2.666158 19.374187
0.218936 0.024330 3.490143 20.348406 177.441574
0.000000 0.000200 0.000173 0.000000 0.000000 0.000000
0.000000 0.000001 0.000003
3.020111 0.650000 0.000000
764.299377 0.000000
0.000000 0.000000 0.000000 0.000000
0.000000 0.066244
11 0.015000 0.540000 0.001000
0.487000 0.580000 0.780000 0.490000 1.250000 6.700000 0.650000 0.650000
187499.984375 75.360001 0.084000
1.073000 0.050000 0.116600
0.158647 1.383103 0.005074 0.000000
0.000000

0.001626 2.474969 17.549545
0.207268 0.023034 3.305122 19.267807 177.389023
0.000000 0.000180 0.000124 0.000000 0.000000 0.000000
0.000000 0.000000 0.000003
3.080250 0.650000 0.000000
764.299377 0.000000
0.000000 0.000000 0.000000 0.000000
0.000000 0.072472
11 0.015000 0.555000 0.001000
0.487000 0.580000 0.780000 0.490000 1.250000 6.700000 0.650000 0.650000
187499.984375 75.360001 0.084000
1.073000 0.050000 0.116600
0.158667 1.213411 0.004446 0.000000
0.000000

0.001509 2.297559 15.673784
0.196938 0.021886 3.141706 18.313414 177.354523
0.000000 0.000169 0.000114 0.000000 0.000000 0.000000
0.000000 0.000000 0.000003
3.140283 0.650000 0.000000
764.299377 0.000000
0.000000 0.000000 0.000000 0.000000
0.000000 0.078703
11 0.015000 0.570000 0.001000
0.487000 0.580000 0.780000 0.490000 1.250000 6.700000 0.650000 0.650000
187499.984375 75.360001 0.084000
1.073000 0.050000 0.116600
0.158683 1.075373 0.003936 0.000000
0.000000

0.001402 2.134804 14.407372
0.185899 0.020659 2.966090 17.288164 177.320328
0.000000 0.000152 0.000105 0.000000 0.000000 0.000000
0.000000 0.000000 0.000003
3.200246 0.650000 0.000000
764.299377 0.000000
0.000000 0.000000 0.000000 0.000000
0.000000 0.084774
11 0.015000 0.585000 0.001000
0.487000 0.580000 0.780000 0.490000 1.250000 6.700000 0.650000 0.650000
187499.984375 75.360001 0.084000
1.073000 0.050000 0.116600
0.158704 0.959910 0.003509 0.000000
0.000000

0.001301 1.982563 13.506811
0.174853 0.019432 2.789894 16.259676 177.279282
0.000000 0.000129 0.000089 0.000000 0.000000 0.000000
0.000000 0.000000 0.000003
3.260175 0.650000 0.000000
764.299377 0.000000
0.000000 0.000000 0.000000 0.000000
0.000000 0.090416
11 0.015000 0.600000 0.001000
0.487000 0.580000 0.780000 0.490000 1.250000 6.700000 0.650000 0.650000
187499.984375 75.360001 0.084000
1.073000 0.050000 0.116600
0.158720 0.863686 0.003154 0.000000
0.000000

0.001208 1.839896 11.952807
0.166826 0.018540 2.663116 15.519515 177.244659
0.000000 0.000111 0.000083 0.000000 0.000000 0.000000
0.000000 0.000000 0.000004
3.320103 0.650000 0.000000
764.299377 0.000000
0.000000 0.000000 0.000000 0.000000
0.000000 0.095284
11 0.015000 0.615000 0.001000
0.487000 0.580000 0.780000 0.490000 1.250000 6.700000 0.650000 0.650000
187499.984375 75.360001 0.084000
1.073000 0.050000 0.116600
0.158737 0.783950 0.002861 0.000000
0.000000

0.001121 1.707757 10.383101
0.159713 0.017749 2.551096 14.865456 177.224747
0.000000 0.000179 0.002849 0.000000 0.000000 0.000000
0.000000 0.000000 0.000004
3.380062 0.650000 0.000000
764.299377 0.000000
0.000000 0.000000 0.000000 0.000000
0.000000 0.099275
11 0.015000 0.630000 0.001000
0.487000 0.580000 0.780000 0.490000 1.250000 6.700000 0.650000 0.650000
187499.984375 75.360001 0.084000
1.073000 0.050000 0.116600
0.158747 0.706334 0.002575 0.000000
0.000000

0.001041 1.585334 8.781358
0.153424 0.017050 2.452416 14.289122 177.211853
0.000000 0.000175 0.005846 0.000000 0.000000 0.000000
0.000000 0.000000 0.000004
3.440080 0.650000 0.000000
764.299377 0.000000
0.000000 0.000000 0.000000 0.000000
0.000000 0.102250
11 0.015000 0.645000 0.001000
0.487000 0.580000 0.780000 0.490000 1.250000 6.700000 0.650000 0.650000
187499.984375 75.360001 0.084000
1.073000 0.050000 0.116600
0.158761 0.936990 0.003413 0.000000
0.000000

0.000974 1.475365 7.622916
0.146597 0.016292 2.344858 13.658475 177.194839
0.000000 0.000168 0.008205 0.000000 0.000000 0.000000
0.000000 0.000000 0.000004
3.500184 0.650000 0.000000
764.299377 0.000000
0.000000 0.000000 0.000000 0.000000
0.000000 0.104187
11 0.015000 0.660000 0.001000
0.487000 0.580000 0.780000 0.490000 1.250000 6.700000 0.650000 0.650000
187499.984375 75.360001 0.084000
1.073000 0.050000 0.116600
0.158798 0.992124 0.003612 0.000000
0.000000

0.000915 1.375690 6.906886
0.139325 0.015484 2.230011 12.982024 177.182007
0.000000 0.000161 0.009755 0.000000 0.000000 0.000000
0.000000 0.000000 0.000004
3.560399 0.650000 0.000000
764.299377 0.000000
0.000000 0.000000 0.000000 0.000000
0.000000 0.105062
11 0.015000 0.675000 0.001000
0.487000 0.580000 0.780000 0.490000 1.250000 6.700000 0.650000 0.650000
187499.984375 75.360001 0.084000
1.073000 0.050000 0.116600
0.158853 1.072519 0.003903 0.000000
0.000000

0.000866 1.283453 6.387822
0.132141 0.014685 2.116203 12.312475 177.162781
0.000000 0.011267 0.010720 0.000000 0.000000 0.000000
0.000000 0.000001 0.000002
3.620745 0.650000 0.000000
764.299377 0.000000
0.000000 0.000000 0.000000 0.000000
0.000000 0.104870
11 0.015000 0.690000 0.001000
0.487000 0.580000 0.780000 0.490000 1.250000 6.700000 0.650000 0.650000
187499.984375 75.360001 0.084000
1.073000 0.050000 0.116600
0.158909 0.986555 0.003589 0.000000
0.000000

0.000819 1.196283 5.938538
0.125390 0.013935 2.009535 11.682620 177.147446
0.000000 0.037437 0.012046 0.000000 0.000000 0.000000
0.000000 0.000001 0.000001
3.681242 0.650000 0.000000
764.299377 0.000000
0.000000 0.000000 0.000000 0.000000
0.000000 0.415694
11 0.015000 0.705000 0.001000
0.487000 0.580000 0.780000 0.490000 1.250000 6.700000 0.650000 0.650000
187499.984375 75.360001 0.084000
1.073000 0.050000 0.116600
0.158960 1.103972 0.004081 0.000000
0.000000

0.000784 1.120891 5.551656
0.119118 0.013238 1.910732 11.099643 177.139862
0.000000 0.106880 0.021893 0.000000 0.000000 0.000000
0.000000 0.000001 0.000001
3.741805 0.742233 0.000000
764.299377 0.000000
0.000000 0.000000 0.000000 0.000000
0.000000 0.844471
11 0.015000 0.720000 0.001000
0.487000 0.580000 0.780000 0.490000 1.250000 6.700000 0.650000 0.650000
187499.984375 75.360001 0.084000
1.073000 0.050000 0.116600
0.159076 1.282997 0.005448 0.000000
0.000000

0.000791 1.078232 5.303329
0.113044 0.012561 1.825081 10.573367 177.184631
0.000000 0.258499 0.020331 0.000000 0.000000 0.000000
0.000000 0.000001 0.000000
3.796467 1.000000 0.000000
764.299377 0.000000
0.000000 0.000000 0.000000 0.000000
0.000000 0.640545
11 0.015000 0.735000 0.001000
0.487000 0.580000 0.780000 0.490000 1.250000 6.700000 0.650000 0.650000
187499.984375 75.360001 0.084000
1.073000 0.050000 0.116600
0.159506 1.129845 0.006343 0.000000
0.000000

0.000000 0.383197 6.523930
0.074583 0.008288 1.217333 6.955592 177.854294
0.000000 0.261878 0.014843 0.000000 0.000000 0.000000
0.000000 0.000001 0.000000
3.846442 1.000000 0.000000
764.299377 0.000000
0.000000 0.000000 0.000000 0.000000
0.000000 0.516835
11 0.015000 0.750000 0.001000
0.487000 0.580000 0.780000 0.490000 1.250000 6.700000 0.650000 0.650000
187499.984375 75.360001 0.084000
1.073000 0.050000 0.116600
0.162906 0.157002 0.000875 0.000000
0.000000

0.000000 0.380483 6.421008
0.071716 0.007969 1.174831 6.682950 178.037369
0.000000 0.258659 0.014475 0.000000 0.000000 0.000000
0.000000 0.000001 0.000000
3.896646 1.000000 0.000000
764.299377 0.000000
0.000000 0.000000 0.000000 0.000000
0.000000 0.537050
11 0.015000 0.765000 0.001000
0.487000 0.580000 0.780000 0.490000 1.250000 6.700000 0.650000 0.650000
187499.984375 75.360001 0.084000
1.073000 0.050000 0.116600
0.163421 0.140848 0.000785 0.000000
0.000000

0.000000 0.362582 6.071415
0.069382 0.007710 1.137856 6.464562 178.072266
0.000000 0.187989 0.016172 0.000000 0.000000 0.000000
0.000000 0.000001 0.000000
3.947086 1.000000 0.000000
764.299377 0.000000
0.000000 0.000000 0.000000 0.000000
0.000000 0.526764
11 0.015000 0.780000 0.001000
0.487000 0.580000 0.780000 0.490000 1.250000 6.700000 0.650000 0.650000
187499.984375 75.360001 0.084000
1.073000 0.050000 0.116600
0.163535 0.125715 0.000700 0.000000
0.000000

0.000000 0.341818 5.724449
0.067553 0.007507 1.110092 6.292535 178.185669
0.000000 0.092074 0.014854 0.000000 0.000000 0.000000
0.000000 0.000001 0.000000
3.997764 1.000000 0.000000
764.299377 0.000000
0.000000 0.000000 0.000000 0.000000
0.000000 0.465507
11 0.015000 0.795000 0.001000
0.487000 0.580000 0.780000 0.490000 1.250000 6.700000 0.650000 0.650000
187499.984375 75.360001 0.084000
1.073000 0.050000 0.116600
0.163863 0.116785 0.000651 0.000000
0.000000

0.000000 0.319451 5.347034
0.065708 0.007301 1.080940 6.120320 178.194366
0.000000 0.424351 0.013399 0.000000 0.000000 0.000000
0.000000 0.000000 0.000000
4.048681 1.000000 0.000000
764.299377 0.000000
0.000000 0.000000 0.000000 0.000000
0.000000 0.776872
11 0.015000 0.810000 0.001000
0.487000 0.580000 0.780000 0.490000 1.250000 6.700000 0.650000 0.650000
187499.984375 75.360001 0.084000
1.073000 0.050000 0.116600
0.163894 0.110874 0.000618 0.000000
0.000000

0.000000 0.297585 4.996854
0.064014 0.007113 1.053655 5.962746 178.204605
0.000000 2.204504 0.013092 0.000000 0.000000 0.000000
0.000000 0.000000 0.000000
4.099833 1.000000 0.000000
764.299377 0.000000
0.000000 0.000000 0.000000 0.000000
0.000000 1.202643
11 0.015000 0.825000 0.001000
0.487000 0.580000 0.780000 0.490000 1.250000 6.700000 0.650000 0.650000
187499.984375 75.360001 0.084000
1.073000 0.050000 0.116600
0.163927 0.108862 0.000606 0.000000
0.000000

0.000000 0.277214 4.671745
0.062449 0.006939 1.028401 5.817346 178.215759
0.000000 11.959033 0.012537 0.000000 0.000000 0.000000
0.000000 0.000000 0.000000
4.151217 1.000000 0.000000
764.299377 0.000000
0.000000 0.000000 0.000000 0.000000
0.000000 2.928054
11 0.015000 0.840000 0.001000
0.487000 0.580000 0.780000 0.490000 1.250000 6.700000 0.650000 0.650000
187499.984375 75.360001 0.084000
1.073000 0.050000 0.116600
0.163966 0.109208 0.000608 0.000000
0.000000

0.000000 0.257677 4.362007
0.061010 0.006780 1.005082 5.683773 178.222107
0.000000 46.687763 0.012484 0.000000 0.000000 0.000000
0.000000 0.000000 0.000000
4.202825 1.000000 0.000000
764.299377 0.000000
0.000000 0.000000 0.000000 0.000000
0.000000 11.294895
11 0.015000 0.855000 0.001000
0.487000 0.580000 0.780000 0.490000 1.250000 6.700000 0.650000 0.650000
187499.984375 75.360001 0.084000
1.073000 0.050000 0.116600
0.163993 0.119840 0.000668 0.000000
0.000000

0.000000 0.000000 0.336989
0.043386 0.004821 0.731718 4.038940 178.572311
0.000000 5.618698 0.014846 0.000000 0.000000 0.000000
0.000000 0.000002 0.000000
4.254647 1.000000 0.000000
764.299377 0.000000
0.000000 0.000000 0.000000 0.000000
0.000000 1.101687
11 0.015000 0.870000 0.001000
0.487000 0.580000 0.780000 0.490000 1.250000 6.700000 0.650000 0.650000
187499.984375 75.360001 0.084000
1.073000 0.050000 0.116600
0.164987 0.089914 0.000501 0.000000
0.000000

0.000000 0.000000 0.338739
0.043402 0.004823 0.732042 4.040318 178.579132
0.000000 0.369343 0.014718 0.000000 0.000000 0.000000
0.000000 0.000004 0.000000
4.306674 1.000000 0.000000
764.299377 0.000000
0.000000 0.000000 0.000000 0.000000
0.000000 1.101072
11 0.015000 0.885000 0.001000
0.487000 0.580000 0.780000 0.490000 1.250000 6.700000 0.650000 0.650000
187499.984375 75.360001 0.084000
1.073000 0.050000 0.116600
0.165005 0.090064 0.000502 0.000000
0.000000

0.000000 0.000000 0.339922
0.043412 0.004824 0.732284 4.041257 178.586670
0.000000 0.030923 0.014659 0.000000 0.000000 0.000000
0.000000 0.000008 0.000000
4.358891 1.000000 0.000000
764.299377 0.000000
0.000000 0.000000 0.000000 0.000000
0.000000 1.100476
11 0.015000 0.900000 0.001000
0.487000 0.580000 0.780000 0.490000 1.250000 6.700000 0.650000 0.650000
187499.984375 75.360001 0.084000
1.073000 0.050000 0.116600
0.165017 0.089924 0.000501 0.000000
0.000000

0.000000 0.000000 0.340968
0.043422 0.004825 0.732501 4.042072 178.595963
0.000000 0.012789 0.014600 0.000000 0.000000 0.000000
0.000000 0.000010 0.000001
4.411283 1.000000 0.000000
764.299377 0.000000
0.000000 0.000000 0.000000 0.000000
0.000000 1.099876
11 0.015000 0.915000 0.001000
0.487000 0.580000 0.780000 0.490000 1.250000 6.700000 0.650000 0.650000
187499.984375 75.360001 0.084000
1.073000 0.050000 0.116600
0.165030 0.089970 0.000501 0.000000
0.000000

0.000000 0.000000 0.341978
0.043431 0.004826 0.732711 4.042848 178.602524
0.000000 0.011019 0.014558 0.000000 0.000000 0.000000
0.000000 0.000011 0.000001
4.463834 1.000000 0.000000
764.299377 0.000000
0.000000 0.000000 0.000000 0.000000
0.000000 1.099278
11 0.015000 0.930000 0.001000
0.487000 0.580000 0.780000 0.490000 1.250000 6.700000 0.650000 0.650000
187499.984375 75.360001 0.084000
1.073000 0.050000 0.116600
0.165040 0.089846 0.000500 0.000000
0.000000

0.000000 0.000000 0.342993
0.043440 0.004827 0.732919 4.043603 178.608887
0.000000 0.011440 0.014541 0.000000 0.000000 0.000000
0.000000 0.000011 0.000001
4.516527 1.000000 0.000000
764.299377 0.000000
0.000000 0.000000 0.000000 0.000000
0.000000 1.098686
11 0.015000 0.945000 0.001000
0.487000 0.580000 0.780000 0.490000 1.250000 6.700000 0.650000 0.650000
187499.984375 75.360001 0.084000
1.073000 0.050000 0.116600
0.165052 0.090035 0.000501 0.000000
0.000000

0.000000 0.000000 0.344032
0.043450 0.004828 0.733135 4.044412 178.614822
0.000000 0.013135 0.014563 0.000000 0.000000 0.000000
0.000000 0.000010 0.000001
4.569343 1.000000 0.000000
764.299377 0.000000
0.000000 0.000000 0.000000 0.000000
0.000000 1.098092
11 0.015000 0.960000 0.001000
0.487000 0.580000 0.780000 0.490000 1.250000 6.700000 0.650000 0.650000
187499.984375 75.360001 0.084000
1.073000 0.050000 0.116600
0.165064 0.089990 0.000501 0.000000
0.000000

0.000000 0.000000 0.345708
0.043465 0.004830 0.733441 4.045742 178.621414
0.000000 0.015628 0.014520 0.000000 0.000000 0.000000
0.000000 0.000009 0.000000
4.622260 1.000000 0.000000
764.299377 0.000000
0.000000 0.000000 0.000000 0.000000
0.000000 1.097561
11 0.015000 0.975000 0.001000
0.487000 0.580000 0.780000 0.490000 1.250000 6.700000 0.650000 0.650000
187499.984375 75.360001 0.084000
1.073000 0.050000 0.116600
0.165080 0.089953 0.000501 0.000000
0.000000

0.000000 0.000000 0.347018
0.043476 0.004831 0.733690 4.046749 178.628784
0.000000 0.018541 0.014545 0.000000 0.000000 0.000000
0.000000 0.000008 0.000000
4.675258 1.000000 0.000000
764.299377 0.000000
0.000000 0.000000 0.000000 0.000000
0.000000 1.097008
11 0.015000 0.990000 0.001000
0.487000 0.580000 0.780000 0.490000 1.250000 6.700000 0.650000 0.650000
187499.984375 75.360001 0.084000
1.073000 0.050000 0.116600
0.165093 0.089923 0.000501 0.000000
0.000000

0.000000 0.000000 0.347974
0.043485 0.004832 0.733887 4.047470 178.636978
0.000000 0.021365 0.014531 0.000000 0.000000 0.000000
0.000000 0.000007 0.000000
4.728314 1.000000 0.000000
764.299377 0.000000
0.000000 0.000000 0.000000 0.000000
0.000000 1.096434
11 0.015000 1.005000 0.001000
0.487000 0.580000 0.780000 0.490000 1.250000 6.700000 0.650000 0.650000
187499.984375 75.360001 0.084000
1.073000 0.050000 0.116600
0.165104 0.090095 0.000502 0.000000
0.000000

0.000000 0.000000 0.349405
0.043497 0.004833 0.734151 4.048557 178.642929
0.000000 0.023573 0.014497 0.000000 0.000000 0.000000
0.000000 0.000007 0.000000
4.781405 1.000000 0.000000
764.299377 0.000000
0.000000 0.000000 0.000000 0.000000
0.000000 1.095896
11 0.015000 1.020000 0.001000
0.487000 0.580000 0.780000 0.490000 1.250000 6.700000 0.650000 0.650000
187499.984375 75.360001 0.084000
1.073000 0.050000 0.116600
0.165119 0.089949 0.000501 0.000000
0.000000

0.000000 0.000000 0.350348
0.043506 0.004834 0.734347 4.049288 178.648590
0.000000 0.024814 0.014437 0.000000 0.000000 0.000000
0.000000 0.000007 0.000000
4.834509 1.000000 0.000000
764.299377 0.000000
0.000000 0.000000 0.000000 0.000000
0.000000 1.095331
11 0.015000 1.035000 0.001000
0.487000 0.580000 0.780000 0.490000 1.250000 6.700000 0.650000 0.650000
187499.984375 75.360001 0.084000
1.073000 0.050000 0.116600
0.165128 0.090189 0.000502 0.000000
0.000000

0.000000 0.000000 0.351367
0.043515 0.004835 0.734548 4.050052 178.654831
0.000000 0.024941 0.014413 0.000000 0.000000 0.000000
0.000000 0.000007 0.000000
4.887601 1.000000 0.000000
764.299377 0.000000
0.000000 0.000000 0.000000 0.000000
0.000000 1.094778
11 0.015000 1.050000 0.001000
0.487000 0.580000 0.780000 0.490000 1.250000 6.700000 0.650000 0.650000
187499.984375 75.360001 0.084000
1.073000 0.050000 0.116600
0.165140 0.090009 0.000501 0.000000
0.000000

0.000000 0.000000 0.352285
0.043523 0.004836 0.734729 4.050707 178.660812
0.000000 0.024013 0.014375 0.000000 0.000000 0.000000
0.000000 0.000007 0.000000
4.940656 1.000000 0.000000
764.299377 0.000000
0.000000 0.000000 0.000000 0.000000
0.000000 1.094226
11 0.015000 1.065000 0.001000
0.487000 0.580000 0.780000 0.490000 1.250000 6.700000 0.650000 0.650000
187499.984375 75.360001 0.084000
1.073000 0.050000 0.116600
0.165148 0.090205 0.000502 0.000000
0.000000

0.000000 0.000000 0.353248
0.043531 0.004837 0.734922 4.051423 178.666962
0.000000 0.022233 0.014249 0.000000 0.000000 0.000000
0.000000 0.000008 0.000000
4.993650 1.000000 0.000000
764.299377 0.000000
0.000000 0.000000 0.000000 0.000000
0.000000 1.093681
11 0.015000 1.080000 0.001000
0.487000 0.580000 0.780000 0.490000 1.250000 6.700000 0.650000 0.650000
187499.984375 75.360001 0.084000
1.073000 0.050000 0.116600
0.165158 0.089965 0.000501 0.000000
0.000000

0.000000 0.000000 0.354970
0.043546 0.004839 0.735221 4.052724 178.673386
0.000000 0.020002 0.014180 0.000000 0.000000 0.000000
0.000000 0.000009 0.000000
5.046558 1.000000 0.000000
764.299377 0.000000
0.000000 0.000000 0.000000 0.000000
0.000000 1.093202
11 0.015000 1.095000 0.001000
0.487000 0.580000 0.780000 0.490000 1.250000 6.700000 0.650000 0.650000
187499.984375 75.360001 0.084000
1.073000 0.050000 0.116600
0.165176 0.090322 0.000503 0.000000
0.000000

0.000000 0.000000 0.356957
0.043563 0.004841 0.735553 4.054221 178.681488
0.000000 0.017616 0.014089 0.000000 0.000000 0.000000
0.000000 0.000010 0.000001
5.099354 1.000000 0.000000
764.299377 0.000000
0.000000 0.000000 0.000000 0.000000
0.000000 1.092752
11 0.015000 1.110000 0.001000
0.487000 0.580000 0.780000 0.490000 1.250000 6.700000 0.650000 0.650000
187499.984375 75.360001 0.084000
1.073000 0.050000 0.116600
0.165198 0.089861 0.000500 0.000000
0.000000

0.000000 0.000000 0.357863
0.043570 0.004842 0.735728 4.054861 178.686737
0.000000 0.015337 0.013956 0.000000 0.000000 0.000000
0.000000 0.000012 0.000001
5.152015 1.000000 0.000000
764.299377 0.000000
0.000000 0.000000 0.000000 0.000000
0.000000 1.092225
11 0.015000 1.125000 0.001000
0.487000 0.580000 0.780000 0.490000 1.250000 6.700000 0.650000 0.650000
187499.984375 75.360001 0.084000
1.073000 0.050000 0.116600
0.165206 0.090156 0.000502 0.000000
0.000000

0.000000 0.000000 0.358755
0.043578 0.004842 0.735905 4.055505 178.692673
0.000000 0.013335 0.013927 0.000000 0.000000 0.000000
0.000000 0.000013 0.000001
5.204513 1.000000 0.000000
764.299377 0.000000
0.000000 0.000000 0.000000 0.000000
0.000000 1.091710
11 0.015000 1.140000 0.001000
0.487000 0.580000 0.780000 0.490000 1.250000 6.700000 0.650000 0.650000
187499.984375 75.360001 0.084000
1.073000 0.050000 0.116600
0.165216 0.090089 0.000502 0.000000
0.000000

0.000000 0.000000 0.359639
0.043586 0.004843 0.736085 4.056168 178.697754
0.000000 0.011675 0.013826 0.000000 0.000000 0.000000
0.000000 0.000015 0.000001
5.256825 1.000000 0.000000
764.299377 0.000000
0.000000 0.000000 0.000000 0.000000
0.000000 1.091203
11 0.015000 1.155000 0.001000
0.487000 0.580000 0.780000 0.490000 1.250000 6.700000 0.650000 0.650000
187499.984375 75.360001 0.084000
1.073000 0.050000 0.116600
0.165227 0.090182 0.000502 0.000000
0.000000

0.000000 0.000000 0.360654
0.043594 0.004844 0.736273 4.056890 178.703033
0.000000 0.010341 0.013750 0.000000 0.000000 0.000000
0.000000 0.000016 0.000001
5.308926 1.000000 0.000000
764.299377 0.000000
0.000000 0.000000 0.000000 0.000000
0.000000 1.090710
11 0.015000 1.170000 0.001000
0.487000 0.580000 0.780000 0.490000 1.250000 6.700000 0.650000 0.650000
187499.984375 75.360001 0.084000
1.073000 0.050000 0.116600
0.165234 0.090155 0.000502 0.000000
0.000000

0.000000 0.000000 0.361831
0.043604 0.004845 0.736485 4.057744 178.709259
0.000000 0.009365 0.013703 0.000000 0.000000 0.000000
0.000000 0.000016 0.000002
5.360791 1.000000 0.000000
764.299377 0.000000
0.000000 0.000000 0.000000 0.000000
0.000000 1.090244
11 0.015000 1.185000 0.001000
0.487000 0.580000 0.780000 0.490000 1.250000 6.700000 0.650000 0.650000
187499.984375 75.360001 0.084000
1.073000 0.050000 0.116600
0.165246 0.089897 0.000501 0.000000
0.000000

0.000000 0.000000 0.362687
0.043611 0.004846 0.736650 4.058335 178.714813
0.000000 0.008643 0.013640 0.000000 0.000000 0.000000
0.000000 0.000016 0.000002
5.412397 1.000000 0.000000
764.299377 0.000000
0.000000 0.000000 0.000000 0.000000
0.000000 1.089760
11 0.015000 1.200000 0.001000
0.487000 0.580000 0.780000 0.490000 1.250000 6.700000 0.650000 0.650000
187499.984375 75.360001 0.084000
1.073000 0.050000 0.116600
0.165257 0.090075 0.000502 0.000000
0.000000

0.000000 0.000000 0.363538
0.043618 0.004847 0.736817 4.058946 178.719376
0.000000 0.008124 0.013563 0.000000 0.000000 0.000000
0.000000 0.000016 0.000002
5.463719 1.000000 0.000000
764.299377 0.000000
0.000000 0.000000 0.000000 0.000000
0.000000 1.089291
11 0.015000 1.215000 0.001000
0.487000 0.580000 0.780000 0.490000 1.250000 6.700000 0.650000 0.650000
187499.984375 75.360001 0.084000
1.073000 0.050000 0.116600
0.165265 0.090023 0.000501 0.000000
0.000000

0.000000 0.000000 0.364379
0.043626 0.004848 0.736987 4.059571 178.726440
0.000000 0.007739 0.013530 0.000000 0.000000 0.000000
0.000000 0.000016 0.000002
5.514736 1.000000 0.000000
764.299377 0.000000
0.000000 0.000000 0.000000 0.000000
0.000000 1.088827
11 0.015000 1.230000 0.001000
0.487000 0.580000 0.780000 0.490000 1.250000 6.700000 0.650000 0.650000
187499.984375 75.360001 0.084000
1.073000 0.050000 0.116600
0.165272 0.090091 0.000502 0.000000
0.000000

0.000000 0.000000 0.365211
0.043633 0.004849 0.737148 4.060155 178.731583
0.000000 0.007498 0.013511 0.000000 0.000000 0.000000
0.000000 0.000016 0.000002
5.565422 1.000000 0.000000
764.299377 0.000000
0.000000 0.000000 0.000000 0.000000
0.000000 1.088375
11 0.015000 1.245000 0.001000
0.487000 0.580000 0.780000 0.490000 1.250000 6.700000 0.650000 0.650000
187499.984375 75.360001 0.084000
1.073000 0.050000 0.116600
0.165279 0.090166 0.000502 0.000000
0.000000

0.000000 0.000000 0.366036
0.043640 0.004849 0.737306 4.060727 178.736893
0.000000 0.007327 0.013469 0.000000 0.000000 0.000000
0.000000 0.000016 0.000002
5.615757 1.000000 0.000000
764.299377 0.000000
0.000000 0.000000 0.000000 0.000000
0.000000 1.087928
11 0.015000 1.260000 0.001000
0.487000 0.580000 0.780000 0.490000 1.250000 6.700000 0.650000 0.650000
187499.984375 75.360001 0.084000
1.073000 0.050000 0.116600
0.165291 0.090473 0.000504 0.000000
0.000000

0.000000 0.000000 0.366886
0.043647 0.004850 0.737467 4.061310 178.742203
0.000000 0.007209 0.013424 0.000000 0.000000 0.000000
0.000000 0.000016 0.000002
5.665718 1.000000 0.000000
764.299377 0.000000
0.000000 0.000000 0.000000 0.000000
0.000000 1.087491
11 0.015000 1.275000 0.001000
0.487000 0.580000 0.780000 0.490000 1.250000 6.700000 0.650000 0.650000
187499.984375 75.360001 0.084000
1.073000 0.050000 0.116600
0.165298 0.090421 0.000504 0.000000
0.000000

0.000000 0.000000 0.367961
0.043655 0.004851 0.737659 4.062070 178.747650
0.000000 0.007124 0.013366 0.000000 0.000000 0.000000
0.000000 0.000016 0.000002
5.715284 1.000000 0.000000
764.299377 0.000000
0.000000 0.000000 0.000000 0.000000
0.000000 1.087090
11 0.015000 1.290000 0.001000
0.487000 0.580000 0.780000 0.490000 1.250000 6.700000 0.650000 0.650000
187499.984375 75.360001 0.084000
1.073000 0.050000 0.116600
0.165309 0.090426 0.000504 0.000000
0.000000

0.000000 0.000000 0.369070
0.043665 0.004852 0.737857 4.062873 178.753448
0.000000 0.007047 0.013320 0.000000 0.000000 0.000000
0.000000 0.000016 0.000002
5.764435 1.000000 0.000000
764.299377 0.000000
0.000000 0.000000 0.000000 0.000000
0.000000 1.086689
11 0.015000 1.305000 0.001000
0.487000 0.580000 0.780000 0.490000 1.250000 6.700000 0.650000 0.650000
187499.984375 75.360001 0.084000
1.073000 0.050000 0.116600
0.165320 0.090308 0.000503 0.000000
0.000000

0.000000 0.000000 0.369953
0.043672 0.004853 0.738021 4.063480 178.757996
0.000000 0.007007 0.013335 0.000000 0.000000 0.000000
0.000000 0.000017 0.000002
5.813151 1.000000 0.000000
764.299377 0.000000
0.000000 0.000000 0.000000 0.000000
0.000000 1.086293
11 0.015000 1.320000 0.001000
0.487000 0.580000 0.780000 0.490000 1.250000 6.700000 0.650000 0.650000
187499.984375 75.360001 0.084000
1.073000 0.050000 0.116600
0.165328 0.090416 0.000504 0.000000
0.000000

0.000000 0.000000 0.370761
0.043678 0.004854 0.738175 4.064033 178.763443
0.000000 0.006962 0.013272 0.000000 0.000000 0.000000
0.000000 0.000017 0.000002
5.861412 1.000000 0.000000
764.299377 0.000000
0.000000 0.000000 0.000000 0.000000
0.000000 1.085891
11 0.015000 1.335000 0.001000
0.487000 0.580000 0.780000 0.490000 1.250000 6.700000 0.650000 0.650000
187499.984375 75.360001 0.084000
1.073000 0.050000 0.116600
0.165339 0.090324 0.000503 0.000000
0.000000

0.000000 0.000000 0.371543
0.043685 0.004854 0.738322 4.064558 178.769928
0.000000 0.006936 0.013240 0.000000 0.000000 0.000000
0.000000 0.000017 0.000003
5.909200 1.000000 0.000000
764.299377 0.000000
0.000000 0.000000 0.000000 0.000000
0.000000 1.085504
11 0.015000 1.350000 0.001000
0.487000 0.580000 0.780000 0.490000 1.250000 6.700000 0.650000 0.650000
187499.984375 75.360001 0.084000
1.073000 0.050000 0.116600
0.165343 0.090414 0.000504 0.000000
0.000000

0.000000 0.000000 0.372329
0.043691 0.004855 0.738469 4.065081 178.775299
0.000000 0.006935 0.013259 0.000000 0.000000 0.000000
0.000000 0.000017 0.000003
5.956496 1.000000 0.000000
764.299377 0.000000
0.000000 0.000000 0.000000 0.000000
0.000000 1.085123
11 0.015000 1.365000 0.001000
0.487000 0.580000 0.780000 0.490000 1.250000 6.700000 0.650000 0.650000
187499.984375 75.360001 0.084000
1.073000 0.050000 0.116600
0.165353 0.090514 0.000504 0.000000
0.000000

0.000000 0.000000 0.373198
0.043698 0.004856 0.738631 4.065695 178.780685
0.000000 0.006900 0.013209 0.000000 0.000000 0.000000
0.000000 0.000017 0.000003
6.003284 1.000000 0.000000
764.299377 0.000000
0.000000 0.000000 0.000000 0.000000
0.000000 1.084758
11 0.015000 1.380000 0.001000
0.487000 0.580000 0.780000 0.490000 1.250000 6.700000 0.650000 0.650000
187499.984375 75.360001 0.084000
1.073000 0.050000 0.116600
0.165359 0.090701 0.000505 0.000000
0.000000

0.000000 0.000000 0.374857
0.043711 0.004857 0.738891 4.066833 178.786926
0.000000 0.006863 0.013165 0.000000 0.000000 0.000000
0.000000 0.000017 0.000003
6.049546 1.000000 0.000000
764.299377 0.000000
0.000000 0.000000 0.000000 0.000000
0.000000 1.084458
11 0.015000 1.395000 0.001000
0.487000 0.580000 0.780000 0.490000 1.250000 6.700000 0.650000 0.650000
187499.984375 75.360001 0.084000
1.073000 0.050000 0.116600
0.165377 0.090453 0.000504 0.000000
0.000000

0.000000 0.000000 0.375672
0.043718 0.004858 0.739040 4.067382 178.791977
0.000000 0.006827 0.013117 0.000000 0.000000 0.000000
0.000000 0.000017 0.000003
6.095267 1.000000 0.000000
764.299377 0.000000
0.000000 0.000000 0.000000 0.000000
0.000000 1.084102
11 0.015000 1.410000 0.001000
0.487000 0.580000 0.780000 0.490000 1.250000 6.700000 0.650000 0.650000
187499.984375 75.360001 0.084000
1.073000 0.050000 0.116600
0.165386 0.090689 0.000505 0.000000
0.000000

0.000000 0.000000 0.376649
0.043725 0.004859 0.739211 4.068053 178.797226
0.000000 0.006783 0.013090 0.000000 0.000000 0.000000
0.000000 0.000017 0.000003
6.140430 1.000000 0.000000
764.299377 0.000000
0.000000 0.000000 0.000000 0.000000
0.000000 1.083765
11 0.015000 1.425000 0.001000
0.487000 0.580000 0.780000 0.490000 1.250000 6.700000 0.650000 0.650000
187499.984375 75.360001 0.084000
1.073000 0.050000 0.116600
0.165393 0.090422 0.000504 0.000000
0.000000

0.000000 0.000000 0.377510
0.043732 0.004860 0.739361 4.068604 178.802750
0.000000 0.006748 0.013049 0.000000 0.000000 0.000000
0.000000 0.000017 0.000003
6.185023 1.000000 0.000000
764.299377 0.000000
0.000000 0.000000 0.000000 0.000000
0.000000 1.083428
11 0.015000 1.440000 0.001000
0.487000 0.580000 0.780000 0.490000 1.250000 6.700000 0.650000 0.650000
187499.984375 75.360001 0.084000
1.073000 0.050000 0.116600
0.165402 0.090461 0.000504 0.000000
0.000000

0.000000 0.000000 0.378252
0.043738 0.004860 0.739500 4.069096 178.807312
0.000000 0.006749 0.013043 0.000000 0.000000 0.000000
0.000000 0.000018 0.000003
6.229029 1.000000 0.000000
764.299377 0.000000
0.000000 0.000000 0.000000 0.000000
0.000000 1.083094
11 0.015000 1.455000 0.001000
0.487000 0.580000 0.780000 0.490000 1.250000 6.700000 0.650000 0.650000
187499.984375 75.360001 0.084000
1.073000 0.050000 0.116600
0.165413 0.090410 0.000504 0.000000
0.000000

0.000000 0.000000 0.378989
0.043744 0.004861 0.739638 4.069595 178.811646
0.000000 0.006702 0.012997 0.000000 0.000000 0.000000
0.000000 0.000018 0.000003
6.272437 1.000000 0.000000
764.299377 0.000000
0.000000 0.000000 0.000000 0.000000
0.000000 1.082758
11 0.015000 1.470000 0.001000
0.487000 0.580000 0.780000 0.490000 1.250000 6.700000 0.650000 0.650000
187499.984375 75.360001 0.084000
1.073000 0.050000 0.116600
0.165417 0.090480 0.000504 0.000000
0.000000

0.000000 0.000000 0.379717
0.043750 0.004862 0.739776 4.070087 178.816391
0.000000 0.006678 0.012967 0.000000 0.000000 0.000000
0.000000 0.000018 0.000003
6.315233 1.000000 0.000000
764.299377 0.000000
0.000000 0.000000 0.000000 0.000000
0.000000 1.082427
11 0.015000 1.485000 0.001000
0.487000 0.580000 0.780000 0.490000 1.250000 6.700000 0.650000 0.650000
187499.984375 75.360001 0.084000
1.073000 0.050000 0.116600
0.165424 0.090564 0.000504 0.000000
0.000000

0.000000 0.000000 0.380443
0.043755 0.004862 0.739912 4.070571 178.822128
0.000000 0.006656 0.012947 0.000000 0.000000 0.000000
0.000000 0.000018 0.000003
6.357405 1.000000 0.000000
764.299377 0.000000
0.000000 0.000000 0.000000 0.000000
0.000000 1.082114
11 0.015000 1.500000 0.001000
0.487000 0.580000 0.780000 0.490000 1.250000 6.700000 0.650000 0.650000
187499.984375 75.360001 0.084000
1.073000 0.050000 0.116600
0.165430 0.090891 0.000506 0.000000
0.000000

0.000000 0.000000 0.381242
0.043762 0.004863 0.740059 4.071112 178.826920
0.000000 0.006628 0.012904 0.000000 0.000000 0.000000
0.000000 0.000018 0.000003
6.398943 1.000000 0.000000
764.299377 0.000000
0.000000 0.000000 0.000000 0.000000
0.000000 1.081804
11 0.015000 1.515000 0.001000
0.487000 0.580000 0.780000 0.490000 1.250000 6.700000 0.650000 0.650000
187499.984375 75.360001 0.084000
1.073000 0.050000 0.116600
0.165436 0.090624 0.000505 0.000000
0.000000

0.000000 0.000000 0.382002
0.043768 0.004864 0.740194 4.071593 178.831284
0.000000 0.006607 0.012881 0.000000 0.000000 0.000000
0.000000 0.000018 0.000003
6.439835 1.000000 0.000000
764.299377 0.000000
0.000000 0.000000 0.000000 0.000000
0.000000 1.081504
11 0.015000 1.530000 0.001000
0.487000 0.580000 0.780000 0.490000 1.250000 6.700000 0.650000 0.650000
187499.984375 75.360001 0.084000
1.073000 0.050000 0.116600
0.165449 0.090722 0.000505 0.000000
0.000000

0.000000 0.000000 0.385048
0.043790 0.004866 0.740615 4.073645 178.842102
0.000000 0.006566 0.012839 0.000000 0.000000 0.000000
0.000000 0.000018 0.000003
6.480071 1.000000 0.000000
764.299377 0.000000
0.000000 0.000000 0.000000 0.000000
0.000000 1.081363
11 0.015000 1.545000 0.001000
0.487000 0.580000 0.780000 0.490000 1.250000 6.700000 0.650000 0.650000
187499.984375 75.360001 0.084000
1.073000 0.050000 0.116600
0.165476 0.090799 0.000506 0.000000
0.000000

0.000000 0.000000 0.393948
0.043855 0.004873 0.741745 4.079611 178.876068
0.000000 0.006522 0.012793 0.000000 0.000000 0.000000
0.000000 0.000018 0.000003
6.519640 1.000000 0.000000
764.299377 0.000000
0.000000 0.000000 0.000000 0.000000
0.000000 1.081659
11 0.015000 1.560000 0.001000
0.487000 0.580000 0.780000 0.490000 1.250000 6.700000 0.650000 0.650000
187499.984375 75.360001 0.084000
1.073000 0.050000 0.116600
0.165557 0.090500 0.000504 0.000000
0.000000

0.000000 0.000000 0.394670
0.043861 0.004874 0.741871 4.080052 178.880341
0.000000 0.006489 0.012755 0.000000 0.000000 0.000000
0.000000 0.000018 0.000003
6.558537 1.000000 0.000000
764.299377 0.000000
0.000000 0.000000 0.000000 0.000000
0.000000 1.081373
11 0.015000 1.575000 0.001000
0.487000 0.580000 0.780000 0.490000 1.250000 6.700000 0.650000 0.650000
187499.984375 75.360001 0.084000
1.073000 0.050000 0.116600
0.165568 0.090575 0.000504 0.000000
0.000000

0.000000 0.000000 0.395393
0.043866 0.004875 0.742006 4.080540 178.884949
0.000000 0.006460 0.012724 0.000000 0.000000 0.000000
0.000000 0.000018 0.000003
6.596750 1.000000 0.000000
764.299377 0.000000
0.000000 0.000000 0.000000 0.000000
0.000000 1.081095
11 0.015000 1.590000 0.001000
0.487000 0.580000 0.780000 0.490000 1.250000 6.700000 0.650000 0.650000
187499.984375 75.360001 0.084000
1.073000 0.050000 0.116600
0.165573 0.090664 0.000505 0.000000
0.000000

0.000000 0.000000 0.396117
0.043872 0.004875 0.742133 4.080982 178.889740
0.000000 0.006450 0.012703 0.000000 0.000000 0.000000
0.000000 0.000018 0.000003
6.634274 1.000000 0.000000
764.299377 0.000000
0.000000 0.000000 0.000000 0.000000
0.000000 1.080817
11 0.015000 1.605000 0.001000
0.487000 0.580000 0.780000 0.490000 1.250000 6.700000 0.650000 0.650000
187499.984375 75.360001 0.084000
1.073000 0.050000 0.116600
0.165580 0.090913 0.000506 0.000000
0.000000

0.000000 0.000000 0.396939
0.043878 0.004876 0.742271 4.081492 178.894714
0.000000 0.006402 0.012649 0.000000 0.000000 0.000000
0.000000 0.000018 0.000003
6.671100 1.000000 0.000000
764.299377 0.000000
0.000000 0.000000 0.000000 0.000000
0.000000 1.080557
11 0.015000 1.620000 0.001000
0.487000 0.580000 0.780000 0.490000 1.250000 6.700000 0.650000 0.650000
187499.984375 75.360001 0.084000
1.073000 0.050000 0.116600
0.165588 0.090740 0.000505 0.000000
0.000000

0.000000 0.000000 0.402901
0.043920 0.004881 0.743023 4.085374 178.922363
0.000000 0.006357 0.012604 0.000000 0.000000 0.000000
0.000000 0.000018 0.000004
6.707221 1.000000 0.000000
764.299377 0.000000
0.000000 0.000000 0.000000 0.000000
0.000000 1.080664
11 0.015000 1.635000 0.001000
0.487000 0.580000 0.780000 0.490000 1.250000 6.700000 0.650000 0.650000
187499.984375 75.360001 0.084000
1.073000 0.050000 0.116600
0.165642 0.090757 0.000505 0.000000
0.000000

0.000000 0.000000 0.403731
0.043926 0.004881 0.743162 4.085891 178.928085
0.000000 0.006341 0.012562 0.000000 0.000000 0.000000
0.000000 0.000018 0.000004
6.742632 1.000000 0.000000
764.299377 0.000000
0.000000 0.000000 0.000000 0.000000
0.000000 1.080409
11 0.015000 1.650000 0.001000
0.487000 0.580000 0.780000 0.490000 1.250000 6.700000 0.650000 0.650000
187499.984375 75.360001 0.084000
1.073000 0.050000 0.116600
0.165650 0.090629 0.000505 0.000000
0.000000

0.000000 0.000000 0.404454
0.043932 0.004882 0.743288 4.086340 178.932846
0.000000 0.006301 0.012530 0.000000 0.000000 0.000000
0.000000 0.000018 0.000004
6.777327 1.000000 0.000000
764.299377 0.000000
0.000000 0.000000 0.000000 0.000000
0.000000 1.080150
11 0.015000 1.665000 0.001000
0.487000 0.580000 0.780000 0.490000 1.250000 6.700000 0.650000 0.650000
187499.984375 75.360001 0.084000
1.073000 0.050000 0.116600
0.165656 0.090712 0.000505 0.000000
0.000000

0.000000 0.000000 0.405177
0.043937 0.004882 0.743415 4.086797 178.937775
0.000000 0.006289 0.012492 0.000000 0.000000 0.000000
0.000000 0.000018 0.000004
6.811302 1.000000 0.000000
764.299377 0.000000
0.000000 0.000000 0.000000 0.000000
0.000000 1.079896
11 0.015000 1.680000 0.001000
0.487000 0.580000 0.780000 0.490000 1.250000 6.700000 0.650000 0.650000
187499.984375 75.360001 0.084000
1.073000 0.050000 0.116600
0.165663 0.091039 0.000507 0.000000
0.000000

0.000000 0.000000 0.406015
0.043943 0.004883 0.743548 4.087288 178.942902
0.000000 0.006263 0.012443 0.000000 0.000000 0.000000
0.000000 0.000019 0.000004
6.844551 1.000000 0.000000
764.299377 0.000000
0.000000 0.000000 0.000000 0.000000
0.000000 1.079656
11 0.015000 1.695000 0.001000
0.487000 0.580000 0.780000 0.490000 1.250000 6.700000 0.650000 0.650000
187499.984375 75.360001 0.084000
1.073000 0.050000 0.116600
0.165669 0.090806 0.000506 0.000000
0.000000

0.000000 0.000000 0.407057
0.043951 0.004884 0.743714 4.087954 178.949295
0.000000 0.006228 0.012429 0.000000 0.000000 0.000000
0.000000 0.000019 0.000004
6.877071 1.000000 0.000000
764.299377 0.000000
0.000000 0.000000 0.000000 0.000000
0.000000 1.079435
11 0.015000 1.710000 0.001000
0.487000 0.580000 0.780000 0.490000 1.250000 6.700000 0.650000 0.650000
187499.984375 75.360001 0.084000
1.073000 0.050000 0.116600
0.165681 0.090850 0.000506 0.000000
0.000000

0.000000 0.000000 0.407767
0.043956 0.004885 0.743834 4.088372 178.954193
0.000000 0.006212 0.012375 0.000000 0.000000 0.000000
0.000000 0.000019 0.000004
6.908858 1.000000 0.000000
764.299377 0.000000
0.000000 0.000000 0.000000 0.000000
0.000000 1.079199
11 0.015000 1.725000 0.001000
0.487000 0.580000 0.780000 0.490000 1.250000 6.700000 0.650000 0.650000
187499.984375 75.360001 0.084000
1.073000 0.050000 0.116600
0.165685 0.090956 0.000507 0.000000
0.000000

0.000000 0.000000 0.408701
0.043962 0.004885 0.743980 4.088933 178.960037
0.000000 0.006180 0.012351 0.000000 0.000000 0.000000
0.000000 0.000019 0.000004
6.939909 1.000000 0.000000
764.299377 0.000000
0.000000 0.000000 0.000000 0.000000
0.000000 1.078983
11 0.015000 1.740000 0.001000
0.487000 0.580000 0.780000 0.490000 1.250000 6.700000 0.650000 0.650000
187499.984375 75.360001 0.084000
1.073000 0.050000 0.116600
0.165695 0.091041 0.000507 0.000000
0.000000

0.000000 0.000000 0.412831
0.043991 0.004888 0.744497 4.091540 178.976868
0.000000 0.006138 0.012299 0.000000 0.000000 0.000000
0.000000 0.000019 0.000004
6.970222 1.000000 0.000000
764.299377 0.000000
0.000000 0.000000 0.000000 0.000000
0.000000 1.078989
11 0.015000 1.755000 0.001000
0.487000 0.580000 0.780000 0.490000 1.250000 6.700000 0.650000 0.650000
187499.984375 75.360001 0.084000
1.073000 0.050000 0.116600
0.165732 0.090948 0.000507 0.000000
0.000000

0.000000 0.000000 0.419696
0.044038 0.004894 0.745317 4.095816 178.993866
0.000000 0.006094 0.012237 0.000000 0.000000 0.000000
0.000000 0.000019 0.000004
6.999793 1.000000 0.000000
764.299377 0.000000
0.000000 0.000000 0.000000 0.000000
0.000000 1.079190
11 0.015000 1.770000 0.001000
0.487000 0.580000 0.780000 0.490000 1.250000 6.700000 0.650000 0.650000
187499.984375 75.360001 0.084000
1.073000 0.050000 0.116600
0.165793 0.090861 0.000506 0.000000
0.000000

0.000000 0.000000 0.421749
0.044052 0.004895 0.745587 4.097065 179.001007
0.000000 0.006064 0.012215 0.000000 0.000000 0.000000
0.000000 0.000019 0.000004
7.028623 1.000000 0.000000
764.299377 0.000000
0.000000 0.000000 0.000000 0.000000
0.000000 1.079062
11 0.015000 1.785000 0.001000
0.487000 0.580000 0.780000 0.490000 1.250000 6.700000 0.650000 0.650000
187499.984375 75.360001 0.084000
1.073000 0.050000 0.116600
0.165809 0.091168 0.000508 0.000000
0.000000

0.000000 0.000000 0.425211
0.044075 0.004898 0.746010 4.099157 179.008316
0.000000 0.006056 0.012201 0.000000 0.000000 0.000000
0.000000 0.000019 0.000004
7.056708 1.000000 0.000000
764.299377 0.000000
0.000000 0.000000 0.000000 0.000000
0.000000 1.079031
11 0.015000 1.800000 0.001000
0.487000 0.580000 0.780000 0.490000 1.250000 6.700000 0.650000 0.650000
187499.984375 75.360001 0.084000
1.073000 0.050000 0.116600
0.165840 0.090941 0.000507 0.000000
0.000000

0.000000 0.000000 0.426236
0.044082 0.004899 0.746163 4.099757 179.013733
0.000000 0.006036 0.012132 0.000000 0.000000 0.000000
0.000000 0.000019 0.000004
7.084049 1.000000 0.000000
764.299377 0.000000
0.000000 0.000000 0.000000 0.000000
0.000000 1.078832
11 0.015000 1.815000 0.001000
0.487000 0.580000 0.780000 0.490000 1.250000 6.700000 0.650000 0.650000
187499.984375 75.360001 0.084000
1.073000 0.050000 0.116600
0.165849 0.091022 0.000507 0.000000
0.000000

0.000000 0.000000 0.428651
0.044098 0.004900 0.746464 4.101188 179.020142
0.000000 0.005990 0.012063 0.000000 0.000000 0.000000
0.000000 0.000019 0.000004
7.110644 1.000000 0.000000
764.299377 0.000000
0.000000 0.000000 0.000000 0.000000
0.000000 1.078734
11 0.015000 1.830000 0.001000
0.487000 0.580000 0.780000 0.490000 1.250000 6.700000 0.650000 0.650000
187499.984375 75.360001 0.084000
1.073000 0.050000 0.116600
0.165869 0.090998 0.000507 0.000000
0.000000

0.000000 0.000000 0.429402
0.044103 0.004901 0.746583 4.101606 179.024719
0.000000 0.005952 0.012028 0.000000 0.000000 0.000000
0.000000 0.000019 0.000004
7.136496 1.000000 0.000000
764.299377 0.000000
0.000000 0.000000 0.000000 0.000000
0.000000 1.078526
11 0.015000 1.845000 0.001000
0.487000 0.580000 0.780000 0.490000 1.250000 6.700000 0.650000 0.650000
187499.984375 75.360001 0.084000
1.073000 0.050000 0.116600
0.165877 0.091082 0.000507 0.000000
0.000000

0.000000 0.000000 0.430224
0.044108 0.004902 0.746711 4.102084 179.029358
0.000000 0.005915 0.011982 0.000000 0.000000 0.000000
0.000000 0.000019 0.000004
7.161602 1.000000 0.000000
764.299377 0.000000
0.000000 0.000000 0.000000 0.000000
0.000000 1.078321
11 0.015000 1.860000 0.001000
0.487000 0.580000 0.780000 0.490000 1.250000 6.700000 0.650000 0.650000
187499.984375 75.360001 0.084000
1.073000 0.050000 0.116600
0.165885 0.090947 0.000507 0.000000
0.000000

0.000000 0.000000 0.431216
0.044115 0.004902 0.746851 4.102623 179.034317
0.000000 0.005901 0.011956 0.000000 0.000000 0.000000
0.000000 0.000019 0.000004
7.185964 1.000000 0.000000
764.299377 0.000000
0.000000 0.000000 0.000000 0.000000
0.000000 1.078145
11 0.015000 1.875000 0.001000
0.487000 0.580000 0.780000 0.490000 1.250000 6.700000 0.650000 0.650000
187499.984375 75.360001 0.084000
1.073000 0.050000 0.116600
0.165893 0.091080 0.000507 0.000000
0.000000

0.000000 0.000000 0.432030
0.044120 0.004903 0.746980 4.103099 179.039093
0.000000 0.005864 0.011896 0.000000 0.000000 0.000000
0.000000 0.000019 0.000004
7.209583 1.000000 0.000000
764.299377 0.000000
0.000000 0.000000 0.000000 0.000000
0.000000 1.077961
11 0.015000 1.890000 0.001000
0.487000 0.580000 0.780000 0.490000 1.250000 6.700000 0.650000 0.650000
187499.984375 75.360001 0.084000
1.073000 0.050000 0.116600
0.165897 0.091273 0.000508 0.000000
0.000000

0.000000 0.000000 0.432912
0.044126 0.004904 0.747114 4.103606 179.044479
0.000000 0.005852 0.011868 0.000000 0.000000 0.000000
0.000000 0.000019 0.000004
7.232460 1.000000 0.000000
764.299377 0.000000
0.000000 0.000000 0.000000 0.000000
0.000000 1.077787
11 0.015000 1.905000 0.001000
0.487000 0.580000 0.780000 0.490000 1.250000 6.700000 0.650000 0.650000
187499.984375 75.360001 0.084000
1.073000 0.050000 0.116600
0.165908 0.090970 0.000507 0.000000
0.000000

0.000000 0.000000 0.433705
0.044131 0.004904 0.747238 4.104061 179.049271
0.000000 0.005833 0.011835 0.000000 0.000000 0.000000
0.000000 0.000019 0.000004
7.254599 1.000000 0.000000
764.299377 0.000000
0.000000 0.000000 0.000000 0.000000
0.000000 1.077618
11 0.015000 1.920000 0.001000
0.487000 0.580000 0.780000 0.490000 1.250000 6.700000 0.650000 0.650000
187499.984375 75.360001 0.084000
1.073000 0.050000 0.116600
0.165915 0.090959 0.000507 0.000000
0.000000

0.000000 0.000000 0.434418
0.044136 0.004905 0.747347 4.104427 179.054489
0.000000 0.005805 0.011785 0.000000 0.000000 0.000000
0.000000 0.000019 0.000004
7.275999 1.000000 0.000000
764.299377 0.000000
0.000000 0.000000 0.000000 0.000000
0.000000 1.077442
11 0.015000 1.935000 0.001000
0.487000 0.580000 0.780000 0.490000 1.250000 6.700000 0.650000 0.650000
187499.984375 75.360001 0.084000
1.073000 0.050000 0.116600
0.165918 0.091041 0.000507 0.000000
0.000000

0.000000 0.000000 0.435127
0.044141 0.004905 0.747460 4.104830 179.059372
0.000000 0.005772 0.011742 0.000000 0.000000 0.000000
0.000000 0.000019 0.000004
7.296664 1.000000 0.000000
764.299377 0.000000
0.000000 0.000000 0.000000 0.000000
0.000000 1.077271
11 0.015000 1.950000 0.001000
0.487000 0.580000 0.780000 0.490000 1.250000 6.700000 0.650000 0.650000
187499.984375 75.360001 0.084000
1.073000 0.050000 0.116600
0.165924 0.091351 0.000509 0.000000
0.000000

0.000000 0.000000 0.436019
0.044146 0.004906 0.747587 4.105304 179.064896
0.000000 0.005733 0.011669 0.000000 0.000000 0.000000
0.000000 0.000019 0.000004
7.316598 1.000000 0.000000
764.299377 0.000000
0.000000 0.000000 0.000000 0.000000
0.000000 1.077133
11 0.015000 1.965000 0.001000
0.487000 0.580000 0.780000 0.490000 1.250000 6.700000 0.650000 0.650000
187499.984375 75.360001 0.084000
1.073000 0.050000 0.116600
0.165934 0.091239 0.000508 0.000000
0.000000

0.000000 0.000000 0.438369
0.044161 0.004907 0.747873 4.106655 179.071716
0.000000 0.005718 0.011647 0.000000 0.000000 0.000000
0.000000 0.000019 0.000005
7.335803 1.000000 0.000000
764.299377 0.000000
0.000000 0.000000 0.000000 0.000000
0.000000 1.077096
11 0.015000 1.980000 0.001000
0.487000 0.580000 0.780000 0.490000 1.250000 6.700000 0.650000 0.650000
187499.984375 75.360001 0.084000
1.073000 0.050000 0.116600
0.165950 0.091266 0.000508 0.000000
0.000000

0.000000 0.000000 0.439540
0.044169 0.004908 0.748032 4.107307 179.076920
0.000000 0.012090 0.011873 0.000000 0.000000 0.000000
0.000000 0.000021 0.000002
7.354282 1.000000 0.000000
764.299377 0.000000
0.000000 0.000000 0.000000 0.000000
0.000000 1.076957
11 0.015000 1.995000 0.001000
0.487000 0.580000 0.780000 0.490000 1.250000 6.700000 0.650000 0.650000
187499.984375 75.360001 0.084000
1.073000 0.050000 0.116600
0.165962 0.091370 0.000509 0.000000
0.000000
1.000000
2.000000
0.321000 0.000000
0.000000
0
-0.720000
0 0
0.000000
1
0.000000
1.000000
1.000000
1.000000
0.000000 0.000000 0.000000
0.000000 0.000000
0.000000 0.000000 0.000000 0.000000 0.000000 0.000000 0.000000
0.000000 0.000000 0.000000 0.000000 0.000000 0.000000 0.000000
240
2.000000
1
C:\Kingsite\dnd\Ohio1.spf
-1.000000 -1.000000
0.000000
48
48
10.000000
102
