11
Clay
0.580000 0.612000 0.084000 0.780000 0.530000 1.000000 0.000000 0.000000
1.020000 6.700000 1 0.028600 0.500000 0.050000 0.010000 0.027000 0.963000
0.000000 0.015000 2.000000 152999.984375 75.360001 133
0.103800 3.528000 4.728100 0.000000 1
8.234000 8.234000 10.000000 5.000000 25.000000 100.000000
0.000000 0.000000 0.000000 0.000000 168.672653 249.559036
500.000000 0.000000 0.000000

0.000779 277.394073 575.712524
7.908117 0.879477 71.853004 661.139954 3588.854248
0.000000 0.001613 0.012520 0.672404 0.000000 0.000000
0.000004 0.000014 0.000046
-1.098482 0.000010 71.197784
764.299377 0.000000
0.298898 0.000000 0.000000 0.000000
0.000000 0.548693
11 0.015000 0.015000 0.028600
0.612000 0.580000 0.780000 0.530000 1.020000 6.700000 0.780000 0.780000
152999.984375 75.360001 0.084000
1.073000 0.050000 0.116600
2.429485 23.784185 0.042629 0.000000
0.000000

0.001272 6.219265 81.027267
6.415992 0.713528 72.934364 641.488159 3699.418213
0.000000 0.002435 0.025095 0.499431 0.000000 0.000000
0.000003 0.000027 0.000146
-0.852460 0.000010 71.197784
764.299377 0.000000
0.187097 0.000000 0.000000 0.000000
0.000000 0.064043
11 0.015000 0.030000 0.028600
0.612000 0.580000 0.780000 0.530000 1.020000 6.700000 0.780000 0.780000
152999.984375 75.360001 0.084000
1.073000 0.050000 0.116600
2.508783 9.478944 0.006031 0.000000
0.000000

0.001633 4.754376 75.744583
6.464639 0.718923 74.638908 640.907227 3699.368896
0.000000 0.001332 0.021339 0.249715 0.000000 0.000000
0.000003 0.000029 0.000162
-0.607255 0.000010 71.197784
764.299377 0.000000
0.133286 0.000000 0.000000 0.000000
0.000000 0.063571
11 0.015000 0.045000 0.028600
0.612000 0.580000 0.780000 0.530000 1.020000 6.700000 0.780000 0.780000
152999.984375 75.360001 0.084000
1.073000 0.050000 0.116600
2.511108 7.473188 0.003685 0.000000
0.000000

0.001920 4.447678 73.007065
6.518104 0.724864 75.825409 640.612854 3699.309570
0.000000 0.001375 0.015025 0.124858 0.000000 0.000000
0.000003 0.000030 0.000172
-0.363252 0.000010 71.197784
764.299377 0.000000
0.079795 0.000000 0.000000 0.000000
0.000000 0.067509
11 0.015000 0.060000 0.028600
0.612000 0.580000 0.780000 0.530000 1.020000 6.700000 0.780000 0.780000
152999.984375 75.360001 0.084000
1.073000 0.050000 0.116600
2.512687 7.458087 0.003672 0.000000
0.000000

0.002178 4.185351 70.629166
6.569313 0.730559 76.728729 640.308411 3699.264648
0.000000 0.001389 0.008614 0.062429 0.000000 0.000000
0.000002 0.000032 0.000182
-0.120840 0.000010 71.197784
764.299377 0.000000
0.026558 0.000000 0.000000 0.000000
0.000000 0.072632
11 0.015000 0.075000 0.028600
0.612000 0.580000 0.780000 0.530000 1.020000 6.700000 0.780000 0.780000
152999.984375 75.360001 0.084000
1.073000 0.050000 0.116600
2.513891 7.587188 0.003806 0.000000
0.000000

0.002387 3.899136 68.186974
6.598179 0.733815 77.420731 640.048706 3699.242676
0.000000 0.002224 0.004863 0.031214 0.000000 0.000000
0.000002 0.000269 0.000556
0.107897 0.775575 0.000000
764.299377 0.000000
0.000000 0.000000 0.000000 0.000000
0.000000 0.080816
11 0.015000 0.090000 0.028600
0.612000 0.580000 0.780000 0.530000 1.020000 6.700000 0.780000 0.780000
152999.984375 75.360001 0.084000
1.073000 0.050000 0.116600
2.514804 7.959283 0.057145 0.000000
0.000000

0.011705 5.628794 155.133072
6.777994 0.753815 101.916679 632.865356 3694.074219
0.000000 0.001072 0.003195 0.015607 0.000000 0.000000
0.000002 0.000219 0.000600
0.346004 0.775575 0.000000
764.299377 0.000000
0.000000 0.000000 0.000000 0.000000
0.000000 0.128947
11 0.015000 0.105000 0.028600
0.612000 0.580000 0.780000 0.530000 1.020000 6.700000 0.780000 0.780000
152999.984375 75.360001 0.084000
1.073000 0.050000 0.116600
2.542876 7.956451 0.057125 0.000000
0.000000

0.011644 3.677848 112.098549
2.850646 0.317056 44.034492 261.532562 2887.158691
0.000000 0.000211 0.001110 0.007804 0.000000 0.000000
0.000001 0.000058 0.000120
0.597811 0.645071 0.000000
764.299377 0.000000
0.000000 0.000000 0.000000 0.000000
0.000000 0.097819
11 0.015000 0.120000 0.018000
0.547000 0.580000 0.780000 0.490000 1.150000 6.700000 0.650000 0.650000
172500.000000 75.360001 0.084000
1.073000 0.050000 0.116600
2.485741 9.394668 0.044646 0.000000
0.000000

0.011409 3.439775 104.739685
2.691462 0.299355 41.648514 246.798782 2887.552734
0.000000 0.000234 0.001199 0.003902 0.000000 0.000000
0.000001 0.000053 0.000118
0.865537 0.645071 0.000000
764.299377 0.000000
0.000000 0.000000 0.000000 0.000000
0.000000 0.095558
11 0.015000 0.135000 0.018000
0.547000 0.580000 0.780000 0.490000 1.150000 6.700000 0.650000 0.650000
172500.000000 75.360001 0.084000
1.073000 0.050000 0.116600
2.490960 9.352233 0.044429 0.000000
0.000000

0.011218 3.230947 98.013573
2.543558 0.282912 39.426125 233.007599 2888.032959
0.000000 0.000270 0.001341 0.001951 0.000000 0.000000
0.000001 0.000046 0.000116
1.129983 0.645071 0.000000
764.299377 0.000000
0.000000 0.000000 0.000000 0.000000
0.000000 0.094182
11 0.015000 0.150000 0.018000
0.547000 0.580000 0.780000 0.490000 1.150000 6.700000 0.650000 0.650000
172500.000000 75.360001 0.084000
1.073000 0.050000 0.116600
2.495786 8.700191 0.041094 0.000000
0.000000

0.010808 17.717373 92.116096
2.531542 0.281583 39.150101 230.978027 2889.310059
0.000000 0.000153 0.001067 0.000975 0.000000 0.000000
0.000001 0.000040 0.000111
1.390814 0.645071 0.000000
764.299377 0.000000
0.000000 0.000000 0.000000 0.000000
0.000000 0.119848
11 0.015000 0.165000 0.018000
0.547000 0.580000 0.780000 0.490000 1.150000 6.700000 0.650000 0.650000
172500.000000 75.360001 0.084000
1.073000 0.050000 0.116600
2.500407 9.362890 0.044485 0.000000
0.000000

0.010233 16.534424 85.856079
2.394054 0.266297 37.043499 218.323807 2889.660156
0.000000 0.000169 0.001145 0.000488 0.000000 0.000000
0.000001 0.000036 0.000111
1.647716 0.645071 0.000000
764.299377 0.000000
0.000000 0.000000 0.000000 0.000000
0.000000 0.116585
11 0.015000 0.180000 0.018000
0.547000 0.580000 0.780000 0.490000 1.150000 6.700000 0.650000 0.650000
172500.000000 75.360001 0.084000
1.073000 0.050000 0.116600
2.504364 9.714940 0.046303 0.000000
0.000000

0.009763 15.473246 80.071304
2.265218 0.251973 35.074554 206.465790 2890.065186
0.000000 0.000192 0.001214 0.000244 0.000000 0.000000
0.000001 0.000034 0.000112
1.900394 0.645071 0.000000
764.299377 0.000000
0.000000 0.000000 0.000000 0.000000
0.000000 0.113386
11 0.015000 0.195000 0.018000
0.547000 0.580000 0.780000 0.490000 1.150000 6.700000 0.650000 0.650000
172500.000000 75.360001 0.084000
1.073000 0.050000 0.116600
2.507815 9.518752 0.045289 0.000000
0.000000

0.008516 14.030089 72.667282
2.125754 0.236466 32.855927 193.886490 2886.500488
0.000000 0.000286 0.001553 0.000122 0.000000 0.000000
0.000001 0.000035 0.000117
2.148142 0.650000 0.000000
764.299377 0.000000
0.000000 0.000000 0.000000 0.000000
0.000000 0.108140
11 0.015000 0.210000 0.018000
0.547000 0.580000 0.780000 0.490000 1.150000 6.700000 0.650000 0.650000
172500.000000 75.360001 0.084000
1.073000 0.050000 0.116600
2.498950 8.081046 0.038251 0.000000
0.000000

0.008060 12.973345 67.840584
1.773770 0.197316 27.322573 161.079254 1512.229980
0.000000 0.000219 0.001665 0.000061 0.000000 0.000000
0.000001 0.000022 0.000070
2.392777 0.650000 0.000000
764.299377 0.000000
0.000000 0.000000 0.000000 0.000000
0.000000 0.102197
11 0.015000 0.225000 0.009000
0.527000 0.580000 0.780000 0.490000 1.200000 6.700000 0.650000 0.650000
180000.015625 75.360001 0.084000
1.073000 0.050000 0.116600
1.304871 8.376155 0.036589 0.000000
0.000000

0.007638 12.125352 63.181458
1.667403 0.185488 25.694397 151.328018 1511.772339
0.000000 0.000271 0.001917 0.000030 0.000000 0.000000
0.000001 0.000022 0.000071
2.634387 0.650000 0.000000
764.299377 0.000000
0.000000 0.000000 0.000000 0.000000
0.000000 0.099107
11 0.015000 0.240000 0.009000
0.527000 0.580000 0.780000 0.490000 1.200000 6.700000 0.650000 0.650000
180000.015625 75.360001 0.084000
1.073000 0.050000 0.116600
1.305881 8.053237 0.035082 0.000000
0.000000

0.007286 11.432904 59.089329
1.567699 0.174401 24.171732 142.159851 1511.400391
0.000000 0.000269 0.001884 0.000015 0.000000 0.000000
0.000001 0.000022 0.000072
2.870657 0.650000 0.000000
764.299377 0.000000
0.000000 0.000000 0.000000 0.000000
0.000000 0.096371
11 0.015000 0.255000 0.009000
0.527000 0.580000 0.780000 0.490000 1.200000 6.700000 0.650000 0.650000
180000.015625 75.360001 0.084000
1.073000 0.050000 0.116600
1.306839 7.430040 0.032198 0.000000
0.000000

0.006879 10.662934 54.911770
1.476091 0.164213 22.770523 133.801971 1511.039062
0.000000 0.000318 0.002123 0.000008 0.000000 0.000000
0.000001 0.000021 0.000073
3.101403 0.650000 0.000000
764.299377 0.000000
0.000000 0.000000 0.000000 0.000000
0.000000 0.093070
11 0.015000 0.270000 0.009000
0.527000 0.580000 0.780000 0.490000 1.200000 6.700000 0.650000 0.650000
180000.015625 75.360001 0.084000
1.073000 0.050000 0.116600
1.307675 6.920742 0.029863 0.000000
0.000000

0.006467 9.935433 51.032997
1.390823 0.154731 21.464205 126.037827 1510.728149
0.000000 0.000418 0.002577 0.000004 0.000000 0.000000
0.000001 0.000020 0.000073
3.326470 0.650000 0.000000
764.299377 0.000000
0.000000 0.000000 0.000000 0.000000
0.000000 0.089674
11 0.015000 0.285000 0.009000
0.527000 0.580000 0.780000 0.490000 1.200000 6.700000 0.650000 0.650000
180000.015625 75.360001 0.084000
1.073000 0.050000 0.116600
1.308408 6.623774 0.028511 0.000000
0.000000

0.006069 9.251530 47.420509
1.311635 0.145924 20.251127 118.839996 1510.430542
0.000000 0.000507 0.002942 0.000002 0.000000 0.000000
0.000001 0.000020 0.000074
3.545729 0.650000 0.000000
764.299377 0.000000
0.000000 0.000000 0.000000 0.000000
0.000000 0.086196
11 0.015000 0.300000 0.009000
0.527000 0.580000 0.780000 0.490000 1.200000 6.700000 0.650000 0.650000
180000.015625 75.360001 0.084000
1.073000 0.050000 0.116600
1.309141 6.172175 0.026467 0.000000
0.000000

0.005688 8.612358 44.054180
1.237968 0.137731 19.122723 112.154312 1510.176025
0.000000 0.000586 0.003300 0.000001 0.000000 0.000000
0.000002 0.000019 0.000074
3.759076 0.650000 0.000000
764.299377 0.000000
0.000000 0.000000 0.000000 0.000000
0.000000 0.082674
11 0.015000 0.315000 0.009000
0.527000 0.580000 0.780000 0.490000 1.200000 6.700000 0.650000 0.650000
180000.015625 75.360001 0.084000
1.073000 0.050000 0.116600
1.309816 5.836714 0.024959 0.000000
0.000000

0.005315 7.981328 41.110394
1.106455 0.123101 17.063444 100.028244 1155.215942
0.000000 0.000623 0.004038 0.000000 0.000000 0.000000
0.000002 0.000013 0.000054
3.969199 0.650000 0.000000
764.299377 0.000000
0.000000 0.000000 0.000000 0.000000
0.000000 0.078103
11 0.015000 0.330000 0.006600
0.497000 0.580000 0.780000 0.490000 1.250000 6.700000 0.650000 0.650000
187499.984375 75.360001 0.084000
1.073000 0.050000 0.116600
1.001032 5.974063 0.023108 0.000000
0.000000

0.004968 7.425345 38.149609
1.042678 0.116008 16.086397 94.257103 1154.925537
0.000000 0.000677 0.004348 0.000000 0.000000 0.000000
0.000002 0.000012 0.000055
4.175973 0.650000 0.000000
764.299377 0.000000
0.000000 0.000000 0.000000 0.000000
0.000000 0.074573
11 0.015000 0.345000 0.006600
0.497000 0.580000 0.780000 0.490000 1.250000 6.700000 0.650000 0.650000
187499.984375 75.360001 0.084000
1.073000 0.050000 0.116600
1.001475 5.728889 0.022117 0.000000
0.000000

0.004640 6.907381 35.407135
0.983406 0.109415 15.178599 88.900185 1154.674438
0.000000 0.000724 0.004656 0.000000 0.000000 0.000000
0.000002 0.000012 0.000055
4.376524 0.650000 0.000000
764.299377 0.000000
0.000000 0.000000 0.000000 0.000000
0.000000 0.071104
11 0.015000 0.360000 0.006600
0.497000 0.580000 0.780000 0.490000 1.250000 6.700000 0.650000 0.650000
187499.984375 75.360001 0.084000
1.073000 0.050000 0.116600
1.001926 5.371456 0.020678 0.000000
0.000000

0.004258 6.371355 32.727745
0.928538 0.103312 14.332486 83.976341 1154.431396
0.000000 0.000764 0.004975 0.000000 0.000000 0.000000
0.000002 0.000012 0.000055
4.570843 0.650000 0.000000
764.299377 0.000000
0.000000 0.000000 0.000000 0.000000
0.000000 0.067481
11 0.015000 0.375000 0.006600
0.497000 0.580000 0.780000 0.490000 1.250000 6.700000 0.650000 0.650000
187499.984375 75.360001 0.084000
1.073000 0.050000 0.116600
1.002253 5.048033 0.019383 0.000000
0.000000

0.003955 5.915730 30.366755
0.877214 0.097603 13.545601 79.351212 1154.231934
0.000000 0.000785 0.005141 0.000000 0.000000 0.000000
0.000002 0.000011 0.000055
4.758945 0.650000 0.000000
764.299377 0.000000
0.000000 0.000000 0.000000 0.000000
0.000000 0.064170
11 0.015000 0.390000 0.006600
0.497000 0.580000 0.780000 0.490000 1.250000 6.700000 0.650000 0.650000
187499.984375 75.360001 0.084000
1.073000 0.050000 0.116600
1.002589 4.664415 0.017856 0.000000
0.000000

0.003690 5.500142 28.188652
0.829449 0.092290 12.815544 75.046135 1154.080811
0.000000 0.000787 0.005213 0.000000 0.000000 0.000000
0.000002 0.000011 0.000056
4.940864 0.650000 0.000000
764.299377 0.000000
0.000000 0.000000 0.000000 0.000000
0.000000 0.061005
11 0.015000 0.405000 0.006600
0.497000 0.580000 0.780000 0.490000 1.250000 6.700000 0.650000 0.650000
187499.984375 75.360001 0.084000
1.073000 0.050000 0.116600
1.002886 4.371869 0.016697 0.000000
0.000000

0.003437 5.111400 27.057518
0.681453 0.075824 10.467257 61.277054 579.217468
0.000000 0.000409 0.003956 0.000000 0.000000 0.000000
0.000001 0.000008 0.000032
5.117465 0.650000 0.000000
764.299377 0.000000
0.000000 0.000000 0.000000 0.000000
0.000000 0.056288
11 0.015000 0.420000 0.003300
0.487000 0.580000 0.780000 0.490000 1.250000 6.700000 0.650000 0.650000
187499.984375 75.360001 0.084000
1.073000 0.050000 0.116600
0.501579 4.190207 0.015659 0.000000
0.000000

0.003201 4.750010 24.960188
0.640341 0.071250 9.840809 57.592888 578.975830
0.000000 0.000414 0.004169 0.000000 0.000000 0.000000
0.000001 0.000007 0.000031
5.288872 0.650000 0.000000
764.299377 0.000000
0.000000 0.000000 0.000000 0.000000
0.000000 0.053156
11 0.015000 0.435000 0.003300
0.487000 0.580000 0.780000 0.490000 1.250000 6.700000 0.650000 0.650000
187499.984375 75.360001 0.084000
1.073000 0.050000 0.116600
0.501709 3.920626 0.014621 0.000000
0.000000

0.002979 4.413122 23.049816
0.602104 0.066996 9.257862 54.167587 578.761475
0.000000 0.000465 0.004915 0.000000 0.000000 0.000000
0.000001 0.000007 0.000031
5.454357 0.650000 0.000000
764.299377 0.000000
0.000000 0.000000 0.000000 0.000000
0.000000 0.050178
11 0.015000 0.450000 0.003300
0.487000 0.580000 0.780000 0.490000 1.250000 6.700000 0.650000 0.650000
187499.984375 75.360001 0.084000
1.073000 0.050000 0.116600
0.501835 3.658834 0.013616 0.000000
0.000000

0.002777 4.101865 21.289324
0.566570 0.063043 8.716870 50.985397 578.578186
0.000000 0.000373 0.003927 0.000000 0.000000 0.000000
0.000001 0.000006 0.000031
5.614027 0.650000 0.000000
764.299377 0.000000
0.000000 0.000000 0.000000 0.000000
0.000000 0.047344
11 0.015000 0.465000 0.003300
0.487000 0.580000 0.780000 0.490000 1.250000 6.700000 0.650000 0.650000
187499.984375 75.360001 0.084000
1.073000 0.050000 0.116600
0.501944 3.363842 0.012490 0.000000
0.000000

0.002591 3.813018 19.691584
0.533549 0.059369 8.214257 48.028049 578.396790
0.000000 0.000289 0.003027 0.000000 0.000000 0.000000
0.000001 0.000006 0.000030
5.767999 0.650000 0.000000
764.299377 0.000000
0.000000 0.000000 0.000000 0.000000
0.000000 0.044668
11 0.015000 0.480000 0.003300
0.487000 0.580000 0.780000 0.490000 1.250000 6.700000 0.650000 0.650000
187499.984375 75.360001 0.084000
1.073000 0.050000 0.116600
0.502069 3.122546 0.011572 0.000000
0.000000

0.002417 3.544191 18.222906
0.502843 0.055953 7.746981 45.279198 578.219666
0.000000 0.000335 0.003719 0.000000 0.000000 0.000000
0.000001 0.000005 0.000030
5.916405 0.650000 0.000000
764.299377 0.000000
0.000000 0.000000 0.000000 0.000000
0.000000 0.042131
11 0.015000 0.495000 0.003300
0.487000 0.580000 0.780000 0.490000 1.250000 6.700000 0.650000 0.650000
187499.984375 75.360001 0.084000
1.073000 0.050000 0.116600
0.502183 2.885995 0.010676 0.000000
0.000000

0.002255 3.294097 16.878185
0.474298 0.052778 7.312481 42.724613 578.088440
0.000000 0.000376 0.004393 0.000000 0.000000 0.000000
0.000001 0.000005 0.000030
6.059385 0.650000 0.000000
764.299377 0.000000
0.000000 0.000000 0.000000 0.000000
0.000000 0.039739
11 0.015000 0.510000 0.003300
0.487000 0.580000 0.780000 0.490000 1.250000 6.700000 0.650000 0.650000
187499.984375 75.360001 0.084000
1.073000 0.050000 0.116600
0.502286 2.655308 0.009804 0.000000
0.000000

0.002101 3.065055 22.957310
0.357582 0.039790 5.441902 31.785757 176.790222
0.000000 0.000000 0.000153 0.000000 0.000000 0.000000
0.000000 0.000003 0.000007
6.197092 0.650000 0.000000
764.299377 0.000000
0.000000 0.000000 0.000000 0.000000
0.000000 0.035084
11 0.015000 0.525000 0.001000
0.487000 0.580000 0.780000 0.490000 1.250000 6.700000 0.650000 0.650000
187499.984375 75.360001 0.084000
1.073000 0.050000 0.116600
0.152236 2.463325 0.009082 0.000000
0.000000

0.001959 2.848403 20.675514
0.336265 0.037418 5.115079 29.867191 176.646805
0.000000 0.000000 0.000144 0.000000 0.000000 0.000000
0.000000 0.000003 0.000007
6.329685 0.650000 0.000000
764.299377 0.000000
0.000000 0.000000 0.000000 0.000000
0.000000 0.033794
11 0.015000 0.540000 0.001000
0.487000 0.580000 0.780000 0.490000 1.250000 6.700000 0.650000 0.650000
187499.984375 75.360001 0.084000
1.073000 0.050000 0.116600
0.152262 2.287980 0.008424 0.000000
0.000000

0.001824 2.644838 18.538872
0.316694 0.035241 4.815194 28.108545 176.518600
0.000000 0.000000 0.000142 0.000000 0.000000 0.000000
0.000000 0.000002 0.000007
6.457331 0.650000 0.000000
764.299377 0.000000
0.000000 0.000000 0.000000 0.000000
0.000000 0.032585
11 0.015000 0.555000 0.001000
0.487000 0.580000 0.780000 0.490000 1.250000 6.700000 0.650000 0.650000
187499.984375 75.360001 0.084000
1.073000 0.050000 0.116600
0.152290 2.103213 0.007733 0.000000
0.000000

0.001699 2.456130 16.683418
0.297931 0.033153 4.526642 26.416533 176.400497
0.000000 0.000000 0.000137 0.000000 0.000000 0.000000
0.000000 0.000002 0.000008
6.580199 0.650000 0.000000
764.299377 0.000000
0.000000 0.000000 0.000000 0.000000
0.000000 0.031488
11 0.015000 0.570000 0.001000
0.487000 0.580000 0.780000 0.490000 1.250000 6.700000 0.650000 0.650000
187499.984375 75.360001 0.084000
1.073000 0.050000 0.116600
0.152315 1.939974 0.007124 0.000000
0.000000

0.001581 2.279877 15.128146
0.280235 0.031184 4.255050 24.825724 176.285248
0.000000 0.000000 0.000129 0.000000 0.000000 0.000000
0.000000 0.000002 0.000008
6.698463 0.650000 0.000000
764.299377 0.000000
0.000000 0.000000 0.000000 0.000000
0.000000 0.030321
11 0.015000 0.585000 0.001000
0.487000 0.580000 0.780000 0.490000 1.250000 6.700000 0.650000 0.650000
187499.984375 75.360001 0.084000
1.073000 0.050000 0.116600
0.152341 1.782906 0.006539 0.000000
0.000000

0.001472 2.117755 13.867145
0.263099 0.029277 3.997050 23.314379 176.175079
0.000000 0.000001 0.000147 0.000000 0.000000 0.000000
0.000000 0.000001 0.000008
6.812301 0.650000 0.000000
764.299377 0.000000
0.000000 0.000000 0.000000 0.000000
0.000000 0.028613
11 0.015000 0.600000 0.001000
0.487000 0.580000 0.780000 0.490000 1.250000 6.700000 0.650000 0.650000
187499.984375 75.360001 0.084000
1.073000 0.050000 0.116600
0.152366 1.624431 0.005950 0.000000
0.000000

0.001368 1.965777 12.179735
0.247973 0.027594 3.777735 22.031113 176.078568
0.000000 0.000005 0.000245 0.000000 0.000000 0.000000
0.000000 0.000001 0.000008
6.921893 0.650000 0.000000
764.299377 0.000000
0.000000 0.000000 0.000000 0.000000
0.000000 0.026368
11 0.015000 0.615000 0.001000
0.487000 0.580000 0.780000 0.490000 1.250000 6.700000 0.650000 0.650000
187499.984375 75.360001 0.084000
1.073000 0.050000 0.116600
0.152392 1.492529 0.005462 0.000000
0.000000

0.001270 1.824298 10.438157
0.234207 0.026063 3.580404 20.877966 176.004547
0.000000 0.001556 0.000931 0.000000 0.000000 0.000000
0.000000 0.000006 0.000007
7.027418 0.650000 0.000000
764.299377 0.000000
0.000000 0.000000 0.000000 0.000000
0.000000 0.024112
11 0.015000 0.630000 0.001000
0.487000 0.580000 0.780000 0.490000 1.250000 6.700000 0.650000 0.650000
187499.984375 75.360001 0.084000
1.073000 0.050000 0.116600
0.152409 1.362175 0.004980 0.000000
0.000000

0.001182 1.694404 8.993965
0.220662 0.024555 3.385368 19.736248 175.945572
0.000000 0.115837 0.001286 0.000000 0.000000 0.000000
0.000000 0.000011 0.000002
7.129059 0.650000 0.000000
764.299377 0.000000
0.000000 0.000000 0.000000 0.000000
0.000000 0.181832
11 0.015000 0.645000 0.001000
0.487000 0.580000 0.780000 0.490000 1.250000 6.700000 0.650000 0.650000
187499.984375 75.360001 0.084000
1.073000 0.050000 0.116600
0.152433 2.008447 0.007379 0.000000
0.000000

0.001105 1.577701 8.110950
0.205971 0.022915 3.186775 18.570780 175.878769
0.000000 0.104239 0.001199 0.000000 0.000000 0.000000
0.000000 0.000016 0.000003
7.226996 0.650000 0.000000
764.299377 0.000000
0.000000 0.000000 0.000000 0.000000
0.000000 0.200794
11 0.015000 0.660000 0.001000
0.487000 0.580000 0.780000 0.490000 1.250000 6.700000 0.650000 0.650000
187499.984375 75.360001 0.084000
1.073000 0.050000 0.116600
0.152502 2.235719 0.008228 0.000000
0.000000

0.001032 1.468090 7.465669
0.193631 0.021543 2.998462 17.466185 175.811905
0.000000 0.051889 0.001254 0.000000 0.000000 0.000000
0.000000 0.000022 0.000001
7.321409 0.650000 0.000000
764.299377 0.000000
0.000000 0.000000 0.000000 0.000000
0.000000 0.228624
11 0.015000 0.675000 0.001000
0.487000 0.580000 0.780000 0.490000 1.250000 6.700000 0.650000 0.650000
187499.984375 75.360001 0.084000
1.073000 0.050000 0.116600
0.152575 2.302009 0.008477 0.000000
0.000000

0.000965 1.368787 6.951681
0.182082 0.020258 2.821601 16.428986 175.743042
0.000000 0.094986 0.001683 0.000000 0.000000 0.000000
0.000001 0.000022 0.000001
7.412476 0.650000 0.000000
764.299377 0.000000
0.000000 0.000000 0.000000 0.000000
0.000000 1.007814
11 0.015000 0.690000 0.001000
0.487000 0.580000 0.780000 0.490000 1.250000 6.700000 0.650000 0.650000
187499.984375 75.360001 0.084000
1.073000 0.050000 0.116600
0.152665 2.350755 0.008660 0.000000
0.000000

0.000910 1.277915 6.478453
0.170207 0.018932 2.658611 15.467955 175.694153
0.000000 0.104290 0.002147 0.000000 0.000000 0.000000
0.000001 0.000022 0.000000
7.500373 0.650000 0.000000
764.299377 0.000000
0.000000 0.000000 0.000000 0.000000
0.000000 1.696000
11 0.015000 0.705000 0.001000
0.487000 0.580000 0.780000 0.490000 1.250000 6.700000 0.650000 0.650000
187499.984375 75.360001 0.084000
1.073000 0.050000 0.116600
0.152755 2.786007 0.010300 0.000000
0.000000

0.000875 1.199633 6.064676
0.160537 0.017857 2.510765 14.587738 175.651001
0.000000 0.372696 0.002684 0.000000 0.000000 0.000000
0.000001 0.000008 0.000000
7.585273 0.650000 0.000000
764.299377 0.000000
0.000000 0.000000 0.000000 0.000000
0.000000 3.932435
11 0.015000 0.720000 0.001000
0.487000 0.580000 0.780000 0.490000 1.250000 6.700000 0.650000 0.650000
187499.984375 75.360001 0.084000
1.073000 0.050000 0.116600
0.152941 3.415345 0.012690 0.000000
0.000000

0.000925 1.180595 5.872643
0.151351 0.016831 2.390476 13.820792 175.701096
0.000000 1.736717 0.006474 0.000000 0.000000 0.000000
0.000000 0.000005 0.000000
7.661162 0.900355 0.000000
764.299377 0.000000
0.000000 0.000000 0.000000 0.000000
0.000000 15.109578
11 0.015000 0.735000 0.001000
0.487000 0.580000 0.780000 0.490000 1.250000 6.700000 0.650000 0.650000
187499.984375 75.360001 0.084000
1.073000 0.050000 0.116600
0.153661 3.998854 0.020671 0.000000
0.000000

0.000000 0.483275 7.643186
0.095965 0.010669 1.570857 8.699553 176.645645
0.000000 0.674066 0.005425 0.000000 0.000000 0.000000
0.000001 0.000022 0.000001
7.727087 1.000000 0.000000
764.299377 0.000000
0.000000 0.000000 0.000000 0.000000
0.000000 3.212325
11 0.015000 0.750000 0.001000
0.487000 0.580000 0.780000 0.490000 1.250000 6.700000 0.650000 0.650000
187499.984375 75.360001 0.084000
1.073000 0.050000 0.116600
0.159024 0.353375 0.001972 0.000000
0.000000

0.000000 0.464196 7.416634
0.091959 0.010224 1.507274 8.331202 176.880127
0.000000 0.153239 0.006156 0.000000 0.000000 0.000000
0.000000 0.000071 0.000002
7.788504 1.000000 0.000000
764.299377 0.000000
0.000000 0.000000 0.000000 0.000000
0.000000 1.344087
11 0.015000 0.765000 0.001000
0.487000 0.580000 0.780000 0.490000 1.250000 6.700000 0.650000 0.650000
187499.984375 75.360001 0.084000
1.073000 0.050000 0.116600
0.159717 0.281325 0.001569 0.000000
0.000000

0.000000 0.433348 6.959723
0.088129 0.009798 1.445488 7.988594 176.919403
0.000000 0.043316 0.006398 0.000000 0.000000 0.000000
0.000000 0.000073 0.000004
7.847178 1.000000 0.000000
764.299377 0.000000
0.000000 0.000000 0.000000 0.000000
0.000000 1.345668
11 0.015000 0.780000 0.001000
0.487000 0.580000 0.780000 0.490000 1.250000 6.700000 0.650000 0.650000
187499.984375 75.360001 0.084000
1.073000 0.050000 0.116600
0.159867 0.237172 0.001322 0.000000
0.000000

0.000000 0.403986 6.550994
0.084834 0.009432 1.392479 7.694574 177.053101
0.000000 0.021088 0.005844 0.000000 0.000000 0.000000
0.000000 0.000077 0.000007
7.903251 1.000000 0.000000
764.299377 0.000000
0.000000 0.000000 0.000000 0.000000
0.000000 1.323659
11 0.015000 0.795000 0.001000
0.487000 0.580000 0.780000 0.490000 1.250000 6.700000 0.650000 0.650000
187499.984375 75.360001 0.084000
1.073000 0.050000 0.116600
0.160273 0.194710 0.001085 0.000000
0.000000

0.000000 0.375628 6.105322
0.081528 0.009064 1.339409 7.400353 177.059052
0.000000 0.008481 0.004032 0.000000 0.000000 0.000000
0.000000 0.000062 0.000019
7.956860 1.000000 0.000000
764.299377 0.000000
0.000000 0.000000 0.000000 0.000000
0.000000 1.368061
11 0.015000 0.810000 0.001000
0.487000 0.580000 0.780000 0.490000 1.250000 6.700000 0.650000 0.650000
187499.984375 75.360001 0.084000
1.073000 0.050000 0.116600
0.160321 0.158143 0.000881 0.000000
0.000000

0.000000 0.349521 5.690374
0.078473 0.008725 1.290383 7.128586 177.067444
0.000000 0.002164 0.001878 0.000000 0.000000 0.000000
0.000000 0.000035 0.000039
8.008136 1.000000 0.000000
764.299377 0.000000
0.000000 0.000000 0.000000 0.000000
0.000000 1.423048
11 0.015000 0.825000 0.001000
0.487000 0.580000 0.780000 0.490000 1.250000 6.700000 0.650000 0.650000
187499.984375 75.360001 0.084000
1.073000 0.050000 0.116600
0.160369 0.144723 0.000806 0.000000
0.000000

0.000000 0.325188 5.313219
0.075652 0.008411 1.245091 6.877506 177.084045
0.000000 0.000315 0.001171 0.000000 0.000000 0.000000
0.000000 0.000013 0.000046
8.057206 1.000000 0.000000
764.299377 0.000000
0.000000 0.000000 0.000000 0.000000
0.000000 1.655543
11 0.015000 0.840000 0.001000
0.487000 0.580000 0.780000 0.490000 1.250000 6.700000 0.650000 0.650000
187499.984375 75.360001 0.084000
1.073000 0.050000 0.116600
0.160441 0.146214 0.000815 0.000000
0.000000

0.000000 0.302862 4.953223
0.073022 0.008119 1.202902 6.643645 177.088654
0.000000 0.000043 0.001245 0.000000 0.000000 0.000000
0.000000 0.000002 0.000022
8.104191 1.000000 0.000000
764.299377 0.000000
0.000000 0.000000 0.000000 0.000000
0.000000 1.775803
11 0.015000 0.855000 0.001000
0.487000 0.580000 0.780000 0.490000 1.250000 6.700000 0.650000 0.650000
187499.984375 75.360001 0.084000
1.073000 0.050000 0.116600
0.160483 0.160593 0.000895 0.000000
0.000000

0.000000 0.000000 0.142068
0.040514 0.004504 0.682208 3.767365 177.530365
0.000000 0.027781 0.015366 0.000000 0.000000 0.000000
0.000000 0.000071 0.000003
8.149204 1.000000 0.000000
764.299377 0.000000
0.000000 0.000000 0.000000 0.000000
0.000000 1.135404
11 0.015000 0.870000 0.001000
0.487000 0.580000 0.780000 0.490000 1.250000 6.700000 0.650000 0.650000
187499.984375 75.360001 0.084000
1.073000 0.050000 0.116600
0.161850 0.093030 0.000518 0.000000
0.000000

0.000000 0.000000 0.143057
0.040538 0.004507 0.682678 3.769519 177.541153
0.000000 0.054621 0.015296 0.000000 0.000000 0.000000
0.000001 0.000064 0.000002
8.192360 1.000000 0.000000
764.299377 0.000000
0.000000 0.000000 0.000000 0.000000
0.000000 1.134832
11 0.015000 0.885000 0.001000
0.487000 0.580000 0.780000 0.490000 1.250000 6.700000 0.650000 0.650000
187499.984375 75.360001 0.084000
1.073000 0.050000 0.116600
0.161875 0.093176 0.000519 0.000000
0.000000

0.000000 0.000000 0.143806
0.040556 0.004509 0.683054 3.771153 177.552628
0.000000 0.084021 0.015319 0.000000 0.000000 0.000000
0.000001 0.000053 0.000001
8.233761 1.000000 0.000000
764.299377 0.000000
0.000000 0.000000 0.000000 0.000000
0.000000 1.134423
11 0.015000 0.900000 0.001000
0.487000 0.580000 0.780000 0.490000 1.250000 6.700000 0.650000 0.650000
187499.984375 75.360001 0.084000
1.073000 0.050000 0.116600
0.161896 0.093029 0.000518 0.000000
0.000000

0.000000 0.000000 0.144496
0.040573 0.004511 0.683402 3.772646 177.566071
0.000000 0.113133 0.015254 0.000000 0.000000 0.000000
0.000001 0.000043 0.000000
8.273508 1.000000 0.000000
764.299377 0.000000
0.000000 0.000000 0.000000 0.000000
0.000000 1.134083
11 0.015000 0.915000 0.001000
0.487000 0.580000 0.780000 0.490000 1.250000 6.700000 0.650000 0.650000
187499.984375 75.360001 0.084000
1.073000 0.050000 0.116600
0.161911 0.093070 0.000518 0.000000
0.000000

0.000000 0.000000 0.145167
0.040590 0.004513 0.683738 3.774070 177.575836
0.000000 0.131522 0.015181 0.000000 0.000000 0.000000
0.000001 0.000038 0.000000
8.311697 1.000000 0.000000
764.299377 0.000000
0.000000 0.000000 0.000000 0.000000
0.000000 1.133739
11 0.015000 0.930000 0.001000
0.487000 0.580000 0.780000 0.490000 1.250000 6.700000 0.650000 0.650000
187499.984375 75.360001 0.084000
1.073000 0.050000 0.116600
0.161929 0.092941 0.000518 0.000000
0.000000

0.000000 0.000000 0.145841
0.040605 0.004515 0.684065 3.775463 177.585709
0.000000 0.132395 0.015106 0.000000 0.000000 0.000000
0.000001 0.000039 0.000000
8.348416 1.000000 0.000000
764.299377 0.000000
0.000000 0.000000 0.000000 0.000000
0.000000 1.133353
11 0.015000 0.945000 0.001000
0.487000 0.580000 0.780000 0.490000 1.250000 6.700000 0.650000 0.650000
187499.984375 75.360001 0.084000
1.073000 0.050000 0.116600
0.161946 0.093122 0.000519 0.000000
0.000000

0.000000 0.000000 0.146521
0.040622 0.004516 0.684404 3.776922 177.595535
0.000000 0.117080 0.015009 0.000000 0.000000 0.000000
0.000001 0.000045 0.000001
8.383753 1.000000 0.000000
764.299377 0.000000
0.000000 0.000000 0.000000 0.000000
0.000000 1.132955
11 0.015000 0.960000 0.001000
0.487000 0.580000 0.780000 0.490000 1.250000 6.700000 0.650000 0.650000
187499.984375 75.360001 0.084000
1.073000 0.050000 0.116600
0.161963 0.093074 0.000518 0.000000
0.000000

0.000000 0.000000 0.147471
0.040645 0.004519 0.684847 3.778959 177.605194
0.000000 0.092600 0.014941 0.000000 0.000000 0.000000
0.000001 0.000056 0.000001
8.417788 1.000000 0.000000
764.299377 0.000000
0.000000 0.000000 0.000000 0.000000
0.000000 1.132551
11 0.015000 0.975000 0.001000
0.487000 0.580000 0.780000 0.490000 1.250000 6.700000 0.650000 0.650000
187499.984375 75.360001 0.084000
1.073000 0.050000 0.116600
0.161987 0.093030 0.000518 0.000000
0.000000

0.000000 0.000000 0.148265
0.040664 0.004521 0.685220 3.780623 177.616409
0.000000 0.066855 0.014887 0.000000 0.000000 0.000000
0.000001 0.000066 0.000002
8.450597 1.000000 0.000000
764.299377 0.000000
0.000000 0.000000 0.000000 0.000000
0.000000 1.132095
11 0.015000 0.990000 0.001000
0.487000 0.580000 0.780000 0.490000 1.250000 6.700000 0.650000 0.650000
187499.984375 75.360001 0.084000
1.073000 0.050000 0.116600
0.162003 0.092995 0.000518 0.000000
0.000000

0.000000 0.000000 0.148905
0.040679 0.004523 0.685535 3.781965 177.627594
0.000000 0.045178 0.014792 0.000000 0.000000 0.000000
0.000000 0.000071 0.000003
8.482252 1.000000 0.000000
764.299377 0.000000
0.000000 0.000000 0.000000 0.000000
0.000000 1.131598
11 0.015000 1.005000 0.001000
0.487000 0.580000 0.780000 0.490000 1.250000 6.700000 0.650000 0.650000
187499.984375 75.360001 0.084000
1.073000 0.050000 0.116600
0.162021 0.093161 0.000519 0.000000
0.000000

0.000000 0.000000 0.149748
0.040698 0.004525 0.685920 3.783706 177.636368
0.000000 0.029756 0.014742 0.000000 0.000000 0.000000
0.000000 0.000074 0.000005
8.512820 1.000000 0.000000
764.299377 0.000000
0.000000 0.000000 0.000000 0.000000
0.000000 1.131090
11 0.015000 1.020000 0.001000
0.487000 0.580000 0.780000 0.490000 1.250000 6.700000 0.650000 0.650000
187499.984375 75.360001 0.084000
1.073000 0.050000 0.116600
0.162041 0.093012 0.000518 0.000000
0.000000

0.000000 0.000000 0.150378
0.040714 0.004527 0.686231 3.785042 177.645599
0.000000 0.020096 0.014674 0.000000 0.000000 0.000000
0.000000 0.000076 0.000007
8.542367 1.000000 0.000000
764.299377 0.000000
0.000000 0.000000 0.000000 0.000000
0.000000 1.130550
11 0.015000 1.035000 0.001000
0.487000 0.580000 0.780000 0.490000 1.250000 6.700000 0.650000 0.650000
187499.984375 75.360001 0.084000
1.073000 0.050000 0.116600
0.162056 0.093245 0.000519 0.000000
0.000000

0.000000 0.000000 0.151043
0.040729 0.004528 0.686547 3.786401 177.654938
0.000000 0.014618 0.014594 0.000000 0.000000 0.000000
0.000000 0.000075 0.000010
8.570951 1.000000 0.000000
764.299377 0.000000
0.000000 0.000000 0.000000 0.000000
0.000000 1.130026
11 0.015000 1.050000 0.001000
0.487000 0.580000 0.780000 0.490000 1.250000 6.700000 0.650000 0.650000
187499.984375 75.360001 0.084000
1.073000 0.050000 0.116600
0.162071 0.093059 0.000518 0.000000
0.000000

0.000000 0.000000 0.151661
0.040743 0.004530 0.686839 3.787634 177.664597
0.000000 0.011708 0.014534 0.000000 0.000000 0.000000
0.000000 0.000072 0.000012
8.598631 1.000000 0.000000
764.299377 0.000000
0.000000 0.000000 0.000000 0.000000
0.000000 1.129498
11 0.015000 1.065000 0.001000
0.487000 0.580000 0.780000 0.490000 1.250000 6.700000 0.650000 0.650000
187499.984375 75.360001 0.084000
1.073000 0.050000 0.116600
0.162086 0.093253 0.000519 0.000000
0.000000

0.000000 0.000000 0.152296
0.040758 0.004532 0.687140 3.788924 177.673523
0.000000 0.010177 0.014482 0.000000 0.000000 0.000000
0.000000 0.000070 0.000013
8.625456 1.000000 0.000000
764.299377 0.000000
0.000000 0.000000 0.000000 0.000000
0.000000 1.128986
11 0.015000 1.080000 0.001000
0.487000 0.580000 0.780000 0.490000 1.250000 6.700000 0.650000 0.650000
187499.984375 75.360001 0.084000
1.073000 0.050000 0.116600
0.162099 0.093007 0.000518 0.000000
0.000000

0.000000 0.000000 0.153261
0.040780 0.004534 0.687563 3.790894 177.683441
0.000000 0.009294 0.014434 0.000000 0.000000 0.000000
0.000000 0.000069 0.000014
8.651479 1.000000 0.000000
764.299377 0.000000
0.000000 0.000000 0.000000 0.000000
0.000000 1.128494
11 0.015000 1.095000 0.001000
0.487000 0.580000 0.780000 0.490000 1.250000 6.700000 0.650000 0.650000
187499.984375 75.360001 0.084000
1.073000 0.050000 0.116600
0.162123 0.093357 0.000520 0.000000
0.000000

0.000000 0.000000 0.154335
0.040804 0.004537 0.688023 3.793070 177.694794
0.000000 0.008692 0.014400 0.000000 0.000000 0.000000
0.000000 0.000068 0.000015
8.676744 1.000000 0.000000
764.299377 0.000000
0.000000 0.000000 0.000000 0.000000
0.000000 1.128029
11 0.015000 1.110000 0.001000
0.487000 0.580000 0.780000 0.490000 1.250000 6.700000 0.650000 0.650000
187499.984375 75.360001 0.084000
1.073000 0.050000 0.116600
0.162149 0.092892 0.000517 0.000000
0.000000

0.000000 0.000000 0.154943
0.040818 0.004538 0.688301 3.794250 177.702698
0.000000 0.008201 0.014338 0.000000 0.000000 0.000000
0.000000 0.000067 0.000016
8.701295 1.000000 0.000000
764.299377 0.000000
0.000000 0.000000 0.000000 0.000000
0.000000 1.127544
11 0.015000 1.125000 0.001000
0.487000 0.580000 0.780000 0.490000 1.250000 6.700000 0.650000 0.650000
187499.984375 75.360001 0.084000
1.073000 0.050000 0.116600
0.162163 0.093184 0.000519 0.000000
0.000000

0.000000 0.000000 0.155544
0.040831 0.004540 0.688584 3.795472 177.712006
0.000000 0.007761 0.014321 0.000000 0.000000 0.000000
0.000000 0.000067 0.000017
8.725171 1.000000 0.000000
764.299377 0.000000
0.000000 0.000000 0.000000 0.000000
0.000000 1.127048
11 0.015000 1.140000 0.001000
0.487000 0.580000 0.780000 0.490000 1.250000 6.700000 0.650000 0.650000
187499.984375 75.360001 0.084000
1.073000 0.050000 0.116600
0.162178 0.093112 0.000519 0.000000
0.000000

0.000000 0.000000 0.156142
0.040845 0.004541 0.688865 3.796669 177.720444
0.000000 0.007353 0.014268 0.000000 0.000000 0.000000
0.000000 0.000066 0.000018
8.748411 1.000000 0.000000
764.299377 0.000000
0.000000 0.000000 0.000000 0.000000
0.000000 1.126574
11 0.015000 1.155000 0.001000
0.487000 0.580000 0.780000 0.490000 1.250000 6.700000 0.650000 0.650000
187499.984375 75.360001 0.084000
1.073000 0.050000 0.116600
0.162193 0.093199 0.000519 0.000000
0.000000

0.000000 0.000000 0.156791
0.040859 0.004543 0.689156 3.797940 177.729233
0.000000 0.006970 0.014188 0.000000 0.000000 0.000000
0.000000 0.000065 0.000019
8.771049 1.000000 0.000000
764.299377 0.000000
0.000000 0.000000 0.000000 0.000000
0.000000 1.126112
11 0.015000 1.170000 0.001000
0.487000 0.580000 0.780000 0.490000 1.250000 6.700000 0.650000 0.650000
187499.984375 75.360001 0.084000
1.073000 0.050000 0.116600
0.162204 0.093166 0.000519 0.000000
0.000000

0.000000 0.000000 0.157513
0.040875 0.004545 0.689475 3.799365 177.738419
0.000000 0.006636 0.014174 0.000000 0.000000 0.000000
0.000000 0.000064 0.000019
8.793118 1.000000 0.000000
764.299377 0.000000
0.000000 0.000000 0.000000 0.000000
0.000000 1.125676
11 0.015000 1.185000 0.001000
0.487000 0.580000 0.780000 0.490000 1.250000 6.700000 0.650000 0.650000
187499.984375 75.360001 0.084000
1.073000 0.050000 0.116600
0.162222 0.092905 0.000517 0.000000
0.000000

0.000000 0.000000 0.158094
0.040888 0.004546 0.689736 3.800480 177.746765
0.000000 0.006338 0.014086 0.000000 0.000000 0.000000
0.000000 0.000063 0.000020
8.814646 1.000000 0.000000
764.299377 0.000000
0.000000 0.000000 0.000000 0.000000
0.000000 1.125223
11 0.015000 1.200000 0.001000
0.487000 0.580000 0.780000 0.490000 1.250000 6.700000 0.650000 0.650000
187499.984375 75.360001 0.084000
1.073000 0.050000 0.116600
0.162236 0.093080 0.000518 0.000000
0.000000

0.000000 0.000000 0.158672
0.040901 0.004547 0.690002 3.801614 177.753922
0.000000 0.006088 0.014064 0.000000 0.000000 0.000000
0.000000 0.000062 0.000021
8.835662 1.000000 0.000000
764.299377 0.000000
0.000000 0.000000 0.000000 0.000000
0.000000 1.124789
11 0.015000 1.215000 0.001000
0.487000 0.580000 0.780000 0.490000 1.250000 6.700000 0.650000 0.650000
187499.984375 75.360001 0.084000
1.073000 0.050000 0.116600
0.162250 0.093021 0.000518 0.000000
0.000000

0.000000 0.000000 0.159242
0.040914 0.004549 0.690266 3.802745 177.763885
0.000000 0.005883 0.014025 0.000000 0.000000 0.000000
0.000000 0.000061 0.000022
8.856192 1.000000 0.000000
764.299377 0.000000
0.000000 0.000000 0.000000 0.000000
0.000000 1.124359
11 0.015000 1.230000 0.001000
0.487000 0.580000 0.780000 0.490000 1.250000 6.700000 0.650000 0.650000
187499.984375 75.360001 0.084000
1.073000 0.050000 0.116600
0.162261 0.093086 0.000518 0.000000
0.000000

0.000000 0.000000 0.159810
0.040926 0.004550 0.690520 3.803830 177.771942
0.000000 0.005716 0.013971 0.000000 0.000000 0.000000
0.000000 0.000061 0.000022
8.876259 1.000000 0.000000
764.299377 0.000000
0.000000 0.000000 0.000000 0.000000
0.000000 1.123940
11 0.015000 1.245000 0.001000
0.487000 0.580000 0.780000 0.490000 1.250000 6.700000 0.650000 0.650000
187499.984375 75.360001 0.084000
1.073000 0.050000 0.116600
0.162272 0.093158 0.000519 0.000000
0.000000

0.000000 0.000000 0.160372
0.040939 0.004552 0.690773 3.804915 177.780548
0.000000 0.005581 0.013928 0.000000 0.000000 0.000000
0.000000 0.000060 0.000023
8.895886 1.000000 0.000000
764.299377 0.000000
0.000000 0.000000 0.000000 0.000000
0.000000 1.123537
11 0.015000 1.260000 0.001000
0.487000 0.580000 0.780000 0.490000 1.250000 6.700000 0.650000 0.650000
187499.984375 75.360001 0.084000
1.073000 0.050000 0.116600
0.162289 0.093459 0.000521 0.000000
0.000000

0.000000 0.000000 0.160944
0.040951 0.004553 0.691022 3.805984 177.789185
0.000000 0.005473 0.013882 0.000000 0.000000 0.000000
0.000000 0.000060 0.000023
8.915091 1.000000 0.000000
764.299377 0.000000
0.000000 0.000000 0.000000 0.000000
0.000000 1.123126
11 0.015000 1.275000 0.001000
0.487000 0.580000 0.780000 0.490000 1.250000 6.700000 0.650000 0.650000
187499.984375 75.360001 0.084000
1.073000 0.050000 0.116600
0.162300 0.093403 0.000520 0.000000
0.000000

0.000000 0.000000 0.161613
0.040965 0.004555 0.691311 3.807258 177.797623
0.000000 0.005385 0.013802 0.000000 0.000000 0.000000
0.000000 0.000060 0.000024
8.933894 1.000000 0.000000
764.299377 0.000000
0.000000 0.000000 0.000000 0.000000
0.000000 1.122739
11 0.015000 1.290000 0.001000
0.487000 0.580000 0.780000 0.490000 1.250000 6.700000 0.650000 0.650000
187499.984375 75.360001 0.084000
1.073000 0.050000 0.116600
0.162315 0.093403 0.000520 0.000000
0.000000

0.000000 0.000000 0.162300
0.040980 0.004556 0.691609 3.808600 177.806427
0.000000 0.005317 0.013763 0.000000 0.000000 0.000000
0.000000 0.000060 0.000024
8.952311 1.000000 0.000000
764.299377 0.000000
0.000000 0.000000 0.000000 0.000000
0.000000 1.122371
11 0.015000 1.305000 0.001000
0.487000 0.580000 0.780000 0.490000 1.250000 6.700000 0.650000 0.650000
187499.984375 75.360001 0.084000
1.073000 0.050000 0.116600
0.162330 0.093280 0.000520 0.000000
0.000000

0.000000 0.000000 0.162882
0.040993 0.004558 0.691865 3.809705 177.814377
0.000000 0.005263 0.013722 0.000000 0.000000 0.000000
0.000000 0.000059 0.000024
8.970359 1.000000 0.000000
764.299377 0.000000
0.000000 0.000000 0.000000 0.000000
0.000000 1.121994
11 0.015000 1.320000 0.001000
0.487000 0.580000 0.780000 0.490000 1.250000 6.700000 0.650000 0.650000
187499.984375 75.360001 0.084000
1.073000 0.050000 0.116600
0.162344 0.093384 0.000520 0.000000
0.000000

0.000000 0.000000 0.163433
0.041005 0.004559 0.692105 3.810744 177.822693
0.000000 0.005219 0.013700 0.000000 0.000000 0.000000
0.000000 0.000059 0.000024
8.988051 1.000000 0.000000
764.299377 0.000000
0.000000 0.000000 0.000000 0.000000
0.000000 1.121628
11 0.015000 1.335000 0.001000
0.487000 0.580000 0.780000 0.490000 1.250000 6.700000 0.650000 0.650000
187499.984375 75.360001 0.084000
1.073000 0.050000 0.116600
0.162358 0.093289 0.000520 0.000000
0.000000

0.000000 0.000000 0.163972
0.041016 0.004560 0.692339 3.811731 177.832062
0.000000 0.005184 0.013665 0.000000 0.000000 0.000000
0.000000 0.000059 0.000025
9.005402 1.000000 0.000000
764.299377 0.000000
0.000000 0.000000 0.000000 0.000000
0.000000 1.121273
11 0.015000 1.350000 0.001000
0.487000 0.580000 0.780000 0.490000 1.250000 6.700000 0.650000 0.650000
187499.984375 75.360001 0.084000
1.073000 0.050000 0.116600
0.162366 0.093375 0.000520 0.000000
0.000000

0.000000 0.000000 0.164509
0.041027 0.004561 0.692571 3.812720 177.840454
0.000000 0.005153 0.013628 0.000000 0.000000 0.000000
0.000000 0.000059 0.000025
9.022421 1.000000 0.000000
764.299377 0.000000
0.000000 0.000000 0.000000 0.000000
0.000000 1.120910
11 0.015000 1.365000 0.001000
0.487000 0.580000 0.780000 0.490000 1.250000 6.700000 0.650000 0.650000
187499.984375 75.360001 0.084000
1.073000 0.050000 0.116600
0.162378 0.093470 0.000521 0.000000
0.000000

0.000000 0.000000 0.165084
0.041039 0.004563 0.692821 3.813812 177.849045
0.000000 0.005128 0.013611 0.000000 0.000000 0.000000
0.000000 0.000059 0.000025
9.039121 1.000000 0.000000
764.299377 0.000000
0.000000 0.000000 0.000000 0.000000
0.000000 1.120570
11 0.015000 1.380000 0.001000
0.487000 0.580000 0.780000 0.490000 1.250000 6.700000 0.650000 0.650000
187499.984375 75.360001 0.084000
1.073000 0.050000 0.116600
0.162390 0.093653 0.000522 0.000000
0.000000

0.000000 0.000000 0.166008
0.041059 0.004565 0.693183 3.815528 177.858185
0.000000 0.005094 0.013546 0.000000 0.000000 0.000000
0.000000 0.000059 0.000025
9.055511 1.000000 0.000000
764.299377 0.000000
0.000000 0.000000 0.000000 0.000000
0.000000 1.120264
11 0.015000 1.395000 0.001000
0.487000 0.580000 0.780000 0.490000 1.250000 6.700000 0.650000 0.650000
187499.984375 75.360001 0.084000
1.073000 0.050000 0.116600
0.162413 0.093401 0.000520 0.000000
0.000000

0.000000 0.000000 0.166557
0.041070 0.004566 0.693420 3.816540 177.866226
0.000000 0.005062 0.013490 0.000000 0.000000 0.000000
0.000000 0.000059 0.000025
9.071600 1.000000 0.000000
764.299377 0.000000
0.000000 0.000000 0.000000 0.000000
0.000000 1.119926
11 0.015000 1.410000 0.001000
0.487000 0.580000 0.780000 0.490000 1.250000 6.700000 0.650000 0.650000
187499.984375 75.360001 0.084000
1.073000 0.050000 0.116600
0.162425 0.093633 0.000522 0.000000
0.000000

0.000000 0.000000 0.167178
0.041083 0.004568 0.693677 3.817683 177.874237
0.000000 0.005037 0.013456 0.000000 0.000000 0.000000
0.000000 0.000059 0.000026
9.087397 1.000000 0.000000
764.299377 0.000000
0.000000 0.000000 0.000000 0.000000
0.000000 1.119617
11 0.015000 1.425000 0.001000
0.487000 0.580000 0.780000 0.490000 1.250000 6.700000 0.650000 0.650000
187499.984375 75.360001 0.084000
1.073000 0.050000 0.116600
0.162435 0.093363 0.000520 0.000000
0.000000

0.000000 0.000000 0.167745
0.041095 0.004569 0.693912 3.818698 177.882324
0.000000 0.005012 0.013400 0.000000 0.000000 0.000000
0.000000 0.000059 0.000026
9.102906 1.000000 0.000000
764.299377 0.000000
0.000000 0.000000 0.000000 0.000000
0.000000 1.119295
11 0.015000 1.440000 0.001000
0.487000 0.580000 0.780000 0.490000 1.250000 6.700000 0.650000 0.650000
187499.984375 75.360001 0.084000
1.073000 0.050000 0.116600
0.162449 0.093397 0.000520 0.000000
0.000000

0.000000 0.000000 0.168260
0.041105 0.004570 0.694131 3.819640 177.889267
0.000000 0.004994 0.013391 0.000000 0.000000 0.000000
0.000000 0.000059 0.000026
9.118137 1.000000 0.000000
764.299377 0.000000
0.000000 0.000000 0.000000 0.000000
0.000000 1.118980
11 0.015000 1.455000 0.001000
0.487000 0.580000 0.780000 0.490000 1.250000 6.700000 0.650000 0.650000
187499.984375 75.360001 0.084000
1.073000 0.050000 0.116600
0.162465 0.093343 0.000520 0.000000
0.000000

0.000000 0.000000 0.168772
0.041116 0.004571 0.694348 3.820566 177.896408
0.000000 0.004978 0.013351 0.000000 0.000000 0.000000
0.000000 0.000059 0.000026
9.133095 1.000000 0.000000
764.299377 0.000000
0.000000 0.000000 0.000000 0.000000
0.000000 1.118674
11 0.015000 1.470000 0.001000
0.487000 0.580000 0.780000 0.490000 1.250000 6.700000 0.650000 0.650000
187499.984375 75.360001 0.084000
1.073000 0.050000 0.116600
0.162471 0.093410 0.000520 0.000000
0.000000

0.000000 0.000000 0.169279
0.041126 0.004572 0.694564 3.821491 177.903885
0.000000 0.004955 0.013297 0.000000 0.000000 0.000000
0.000000 0.000059 0.000026
9.147784 1.000000 0.000000
764.299377 0.000000
0.000000 0.000000 0.000000 0.000000
0.000000 1.118360
11 0.015000 1.485000 0.001000
0.487000 0.580000 0.780000 0.490000 1.250000 6.700000 0.650000 0.650000
187499.984375 75.360001 0.084000
1.073000 0.050000 0.116600
0.162482 0.093491 0.000521 0.000000
0.000000

0.000000 0.000000 0.169782
0.041137 0.004574 0.694778 3.822410 177.912399
0.000000 0.004935 0.013259 0.000000 0.000000 0.000000
0.000000 0.000059 0.000026
9.162210 1.000000 0.000000
764.299377 0.000000
0.000000 0.000000 0.000000 0.000000
0.000000 1.118065
11 0.015000 1.500000 0.001000
0.487000 0.580000 0.780000 0.490000 1.250000 6.700000 0.650000 0.650000
187499.984375 75.360001 0.084000
1.073000 0.050000 0.116600
0.162492 0.093812 0.000523 0.000000
0.000000

0.000000 0.000000 0.170319
0.041148 0.004575 0.695005 3.823401 177.919922
0.000000 0.004916 0.013232 0.000000 0.000000 0.000000
0.000000 0.000059 0.000027
9.176378 1.000000 0.000000
764.299377 0.000000
0.000000 0.000000 0.000000 0.000000
0.000000 1.117778
11 0.015000 1.515000 0.001000
0.487000 0.580000 0.780000 0.490000 1.250000 6.700000 0.650000 0.650000
187499.984375 75.360001 0.084000
1.073000 0.050000 0.116600
0.162502 0.093543 0.000521 0.000000
0.000000

0.000000 0.000000 0.170838
0.041158 0.004576 0.695215 3.824303 177.927612
0.000000 0.004900 0.013210 0.000000 0.000000 0.000000
0.000000 0.000059 0.000027
9.190292 1.000000 0.000000
764.299377 0.000000
0.000000 0.000000 0.000000 0.000000
0.000000 1.117485
11 0.015000 1.530000 0.001000
0.487000 0.580000 0.780000 0.490000 1.250000 6.700000 0.650000 0.650000
187499.984375 75.360001 0.084000
1.073000 0.050000 0.116600
0.162520 0.093636 0.000522 0.000000
0.000000

0.000000 0.000000 0.172379
0.041189 0.004579 0.695763 3.827067 177.941177
0.000000 0.004881 0.013172 0.000000 0.000000 0.000000
0.000000 0.000059 0.000027
9.203956 1.000000 0.000000
764.299377 0.000000
0.000000 0.000000 0.000000 0.000000
0.000000 1.117282
11 0.015000 1.545000 0.001000
0.487000 0.580000 0.780000 0.490000 1.250000 6.700000 0.650000 0.650000
187499.984375 75.360001 0.084000
1.073000 0.050000 0.116600
0.162548 0.093710 0.000522 0.000000
0.000000

0.000000 0.000000 0.176545
0.041270 0.004588 0.697152 3.834458 177.978378
0.000000 0.004862 0.013128 0.000000 0.000000 0.000000
0.000000 0.000059 0.000027
9.217371 1.000000 0.000000
764.299377 0.000000
0.000000 0.000000 0.000000 0.000000
0.000000 1.117305
11 0.015000 1.560000 0.001000
0.487000 0.580000 0.780000 0.490000 1.250000 6.700000 0.650000 0.650000
187499.984375 75.360001 0.084000
1.073000 0.050000 0.116600
0.162629 0.093408 0.000520 0.000000
0.000000

0.000000 0.000000 0.177049
0.041280 0.004590 0.697352 3.835315 177.985306
0.000000 0.004842 0.013062 0.000000 0.000000 0.000000
0.000000 0.000059 0.000027
9.230541 1.000000 0.000000
764.299377 0.000000
0.000000 0.000000 0.000000 0.000000
0.000000 1.117024
11 0.015000 1.575000 0.001000
0.487000 0.580000 0.780000 0.490000 1.250000 6.700000 0.650000 0.650000
187499.984375 75.360001 0.084000
1.073000 0.050000 0.116600
0.162649 0.093481 0.000521 0.000000
0.000000

0.000000 0.000000 0.177554
0.041290 0.004591 0.697560 3.836211 177.993088
0.000000 0.004820 0.013038 0.000000 0.000000 0.000000
0.000000 0.000059 0.000027
9.243469 1.000000 0.000000
764.299377 0.000000
0.000000 0.000000 0.000000 0.000000
0.000000 1.116749
11 0.015000 1.590000 0.001000
0.487000 0.580000 0.780000 0.490000 1.250000 6.700000 0.650000 0.650000
187499.984375 75.360001 0.084000
1.073000 0.050000 0.116600
0.162654 0.093566 0.000521 0.000000
0.000000

0.000000 0.000000 0.178057
0.041300 0.004592 0.697762 3.837081 178.000671
0.000000 0.004798 0.012993 0.000000 0.000000 0.000000
0.000000 0.000059 0.000028
9.256157 1.000000 0.000000
764.299377 0.000000
0.000000 0.000000 0.000000 0.000000
0.000000 1.116474
11 0.015000 1.605000 0.001000
0.487000 0.580000 0.780000 0.490000 1.250000 6.700000 0.650000 0.650000
187499.984375 75.360001 0.084000
1.073000 0.050000 0.116600
0.162666 0.093812 0.000523 0.000000
0.000000

0.000000 0.000000 0.178605
0.041310 0.004593 0.697974 3.838009 178.008682
0.000000 0.004778 0.012957 0.000000 0.000000 0.000000
0.000000 0.000059 0.000028
9.268606 1.000000 0.000000
764.299377 0.000000
0.000000 0.000000 0.000000 0.000000
0.000000 1.116208
11 0.015000 1.620000 0.001000
0.487000 0.580000 0.780000 0.490000 1.250000 6.700000 0.650000 0.650000
187499.984375 75.360001 0.084000
1.073000 0.050000 0.116600
0.162677 0.093633 0.000522 0.000000
0.000000

0.000000 0.000000 0.181467
0.041365 0.004599 0.698919 3.842963 178.039139
0.000000 0.004753 0.012911 0.000000 0.000000 0.000000
0.000000 0.000058 0.000028
9.280817 1.000000 0.000000
764.299377 0.000000
0.000000 0.000000 0.000000 0.000000
0.000000 1.116137
11 0.015000 1.635000 0.001000
0.487000 0.580000 0.780000 0.490000 1.250000 6.700000 0.650000 0.650000
187499.984375 75.360001 0.084000
1.073000 0.050000 0.116600
0.162733 0.093650 0.000522 0.000000
0.000000

0.000000 0.000000 0.182018
0.041375 0.004600 0.699131 3.843899 178.047806
0.000000 0.004729 0.012866 0.000000 0.000000 0.000000
0.000000 0.000058 0.000028
9.292791 1.000000 0.000000
764.299377 0.000000
0.000000 0.000000 0.000000 0.000000
0.000000 1.115870
11 0.015000 1.650000 0.001000
0.487000 0.580000 0.780000 0.490000 1.250000 6.700000 0.650000 0.650000
187499.984375 75.360001 0.084000
1.073000 0.050000 0.116600
0.162745 0.093518 0.000521 0.000000
0.000000

0.000000 0.000000 0.182521
0.041385 0.004601 0.699326 3.844741 178.055756
0.000000 0.004706 0.012828 0.000000 0.000000 0.000000
0.000000 0.000058 0.000028
9.304532 1.000000 0.000000
764.299377 0.000000
0.000000 0.000000 0.000000 0.000000
0.000000 1.115602
11 0.015000 1.665000 0.001000
0.487000 0.580000 0.780000 0.490000 1.250000 6.700000 0.650000 0.650000
187499.984375 75.360001 0.084000
1.073000 0.050000 0.116600
0.162755 0.093599 0.000521 0.000000
0.000000

0.000000 0.000000 0.183023
0.041395 0.004602 0.699526 3.845608 178.063919
0.000000 0.004678 0.012766 0.000000 0.000000 0.000000
0.000000 0.000058 0.000029
9.316039 1.000000 0.000000
764.299377 0.000000
0.000000 0.000000 0.000000 0.000000
0.000000 1.115340
11 0.015000 1.680000 0.001000
0.487000 0.580000 0.780000 0.490000 1.250000 6.700000 0.650000 0.650000
187499.984375 75.360001 0.084000
1.073000 0.050000 0.116600
0.162766 0.093922 0.000523 0.000000
0.000000

0.000000 0.000000 0.183578
0.041405 0.004603 0.699734 3.846524 178.071564
0.000000 0.004657 0.012719 0.000000 0.000000 0.000000
0.000000 0.000058 0.000029
9.327316 1.000000 0.000000
764.299377 0.000000
0.000000 0.000000 0.000000 0.000000
0.000000 1.115088
11 0.015000 1.695000 0.001000
0.487000 0.580000 0.780000 0.490000 1.250000 6.700000 0.650000 0.650000
187499.984375 75.360001 0.084000
1.073000 0.050000 0.116600
0.162774 0.093686 0.000522 0.000000
0.000000

0.000000 0.000000 0.184224
0.041417 0.004605 0.699975 3.847618 178.080826
0.000000 0.004640 0.012682 0.000000 0.000000 0.000000
0.000000 0.000058 0.000029
9.338359 1.000000 0.000000
764.299377 0.000000
0.000000 0.000000 0.000000 0.000000
0.000000 1.114838
11 0.015000 1.710000 0.001000
0.487000 0.580000 0.780000 0.490000 1.250000 6.700000 0.650000 0.650000
187499.984375 75.360001 0.084000
1.073000 0.050000 0.116600
0.162789 0.093725 0.000522 0.000000
0.000000

0.000000 0.000000 0.184719
0.041426 0.004606 0.700165 3.848437 178.088516
0.000000 0.004620 0.012650 0.000000 0.000000 0.000000
0.000000 0.000058 0.000029
9.349174 1.000000 0.000000
764.299377 0.000000
0.000000 0.000000 0.000000 0.000000
0.000000 1.114583
11 0.015000 1.725000 0.001000
0.487000 0.580000 0.780000 0.490000 1.250000 6.700000 0.650000 0.650000
187499.984375 75.360001 0.084000
1.073000 0.050000 0.116600
0.162797 0.093830 0.000523 0.000000
0.000000

0.000000 0.000000 0.185315
0.041438 0.004607 0.700382 3.849418 178.097275
0.000000 0.004599 0.012584 0.000000 0.000000 0.000000
0.000000 0.000058 0.000029
9.359756 1.000000 0.000000
764.299377 0.000000
0.000000 0.000000 0.000000 0.000000
0.000000 1.114351
11 0.015000 1.740000 0.001000
0.487000 0.580000 0.780000 0.490000 1.250000 6.700000 0.650000 0.650000
187499.984375 75.360001 0.084000
1.073000 0.050000 0.116600
0.162810 0.093909 0.000523 0.000000
0.000000

0.000000 0.000000 0.187361
0.041475 0.004611 0.701045 3.852837 178.116776
0.000000 0.004574 0.012549 0.000000 0.000000 0.000000
0.000000 0.000058 0.000029
9.370110 1.000000 0.000000
764.299377 0.000000
0.000000 0.000000 0.000000 0.000000
0.000000 1.114239
11 0.015000 1.755000 0.001000
0.487000 0.580000 0.780000 0.490000 1.250000 6.700000 0.650000 0.650000
187499.984375 75.360001 0.084000
1.073000 0.050000 0.116600
0.162849 0.093817 0.000523 0.000000
0.000000

0.000000 0.000000 0.190650
0.041535 0.004618 0.702072 3.858268 178.136475
0.000000 0.004553 0.012494 0.000000 0.000000 0.000000
0.000000 0.000058 0.000030
9.380234 1.000000 0.000000
764.299377 0.000000
0.000000 0.000000 0.000000 0.000000
0.000000 1.114219
11 0.015000 1.770000 0.001000
0.487000 0.580000 0.780000 0.490000 1.250000 6.700000 0.650000 0.650000
187499.984375 75.360001 0.084000
1.073000 0.050000 0.116600
0.162913 0.093725 0.000522 0.000000
0.000000

0.000000 0.000000 0.191758
0.041555 0.004620 0.702438 3.860065 178.146194
0.000000 0.004537 0.012465 0.000000 0.000000 0.000000
0.000000 0.000058 0.000030
9.390129 1.000000 0.000000
764.299377 0.000000
0.000000 0.000000 0.000000 0.000000
0.000000 1.114041
11 0.015000 1.785000 0.001000
0.487000 0.580000 0.780000 0.490000 1.250000 6.700000 0.650000 0.650000
187499.984375 75.360001 0.084000
1.073000 0.050000 0.116600
0.162932 0.094030 0.000524 0.000000
0.000000

0.000000 0.000000 0.193507
0.041586 0.004624 0.702993 3.862900 178.156281
0.000000 0.004515 0.012429 0.000000 0.000000 0.000000
0.000000 0.000058 0.000030
9.399796 1.000000 0.000000
764.299377 0.000000
0.000000 0.000000 0.000000 0.000000
0.000000 1.113915
11 0.015000 1.800000 0.001000
0.487000 0.580000 0.780000 0.490000 1.250000 6.700000 0.650000 0.650000
187499.984375 75.360001 0.084000
1.073000 0.050000 0.116600
0.162965 0.093800 0.000522 0.000000
0.000000

0.000000 0.000000 0.194150
0.041598 0.004625 0.703217 3.863928 178.165070
0.000000 0.004496 0.012386 0.000000 0.000000 0.000000
0.000000 0.000058 0.000030
9.409236 1.000000 0.000000
764.299377 0.000000
0.000000 0.000000 0.000000 0.000000
0.000000 1.113718
11 0.015000 1.815000 0.001000
0.487000 0.580000 0.780000 0.490000 1.250000 6.700000 0.650000 0.650000
187499.984375 75.360001 0.084000
1.073000 0.050000 0.116600
0.162978 0.093878 0.000523 0.000000
0.000000

0.000000 0.000000 0.195423
0.041620 0.004627 0.703625 3.865946 178.174179
0.000000 0.004472 0.012347 0.000000 0.000000 0.000000
0.000000 0.000057 0.000030
9.418448 1.000000 0.000000
764.299377 0.000000
0.000000 0.000000 0.000000 0.000000
0.000000 1.113568
11 0.015000 1.830000 0.001000
0.487000 0.580000 0.780000 0.490000 1.250000 6.700000 0.650000 0.650000
187499.984375 75.360001 0.084000
1.073000 0.050000 0.116600
0.163000 0.093851 0.000523 0.000000
0.000000

0.000000 0.000000 0.195939
0.041629 0.004628 0.703807 3.866738 178.181076
0.000000 0.004451 0.012303 0.000000 0.000000 0.000000
0.000000 0.000057 0.000030
9.427434 1.000000 0.000000
764.299377 0.000000
0.000000 0.000000 0.000000 0.000000
0.000000 1.113378
11 0.015000 1.845000 0.001000
0.487000 0.580000 0.780000 0.490000 1.250000 6.700000 0.650000 0.650000
187499.984375 75.360001 0.084000
1.073000 0.050000 0.116600
0.163011 0.093932 0.000523 0.000000
0.000000

0.000000 0.000000 0.196486
0.041639 0.004629 0.704000 3.867601 178.187927
0.000000 0.004426 0.012218 0.000000 0.000000 0.000000
0.000000 0.000057 0.000030
9.436195 1.000000 0.000000
764.299377 0.000000
0.000000 0.000000 0.000000 0.000000
0.000000 1.113183
11 0.015000 1.860000 0.001000
0.487000 0.580000 0.780000 0.490000 1.250000 6.700000 0.650000 0.650000
187499.984375 75.360001 0.084000
1.073000 0.050000 0.116600
0.163020 0.093793 0.000522 0.000000
0.000000

0.000000 0.000000 0.197112
0.041649 0.004631 0.704212 3.868557 178.195526
0.000000 0.004415 0.012224 0.000000 0.000000 0.000000
0.000000 0.000057 0.000031
9.444732 1.000000 0.000000
764.299377 0.000000
0.000000 0.000000 0.000000 0.000000
0.000000 1.113020
11 0.015000 1.875000 0.001000
0.487000 0.580000 0.780000 0.490000 1.250000 6.700000 0.650000 0.650000
187499.984375 75.360001 0.084000
1.073000 0.050000 0.116600
0.163035 0.093925 0.000523 0.000000
0.000000

0.000000 0.000000 0.197655
0.041659 0.004632 0.704403 3.869409 178.203369
0.000000 0.004395 0.012165 0.000000 0.000000 0.000000
0.000000 0.000057 0.000031
9.453046 1.000000 0.000000
764.299377 0.000000
0.000000 0.000000 0.000000 0.000000
0.000000 1.112831
11 0.015000 1.890000 0.001000
0.487000 0.580000 0.780000 0.490000 1.250000 6.700000 0.650000 0.650000
187499.984375 75.360001 0.084000
1.073000 0.050000 0.116600
0.163041 0.094114 0.000524 0.000000
0.000000

0.000000 0.000000 0.198228
0.041669 0.004633 0.704602 3.870296 178.211563
0.000000 0.004378 0.012126 0.000000 0.000000 0.000000
0.000000 0.000057 0.000031
9.461138 1.000000 0.000000
764.299377 0.000000
0.000000 0.000000 0.000000 0.000000
0.000000 1.112661
11 0.015000 1.905000 0.001000
0.487000 0.580000 0.780000 0.490000 1.250000 6.700000 0.650000 0.650000
187499.984375 75.360001 0.084000
1.073000 0.050000 0.116600
0.163053 0.093809 0.000522 0.000000
0.000000

0.000000 0.000000 0.198762
0.041679 0.004634 0.704792 3.871145 178.218765
0.000000 0.004361 0.012098 0.000000 0.000000 0.000000
0.000000 0.000057 0.000031
9.469007 1.000000 0.000000
764.299377 0.000000
0.000000 0.000000 0.000000 0.000000
0.000000 1.112504
11 0.015000 1.920000 0.001000
0.487000 0.580000 0.780000 0.490000 1.250000 6.700000 0.650000 0.650000
187499.984375 75.360001 0.084000
1.073000 0.050000 0.116600
0.163065 0.093793 0.000522 0.000000
0.000000

0.000000 0.000000 0.199259
0.041687 0.004635 0.704958 3.871860 178.226379
0.000000 0.004344 0.012041 0.000000 0.000000 0.000000
0.000000 0.000057 0.000031
9.476656 1.000000 0.000000
764.299377 0.000000
0.000000 0.000000 0.000000 0.000000
0.000000 1.112340
11 0.015000 1.935000 0.001000
0.487000 0.580000 0.780000 0.490000 1.250000 6.700000 0.650000 0.650000
187499.984375 75.360001 0.084000
1.073000 0.050000 0.116600
0.163071 0.093873 0.000523 0.000000
0.000000

0.000000 0.000000 0.199752
0.041696 0.004636 0.705134 3.872635 178.233810
0.000000 0.004326 0.011991 0.000000 0.000000 0.000000
0.000000 0.000057 0.000031
9.484083 1.000000 0.000000
764.299377 0.000000
0.000000 0.000000 0.000000 0.000000
0.000000 1.112193
11 0.015000 1.950000 0.001000
0.487000 0.580000 0.780000 0.490000 1.250000 6.700000 0.650000 0.650000
187499.984375 75.360001 0.084000
1.073000 0.050000 0.116600
0.163079 0.094180 0.000525 0.000000
0.000000

0.000000 0.000000 0.200331
0.041705 0.004637 0.705324 3.873495 178.241806
0.000000 0.004307 0.011963 0.000000 0.000000 0.000000
0.000000 0.000057 0.000031
9.491293 1.000000 0.000000
764.299377 0.000000
0.000000 0.000000 0.000000 0.000000
0.000000 1.112056
11 0.015000 1.965000 0.001000
0.487000 0.580000 0.780000 0.490000 1.250000 6.700000 0.650000 0.650000
187499.984375 75.360001 0.084000
1.073000 0.050000 0.116600
0.163092 0.094063 0.000524 0.000000
0.000000

0.000000 0.000000 0.201577
0.041726 0.004639 0.705707 3.875409 178.251160
0.000000 0.004290 0.011925 0.000000 0.000000 0.000000
0.000000 0.000057 0.000031
9.498282 1.000000 0.000000
764.299377 0.000000
0.000000 0.000000 0.000000 0.000000
0.000000 1.111974
11 0.015000 1.980000 0.001000
0.487000 0.580000 0.780000 0.490000 1.250000 6.700000 0.650000 0.650000
187499.984375 75.360001 0.084000
1.073000 0.050000 0.116600
0.163111 0.094090 0.000524 0.000000
0.000000

0.000000 0.000000 0.202283
0.041738 0.004641 0.705936 3.876476 178.258652
0.000000 0.014517 0.012044 0.000000 0.000000 0.000000
0.000000 0.000082 0.000012
9.505055 1.000000 0.000000
764.299377 0.000000
0.000000 0.000000 0.000000 0.000000
0.000000 1.111804
11 0.015000 1.995000 0.001000
0.487000 0.580000 0.780000 0.490000 1.250000 6.700000 0.650000 0.650000
187499.984375 75.360001 0.084000
1.073000 0.050000 0.116600
0.163126 0.094189 0.000525 0.000000
0.000000
1.000000
2.000000
0.321000 0.000000
0.000000
0
-0.735000
0 0
0.000000
1
0.000000
1.000000
1.000000
1.000000
0.000000 0.000000 0.000000
0.000000 0.000000
0.000000 0.000000 0.000000 0.000000 0.000000 0.000000 0.000000
0.000000 0.000000 0.000000 0.000000 0.000000 0.000000 0.000000
240
2.000000
1
C:\Kingsite\dnd\Ohio1.spf
-1.000000 -1.000000
0.000000
49
49
10.000000
100
