11
Clay
0.580000 0.612000 0.084000 0.780000 0.530000 1.000000 0.000000 0.000000
1.020000 6.700000 1 0.028600 0.500000 0.050000 0.010000 0.027000 0.963000
0.000000 0.015000 2.000000 152999.984375 75.360001 133
0.103800 3.528000 4.728100 0.000000 1
8.234000 8.234000 10.000000 5.000000 25.000000 100.000000
0.000000 0.000000 0.000000 0.000000 163.413773 241.778366
500.000000 0.000000 0.000000

0.001037 291.640533 569.404175
6.933301 0.770733 72.676445 607.082153 3680.538574
0.000000 0.000000 0.012314 0.662988 0.000000 0.000000
0.000003 0.000000 0.000122
5.819261 0.779073 0.000000
764.299377 0.000000
0.000000 0.000000 0.000000 0.000000
0.000000 0.384761
11 0.015000 0.015000 0.028600
0.612000 0.580000 0.780000 0.530000 1.020000 6.700000 0.780000 0.780000
152999.984375 75.360001 0.084000
1.073000 0.050000 0.116600
2.608928 19.298294 0.129469 0.000000
0.000000

0.001601 6.777000 74.060127
6.017106 0.668853 72.603622 584.544006 3746.256836
0.000000 0.002715 0.009649 0.491150 0.000000 0.000000
0.000002 0.000000 0.000119
5.731678 0.779073 0.000000
764.299377 0.000000
0.000000 0.000000 0.000000 0.000000
0.000000 0.062308
11 0.015000 0.030000 0.028600
0.612000 0.580000 0.780000 0.530000 1.020000 6.700000 0.780000 0.780000
152999.984375 75.360001 0.084000
1.073000 0.050000 0.116600
2.659310 8.272975 0.056041 0.000000
0.000000

0.002002 5.198999 68.449051
6.011384 0.668198 73.906380 583.363098 3746.262207
0.000000 0.003224 0.008748 0.249715 0.000000 0.000000
0.000002 0.000001 0.000138
5.645013 0.779073 0.000000
764.299377 0.000000
0.000000 0.000000 0.000000 0.000000
0.000000 0.063316
11 0.015000 0.045000 0.028600
0.612000 0.580000 0.780000 0.530000 1.020000 6.700000 0.780000 0.780000
152999.984375 75.360001 0.084000
1.073000 0.050000 0.116600
2.661352 7.220313 0.049483 0.000000
0.000000

0.002321 4.888364 65.715950
6.011760 0.668226 74.815079 582.785645 3746.271240
0.000000 0.003243 0.008445 0.124858 0.000000 0.000000
0.000002 0.000000 0.000137
5.559714 0.779073 0.000000
764.299377 0.000000
0.000000 0.000000 0.000000 0.000000
0.000000 0.067937
11 0.015000 0.060000 0.028600
0.612000 0.580000 0.780000 0.530000 1.020000 6.700000 0.780000 0.780000
152999.984375 75.360001 0.084000
1.073000 0.050000 0.116600
2.662711 6.755506 0.046782 0.000000
0.000000

0.002587 4.585515 63.095428
6.013613 0.668421 75.517433 582.543945 3746.278809
0.000000 0.003011 0.008131 0.062429 0.000000 0.000000
0.000002 0.000000 0.000137
5.476218 0.779073 0.000000
764.299377 0.000000
0.000000 0.000000 0.000000 0.000000
0.000000 0.073075
11 0.015000 0.075000 0.028600
0.612000 0.580000 0.780000 0.530000 1.020000 6.700000 0.780000 0.780000
152999.984375 75.360001 0.084000
1.073000 0.050000 0.116600
2.663718 7.263294 0.050687 0.000000
0.000000

0.002815 4.296733 60.667404
6.014570 0.668519 76.068863 582.325928 3746.304199
0.000000 0.002643 0.006757 0.031214 0.000000 0.000000
0.000001 0.000001 0.000176
5.394948 0.779073 0.000000
764.299377 0.000000
0.000000 0.000000 0.000000 0.000000
0.000000 0.078453
11 0.015000 0.090000 0.028600
0.612000 0.580000 0.780000 0.530000 1.020000 6.700000 0.780000 0.780000
152999.984375 75.360001 0.084000
1.073000 0.050000 0.116600
2.664500 6.848776 0.048032 0.000000
0.000000

0.010234 5.743251 124.720406
6.128450 0.681168 93.696991 577.049500 3742.936279
0.000000 0.002005 0.005582 0.015607 0.000000 0.000000
0.000001 0.000001 0.000181
5.316309 0.779073 0.000000
764.299377 0.000000
0.000000 0.000000 0.000000 0.000000
0.000000 0.104269
11 0.015000 0.105000 0.028600
0.612000 0.580000 0.780000 0.530000 1.020000 6.700000 0.780000 0.780000
152999.984375 75.360001 0.084000
1.073000 0.050000 0.116600
2.687089 7.165689 0.050406 0.000000
0.000000

0.010631 3.731683 98.352875
2.560930 0.284647 40.234009 238.937683 2899.243896
0.000000 0.001460 0.002484 0.007804 0.000000 0.000000
0.000000 0.000001 0.000074
5.235428 0.648963 0.000000
764.299377 0.000000
0.000000 0.000000 0.000000 0.000000
0.000000 0.094609
11 0.015000 0.120000 0.018000
0.547000 0.580000 0.780000 0.490000 1.150000 6.700000 0.650000 0.650000
172500.000000 75.360001 0.084000
1.073000 0.050000 0.116600
2.532299 7.935053 0.037561 0.000000
0.000000

0.010330 3.444322 91.711250
2.422355 0.269241 38.128674 226.038727 2899.829834
0.000000 0.001360 0.002326 0.003902 0.000000 0.000000
0.000000 0.000001 0.000073
5.151768 0.648963 0.000000
764.299377 0.000000
0.000000 0.000000 0.000000 0.000000
0.000000 0.097712
11 0.015000 0.135000 0.018000
0.547000 0.580000 0.780000 0.490000 1.150000 6.700000 0.650000 0.650000
172500.000000 75.360001 0.084000
1.073000 0.050000 0.116600
2.536864 8.336091 0.039448 0.000000
0.000000

0.010595 3.227832 85.900108
2.291953 0.254745 36.132362 213.887238 2900.370117
0.000000 0.001185 0.002079 0.001951 0.000000 0.000000
0.000000 0.000000 0.000073
5.071743 0.648963 0.000000
764.299377 0.000000
0.000000 0.000000 0.000000 0.000000
0.000000 0.099687
11 0.015000 0.150000 0.018000
0.547000 0.580000 0.780000 0.490000 1.150000 6.700000 0.650000 0.650000
172500.000000 75.360001 0.084000
1.073000 0.050000 0.116600
2.541088 8.963000 0.042356 0.000000
0.000000

0.010065 18.121830 81.200691
2.270973 0.252411 35.806465 211.682053 2901.500977
0.000000 0.000834 0.001732 0.000975 0.000000 0.000000
0.000000 0.000000 0.000074
4.995696 0.648963 0.000000
764.299377 0.000000
0.000000 0.000000 0.000000 0.000000
0.000000 0.114075
11 0.015000 0.165000 0.018000
0.547000 0.580000 0.780000 0.490000 1.150000 6.700000 0.650000 0.650000
172500.000000 75.360001 0.084000
1.073000 0.050000 0.116600
2.545218 10.274431 0.048491 0.000000
0.000000

0.009657 16.967356 75.829094
2.151223 0.239099 33.967514 200.551239 2902.085449
0.000000 0.000602 0.001451 0.000488 0.000000 0.000000
0.000000 0.000000 0.000074
4.923945 0.648963 0.000000
764.299377 0.000000
0.000000 0.000000 0.000000 0.000000
0.000000 0.113828
11 0.015000 0.180000 0.018000
0.547000 0.580000 0.780000 0.490000 1.150000 6.700000 0.650000 0.650000
172500.000000 75.360001 0.084000
1.073000 0.050000 0.116600
2.548841 9.875425 0.046581 0.000000
0.000000

0.009088 15.792004 70.701332
2.039954 0.226731 32.248516 190.219177 2902.550049
0.000000 0.000393 0.001247 0.000244 0.000000 0.000000
0.000000 0.000000 0.000073
4.856774 0.648963 0.000000
764.299377 0.000000
0.000000 0.000000 0.000000 0.000000
0.000000 0.113552
11 0.015000 0.195000 0.018000
0.547000 0.580000 0.780000 0.490000 1.150000 6.700000 0.650000 0.650000
172500.000000 75.360001 0.084000
1.073000 0.050000 0.116600
2.551939 9.485974 0.044744 0.000000
0.000000

0.007394 13.819957 63.283821
1.923939 0.213835 30.442526 179.516190 2899.473389
0.000000 0.000279 0.001181 0.000122 0.000000 0.000000
0.000000 0.000000 0.000073
4.794514 0.650000 0.000000
764.299377 0.000000
0.000000 0.000000 0.000000 0.000000
0.000000 0.111850
11 0.015000 0.210000 0.018000
0.547000 0.580000 0.780000 0.490000 1.150000 6.700000 0.650000 0.650000
172500.000000 75.360001 0.084000
1.073000 0.050000 0.116600
2.543476 7.929823 0.037447 0.000000
0.000000

0.006946 12.704556 59.850742
1.565392 0.173983 24.768265 145.930389 1517.373047
0.000000 0.000000 0.000654 0.000061 0.000000 0.000000
0.000000 0.000000 0.000035
4.736903 0.650000 0.000000
764.299377 0.000000
0.000000 0.000000 0.000000 0.000000
0.000000 0.109497
11 0.015000 0.225000 0.009000
0.527000 0.580000 0.780000 0.490000 1.200000 6.700000 0.650000 0.650000
180000.015625 75.360001 0.084000
1.073000 0.050000 0.116600
1.327956 8.035217 0.035073 0.000000
0.000000

0.006579 11.872120 55.575848
1.472916 0.163704 23.343912 137.435547 1517.138550
0.000000 0.000000 0.000611 0.000030 0.000000 0.000000
0.000000 0.000000 0.000029
4.684207 0.650000 0.000000
764.299377 0.000000
0.000000 0.000000 0.000000 0.000000
0.000000 0.106682
11 0.015000 0.240000 0.009000
0.527000 0.580000 0.780000 0.490000 1.200000 6.700000 0.650000 0.650000
180000.015625 75.360001 0.084000
1.073000 0.050000 0.116600
1.328843 7.532937 0.032803 0.000000
0.000000

0.006170 11.057007 51.586945
1.387514 0.154212 22.023291 129.568283 1516.930298
0.000000 0.000000 0.000577 0.000015 0.000000 0.000000
0.000000 0.000000 0.000024
4.637081 0.650000 0.000000
764.299377 0.000000
0.000000 0.000000 0.000000 0.000000
0.000000 0.103891
11 0.015000 0.255000 0.009000
0.527000 0.580000 0.780000 0.490000 1.200000 6.700000 0.650000 0.650000
180000.015625 75.360001 0.084000
1.073000 0.050000 0.116600
1.329652 6.914448 0.030013 0.000000
0.000000

0.005801 10.311866 47.889915
1.308527 0.145432 20.792118 122.255989 1516.725098
0.000000 0.000000 0.000528 0.000008 0.000000 0.000000
0.000000 0.000000 0.000021
4.595648 0.650000 0.000000
764.299377 0.000000
0.000000 0.000000 0.000000 0.000000
0.000000 0.101325
11 0.015000 0.270000 0.009000
0.527000 0.580000 0.780000 0.490000 1.200000 6.700000 0.650000 0.650000
180000.015625 75.360001 0.084000
1.073000 0.050000 0.116600
1.330392 6.526677 0.028226 0.000000
0.000000

0.005426 9.602233 44.471684
1.235364 0.137300 19.647966 115.458450 1516.525635
0.000000 0.000000 0.000484 0.000004 0.000000 0.000000
0.000000 0.000000 0.000017
4.559996 0.650000 0.000000
764.299377 0.000000
0.000000 0.000000 0.000000 0.000000
0.000000 0.098695
11 0.015000 0.285000 0.009000
0.527000 0.580000 0.780000 0.490000 1.200000 6.700000 0.650000 0.650000
180000.015625 75.360001 0.084000
1.073000 0.050000 0.116600
1.331034 6.175674 0.026607 0.000000
0.000000

0.005092 8.948007 41.323067
1.167659 0.129775 18.583654 109.146240 1516.402710
0.000000 0.000000 0.000475 0.000002 0.000000 0.000000
0.000000 0.000000 0.000011
4.530178 0.650000 0.000000
764.299377 0.000000
0.000000 0.000000 0.000000 0.000000
0.000000 0.096028
11 0.015000 0.300000 0.009000
0.527000 0.580000 0.780000 0.490000 1.200000 6.700000 0.650000 0.650000
180000.015625 75.360001 0.084000
1.073000 0.050000 0.116600
1.331686 5.850255 0.025113 0.000000
0.000000

0.004757 8.328500 38.378021
1.104922 0.122802 17.595455 103.288635 1516.233154
0.000000 0.000000 0.000436 0.000001 0.000000 0.000000
0.000000 0.000000 0.000008
4.506211 0.650000 0.000000
764.299377 0.000000
0.000000 0.000000 0.000000 0.000000
0.000000 0.093126
11 0.015000 0.315000 0.009000
0.527000 0.580000 0.780000 0.490000 1.200000 6.700000 0.650000 0.650000
180000.015625 75.360001 0.084000
1.073000 0.050000 0.116600
1.332283 5.468259 0.023393 0.000000
0.000000

0.004432 7.743189 36.031734
0.977727 0.108665 15.573578 91.391670 1159.459351
0.000000 0.000000 0.000386 0.000000 0.000000 0.000000
0.000000 0.000000 0.000004
4.487843 0.650000 0.000000
764.299377 0.000000
0.000000 0.000000 0.000000 0.000000
0.000000 0.089301
11 0.015000 0.330000 0.006600
0.497000 0.580000 0.780000 0.490000 1.250000 6.700000 0.650000 0.650000
187499.984375 75.360001 0.084000
1.073000 0.050000 0.116600
1.018133 5.665142 0.021930 0.000000
0.000000

0.004135 7.203704 33.411648
0.923863 0.102678 14.720455 86.347023 1159.285034
0.000000 0.000000 0.000361 0.000000 0.000000 0.000000
0.000000 0.000000 0.000003
4.475160 0.650000 0.000000
764.299377 0.000000
0.000000 0.000000 0.000000 0.000000
0.000000 0.086102
11 0.015000 0.345000 0.006600
0.497000 0.580000 0.780000 0.490000 1.250000 6.700000 0.650000 0.650000
187499.984375 75.360001 0.084000
1.073000 0.050000 0.116600
1.018533 5.451882 0.021040 0.000000
0.000000

0.003872 6.706366 30.989540
0.873716 0.097105 13.927931 81.662231 1159.152710
0.000000 0.000000 0.000336 0.000000 0.000000 0.000000
0.000000 0.000000 0.000002
4.468337 0.650000 0.000000
764.299377 0.000000
0.000000 0.000000 0.000000 0.000000
0.000000 0.082520
11 0.015000 0.360000 0.006600
0.497000 0.580000 0.780000 0.490000 1.250000 6.700000 0.650000 0.650000
187499.984375 75.360001 0.084000
1.073000 0.050000 0.116600
1.018934 4.939913 0.019012 0.000000
0.000000

0.003610 6.237175 28.732609
0.827245 0.091940 13.189588 77.307228 1159.025146
0.000000 0.000000 0.000330 0.000000 0.000000 0.000000
0.000000 0.000000 0.000002
4.467268 0.650000 0.000000
764.299377 0.000000
0.000000 0.000000 0.000000 0.000000
0.000000 0.079161
11 0.015000 0.375000 0.006600
0.497000 0.580000 0.780000 0.490000 1.250000 6.700000 0.650000 0.650000
187499.984375 75.360001 0.084000
1.073000 0.050000 0.116600
1.019235 4.587976 0.017611 0.000000
0.000000

0.003366 5.800483 26.647280
0.784032 0.087137 12.503909 73.263268 1158.908569
0.000000 0.000000 0.000302 0.000000 0.000000 0.000000
0.000000 0.000000 0.000002
4.471821 0.650000 0.000000
764.299377 0.000000
0.000000 0.000000 0.000000 0.000000
0.000000 0.075739
11 0.015000 0.390000 0.006600
0.497000 0.580000 0.780000 0.490000 1.250000 6.700000 0.650000 0.650000
187499.984375 75.360001 0.084000
1.073000 0.050000 0.116600
1.019546 4.239289 0.016231 0.000000
0.000000

0.003129 5.389656 24.708172
0.744859 0.082783 11.865373 69.506424 1158.784180
0.000000 0.000001 0.000345 0.000000 0.000000 0.000000
0.000000 0.000000 0.000005
4.481843 0.650000 0.000000
764.299377 0.000000
0.000000 0.000000 0.000000 0.000000
0.000000 0.074095
11 0.015000 0.405000 0.006600
0.497000 0.580000 0.780000 0.490000 1.250000 6.700000 0.650000 0.650000
187499.984375 75.360001 0.084000
1.073000 0.050000 0.116600
1.019804 3.974505 0.015181 0.000000
0.000000

0.002914 5.009387 24.139427
0.592819 0.065886 9.456491 55.378765 580.988586
0.000000 0.000000 0.000216 0.000000 0.000000 0.000000
0.000000 0.000000 0.000001
4.497231 0.650000 0.000000
764.299377 0.000000
0.000000 0.000000 0.000000 0.000000
0.000000 0.067913
11 0.015000 0.420000 0.003300
0.487000 0.580000 0.780000 0.490000 1.250000 6.700000 0.650000 0.650000
187499.984375 75.360001 0.084000
1.073000 0.050000 0.116600
0.510017 3.778549 0.014118 0.000000
0.000000

0.002714 4.656857 22.208334
0.558607 0.062083 8.913903 52.183842 580.824707
0.000000 0.000000 0.000199 0.000000 0.000000 0.000000
0.000000 0.000000 0.000001
4.517755 0.650000 0.000000
764.299377 0.000000
0.000000 0.000000 0.000000 0.000000
0.000000 0.064515
11 0.015000 0.435000 0.003300
0.487000 0.580000 0.780000 0.490000 1.250000 6.700000 0.650000 0.650000
187499.984375 75.360001 0.084000
1.073000 0.050000 0.116600
0.510134 3.518048 0.013115 0.000000
0.000000

0.002526 4.329027 20.437578
0.526976 0.058568 8.409652 49.217869 580.697876
0.000000 0.000000 0.000194 0.000000 0.000000 0.000000
0.000000 0.000000 0.000001
4.543133 0.650000 0.000000
764.299377 0.000000
0.000000 0.000000 0.000000 0.000000
0.000000 0.061332
11 0.015000 0.450000 0.003300
0.487000 0.580000 0.780000 0.490000 1.250000 6.700000 0.650000 0.650000
187499.984375 75.360001 0.084000
1.073000 0.050000 0.116600
0.510247 3.296468 0.012264 0.000000
0.000000

0.002346 4.019674 18.807264
0.497519 0.055294 7.940868 46.464615 580.566589
0.000000 0.000000 0.000184 0.000000 0.000000 0.000000
0.000000 0.000000 0.000001
4.573146 0.650000 0.000000
764.299377 0.000000
0.000000 0.000000 0.000000 0.000000
0.000000 0.058067
11 0.015000 0.465000 0.003300
0.487000 0.580000 0.780000 0.490000 1.250000 6.700000 0.650000 0.650000
187499.984375 75.360001 0.084000
1.073000 0.050000 0.116600
0.510336 3.028949 0.011247 0.000000
0.000000

0.002181 3.734883 17.349981
0.470841 0.052329 7.503870 43.896511 580.444641
0.000000 0.000003 0.000323 0.000000 0.000000 0.000000
0.000000 0.000000 0.000003
4.607560 0.650000 0.000000
764.299377 0.000000
0.000000 0.000000 0.000000 0.000000
0.000000 0.056337
11 0.015000 0.480000 0.003300
0.487000 0.580000 0.780000 0.490000 1.250000 6.700000 0.650000 0.650000
187499.984375 75.360001 0.084000
1.073000 0.050000 0.116600
0.510445 2.757961 0.010221 0.000000
0.000000

0.002029 3.469641 16.025438
0.445154 0.049474 7.097085 41.505264 580.348694
0.000000 0.000012 0.000821 0.000000 0.000000 0.000000
0.000000 0.000000 0.000007
4.646135 0.650000 0.000000
764.299377 0.000000
0.000000 0.000000 0.000000 0.000000
0.000000 0.053372
11 0.015000 0.495000 0.003300
0.487000 0.580000 0.780000 0.490000 1.250000 6.700000 0.650000 0.650000
187499.984375 75.360001 0.084000
1.073000 0.050000 0.116600
0.510541 2.559804 0.009471 0.000000
0.000000

0.001887 3.223647 14.811181
0.421285 0.046822 6.718871 39.283188 580.252380
0.000000 0.000022 0.001296 0.000000 0.000000 0.000000
0.000000 0.000000 0.000011
4.688624 0.650000 0.000000
764.299377 0.000000
0.000000 0.000000 0.000000 0.000000
0.000000 0.050653
11 0.015000 0.510000 0.003300
0.487000 0.580000 0.780000 0.490000 1.250000 6.700000 0.650000 0.650000
187499.984375 75.360001 0.084000
1.073000 0.050000 0.116600
0.510631 2.373939 0.008769 0.000000
0.000000

0.001755 2.995103 20.746397
0.301220 0.033478 4.808084 28.105091 176.992325
0.000000 0.000000 0.000104 0.000000 0.000000 0.000000
0.000000 0.000000 0.000002
4.734777 0.650000 0.000000
764.299377 0.000000
0.000000 0.000000 0.000000 0.000000
0.000000 0.046185
11 0.015000 0.525000 0.001000
0.487000 0.580000 0.780000 0.490000 1.250000 6.700000 0.650000 0.650000
187499.984375 75.360001 0.084000
1.073000 0.050000 0.116600
0.154761 2.193708 0.008090 0.000000
0.000000

0.001630 2.780098 18.665964
0.283659 0.031526 4.528534 26.465088 176.895386
0.000000 0.000000 0.000098 0.000000 0.000000 0.000000
0.000000 0.000000 0.000002
4.784338 0.650000 0.000000
764.299377 0.000000
0.000000 0.000000 0.000000 0.000000
0.000000 0.043558
11 0.015000 0.540000 0.001000
0.487000 0.580000 0.780000 0.490000 1.250000 6.700000 0.650000 0.650000
187499.984375 75.360001 0.084000
1.073000 0.050000 0.116600
0.154783 2.021560 0.007445 0.000000
0.000000

0.001518 2.582298 16.868103
0.267041 0.029679 4.263702 24.912394 176.803482
0.000000 0.000000 0.000094 0.000000 0.000000 0.000000
0.000000 0.000000 0.000002
4.837057 0.650000 0.000000
764.299377 0.000000
0.000000 0.000000 0.000000 0.000000
0.000000 0.040907
11 0.015000 0.555000 0.001000
0.487000 0.580000 0.780000 0.490000 1.250000 6.700000 0.650000 0.650000
187499.984375 75.360001 0.084000
1.073000 0.050000 0.116600
0.154808 1.817902 0.006685 0.000000
0.000000

0.001410 2.397785 15.051903
0.251970 0.028004 4.023379 23.503786 176.723785
0.000000 0.000000 0.000090 0.000000 0.000000 0.000000
0.000000 0.000000 0.000001
4.892681 0.650000 0.000000
764.299377 0.000000
0.000000 0.000000 0.000000 0.000000
0.000000 0.038335
11 0.015000 0.570000 0.001000
0.487000 0.580000 0.780000 0.490000 1.250000 6.700000 0.650000 0.650000
187499.984375 75.360001 0.084000
1.073000 0.050000 0.116600
0.154830 1.666743 0.006122 0.000000
0.000000

0.001309 2.226020 13.686894
0.237166 0.026359 3.787428 22.121592 176.643982
0.000000 0.000000 0.000083 0.000000 0.000000 0.000000
0.000000 0.000000 0.000001
4.950965 0.650000 0.000000
764.299377 0.000000
0.000000 0.000000 0.000000 0.000000
0.000000 0.035863
11 0.015000 0.585000 0.001000
0.487000 0.580000 0.780000 0.490000 1.250000 6.700000 0.650000 0.650000
187499.984375 75.360001 0.084000
1.073000 0.050000 0.116600
0.154854 1.529674 0.005611 0.000000
0.000000

0.001216 2.066293 12.639113
0.222845 0.024767 3.559539 20.787382 176.565506
0.000000 0.000000 0.000081 0.000000 0.000000 0.000000
0.000000 0.000000 0.000001
5.011665 0.650000 0.000000
764.299377 0.000000
0.000000 0.000000 0.000000 0.000000
0.000000 0.033495
11 0.015000 0.600000 0.001000
0.487000 0.580000 0.780000 0.490000 1.250000 6.700000 0.650000 0.650000
187499.984375 75.360001 0.084000
1.073000 0.050000 0.116600
0.154875 1.393909 0.005108 0.000000
0.000000

0.001128 1.920305 11.080522
0.211193 0.023472 3.373787 19.699684 176.498169
0.000000 0.000000 0.000081 0.000000 0.000000 0.000000
0.000000 0.000000 0.000000
5.074544 0.650000 0.000000
764.299377 0.000000
0.000000 0.000000 0.000000 0.000000
0.000000 0.031358
11 0.015000 0.615000 0.001000
0.487000 0.580000 0.780000 0.490000 1.250000 6.700000 0.650000 0.650000
187499.984375 75.360001 0.084000
1.073000 0.050000 0.116600
0.154899 1.274873 0.004666 0.000000
0.000000

0.001047 1.783784 9.435280
0.200907 0.022329 3.209757 18.739115 176.449722
0.000000 0.000000 0.000077 0.000000 0.000000 0.000000
0.000000 0.000000 0.000000
5.139372 0.650000 0.000000
764.299377 0.000000
0.000000 0.000000 0.000000 0.000000
0.000000 0.029389
11 0.015000 0.630000 0.001000
0.487000 0.580000 0.780000 0.490000 1.250000 6.700000 0.650000 0.650000
187499.984375 75.360001 0.084000
1.073000 0.050000 0.116600
0.154915 1.144203 0.004184 0.000000
0.000000

0.000972 1.655931 7.972493
0.191353 0.021267 3.050827 17.808737 176.412933
0.000000 0.000005 0.000845 0.000000 0.000000 0.000000
0.000000 0.000000 0.000002
5.205925 0.650000 0.000000
764.299377 0.000000
0.000000 0.000000 0.000000 0.000000
0.000000 0.028301
11 0.015000 0.645000 0.001000
0.487000 0.580000 0.780000 0.490000 1.250000 6.700000 0.650000 0.650000
187499.984375 75.360001 0.084000
1.073000 0.050000 0.116600
0.154935 1.733433 0.006334 0.000000
0.000000

0.000911 1.543617 7.114508
0.180607 0.020073 2.881589 16.811377 176.371155
0.000000 0.000016 0.002863 0.000000 0.000000 0.000000
0.000000 0.000000 0.000005
5.273988 0.650000 0.000000
764.299377 0.000000
0.000000 0.000000 0.000000 0.000000
0.000000 0.026609
11 0.015000 0.660000 0.001000
0.487000 0.580000 0.780000 0.490000 1.250000 6.700000 0.650000 0.650000
187499.984375 75.360001 0.084000
1.073000 0.050000 0.116600
0.154995 2.026080 0.007401 0.000000
0.000000

0.000866 1.443412 6.535659
0.170256 0.018923 2.719526 15.846201 176.330612
0.000000 0.000029 0.004409 0.000000 0.000000 0.000000
0.000000 0.000000 0.000006
5.343354 0.650000 0.000000
764.299377 0.000000
0.000000 0.000000 0.000000 0.000000
0.000000 0.025144
11 0.015000 0.675000 0.001000
0.487000 0.580000 0.780000 0.490000 1.250000 6.700000 0.650000 0.650000
187499.984375 75.360001 0.084000
1.073000 0.050000 0.116600
0.155062 2.070760 0.007565 0.000000
0.000000

0.000822 1.350271 6.079327
0.160510 0.017839 2.566404 14.936808 176.284531
0.000000 0.000134 0.005434 0.000000 0.000000 0.000000
0.000000 0.000002 0.000004
5.413824 0.650000 0.000000
764.299377 0.000000
0.000000 0.000000 0.000000 0.000000
0.000000 0.023826
11 0.015000 0.690000 0.001000
0.487000 0.580000 0.780000 0.490000 1.250000 6.700000 0.650000 0.650000
187499.984375 75.360001 0.084000
1.073000 0.050000 0.116600
0.155140 1.920869 0.007020 0.000000
0.000000

0.000777 1.261714 5.665898
0.151468 0.016835 2.423801 14.093748 176.248138
0.000000 0.004709 0.007791 0.000000 0.000000 0.000000
0.000000 0.000006 0.000001
5.485209 0.650000 0.000000
764.299377 0.000000
0.000000 0.000000 0.000000 0.000000
0.000000 0.023283
11 0.015000 0.705000 0.001000
0.487000 0.580000 0.780000 0.490000 1.250000 6.700000 0.650000 0.650000
187499.984375 75.360001 0.084000
1.073000 0.050000 0.116600
0.155216 2.091162 0.007646 0.000000
0.000000

0.000779 1.201251 5.323029
0.143114 0.015906 2.295796 13.309546 176.226715
0.000000 0.027338 0.009026 0.000000 0.000000 0.000000
0.000000 0.000002 0.000000
5.557329 0.650000 0.000000
764.299377 0.000000
0.000000 0.000000 0.000000 0.000000
0.000000 0.085803
11 0.015000 0.720000 0.001000
0.487000 0.580000 0.780000 0.490000 1.250000 6.700000 0.650000 0.650000
187499.984375 75.360001 0.084000
1.073000 0.050000 0.116600
0.155384 2.418806 0.009037 0.000000
0.000000

0.000828 1.173206 5.105115
0.135373 0.015044 2.187143 12.621432 176.261307
0.000000 0.579175 0.012237 0.000000 0.000000 0.000000
0.000000 0.000000 0.000000
5.630013 0.936109 0.000000
764.299377 0.000000
0.000000 0.000000 0.000000 0.000000
0.000000 7.366759
11 0.015000 0.735000 0.001000
0.487000 0.580000 0.780000 0.490000 1.250000 6.700000 0.650000 0.650000
187499.984375 75.360001 0.084000
1.073000 0.050000 0.116600
0.155939 2.490356 0.013506 0.000000
0.000000

0.000000 0.378821 6.574799
0.086072 0.009565 1.420511 8.002902 177.092957
0.000000 0.467669 0.008564 0.000000 0.000000 0.000000
0.000000 0.000001 0.000000
5.695967 1.000000 0.000000
764.299377 0.000000
0.000000 0.000000 0.000000 0.000000
0.000000 0.264091
11 0.015000 0.750000 0.001000
0.487000 0.580000 0.780000 0.490000 1.250000 6.700000 0.650000 0.650000
187499.984375 75.360001 0.084000
1.073000 0.050000 0.116600
0.160485 0.257815 0.001438 0.000000
0.000000

0.000000 0.363143 6.411195
0.082677 0.009187 1.370081 7.680753 177.304840
0.000000 0.315196 0.010016 0.000000 0.000000 0.000000
0.000000 0.000001 0.000000
5.756190 1.000000 0.000000
764.299377 0.000000
0.000000 0.000000 0.000000 0.000000
0.000000 0.254425
11 0.015000 0.765000 0.001000
0.487000 0.580000 0.780000 0.490000 1.250000 6.700000 0.650000 0.650000
187499.984375 75.360001 0.084000
1.073000 0.050000 0.116600
0.161099 0.228799 0.001276 0.000000
0.000000

0.000000 0.339365 6.031631
0.079549 0.008840 1.319032 7.390125 177.341187
0.000000 0.173429 0.015190 0.000000 0.000000 0.000000
0.000000 0.000003 0.000000
5.816418 1.000000 0.000000
764.299377 0.000000
0.000000 0.000000 0.000000 0.000000
0.000000 0.299925
11 0.015000 0.780000 0.001000
0.487000 0.580000 0.780000 0.490000 1.250000 6.700000 0.650000 0.650000
187499.984375 75.360001 0.084000
1.073000 0.050000 0.116600
0.161233 0.192851 0.001075 0.000000
0.000000

0.000000 0.320616 5.726223
0.076816 0.008536 1.274098 7.136276 177.476593
0.000000 0.084179 0.014337 0.000000 0.000000 0.000000
0.000000 0.000006 0.000000
5.876695 1.000000 0.000000
764.299377 0.000000
0.000000 0.000000 0.000000 0.000000
0.000000 0.262808
11 0.015000 0.795000 0.001000
0.487000 0.580000 0.780000 0.490000 1.250000 6.700000 0.650000 0.650000
187499.984375 75.360001 0.084000
1.073000 0.050000 0.116600
0.161640 0.168225 0.000937 0.000000
0.000000

0.000000 0.299023 5.346527
0.074157 0.008241 1.230798 6.889412 177.484970
0.000000 0.041975 0.014078 0.000000 0.000000 0.000000
0.000000 0.000010 0.000000
5.936910 1.000000 0.000000
764.299377 0.000000
0.000000 0.000000 0.000000 0.000000
0.000000 0.425037
11 0.015000 0.810000 0.001000
0.487000 0.580000 0.780000 0.490000 1.250000 6.700000 0.650000 0.650000
187499.984375 75.360001 0.084000
1.073000 0.050000 0.116600
0.161683 0.142902 0.000796 0.000000
0.000000

0.000000 0.278139 4.987442
0.071720 0.007970 1.190963 6.663406 177.495056
0.000000 0.036526 0.014405 0.000000 0.000000 0.000000
0.000000 0.000010 0.000000
5.996964 1.000000 0.000000
764.299377 0.000000
0.000000 0.000000 0.000000 0.000000
0.000000 0.814299
11 0.015000 0.825000 0.001000
0.487000 0.580000 0.780000 0.490000 1.250000 6.700000 0.650000 0.650000
187499.984375 75.360001 0.084000
1.073000 0.050000 0.116600
0.161724 0.132448 0.000738 0.000000
0.000000

0.000000 0.259510 4.667596
0.069448 0.007717 1.153657 6.452875 177.512909
0.000000 0.157125 0.015424 0.000000 0.000000 0.000000
0.000000 0.000002 0.000000
6.056767 1.000000 0.000000
764.299377 0.000000
0.000000 0.000000 0.000000 0.000000
0.000000 2.699279
11 0.015000 0.840000 0.001000
0.487000 0.580000 0.780000 0.490000 1.250000 6.700000 0.650000 0.650000
187499.984375 75.360001 0.084000
1.073000 0.050000 0.116600
0.161790 0.138474 0.000772 0.000000
0.000000

0.000000 0.241302 4.352471
0.067360 0.007485 1.119381 6.259411 177.519989
0.000000 0.681430 0.020919 0.000000 0.000000 0.000000
0.000000 0.000001 0.000000
6.116236 1.000000 0.000000
764.299377 0.000000
0.000000 0.000000 0.000000 0.000000
0.000000 6.041664
11 0.015000 0.855000 0.001000
0.487000 0.580000 0.780000 0.490000 1.250000 6.700000 0.650000 0.650000
187499.984375 75.360001 0.084000
1.073000 0.050000 0.116600
0.161825 0.156897 0.000874 0.000000
0.000000

0.000000 0.000000 0.200636
0.041672 0.004631 0.702091 3.880146 177.949112
0.000000 1.207810 0.016221 0.000000 0.000000 0.000000
0.000000 0.000000 0.000000
6.175300 1.000000 0.000000
764.299377 0.000000
0.000000 0.000000 0.000000 0.000000
0.000000 1.038726
11 0.015000 0.870000 0.001000
0.487000 0.580000 0.780000 0.490000 1.250000 6.700000 0.650000 0.650000
187499.984375 75.360001 0.084000
1.073000 0.050000 0.116600
0.163096 0.091793 0.000511 0.000000
0.000000

0.000000 0.000000 0.201891
0.041693 0.004633 0.702505 3.882018 177.958359
0.000000 1.291920 0.016109 0.000000 0.000000 0.000000
0.000000 0.000000 0.000000
6.233893 1.000000 0.000000
764.299377 0.000000
0.000000 0.000000 0.000000 0.000000
0.000000 1.039186
11 0.015000 0.885000 0.001000
0.487000 0.580000 0.780000 0.490000 1.250000 6.700000 0.650000 0.650000
187499.984375 75.360001 0.084000
1.073000 0.050000 0.116600
0.163119 0.091939 0.000512 0.000000
0.000000

0.000000 0.000000 0.202806
0.041709 0.004635 0.702830 3.883394 177.968201
0.000000 1.030560 0.015951 0.000000 0.000000 0.000000
0.000000 0.000000 0.000000
6.291961 1.000000 0.000000
764.299377 0.000000
0.000000 0.000000 0.000000 0.000000
0.000000 1.040067
11 0.015000 0.900000 0.001000
0.487000 0.580000 0.780000 0.490000 1.250000 6.700000 0.650000 0.650000
187499.984375 75.360001 0.084000
1.073000 0.050000 0.116600
0.163136 0.091796 0.000511 0.000000
0.000000

0.000000 0.000000 0.203639
0.041723 0.004636 0.703126 3.884625 177.980133
0.000000 0.735458 0.015783 0.000000 0.000000 0.000000
0.000000 0.000001 0.000000
6.349451 1.000000 0.000000
764.299377 0.000000
0.000000 0.000000 0.000000 0.000000
0.000000 1.040972
11 0.015000 0.915000 0.001000
0.487000 0.580000 0.780000 0.490000 1.250000 6.700000 0.650000 0.650000
187499.984375 75.360001 0.084000
1.073000 0.050000 0.116600
0.163150 0.091839 0.000512 0.000000
0.000000

0.000000 0.000000 0.204447
0.041736 0.004638 0.703412 3.885802 177.988419
0.000000 0.561197 0.015668 0.000000 0.000000 0.000000
0.000000 0.000001 0.000000
6.406320 1.000000 0.000000
764.299377 0.000000
0.000000 0.000000 0.000000 0.000000
0.000000 1.041924
11 0.015000 0.930000 0.001000
0.487000 0.580000 0.780000 0.490000 1.250000 6.700000 0.650000 0.650000
187499.984375 75.360001 0.084000
1.073000 0.050000 0.116600
0.163165 0.091711 0.000511 0.000000
0.000000

0.000000 0.000000 0.205257
0.041749 0.004639 0.703692 3.886949 177.996765
0.000000 0.487970 0.015481 0.000000 0.000000 0.000000
0.000000 0.000001 0.000000
6.462530 1.000000 0.000000
764.299377 0.000000
0.000000 0.000000 0.000000 0.000000
0.000000 1.042873
11 0.015000 0.945000 0.001000
0.487000 0.580000 0.780000 0.490000 1.250000 6.700000 0.650000 0.650000
187499.984375 75.360001 0.084000
1.073000 0.050000 0.116600
0.163180 0.091895 0.000512 0.000000
0.000000

0.000000 0.000000 0.206080
0.041763 0.004641 0.703982 3.888161 178.004929
0.000000 0.445995 0.015299 0.000000 0.000000 0.000000
0.000000 0.000001 0.000000
6.518051 1.000000 0.000000
764.299377 0.000000
0.000000 0.000000 0.000000 0.000000
0.000000 1.043676
11 0.015000 0.960000 0.001000
0.487000 0.580000 0.780000 0.490000 1.250000 6.700000 0.650000 0.650000
187499.984375 75.360001 0.084000
1.073000 0.050000 0.116600
0.163195 0.091848 0.000512 0.000000
0.000000

0.000000 0.000000 0.207282
0.041783 0.004643 0.704374 3.889943 178.013428
0.000000 0.392064 0.015140 0.000000 0.000000 0.000000
0.000000 0.000001 0.000000
6.572854 1.000000 0.000000
764.299377 0.000000
0.000000 0.000000 0.000000 0.000000
0.000000 1.044238
11 0.015000 0.975000 0.001000
0.487000 0.580000 0.780000 0.490000 1.250000 6.700000 0.650000 0.650000
187499.984375 75.360001 0.084000
1.073000 0.050000 0.116600
0.163216 0.091809 0.000511 0.000000
0.000000

0.000000 0.000000 0.208265
0.041799 0.004645 0.704697 3.891354 178.023026
0.000000 0.319332 0.014984 0.000000 0.000000 0.000000
0.000000 0.000001 0.000000
6.626917 1.000000 0.000000
764.299377 0.000000
0.000000 0.000000 0.000000 0.000000
0.000000 1.044467
11 0.015000 0.990000 0.001000
0.487000 0.580000 0.780000 0.490000 1.250000 6.700000 0.650000 0.650000
187499.984375 75.360001 0.084000
1.073000 0.050000 0.116600
0.163230 0.091775 0.000511 0.000000
0.000000

0.000000 0.000000 0.209033
0.041811 0.004646 0.704964 3.892458 178.033051
0.000000 0.239897 0.014862 0.000000 0.000000 0.000000
0.000000 0.000002 0.000000
6.680223 1.000000 0.000000
764.299377 0.000000
0.000000 0.000000 0.000000 0.000000
0.000000 1.044411
11 0.015000 1.005000 0.001000
0.487000 0.580000 0.780000 0.490000 1.250000 6.700000 0.650000 0.650000
187499.984375 75.360001 0.084000
1.073000 0.050000 0.116600
0.163246 0.091942 0.000512 0.000000
0.000000

0.000000 0.000000 0.210087
0.041828 0.004648 0.705300 3.893953 178.040695
0.000000 0.167921 0.014763 0.000000 0.000000 0.000000
0.000000 0.000003 0.000000
6.732757 1.000000 0.000000
764.299377 0.000000
0.000000 0.000000 0.000000 0.000000
0.000000 1.044184
11 0.015000 1.020000 0.001000
0.487000 0.580000 0.780000 0.490000 1.250000 6.700000 0.650000 0.650000
187499.984375 75.360001 0.084000
1.073000 0.050000 0.116600
0.163264 0.091796 0.000511 0.000000
0.000000

0.000000 0.000000 0.210843
0.041841 0.004650 0.705566 3.895052 178.048645
0.000000 0.111562 0.014680 0.000000 0.000000 0.000000
0.000000 0.000005 0.000000
6.784508 1.000000 0.000000
764.299377 0.000000
0.000000 0.000000 0.000000 0.000000
0.000000 1.043797
11 0.015000 1.035000 0.001000
0.487000 0.580000 0.780000 0.490000 1.250000 6.700000 0.650000 0.650000
187499.984375 75.360001 0.084000
1.073000 0.050000 0.116600
0.163277 0.092031 0.000513 0.000000
0.000000

0.000000 0.000000 0.211647
0.041854 0.004651 0.705837 3.896194 178.056931
0.000000 0.072205 0.014594 0.000000 0.000000 0.000000
0.000000 0.000007 0.000000
6.835467 1.000000 0.000000
764.299377 0.000000
0.000000 0.000000 0.000000 0.000000
0.000000 1.043351
11 0.015000 1.050000 0.001000
0.487000 0.580000 0.780000 0.490000 1.250000 6.700000 0.650000 0.650000
187499.984375 75.360001 0.084000
1.073000 0.050000 0.116600
0.163291 0.091846 0.000512 0.000000
0.000000

0.000000 0.000000 0.212386
0.041865 0.004652 0.706083 3.897207 178.065048
0.000000 0.046997 0.014524 0.000000 0.000000 0.000000
0.000000 0.000010 0.000000
6.885631 1.000000 0.000000
764.299377 0.000000
0.000000 0.000000 0.000000 0.000000
0.000000 1.042865
11 0.015000 1.065000 0.001000
0.487000 0.580000 0.780000 0.490000 1.250000 6.700000 0.650000 0.650000
187499.984375 75.360001 0.084000
1.073000 0.050000 0.116600
0.163302 0.092042 0.000513 0.000000
0.000000

0.000000 0.000000 0.213151
0.041877 0.004654 0.706340 3.898281 178.072906
0.000000 0.031711 0.014463 0.000000 0.000000 0.000000
0.000000 0.000013 0.000001
6.934995 1.000000 0.000000
764.299377 0.000000
0.000000 0.000000 0.000000 0.000000
0.000000 1.042363
11 0.015000 1.080000 0.001000
0.487000 0.580000 0.780000 0.490000 1.250000 6.700000 0.650000 0.650000
187499.984375 75.360001 0.084000
1.073000 0.050000 0.116600
0.163315 0.091799 0.000511 0.000000
0.000000

0.000000 0.000000 0.214376
0.041897 0.004656 0.706716 3.900012 178.081772
0.000000 0.022556 0.014343 0.000000 0.000000 0.000000
0.000000 0.000017 0.000001
6.983560 1.000000 0.000000
764.299377 0.000000
0.000000 0.000000 0.000000 0.000000
0.000000 1.041895
11 0.015000 1.095000 0.001000
0.487000 0.580000 0.780000 0.490000 1.250000 6.700000 0.650000 0.650000
187499.984375 75.360001 0.084000
1.073000 0.050000 0.116600
0.163335 0.092151 0.000513 0.000000
0.000000

0.000000 0.000000 0.215757
0.041918 0.004658 0.707130 3.901951 178.092133
0.000000 0.016878 0.014310 0.000000 0.000000 0.000000
0.000000 0.000020 0.000002
7.031327 1.000000 0.000000
764.299377 0.000000
0.000000 0.000000 0.000000 0.000000
0.000000 1.041444
11 0.015000 1.110000 0.001000
0.487000 0.580000 0.780000 0.490000 1.250000 6.700000 0.650000 0.650000
187499.984375 75.360001 0.084000
1.073000 0.050000 0.116600
0.163361 0.091688 0.000511 0.000000
0.000000

0.000000 0.000000 0.216484
0.041929 0.004659 0.707366 3.902926 178.099243
0.000000 0.013097 0.014197 0.000000 0.000000 0.000000
0.000000 0.000022 0.000002
7.078300 1.000000 0.000000
764.299377 0.000000
0.000000 0.000000 0.000000 0.000000
0.000000 1.040932
11 0.015000 1.125000 0.001000
0.487000 0.580000 0.780000 0.490000 1.250000 6.700000 0.650000 0.650000
187499.984375 75.360001 0.084000
1.073000 0.050000 0.116600
0.163372 0.091982 0.000512 0.000000
0.000000

0.000000 0.000000 0.217204
0.041941 0.004661 0.707606 3.903930 178.107300
0.000000 0.010386 0.014093 0.000000 0.000000 0.000000
0.000000 0.000022 0.000003
7.124480 1.000000 0.000000
764.299377 0.000000
0.000000 0.000000 0.000000 0.000000
0.000000 1.040427
11 0.015000 1.140000 0.001000
0.487000 0.580000 0.780000 0.490000 1.250000 6.700000 0.650000 0.650000
187499.984375 75.360001 0.084000
1.073000 0.050000 0.116600
0.163386 0.091911 0.000512 0.000000
0.000000

0.000000 0.000000 0.217918
0.041952 0.004662 0.707846 3.904928 178.114532
0.000000 0.008352 0.014062 0.000000 0.000000 0.000000
0.000000 0.000021 0.000004
7.169876 1.000000 0.000000
764.299377 0.000000
0.000000 0.000000 0.000000 0.000000
0.000000 1.039932
11 0.015000 1.155000 0.001000
0.487000 0.580000 0.780000 0.490000 1.250000 6.700000 0.650000 0.650000
187499.984375 75.360001 0.084000
1.073000 0.050000 0.116600
0.163399 0.092001 0.000512 0.000000
0.000000

0.000000 0.000000 0.218706
0.041964 0.004663 0.708094 3.905982 178.121643
0.000000 0.006807 0.013953 0.000000 0.000000 0.000000
0.000000 0.000020 0.000005
7.214494 1.000000 0.000000
764.299377 0.000000
0.000000 0.000000 0.000000 0.000000
0.000000 1.039448
11 0.015000 1.170000 0.001000
0.487000 0.580000 0.780000 0.490000 1.250000 6.700000 0.650000 0.650000
187499.984375 75.360001 0.084000
1.073000 0.050000 0.116600
0.163408 0.091969 0.000512 0.000000
0.000000

0.000000 0.000000 0.219596
0.041978 0.004665 0.708373 3.907203 178.129547
0.000000 0.005654 0.013941 0.000000 0.000000 0.000000
0.000000 0.000019 0.000005
7.258341 1.000000 0.000000
764.299377 0.000000
0.000000 0.000000 0.000000 0.000000
0.000000 1.038977
11 0.015000 1.185000 0.001000
0.487000 0.580000 0.780000 0.490000 1.250000 6.700000 0.650000 0.650000
187499.984375 75.360001 0.084000
1.073000 0.050000 0.116600
0.163424 0.091709 0.000511 0.000000
0.000000

0.000000 0.000000 0.220288
0.041988 0.004666 0.708594 3.908113 178.136719
0.000000 0.004815 0.013879 0.000000 0.000000 0.000000
0.000000 0.000018 0.000006
7.301426 1.000000 0.000000
764.299377 0.000000
0.000000 0.000000 0.000000 0.000000
0.000000 1.038503
11 0.015000 1.200000 0.001000
0.487000 0.580000 0.780000 0.490000 1.250000 6.700000 0.650000 0.650000
187499.984375 75.360001 0.084000
1.073000 0.050000 0.116600
0.163436 0.091886 0.000512 0.000000
0.000000

0.000000 0.000000 0.220977
0.041999 0.004667 0.708820 3.909046 178.142792
0.000000 0.004223 0.013848 0.000000 0.000000 0.000000
0.000000 0.000018 0.000007
7.343760 1.000000 0.000000
764.299377 0.000000
0.000000 0.000000 0.000000 0.000000
0.000000 1.038030
11 0.015000 1.215000 0.001000
0.487000 0.580000 0.780000 0.490000 1.250000 6.700000 0.650000 0.650000
187499.984375 75.360001 0.084000
1.073000 0.050000 0.116600
0.163448 0.091830 0.000511 0.000000
0.000000

0.000000 0.000000 0.221657
0.042010 0.004668 0.709044 3.909985 178.151459
0.000000 0.003820 0.013835 0.000000 0.000000 0.000000
0.000000 0.000017 0.000007
7.385349 1.000000 0.000000
764.299377 0.000000
0.000000 0.000000 0.000000 0.000000
0.000000 1.037580
11 0.015000 1.230000 0.001000
0.487000 0.580000 0.780000 0.490000 1.250000 6.700000 0.650000 0.650000
187499.984375 75.360001 0.084000
1.073000 0.050000 0.116600
0.163457 0.091896 0.000512 0.000000
0.000000

0.000000 0.000000 0.222333
0.042020 0.004669 0.709260 3.910878 178.158524
0.000000 0.003549 0.013760 0.000000 0.000000 0.000000
0.000000 0.000016 0.000008
7.426205 1.000000 0.000000
764.299377 0.000000
0.000000 0.000000 0.000000 0.000000
0.000000 1.037126
11 0.015000 1.245000 0.001000
0.487000 0.580000 0.780000 0.490000 1.250000 6.700000 0.650000 0.650000
187499.984375 75.360001 0.084000
1.073000 0.050000 0.116600
0.163467 0.091970 0.000512 0.000000
0.000000

0.000000 0.000000 0.223002
0.042030 0.004671 0.709474 3.911759 178.165741
0.000000 0.003373 0.013744 0.000000 0.000000 0.000000
0.000000 0.000016 0.000008
7.466339 1.000000 0.000000
764.299377 0.000000
0.000000 0.000000 0.000000 0.000000
0.000000 1.036681
11 0.015000 1.260000 0.001000
0.487000 0.580000 0.780000 0.490000 1.250000 6.700000 0.650000 0.650000
187499.984375 75.360001 0.084000
1.073000 0.050000 0.116600
0.163481 0.092273 0.000514 0.000000
0.000000

0.000000 0.000000 0.223686
0.042040 0.004672 0.709687 3.912637 178.172775
0.000000 0.003259 0.013735 0.000000 0.000000 0.000000
0.000000 0.000016 0.000009
7.505761 1.000000 0.000000
764.299377 0.000000
0.000000 0.000000 0.000000 0.000000
0.000000 1.036254
11 0.015000 1.275000 0.001000
0.487000 0.580000 0.780000 0.490000 1.250000 6.700000 0.650000 0.650000
187499.984375 75.360001 0.084000
1.073000 0.050000 0.116600
0.163492 0.092218 0.000514 0.000000
0.000000

0.000000 0.000000 0.224505
0.042052 0.004673 0.709935 3.913720 178.179993
0.000000 0.003185 0.013699 0.000000 0.000000 0.000000
0.000000 0.000016 0.000009
7.544482 1.000000 0.000000
764.299377 0.000000
0.000000 0.000000 0.000000 0.000000
0.000000 1.035837
11 0.015000 1.290000 0.001000
0.487000 0.580000 0.780000 0.490000 1.250000 6.700000 0.650000 0.650000
187499.984375 75.360001 0.084000
1.073000 0.050000 0.116600
0.163504 0.092220 0.000514 0.000000
0.000000

0.000000 0.000000 0.225347
0.042065 0.004675 0.710193 3.914862 178.187317
0.000000 0.003134 0.013638 0.000000 0.000000 0.000000
0.000000 0.000016 0.000009
7.582512 1.000000 0.000000
764.299377 0.000000
0.000000 0.000000 0.000000 0.000000
0.000000 1.035429
11 0.015000 1.305000 0.001000
0.487000 0.580000 0.780000 0.490000 1.250000 6.700000 0.650000 0.650000
187499.984375 75.360001 0.084000
1.073000 0.050000 0.116600
0.163518 0.092099 0.000513 0.000000
0.000000

0.000000 0.000000 0.226047
0.042075 0.004676 0.710411 3.915781 178.193634
0.000000 0.003100 0.013615 0.000000 0.000000 0.000000
0.000000 0.000015 0.000009
7.619863 1.000000 0.000000
764.299377 0.000000
0.000000 0.000000 0.000000 0.000000
0.000000 1.035026
11 0.015000 1.320000 0.001000
0.487000 0.580000 0.780000 0.490000 1.250000 6.700000 0.650000 0.650000
187499.984375 75.360001 0.084000
1.073000 0.050000 0.116600
0.163529 0.092205 0.000514 0.000000
0.000000

0.000000 0.000000 0.226702
0.042085 0.004677 0.710617 3.916635 178.200729
0.000000 0.003074 0.013591 0.000000 0.000000 0.000000
0.000000 0.000015 0.000009
7.656546 1.000000 0.000000
764.299377 0.000000
0.000000 0.000000 0.000000 0.000000
0.000000 1.034623
11 0.015000 1.335000 0.001000
0.487000 0.580000 0.780000 0.490000 1.250000 6.700000 0.650000 0.650000
187499.984375 75.360001 0.084000
1.073000 0.050000 0.116600
0.163542 0.092112 0.000513 0.000000
0.000000

0.000000 0.000000 0.227341
0.042094 0.004678 0.710814 3.917447 178.208923
0.000000 0.003053 0.013551 0.000000 0.000000 0.000000
0.000000 0.000015 0.000009
7.692570 1.000000 0.000000
764.299377 0.000000
0.000000 0.000000 0.000000 0.000000
0.000000 1.034230
11 0.015000 1.350000 0.001000
0.487000 0.580000 0.780000 0.490000 1.250000 6.700000 0.650000 0.650000
187499.984375 75.360001 0.084000
1.073000 0.050000 0.116600
0.163550 0.092200 0.000514 0.000000
0.000000

0.000000 0.000000 0.227980
0.042103 0.004679 0.711010 3.918256 178.215805
0.000000 0.003036 0.013528 0.000000 0.000000 0.000000
0.000000 0.000015 0.000009
7.727947 1.000000 0.000000
764.299377 0.000000
0.000000 0.000000 0.000000 0.000000
0.000000 1.033844
11 0.015000 1.365000 0.001000
0.487000 0.580000 0.780000 0.490000 1.250000 6.700000 0.650000 0.650000
187499.984375 75.360001 0.084000
1.073000 0.050000 0.116600
0.163560 0.092297 0.000514 0.000000
0.000000

0.000000 0.000000 0.228670
0.042114 0.004680 0.711226 3.919167 178.223099
0.000000 0.003021 0.013477 0.000000 0.000000 0.000000
0.000000 0.000015 0.000010
7.762685 1.000000 0.000000
764.299377 0.000000
0.000000 0.000000 0.000000 0.000000
0.000000 1.033467
11 0.015000 1.380000 0.001000
0.487000 0.580000 0.780000 0.490000 1.250000 6.700000 0.650000 0.650000
187499.984375 75.360001 0.084000
1.073000 0.050000 0.116600
0.163570 0.092480 0.000515 0.000000
0.000000

0.000000 0.000000 0.229843
0.042131 0.004682 0.711547 3.920678 178.231277
0.000000 0.003007 0.013454 0.000000 0.000000 0.000000
0.000000 0.000015 0.000010
7.796798 1.000000 0.000000
764.299377 0.000000
0.000000 0.000000 0.000000 0.000000
0.000000 1.033134
11 0.015000 1.395000 0.001000
0.487000 0.580000 0.780000 0.490000 1.250000 6.700000 0.650000 0.650000
187499.984375 75.360001 0.084000
1.073000 0.050000 0.116600
0.163591 0.092229 0.000514 0.000000
0.000000

0.000000 0.000000 0.230499
0.042140 0.004683 0.711749 3.921526 178.238220
0.000000 0.002994 0.013435 0.000000 0.000000 0.000000
0.000000 0.000015 0.000010
7.830294 1.000000 0.000000
764.299377 0.000000
0.000000 0.000000 0.000000 0.000000
0.000000 1.032778
11 0.015000 1.410000 0.001000
0.487000 0.580000 0.780000 0.490000 1.250000 6.700000 0.650000 0.650000
187499.984375 75.360001 0.084000
1.073000 0.050000 0.116600
0.163601 0.092464 0.000515 0.000000
0.000000

0.000000 0.000000 0.231252
0.042151 0.004684 0.711971 3.922494 178.245071
0.000000 0.002979 0.013397 0.000000 0.000000 0.000000
0.000000 0.000015 0.000010
7.863183 1.000000 0.000000
764.299377 0.000000
0.000000 0.000000 0.000000 0.000000
0.000000 1.032414
11 0.015000 1.425000 0.001000
0.487000 0.580000 0.780000 0.490000 1.250000 6.700000 0.650000 0.650000
187499.984375 75.360001 0.084000
1.073000 0.050000 0.116600
0.163610 0.092196 0.000513 0.000000
0.000000

0.000000 0.000000 0.231934
0.042161 0.004685 0.712171 3.923328 178.251968
0.000000 0.002964 0.013342 0.000000 0.000000 0.000000
0.000000 0.000015 0.000010
7.895475 1.000000 0.000000
764.299377 0.000000
0.000000 0.000000 0.000000 0.000000
0.000000 1.032069
11 0.015000 1.440000 0.001000
0.487000 0.580000 0.780000 0.490000 1.250000 6.700000 0.650000 0.650000
187499.984375 75.360001 0.084000
1.073000 0.050000 0.116600
0.163622 0.092230 0.000514 0.000000
0.000000

0.000000 0.000000 0.232543
0.042169 0.004686 0.712357 3.924099 178.257797
0.000000 0.002950 0.013326 0.000000 0.000000 0.000000
0.000000 0.000015 0.000010
7.927179 1.000000 0.000000
764.299377 0.000000
0.000000 0.000000 0.000000 0.000000
0.000000 1.031714
11 0.015000 1.455000 0.001000
0.487000 0.580000 0.780000 0.490000 1.250000 6.700000 0.650000 0.650000
187499.984375 75.360001 0.084000
1.073000 0.050000 0.116600
0.163636 0.092178 0.000513 0.000000
0.000000

0.000000 0.000000 0.233147
0.042178 0.004687 0.712540 3.924858 178.263733
0.000000 0.002937 0.013317 0.000000 0.000000 0.000000
0.000000 0.000015 0.000010
7.958304 1.000000 0.000000
764.299377 0.000000
0.000000 0.000000 0.000000 0.000000
0.000000 1.031369
11 0.015000 1.470000 0.001000
0.487000 0.580000 0.780000 0.490000 1.250000 6.700000 0.650000 0.650000
187499.984375 75.360001 0.084000
1.073000 0.050000 0.116600
0.163641 0.092245 0.000514 0.000000
0.000000

0.000000 0.000000 0.233747
0.042187 0.004688 0.712723 3.925617 178.270172
0.000000 0.002923 0.013258 0.000000 0.000000 0.000000
0.000000 0.000015 0.000010
7.988858 1.000000 0.000000
764.299377 0.000000
0.000000 0.000000 0.000000 0.000000
0.000000 1.031031
11 0.015000 1.485000 0.001000
0.487000 0.580000 0.780000 0.490000 1.250000 6.700000 0.650000 0.650000
187499.984375 75.360001 0.084000
1.073000 0.050000 0.116600
0.163651 0.092328 0.000514 0.000000
0.000000

0.000000 0.000000 0.234342
0.042195 0.004689 0.712907 3.926378 178.277390
0.000000 0.002911 0.013254 0.000000 0.000000 0.000000
0.000000 0.000015 0.000010
8.018850 1.000000 0.000000
764.299377 0.000000
0.000000 0.000000 0.000000 0.000000
0.000000 1.030690
11 0.015000 1.500000 0.001000
0.487000 0.580000 0.780000 0.490000 1.250000 6.700000 0.650000 0.650000
187499.984375 75.360001 0.084000
1.073000 0.050000 0.116600
0.163659 0.092652 0.000516 0.000000
0.000000

0.000000 0.000000 0.234982
0.042205 0.004690 0.713101 3.927200 178.283951
0.000000 0.002898 0.013192 0.000000 0.000000 0.000000
0.000000 0.000015 0.000010
8.048287 1.000000 0.000000
764.299377 0.000000
0.000000 0.000000 0.000000 0.000000
0.000000 1.030373
11 0.015000 1.515000 0.001000
0.487000 0.580000 0.780000 0.490000 1.250000 6.700000 0.650000 0.650000
187499.984375 75.360001 0.084000
1.073000 0.050000 0.116600
0.163668 0.092383 0.000515 0.000000
0.000000

0.000000 0.000000 0.235598
0.042213 0.004691 0.713278 3.927936 178.290482
0.000000 0.002886 0.013188 0.000000 0.000000 0.000000
0.000000 0.000015 0.000011
8.077179 1.000000 0.000000
764.299377 0.000000
0.000000 0.000000 0.000000 0.000000
0.000000 1.030045
11 0.015000 1.530000 0.001000
0.487000 0.580000 0.780000 0.490000 1.250000 6.700000 0.650000 0.650000
187499.984375 75.360001 0.084000
1.073000 0.050000 0.116600
0.163684 0.092478 0.000515 0.000000
0.000000

0.000000 0.000000 0.237623
0.042241 0.004694 0.713780 3.930461 178.303070
0.000000 0.002874 0.013141 0.000000 0.000000 0.000000
0.000000 0.000015 0.000011
8.105532 1.000000 0.000000
764.299377 0.000000
0.000000 0.000000 0.000000 0.000000
0.000000 1.029846
11 0.015000 1.545000 0.001000
0.487000 0.580000 0.780000 0.490000 1.250000 6.700000 0.650000 0.650000
187499.984375 75.360001 0.084000
1.073000 0.050000 0.116600
0.163711 0.092554 0.000515 0.000000
0.000000

0.000000 0.000000 0.243266
0.042316 0.004702 0.715091 3.937440 178.338806
0.000000 0.002860 0.013085 0.000000 0.000000 0.000000
0.000000 0.000015 0.000011
8.133354 1.000000 0.000000
764.299377 0.000000
0.000000 0.000000 0.000000 0.000000
0.000000 1.029938
11 0.015000 1.560000 0.001000
0.487000 0.580000 0.780000 0.490000 1.250000 6.700000 0.650000 0.650000
187499.984375 75.360001 0.084000
1.073000 0.050000 0.116600
0.163792 0.092252 0.000514 0.000000
0.000000

0.000000 0.000000 0.243860
0.042324 0.004703 0.715259 3.938132 178.344574
0.000000 0.002847 0.013093 0.000000 0.000000 0.000000
0.000000 0.000015 0.000011
8.160652 1.000000 0.000000
764.299377 0.000000
0.000000 0.000000 0.000000 0.000000
0.000000 1.029620
11 0.015000 1.575000 0.001000
0.487000 0.580000 0.780000 0.490000 1.250000 6.700000 0.650000 0.650000
187499.984375 75.360001 0.084000
1.073000 0.050000 0.116600
0.163809 0.092326 0.000514 0.000000
0.000000

0.000000 0.000000 0.244455
0.042333 0.004704 0.715437 3.938874 178.350830
0.000000 0.002832 0.013019 0.000000 0.000000 0.000000
0.000000 0.000015 0.000011
8.187432 1.000000 0.000000
764.299377 0.000000
0.000000 0.000000 0.000000 0.000000
0.000000 1.029320
11 0.015000 1.590000 0.001000
0.487000 0.580000 0.780000 0.490000 1.250000 6.700000 0.650000 0.650000
187499.984375 75.360001 0.084000
1.073000 0.050000 0.116600
0.163814 0.092412 0.000515 0.000000
0.000000

0.000000 0.000000 0.245048
0.042341 0.004705 0.715607 3.939581 178.357391
0.000000 0.002819 0.013009 0.000000 0.000000 0.000000
0.000000 0.000015 0.000011
8.213701 1.000000 0.000000
764.299377 0.000000
0.000000 0.000000 0.000000 0.000000
0.000000 1.029012
11 0.015000 1.605000 0.001000
0.487000 0.580000 0.780000 0.490000 1.250000 6.700000 0.650000 0.650000
187499.984375 75.360001 0.084000
1.073000 0.050000 0.116600
0.163823 0.092661 0.000516 0.000000
0.000000

0.000000 0.000000 0.245703
0.042349 0.004706 0.715787 3.940349 178.364227
0.000000 0.002804 0.012966 0.000000 0.000000 0.000000
0.000000 0.000015 0.000011
8.239467 1.000000 0.000000
764.299377 0.000000
0.000000 0.000000 0.000000 0.000000
0.000000 1.028723
11 0.015000 1.620000 0.001000
0.487000 0.580000 0.780000 0.490000 1.250000 6.700000 0.650000 0.650000
187499.984375 75.360001 0.084000
1.073000 0.050000 0.116600
0.163833 0.092483 0.000515 0.000000
0.000000

0.000000 0.000000 0.249541
0.042400 0.004712 0.716670 3.944979 178.393478
0.000000 0.002790 0.012921 0.000000 0.000000 0.000000
0.000000 0.000015 0.000011
8.264733 1.000000 0.000000
764.299377 0.000000
0.000000 0.000000 0.000000 0.000000
0.000000 1.028695
11 0.015000 1.635000 0.001000
0.487000 0.580000 0.780000 0.490000 1.250000 6.700000 0.650000 0.650000
187499.984375 75.360001 0.084000
1.073000 0.050000 0.116600
0.163889 0.092501 0.000515 0.000000
0.000000

0.000000 0.000000 0.250200
0.042409 0.004713 0.716851 3.945752 178.400925
0.000000 0.002777 0.012903 0.000000 0.000000 0.000000
0.000000 0.000015 0.000011
8.289509 1.000000 0.000000
764.299377 0.000000
0.000000 0.000000 0.000000 0.000000
0.000000 1.028419
11 0.015000 1.650000 0.001000
0.487000 0.580000 0.780000 0.490000 1.250000 6.700000 0.650000 0.650000
187499.984375 75.360001 0.084000
1.073000 0.050000 0.116600
0.163899 0.092370 0.000514 0.000000
0.000000

0.000000 0.000000 0.250795
0.042416 0.004714 0.717018 3.946451 178.407135
0.000000 0.002765 0.012868 0.000000 0.000000 0.000000
0.000000 0.000015 0.000011
8.313796 1.000000 0.000000
764.299377 0.000000
0.000000 0.000000 0.000000 0.000000
0.000000 1.028141
11 0.015000 1.665000 0.001000
0.487000 0.580000 0.780000 0.490000 1.250000 6.700000 0.650000 0.650000
187499.984375 75.360001 0.084000
1.073000 0.050000 0.116600
0.163907 0.092452 0.000515 0.000000
0.000000

0.000000 0.000000 0.251386
0.042425 0.004715 0.717186 3.947156 178.413986
0.000000 0.002754 0.012845 0.000000 0.000000 0.000000
0.000000 0.000015 0.000011
8.337604 1.000000 0.000000
764.299377 0.000000
0.000000 0.000000 0.000000 0.000000
0.000000 1.027867
11 0.015000 1.680000 0.001000
0.487000 0.580000 0.780000 0.490000 1.250000 6.700000 0.650000 0.650000
187499.984375 75.360001 0.084000
1.073000 0.050000 0.116600
0.163918 0.092776 0.000517 0.000000
0.000000

0.000000 0.000000 0.252051
0.042433 0.004715 0.717363 3.947913 178.420715
0.000000 0.002744 0.012806 0.000000 0.000000 0.000000
0.000000 0.000015 0.000012
8.360933 1.000000 0.000000
764.299377 0.000000
0.000000 0.000000 0.000000 0.000000
0.000000 1.027612
11 0.015000 1.695000 0.001000
0.487000 0.580000 0.780000 0.490000 1.250000 6.700000 0.650000 0.650000
187499.984375 75.360001 0.084000
1.073000 0.050000 0.116600
0.163924 0.092542 0.000515 0.000000
0.000000

0.000000 0.000000 0.252840
0.042444 0.004717 0.717574 3.948858 178.428955
0.000000 0.002731 0.012741 0.000000 0.000000 0.000000
0.000000 0.000015 0.000012
8.383793 1.000000 0.000000
764.299377 0.000000
0.000000 0.000000 0.000000 0.000000
0.000000 1.027368
11 0.015000 1.710000 0.001000
0.487000 0.580000 0.780000 0.490000 1.250000 6.700000 0.650000 0.650000
187499.984375 75.360001 0.084000
1.073000 0.050000 0.116600
0.163938 0.092583 0.000516 0.000000
0.000000

0.000000 0.000000 0.253423
0.042451 0.004717 0.717735 3.949520 178.435333
0.000000 0.002719 0.012734 0.000000 0.000000 0.000000
0.000000 0.000015 0.000012
8.406184 1.000000 0.000000
764.299377 0.000000
0.000000 0.000000 0.000000 0.000000
0.000000 1.027111
11 0.015000 1.725000 0.001000
0.487000 0.580000 0.780000 0.490000 1.250000 6.700000 0.650000 0.650000
187499.984375 75.360001 0.084000
1.073000 0.050000 0.116600
0.163945 0.092689 0.000516 0.000000
0.000000

0.000000 0.000000 0.254145
0.042460 0.004719 0.717921 3.950339 178.442673
0.000000 0.002708 0.012722 0.000000 0.000000 0.000000
0.000000 0.000015 0.000012
8.428115 1.000000 0.000000
764.299377 0.000000
0.000000 0.000000 0.000000 0.000000
0.000000 1.026871
11 0.015000 1.740000 0.001000
0.487000 0.580000 0.780000 0.490000 1.250000 6.700000 0.650000 0.650000
187499.984375 75.360001 0.084000
1.073000 0.050000 0.116600
0.163956 0.092771 0.000517 0.000000
0.000000

0.000000 0.000000 0.256855
0.042495 0.004722 0.718534 3.953499 178.460999
0.000000 0.002696 0.012661 0.000000 0.000000 0.000000
0.000000 0.000015 0.000012
8.449586 1.000000 0.000000
764.299377 0.000000
0.000000 0.000000 0.000000 0.000000
0.000000 1.026798
11 0.015000 1.755000 0.001000
0.487000 0.580000 0.780000 0.490000 1.250000 6.700000 0.650000 0.650000
187499.984375 75.360001 0.084000
1.073000 0.050000 0.116600
0.163993 0.092677 0.000516 0.000000
0.000000

0.000000 0.000000 0.261268
0.042550 0.004728 0.719496 3.958580 178.479721
0.000000 0.002683 0.012616 0.000000 0.000000 0.000000
0.000000 0.000015 0.000012
8.470605 1.000000 0.000000
764.299377 0.000000
0.000000 0.000000 0.000000 0.000000
0.000000 1.026858
11 0.015000 1.770000 0.001000
0.487000 0.580000 0.780000 0.490000 1.250000 6.700000 0.650000 0.650000
187499.984375 75.360001 0.084000
1.073000 0.050000 0.116600
0.164057 0.092587 0.000516 0.000000
0.000000

0.000000 0.000000 0.262690
0.042568 0.004730 0.719826 3.960188 178.488480
0.000000 0.002669 0.012587 0.000000 0.000000 0.000000
0.000000 0.000015 0.000012
8.491173 1.000000 0.000000
764.299377 0.000000
0.000000 0.000000 0.000000 0.000000
0.000000 1.026694
11 0.015000 1.785000 0.001000
0.487000 0.580000 0.780000 0.490000 1.250000 6.700000 0.650000 0.650000
187499.984375 75.360001 0.084000
1.073000 0.050000 0.116600
0.164075 0.092893 0.000517 0.000000
0.000000

0.000000 0.000000 0.264988
0.042596 0.004734 0.720333 3.962778 178.497467
0.000000 0.002655 0.012543 0.000000 0.000000 0.000000
0.000000 0.000014 0.000012
8.511296 1.000000 0.000000
764.299377 0.000000
0.000000 0.000000 0.000000 0.000000
0.000000 1.026589
11 0.015000 1.800000 0.001000
0.487000 0.580000 0.780000 0.490000 1.250000 6.700000 0.650000 0.650000
187499.984375 75.360001 0.084000
1.073000 0.050000 0.116600
0.164107 0.092664 0.000516 0.000000
0.000000

0.000000 0.000000 0.265771
0.042606 0.004735 0.720528 3.963648 178.504898
0.000000 0.002642 0.012509 0.000000 0.000000 0.000000
0.000000 0.000014 0.000012
8.530976 1.000000 0.000000
764.299377 0.000000
0.000000 0.000000 0.000000 0.000000
0.000000 1.026384
11 0.015000 1.815000 0.001000
0.487000 0.580000 0.780000 0.490000 1.250000 6.700000 0.650000 0.650000
187499.984375 75.360001 0.084000
1.073000 0.050000 0.116600
0.164119 0.092744 0.000517 0.000000
0.000000

0.000000 0.000000 0.267419
0.042626 0.004737 0.720898 3.965472 178.512695
0.000000 0.002629 0.012473 0.000000 0.000000 0.000000
0.000000 0.000014 0.000012
8.550220 1.000000 0.000000
764.299377 0.000000
0.000000 0.000000 0.000000 0.000000
0.000000 1.026253
11 0.015000 1.830000 0.001000
0.487000 0.580000 0.780000 0.490000 1.250000 6.700000 0.650000 0.650000
187499.984375 75.360001 0.084000
1.073000 0.050000 0.116600
0.164140 0.092718 0.000516 0.000000
0.000000

0.000000 0.000000 0.268029
0.042633 0.004738 0.721055 3.966132 178.518570
0.000000 0.002619 0.012459 0.000000 0.000000 0.000000
0.000000 0.000014 0.000012
8.569027 1.000000 0.000000
764.299377 0.000000
0.000000 0.000000 0.000000 0.000000
0.000000 1.026031
11 0.015000 1.845000 0.001000
0.487000 0.580000 0.780000 0.490000 1.250000 6.700000 0.650000 0.650000
187499.984375 75.360001 0.084000
1.073000 0.050000 0.116600
0.164149 0.092800 0.000517 0.000000
0.000000

0.000000 0.000000 0.268682
0.042641 0.004739 0.721220 3.966842 178.524338
0.000000 0.002606 0.012386 0.000000 0.000000 0.000000
0.000000 0.000014 0.000013
8.587404 1.000000 0.000000
764.299377 0.000000
0.000000 0.000000 0.000000 0.000000
0.000000 1.025830
11 0.015000 1.860000 0.001000
0.487000 0.580000 0.780000 0.490000 1.250000 6.700000 0.650000 0.650000
187499.984375 75.360001 0.084000
1.073000 0.050000 0.116600
0.164158 0.092662 0.000516 0.000000
0.000000

0.000000 0.000000 0.269442
0.042651 0.004740 0.721402 3.967645 178.530975
0.000000 0.002595 0.012369 0.000000 0.000000 0.000000
0.000000 0.000014 0.000013
8.605352 1.000000 0.000000
764.299377 0.000000
0.000000 0.000000 0.000000 0.000000
0.000000 1.025640
11 0.015000 1.875000 0.001000
0.487000 0.580000 0.780000 0.490000 1.250000 6.700000 0.650000 0.650000
187499.984375 75.360001 0.084000
1.073000 0.050000 0.116600
0.164170 0.092794 0.000517 0.000000
0.000000

0.000000 0.000000 0.270090
0.042658 0.004741 0.721567 3.968353 178.537552
0.000000 0.002583 0.012333 0.000000 0.000000 0.000000
0.000000 0.000014 0.000013
8.622877 1.000000 0.000000
764.299377 0.000000
0.000000 0.000000 0.000000 0.000000
0.000000 1.025443
11 0.015000 1.890000 0.001000
0.487000 0.580000 0.780000 0.490000 1.250000 6.700000 0.650000 0.650000
187499.984375 75.360001 0.084000
1.073000 0.050000 0.116600
0.164175 0.092986 0.000518 0.000000
0.000000

0.000000 0.000000 0.270780
0.042667 0.004741 0.721738 3.969100 178.544373
0.000000 0.002571 0.012315 0.000000 0.000000 0.000000
0.000000 0.000014 0.000013
8.639979 1.000000 0.000000
764.299377 0.000000
0.000000 0.000000 0.000000 0.000000
0.000000 1.025254
11 0.015000 1.905000 0.001000
0.487000 0.580000 0.780000 0.490000 1.250000 6.700000 0.650000 0.650000
187499.984375 75.360001 0.084000
1.073000 0.050000 0.116600
0.164187 0.092681 0.000516 0.000000
0.000000

0.000000 0.000000 0.271414
0.042675 0.004742 0.721901 3.969802 178.550720
0.000000 0.002559 0.012260 0.000000 0.000000 0.000000
0.000000 0.000014 0.000013
8.656662 1.000000 0.000000
764.299377 0.000000
0.000000 0.000000 0.000000 0.000000
0.000000 1.025069
11 0.015000 1.920000 0.001000
0.487000 0.580000 0.780000 0.490000 1.250000 6.700000 0.650000 0.650000
187499.984375 75.360001 0.084000
1.073000 0.050000 0.116600
0.164197 0.092667 0.000516 0.000000
0.000000

0.000000 0.000000 0.271999
0.042681 0.004743 0.722042 3.970382 178.557373
0.000000 0.002548 0.012220 0.000000 0.000000 0.000000
0.000000 0.000014 0.000013
8.672930 1.000000 0.000000
764.299377 0.000000
0.000000 0.000000 0.000000 0.000000
0.000000 1.024882
11 0.015000 1.935000 0.001000
0.487000 0.580000 0.780000 0.490000 1.250000 6.700000 0.650000 0.650000
187499.984375 75.360001 0.084000
1.073000 0.050000 0.116600
0.164202 0.092748 0.000517 0.000000
0.000000

0.000000 0.000000 0.272580
0.042689 0.004744 0.722192 3.971023 178.563492
0.000000 0.002537 0.012195 0.000000 0.000000 0.000000
0.000000 0.000014 0.000013
8.688784 1.000000 0.000000
764.299377 0.000000
0.000000 0.000000 0.000000 0.000000
0.000000 1.024698
11 0.015000 1.950000 0.001000
0.487000 0.580000 0.780000 0.490000 1.250000 6.700000 0.650000 0.650000
187499.984375 75.360001 0.084000
1.073000 0.050000 0.116600
0.164209 0.093056 0.000518 0.000000
0.000000

0.000000 0.000000 0.273276
0.042697 0.004745 0.722356 3.971731 178.570801
0.000000 0.002525 0.012142 0.000000 0.000000 0.000000
0.000000 0.000014 0.000013
8.704226 1.000000 0.000000
764.299377 0.000000
0.000000 0.000000 0.000000 0.000000
0.000000 1.024530
11 0.015000 1.965000 0.001000
0.487000 0.580000 0.780000 0.490000 1.250000 6.700000 0.650000 0.650000
187499.984375 75.360001 0.084000
1.073000 0.050000 0.116600
0.164221 0.092942 0.000518 0.000000
0.000000

0.000000 0.000000 0.274884
0.042716 0.004747 0.722702 3.973451 178.578964
0.000000 0.002515 0.012112 0.000000 0.000000 0.000000
0.000000 0.000014 0.000013
8.719263 1.000000 0.000000
764.299377 0.000000
0.000000 0.000000 0.000000 0.000000
0.000000 1.024440
11 0.015000 1.980000 0.001000
0.487000 0.580000 0.780000 0.490000 1.250000 6.700000 0.650000 0.650000
187499.984375 75.360001 0.084000
1.073000 0.050000 0.116600
0.164238 0.092968 0.000518 0.000000
0.000000

0.000000 0.000000 0.275755
0.042726 0.004748 0.722903 3.974369 178.585602
0.000000 0.010446 0.012299 0.000000 0.000000 0.000000
0.000000 0.000026 0.000004
8.733893 1.000000 0.000000
764.299377 0.000000
0.000000 0.000000 0.000000 0.000000
0.000000 1.024241
11 0.015000 1.995000 0.001000
0.487000 0.580000 0.780000 0.490000 1.250000 6.700000 0.650000 0.650000
187499.984375 75.360001 0.084000
1.073000 0.050000 0.116600
0.164252 0.093069 0.000518 0.000000
0.000000
1.000000
2.000000
0.321000 0.000000
0.000000
0
-0.735000
0 0
0.000000
1
0.000000
1.000000
1.000000
1.000000
0.000000 0.000000 0.000000
0.000000 0.000000
0.000000 0.000000 0.000000 0.000000 0.000000 0.000000 0.000000
0.000000 0.000000 0.000000 0.000000 0.000000 0.000000 0.000000
240
2.000000
1
C:\Kingsite\dnd\Ohio1.spf
-1.000000 -1.000000
0.000000
49
49
10.000000
100
