11
Clay
0.580000 0.612000 0.084000 0.780000 0.530000 1.000000 0.000000 0.000000
1.020000 6.700000 1 0.028600 0.500000 0.050000 0.010000 0.027000 0.963000
0.000000 0.015000 2.000000 152999.984375 75.360001 133
0.103800 3.528000 4.728100 0.000000 1
8.234000 8.234000 10.000000 5.000000 25.000000 100.000000
0.000000 0.000000 0.000000 0.000000 85.841324 127.006264
500.000000 0.000000 0.000000

0.215652 223.797165 486.046082
7.773842 0.864053 115.994209 712.074707 3741.129639
0.000000 0.000000 0.019306 0.982709 0.000000 0.000000
0.000029 0.000048 0.001598
3.967303 0.777695 0.000000
764.299377 0.000000
2.737570 0.000000 0.000000 0.000000
0.000000 0.072206
11 0.015000 0.015000 0.028600
0.612000 0.580000 0.780000 0.530000 1.020000 6.700000 0.780000 0.780000
152999.984375 75.360001 0.084000
1.073000 0.050000 0.116600
2.681540 25.335316 0.168890 0.000000
0.000000

0.213214 24.402826 26.163202
5.761120 0.640315 89.341560 540.789185 3758.797852
0.000000 0.000000 0.009666 0.491927 0.000000 0.000000
0.000018 0.000004 0.000753
3.817960 0.777695 0.000000
764.299377 0.000000
0.522934 0.000000 0.000000 0.000000
0.000000 0.070379
11 0.015000 0.030000 0.028600
0.612000 0.580000 0.780000 0.530000 1.020000 6.700000 0.780000 0.780000
152999.984375 75.360001 0.084000
1.073000 0.050000 0.116600
2.702507 6.067445 0.040447 0.000000
0.000000

0.200727 21.181332 17.622299
5.738309 0.637764 89.627373 538.546692 3758.996582
0.000000 0.000000 0.004851 0.246806 0.000000 0.000000
0.000017 0.000003 0.000681
3.672810 0.777695 0.000000
764.299377 0.000000
0.434519 0.000000 0.000000 0.000000
0.000000 0.062855
11 0.015000 0.045000 0.028600
0.612000 0.580000 0.780000 0.530000 1.020000 6.700000 0.780000 0.780000
152999.984375 75.360001 0.084000
1.073000 0.050000 0.116600
2.706743 5.095770 0.033969 0.000000
0.000000

0.188964 19.662045 17.197384
5.742791 0.638249 90.123917 538.865662 3759.120850
0.000000 0.000000 0.002444 0.124237 0.000000 0.000000
0.000016 0.000003 0.000620
3.532375 0.777695 0.000000
764.299377 0.000000
0.346373 0.000000 0.000000 0.000000
0.000000 0.055033
11 0.015000 0.060000 0.028600
0.612000 0.580000 0.780000 0.530000 1.020000 6.700000 0.780000 0.780000
152999.984375 75.360001 0.084000
1.073000 0.050000 0.116600
2.709593 5.730566 0.038200 0.000000
0.000000

0.176839 18.195501 16.712185
5.745892 0.638584 90.491478 539.130676 3759.215820
0.000000 0.000000 0.001667 0.062429 0.000000 0.000000
0.000016 0.000003 0.000553
3.397158 0.777695 0.000000
764.299377 0.000000
0.164180 0.000000 0.000000 0.000000
0.000000 0.049634
11 0.015000 0.075000 0.028600
0.612000 0.580000 0.780000 0.530000 1.020000 6.700000 0.780000 0.780000
152999.984375 75.360001 0.084000
1.073000 0.050000 0.116600
2.711712 5.922572 0.039481 0.000000
0.000000

0.165353 16.875195 16.653793
5.742806 0.638232 90.701820 538.834534 3759.255127
0.000000 0.000000 0.001623 0.031214 0.000000 0.000000
0.000015 0.000002 0.000500
3.267622 0.777695 0.000000
764.299377 0.000000
0.068453 0.000000 0.000000 0.000000
0.000000 0.046628
11 0.015000 0.090000 0.028600
0.612000 0.580000 0.780000 0.530000 1.020000 6.700000 0.780000 0.780000
152999.984375 75.360001 0.084000
1.073000 0.050000 0.116600
2.713389 5.710909 0.038070 0.000000
0.000000

0.159577 16.295740 122.623695
5.984706 0.665108 94.886978 561.404907 3754.322266
0.000000 0.000000 0.001577 0.015607 0.000000 0.000000
0.000015 0.000002 0.000494
3.144192 0.777695 0.000000
764.299377 0.000000
0.076903 0.000000 0.000000 0.000000
0.000000 0.048221
11 0.015000 0.105000 0.028600
0.612000 0.580000 0.780000 0.530000 1.020000 6.700000 0.780000 0.780000
152999.984375 75.360001 0.084000
1.073000 0.050000 0.116600
2.759175 5.892340 0.039279 0.000000
0.000000

0.158337 16.127539 78.311279
2.505017 0.278395 39.719257 232.803482 2902.438477
0.000000 0.000379 0.006757 0.007804 0.000000 0.000000
0.000004 0.000000 0.000122
3.016774 0.647427 0.000000
764.299377 0.000000
0.000000 0.000000 0.000000 0.000000
0.000000 0.063031
11 0.015000 0.120000 0.018000
0.547000 0.580000 0.780000 0.490000 1.150000 6.700000 0.650000 0.650000
172500.000000 75.360001 0.084000
1.073000 0.050000 0.116600
2.544430 8.060648 0.035461 0.000000
0.000000

0.148028 15.005752 73.229546
2.369614 0.263343 37.656258 220.312149 2903.026611
0.000000 0.000762 0.009717 0.003902 0.000000 0.000000
0.000004 0.000001 0.000103
2.882056 0.647427 0.000000
764.299377 0.000000
0.000000 0.000000 0.000000 0.000000
0.000000 0.064343
11 0.015000 0.135000 0.018000
0.547000 0.580000 0.780000 0.490000 1.150000 6.700000 0.650000 0.650000
172500.000000 75.360001 0.084000
1.073000 0.050000 0.116600
2.548841 8.969395 0.039460 0.000000
0.000000

0.146966 15.071007 68.830475
2.240227 0.248961 35.739239 208.155289 2903.643066
0.000000 0.000992 0.010387 0.001951 0.000000 0.000000
0.000003 0.000001 0.000085
2.754050 0.647427 0.000000
764.299377 0.000000
0.000000 0.000000 0.000000 0.000000
0.000000 0.065779
11 0.015000 0.150000 0.018000
0.547000 0.580000 0.780000 0.490000 1.150000 6.700000 0.650000 0.650000
172500.000000 75.360001 0.084000
1.073000 0.050000 0.116600
2.552930 9.808089 0.043150 0.000000
0.000000

0.135638 29.635931 65.603142
2.204130 0.244948 35.318207 205.582748 2904.724609
0.000000 0.001014 0.009700 0.000975 0.000000 0.000000
0.000003 0.000001 0.000073
2.633039 0.647427 0.000000
764.299377 0.000000
0.000000 0.000000 0.000000 0.000000
0.000000 0.077123
11 0.015000 0.165000 0.018000
0.547000 0.580000 0.780000 0.490000 1.150000 6.700000 0.650000 0.650000
172500.000000 75.360001 0.084000
1.073000 0.050000 0.116600
2.556956 11.393610 0.050125 0.000000
0.000000

0.126488 27.632086 61.387489
2.089385 0.232194 33.534649 194.919281 2905.331299
0.000000 0.001036 0.009329 0.000488 0.000000 0.000000
0.000002 0.000003 0.000056
2.519262 0.647427 0.000000
764.299377 0.000000
0.000000 0.000000 0.000000 0.000000
0.000000 0.079759
11 0.015000 0.180000 0.018000
0.547000 0.580000 0.780000 0.490000 1.150000 6.700000 0.650000 0.650000
172500.000000 75.360001 0.084000
1.073000 0.050000 0.116600
2.560469 10.347406 0.045522 0.000000
0.000000

0.116547 25.686468 57.342644
1.982840 0.220352 31.845068 185.044891 2905.864014
0.000000 0.000939 0.008293 0.000244 0.000000 0.000000
0.000002 0.000005 0.000043
2.412916 0.647427 0.000000
764.299377 0.000000
0.000000 0.000000 0.000000 0.000000
0.000000 0.085254
11 0.015000 0.195000 0.018000
0.547000 0.580000 0.780000 0.490000 1.150000 6.700000 0.650000 0.650000
172500.000000 75.360001 0.084000
1.073000 0.050000 0.116600
2.563482 10.336573 0.045475 0.000000
0.000000

0.094248 22.128809 50.470638
1.876205 0.208500 29.881721 175.486511 2902.825684
0.000000 0.000864 0.007550 0.000122 0.000000 0.000000
0.000002 0.000005 0.000032
2.314211 0.650000 0.000000
764.299377 0.000000
0.000000 0.000000 0.000000 0.000000
0.000000 0.085601
11 0.015000 0.210000 0.018000
0.547000 0.580000 0.780000 0.490000 1.150000 6.700000 0.650000 0.650000
172500.000000 75.360001 0.084000
1.073000 0.050000 0.116600
2.554954 8.410689 0.037149 0.000000
0.000000

0.086873 20.516092 48.235867
1.515362 0.168399 24.131350 141.652924 1518.759033
0.000000 0.000889 0.007933 0.000061 0.000000 0.000000
0.000001 0.000008 0.000006
2.222091 0.650000 0.000000
764.299377 0.000000
0.000000 0.000000 0.000000 0.000000
0.000000 0.086832
11 0.015000 0.225000 0.009000
0.527000 0.580000 0.780000 0.490000 1.200000 6.700000 0.650000 0.650000
180000.015625 75.360001 0.084000
1.073000 0.050000 0.116600
1.333905 8.467340 0.034530 0.000000
0.000000

0.080927 19.122494 44.769459
1.427858 0.158674 22.763151 133.494431 1518.556030
0.000000 0.000835 0.007355 0.000030 0.000000 0.000000
0.000000 0.000006 0.000004
2.136048 0.650000 0.000000
764.299377 0.000000
0.000000 0.000000 0.000000 0.000000
0.000000 0.089974
11 0.015000 0.240000 0.009000
0.527000 0.580000 0.780000 0.490000 1.200000 6.700000 0.650000 0.650000
180000.015625 75.360001 0.084000
1.073000 0.050000 0.116600
1.334757 7.863609 0.032068 0.000000
0.000000

0.074727 17.771702 41.546169
1.346894 0.149675 21.486040 125.951508 1518.396973
0.000000 0.000767 0.006550 0.000015 0.000000 0.000000
0.000000 0.000005 0.000003
2.062370 0.650000 0.000000
764.299377 0.000000
0.000000 0.000000 0.000000 0.000000
0.000000 0.095509
11 0.015000 0.255000 0.009000
0.527000 0.580000 0.780000 0.490000 1.200000 6.700000 0.650000 0.650000
180000.015625 75.360001 0.084000
1.073000 0.050000 0.116600
1.335535 7.097497 0.029066 0.000000
0.000000

0.069386 16.541504 38.566612
1.271626 0.141310 20.302565 118.928665 1518.213867
0.000000 0.000737 0.005896 0.000008 0.000000 0.000000
0.000000 0.000003 0.000002
2.000535 0.650000 0.000000
764.299377 0.000000
0.000000 0.000000 0.000000 0.000000
0.000000 0.101117
11 0.015000 0.270000 0.009000
0.527000 0.580000 0.780000 0.490000 1.200000 6.700000 0.650000 0.650000
180000.015625 75.360001 0.084000
1.073000 0.050000 0.116600
1.336247 6.660074 0.027539 0.000000
0.000000

0.064037 15.361612 35.815331
1.201749 0.133545 19.195774 112.413071 1518.065674
0.000000 0.000756 0.005482 0.000004 0.000000 0.000000
0.000000 0.000004 0.000001
1.948578 0.650000 0.000000
764.299377 0.000000
0.000000 0.000000 0.000000 0.000000
0.000000 0.105631
11 0.015000 0.285000 0.009000
0.527000 0.580000 0.780000 0.490000 1.200000 6.700000 0.650000 0.650000
180000.015625 75.360001 0.084000
1.073000 0.050000 0.116600
1.336856 6.253747 0.026200 0.000000
0.000000

0.059395 14.286537 33.292686
1.136816 0.126329 18.170647 106.351318 1517.967041
0.000000 0.000821 0.005141 0.000002 0.000000 0.000000
0.000000 0.000004 0.000002
1.902093 0.650000 0.000000
764.299377 0.000000
0.000000 0.000000 0.000000 0.000000
0.000000 0.108456
11 0.015000 0.300000 0.009000
0.527000 0.580000 0.780000 0.490000 1.200000 6.700000 0.650000 0.650000
180000.015625 75.360001 0.084000
1.073000 0.050000 0.116600
1.337486 5.874222 0.024823 0.000000
0.000000

0.054861 13.267327 30.925554
1.076626 0.119640 17.216511 100.733818 1517.819824
0.000000 0.001013 0.004934 0.000001 0.000000 0.000000
0.000000 0.000004 0.000002
1.863827 0.650000 0.000000
764.299377 0.000000
0.000000 0.000000 0.000000 0.000000
0.000000 0.110535
11 0.015000 0.315000 0.009000
0.527000 0.580000 0.780000 0.490000 1.200000 6.700000 0.650000 0.650000
180000.015625 75.360001 0.084000
1.073000 0.050000 0.116600
1.338064 5.408544 0.022934 0.000000
0.000000

0.050763 12.319635 29.142967
0.950610 0.105636 15.204442 88.925591 1160.592651
0.000000 0.001166 0.005636 0.000000 0.000000 0.000000
0.000000 0.000003 0.000002
1.833217 0.650000 0.000000
764.299377 0.000000
0.000000 0.000000 0.000000 0.000000
0.000000 0.112860
11 0.015000 0.330000 0.006600
0.497000 0.580000 0.780000 0.490000 1.250000 6.700000 0.650000 0.650000
187499.984375 75.360001 0.084000
1.073000 0.050000 0.116600
1.022538 5.530558 0.021286 0.000000
0.000000

0.046909 11.439746 27.020315
0.898803 0.099879 14.381545 84.087967 1160.429688
0.000000 0.001165 0.005791 0.000000 0.000000 0.000000
0.000000 0.000003 0.000002
1.810250 0.650000 0.000000
764.299377 0.000000
0.000000 0.000000 0.000000 0.000000
0.000000 0.114378
11 0.015000 0.345000 0.006600
0.497000 0.580000 0.780000 0.490000 1.250000 6.700000 0.650000 0.650000
187499.984375 75.360001 0.084000
1.073000 0.050000 0.116600
1.022918 5.306030 0.020399 0.000000
0.000000

0.043497 10.631897 25.060087
0.850687 0.094532 13.618787 79.591011 1160.343262
0.000000 0.001044 0.005590 0.000000 0.000000 0.000000
0.000000 0.000002 0.000003
1.795112 0.650000 0.000000
764.299377 0.000000
0.000000 0.000000 0.000000 0.000000
0.000000 0.115163
11 0.015000 0.360000 0.006600
0.497000 0.580000 0.780000 0.490000 1.250000 6.700000 0.650000 0.650000
187499.984375 75.360001 0.084000
1.073000 0.050000 0.116600
1.023301 4.834642 0.018548 0.000000
0.000000

0.040247 9.874877 23.235500
0.805950 0.089560 12.907977 75.410034 1160.229004
0.000000 0.000981 0.005848 0.000000 0.000000 0.000000
0.000000 0.000002 0.000003
1.787547 0.650000 0.000000
764.299377 0.000000
0.000000 0.000000 0.000000 0.000000
0.000000 0.114453
11 0.015000 0.375000 0.006600
0.497000 0.580000 0.780000 0.490000 1.250000 6.700000 0.650000 0.650000
187499.984375 75.360001 0.084000
1.073000 0.050000 0.116600
1.023598 4.452200 0.017038 0.000000
0.000000

0.037255 9.170876 21.546413
0.764442 0.084948 12.247455 71.530357 1160.130371
0.000000 0.000954 0.006129 0.000000 0.000000 0.000000
0.000000 0.000002 0.000003
1.787278 0.650000 0.000000
764.299377 0.000000
0.000000 0.000000 0.000000 0.000000
0.000000 0.112781
11 0.015000 0.390000 0.006600
0.497000 0.580000 0.780000 0.490000 1.250000 6.700000 0.650000 0.650000
187499.984375 75.360001 0.084000
1.073000 0.050000 0.116600
1.023894 4.074718 0.015551 0.000000
0.000000

0.034459 8.514047 19.972801
0.725900 0.080665 11.633911 67.927002 1160.019653
0.000000 0.000947 0.006434 0.000000 0.000000 0.000000
0.000000 0.000002 0.000004
1.794008 0.650000 0.000000
764.299377 0.000000
0.000000 0.000000 0.000000 0.000000
0.000000 0.110826
11 0.015000 0.405000 0.006600
0.497000 0.580000 0.780000 0.490000 1.250000 6.700000 0.650000 0.650000
187499.984375 75.360001 0.084000
1.073000 0.050000 0.116600
1.024137 3.804338 0.014483 0.000000
0.000000

0.031872 7.902809 19.856298
0.574368 0.063826 9.200601 53.706074 581.465942
0.000000 0.000747 0.003898 0.000000 0.000000 0.000000
0.000000 0.000001 0.000002
1.807489 0.650000 0.000000
764.299377 0.000000
0.000000 0.000000 0.000000 0.000000
0.000000 0.110502
11 0.015000 0.420000 0.003300
0.487000 0.580000 0.780000 0.490000 1.250000 6.700000 0.650000 0.650000
187499.984375 75.360001 0.084000
1.073000 0.050000 0.116600
0.512181 3.599120 0.013403 0.000000
0.000000

0.029472 7.335917 18.223434
0.541672 0.060193 8.678789 50.650871 581.327759
0.000000 0.000689 0.005304 0.000000 0.000000 0.000000
0.000000 0.000002 0.000002
1.827352 0.650000 0.000000
764.299377 0.000000
0.000000 0.000000 0.000000 0.000000
0.000000 0.109972
11 0.015000 0.435000 0.003300
0.487000 0.580000 0.780000 0.490000 1.250000 6.700000 0.650000 0.650000
187499.984375 75.360001 0.084000
1.073000 0.050000 0.116600
0.512293 3.323441 0.012350 0.000000
0.000000

0.027253 6.811638 16.734907
0.511297 0.056817 8.193966 47.811707 581.217651
0.000000 0.000678 0.006276 0.000000 0.000000 0.000000
0.000000 0.000002 0.000002
1.853203 0.650000 0.000000
764.299377 0.000000
0.000000 0.000000 0.000000 0.000000
0.000000 0.108947
11 0.015000 0.450000 0.003300
0.487000 0.580000 0.780000 0.490000 1.250000 6.700000 0.650000 0.650000
187499.984375 75.360001 0.084000
1.073000 0.050000 0.116600
0.512396 3.087613 0.011451 0.000000
0.000000

0.025197 6.318997 15.365342
0.483115 0.053686 7.743906 45.177364 581.096191
0.000000 0.000685 0.007030 0.000000 0.000000 0.000000
0.000000 0.000002 0.000002
1.884706 0.650000 0.000000
764.299377 0.000000
0.000000 0.000000 0.000000 0.000000
0.000000 0.107445
11 0.015000 0.465000 0.003300
0.487000 0.580000 0.780000 0.490000 1.250000 6.700000 0.650000 0.650000
187499.984375 75.360001 0.084000
1.073000 0.050000 0.116600
0.512488 2.858716 0.010582 0.000000
0.000000

0.023300 5.864911 14.143118
0.456852 0.050767 7.324215 42.721939 580.998718
0.000000 0.000699 0.007853 0.000000 0.000000 0.000000
0.000000 0.000001 0.000003
1.921520 0.650000 0.000000
764.299377 0.000000
0.000000 0.000000 0.000000 0.000000
0.000000 0.105582
11 0.015000 0.480000 0.003300
0.487000 0.580000 0.780000 0.490000 1.250000 6.700000 0.650000 0.650000
187499.984375 75.360001 0.084000
1.073000 0.050000 0.116600
0.512587 2.587183 0.009560 0.000000
0.000000

0.021544 5.441370 13.030025
0.432416 0.048052 6.933545 40.437317 580.912659
0.000000 0.000709 0.008448 0.000000 0.000000 0.000000
0.000000 0.000001 0.000003
1.963306 0.650000 0.000000
764.299377 0.000000
0.000000 0.000000 0.000000 0.000000
0.000000 0.103436
11 0.015000 0.495000 0.003300
0.487000 0.580000 0.780000 0.490000 1.250000 6.700000 0.650000 0.650000
187499.984375 75.360001 0.084000
1.073000 0.050000 0.116600
0.512683 2.396745 0.008841 0.000000
0.000000

0.019923 5.049851 12.015826
0.409691 0.045527 6.570048 38.312366 580.822144
0.000000 0.000713 0.008949 0.000000 0.000000 0.000000
0.000000 0.000001 0.000003
2.009727 0.650000 0.000000
764.299377 0.000000
0.000000 0.000000 0.000000 0.000000
0.000000 0.101072
11 0.015000 0.510000 0.003300
0.487000 0.580000 0.780000 0.490000 1.250000 6.700000 0.650000 0.650000
187499.984375 75.360001 0.084000
1.073000 0.050000 0.116600
0.512765 2.218724 0.008172 0.000000
0.000000

0.018425 4.687134 18.277050
0.289598 0.032182 4.632247 27.009224 177.062454
0.000000 0.000295 0.000075 0.000000 0.000000 0.000000
0.000000 0.000000 0.000000
2.060450 0.650000 0.000000
764.299377 0.000000
0.000000 0.000000 0.000000 0.000000
0.000000 0.098570
11 0.015000 0.525000 0.001000
0.487000 0.580000 0.780000 0.490000 1.250000 6.700000 0.650000 0.650000
187499.984375 75.360001 0.084000
1.073000 0.050000 0.116600
0.155407 2.046103 0.007525 0.000000
0.000000

0.017039 4.345591 16.378571
0.272916 0.030328 4.366089 25.455454 176.975891
0.000000 0.000112 0.000065 0.000000 0.000000 0.000000
0.000000 0.000000 0.000000
2.115146 0.650000 0.000000
764.299377 0.000000
0.000000 0.000000 0.000000 0.000000
0.000000 0.095308
11 0.015000 0.540000 0.001000
0.487000 0.580000 0.780000 0.490000 1.250000 6.700000 0.650000 0.650000
187499.984375 75.360001 0.084000
1.073000 0.050000 0.116600
0.155427 1.878447 0.006900 0.000000
0.000000

0.015794 4.033010 14.744308
0.257117 0.028572 4.114164 23.982748 176.891800
0.000000 0.000020 0.000050 0.000000 0.000000 0.000000
0.000000 0.000000 0.000000
2.173497 0.650000 0.000000
764.299377 0.000000
0.000000 0.000000 0.000000 0.000000
0.000000 0.092132
11 0.015000 0.555000 0.001000
0.487000 0.580000 0.780000 0.490000 1.250000 6.700000 0.650000 0.650000
187499.984375 75.360001 0.084000
1.073000 0.050000 0.116600
0.155452 1.667021 0.006115 0.000000
0.000000

0.014613 3.741640 13.089081
0.242626 0.026962 3.885415 22.646214 176.822159
0.000000 0.000000 0.000041 0.000000 0.000000 0.000000
0.000000 0.000000 0.000000
2.235194 0.650000 0.000000
764.299377 0.000000
0.000000 0.000000 0.000000 0.000000
0.000000 0.088744
11 0.015000 0.570000 0.001000
0.487000 0.580000 0.780000 0.490000 1.250000 6.700000 0.650000 0.650000
187499.984375 75.360001 0.084000
1.073000 0.050000 0.116600
0.155472 1.518921 0.005564 0.000000
0.000000

0.013517 3.470805 11.884707
0.228261 0.025366 3.659273 21.325787 176.749786
0.000000 0.000000 0.000036 0.000000 0.000000 0.000000
0.000000 0.000000 0.000000
2.299940 0.650000 0.000000
764.299377 0.000000
0.000000 0.000000 0.000000 0.000000
0.000000 0.085243
11 0.015000 0.585000 0.001000
0.487000 0.580000 0.780000 0.490000 1.250000 6.700000 0.650000 0.650000
187499.984375 75.360001 0.084000
1.073000 0.050000 0.116600
0.155496 1.383880 0.005064 0.000000
0.000000

0.012504 3.219381 10.999599
0.214490 0.023836 3.439506 20.042997 176.679428
0.000000 0.000000 0.000037 0.000000 0.000000 0.000000
0.000000 0.000000 0.000000
2.367448 0.650000 0.000000
764.299377 0.000000
0.000000 0.000000 0.000000 0.000000
0.000000 0.082353
11 0.015000 0.600000 0.001000
0.487000 0.580000 0.780000 0.490000 1.250000 6.700000 0.650000 0.650000
187499.984375 75.360001 0.084000
1.073000 0.050000 0.116600
0.155515 1.244899 0.004550 0.000000
0.000000

0.011570 2.990766 9.569471
0.203434 0.022607 3.262996 19.012594 176.617950
0.000000 0.000000 0.000036 0.000000 0.000000 0.000000
0.000000 0.000000 0.000000
2.437441 0.650000 0.000000
764.299377 0.000000
0.000000 0.000000 0.000000 0.000000
0.000000 0.081441
11 0.015000 0.615000 0.001000
0.487000 0.580000 0.780000 0.490000 1.250000 6.700000 0.650000 0.650000
187499.984375 75.360001 0.084000
1.073000 0.050000 0.116600
0.155539 1.129221 0.004124 0.000000
0.000000

0.010705 2.776773 8.021916
0.194101 0.021570 3.108975 18.113556 176.576538
0.000000 0.000002 0.000286 0.000000 0.000000 0.000000
0.000000 0.000000 0.000001
2.509659 0.650000 0.000000
764.299377 0.000000
0.000000 0.000000 0.000000 0.000000
0.000000 0.080795
11 0.015000 0.630000 0.001000
0.487000 0.580000 0.780000 0.490000 1.250000 6.700000 0.650000 0.650000
187499.984375 75.360001 0.084000
1.073000 0.050000 0.116600
0.155554 1.026083 0.003744 0.000000
0.000000

0.009904 2.576021 6.613912
0.184823 0.020539 2.961463 17.252680 176.542786
0.000000 0.000014 0.001252 0.000000 0.000000 0.000000
0.000000 0.000000 0.000002
2.583851 0.650000 0.000000
764.299377 0.000000
0.000000 0.000000 0.000000 0.000000
0.000000 0.078391
11 0.015000 0.645000 0.001000
0.487000 0.580000 0.780000 0.490000 1.250000 6.700000 0.650000 0.650000
187499.984375 75.360001 0.084000
1.073000 0.050000 0.116600
0.155573 1.583708 0.005782 0.000000
0.000000

0.009166 2.395131 5.798495
0.174817 0.019427 2.801606 16.320126 176.507278
0.000000 0.000049 0.003723 0.000000 0.000000 0.000000
0.000000 0.000000 0.000002
2.659780 0.650000 0.000000
764.299377 0.000000
0.000000 0.000000 0.000000 0.000000
0.000000 0.075607
11 0.015000 0.660000 0.001000
0.487000 0.580000 0.780000 0.490000 1.250000 6.700000 0.650000 0.650000
187499.984375 75.360001 0.084000
1.073000 0.050000 0.116600
0.155629 1.629835 0.005956 0.000000
0.000000

0.008482 2.224028 5.287322
0.165038 0.018340 2.645068 15.407063 176.472366
0.000000 0.000118 0.007669 0.000000 0.000000 0.000000
0.000000 0.000000 0.000002
2.737221 0.650000 0.000000
764.299377 0.000000
0.000000 0.000000 0.000000 0.000000
0.000000 0.073065
11 0.015000 0.675000 0.001000
0.487000 0.580000 0.780000 0.490000 1.250000 6.700000 0.650000 0.650000
187499.984375 75.360001 0.084000
1.073000 0.050000 0.116600
0.155690 1.692385 0.006190 0.000000
0.000000

0.007851 2.067941 4.912410
0.155742 0.017307 2.496614 14.537963 176.430252
0.000000 0.021333 0.011583 0.000000 0.000000 0.000000
0.000000 0.000001 0.000000
2.815964 0.650000 0.000000
764.299377 0.000000
0.000000 0.000000 0.000000 0.000000
0.000000 0.071091
11 0.015000 0.690000 0.001000
0.487000 0.580000 0.780000 0.490000 1.250000 6.700000 0.650000 0.650000
187499.984375 75.360001 0.084000
1.073000 0.050000 0.116600
0.155761 1.619525 0.005926 0.000000
0.000000

0.007268 1.924066 4.580529
0.147092 0.016346 2.359118 13.728560 176.398193
0.000000 0.096607 0.015378 0.000000 0.000000 0.000000
0.000000 0.000000 0.000000
2.895807 0.650000 0.000000
764.299377 0.000000
0.000000 0.000000 0.000000 0.000000
0.000000 0.285056
11 0.015000 0.705000 0.001000
0.487000 0.580000 0.780000 0.490000 1.250000 6.700000 0.650000 0.650000
187499.984375 75.360001 0.084000
1.073000 0.050000 0.116600
0.155832 1.828991 0.006824 0.000000
0.000000

0.006830 1.804665 4.301338
0.139115 0.015460 2.234357 12.979793 176.378922
0.000000 0.462949 0.019101 0.000000 0.000000 0.000000
0.000000 0.000000 0.000000
2.970876 0.650000 0.000000
764.299377 0.000000
0.000000 0.000000 0.000000 0.000000
0.000000 0.941572
11 0.015000 0.720000 0.001000
0.487000 0.580000 0.780000 0.490000 1.250000 6.700000 0.650000 0.650000
187499.984375 75.360001 0.084000
1.073000 0.050000 0.116600
0.155983 2.013745 0.007439 0.000000
0.000000

0.006557 1.728297 4.149217
0.132002 0.014669 2.131868 12.312779 176.415131
0.000000 7.308401 0.023204 0.000000 0.000000 0.000000
0.000000 0.000000 0.000000
3.039691 0.824328 0.000000
764.299377 0.000000
0.000000 0.000000 0.000000 0.000000
0.000000 16.806747
11 0.015000 0.735000 0.001000
0.487000 0.580000 0.780000 0.490000 1.250000 6.700000 0.650000 0.650000
187499.984375 75.360001 0.084000
1.073000 0.050000 0.116600
0.156512 2.122839 0.009934 0.000000
0.000000

0.000000 0.232481 5.744109
0.084026 0.009337 1.411370 7.809879 177.242950
0.000000 2.118591 0.019696 0.000000 0.000000 0.000000
0.000000 0.000000 0.000000
3.107190 1.000000 0.000000
764.299377 0.000000
0.000000 0.000000 0.000000 0.000000
0.000000 0.815874
11 0.015000 0.750000 0.001000
0.487000 0.580000 0.780000 0.490000 1.250000 6.700000 0.650000 0.650000
187499.984375 75.360001 0.084000
1.073000 0.050000 0.116600
0.160925 0.222475 0.001240 0.000000
0.000000

0.000000 0.225599 5.631087
0.080777 0.008976 1.357418 7.506549 177.443863
0.000000 0.535411 0.018429 0.000000 0.000000 0.000000
0.000000 0.000000 0.000000
3.175246 1.000000 0.000000
764.299377 0.000000
0.000000 0.000000 0.000000 0.000000
0.000000 0.817958
11 0.015000 0.765000 0.001000
0.487000 0.580000 0.780000 0.490000 1.250000 6.700000 0.650000 0.650000
187499.984375 75.360001 0.084000
1.073000 0.050000 0.116600
0.161509 0.197235 0.001099 0.000000
0.000000

0.000000 0.212267 5.312511
0.077791 0.008644 1.307360 7.229070 177.479370
0.000000 0.176110 0.017866 0.000000 0.000000 0.000000
0.000000 0.000001 0.000000
3.243734 1.000000 0.000000
764.299377 0.000000
0.000000 0.000000 0.000000 0.000000
0.000000 0.827454
11 0.015000 0.780000 0.001000
0.487000 0.580000 0.780000 0.490000 1.250000 6.700000 0.650000 0.650000
187499.984375 75.360001 0.084000
1.073000 0.050000 0.116600
0.161640 0.160812 0.000896 0.000000
0.000000

0.000000 0.205360 5.072179
0.075157 0.008351 1.264288 6.982884 177.616196
0.000000 0.079391 0.017010 0.000000 0.000000 0.000000
0.000000 0.000001 0.000000
3.312538 1.000000 0.000000
764.299377 0.000000
0.000000 0.000000 0.000000 0.000000
0.000000 0.836510
11 0.015000 0.795000 0.001000
0.487000 0.580000 0.780000 0.490000 1.250000 6.700000 0.650000 0.650000
187499.984375 75.360001 0.084000
1.073000 0.050000 0.116600
0.162046 0.145843 0.000813 0.000000
0.000000

0.000000 0.192158 4.738651
0.072645 0.008072 1.222676 6.749251 177.623276
0.000000 0.060122 0.016891 0.000000 0.000000 0.000000
0.000000 0.000002 0.000000
3.381554 1.000000 0.000000
764.299377 0.000000
0.000000 0.000000 0.000000 0.000000
0.000000 0.911965
11 0.015000 0.810000 0.001000
0.487000 0.580000 0.780000 0.490000 1.250000 6.700000 0.650000 0.650000
187499.984375 75.360001 0.084000
1.073000 0.050000 0.116600
0.162085 0.132632 0.000739 0.000000
0.000000

0.000000 0.178868 4.423243
0.070346 0.007817 1.184131 6.535806 177.632004
0.000000 0.142792 0.018113 0.000000 0.000000 0.000000
0.000000 0.000001 0.000000
3.450689 1.000000 0.000000
764.299377 0.000000
0.000000 0.000000 0.000000 0.000000
0.000000 1.188620
11 0.015000 0.825000 0.001000
0.487000 0.580000 0.780000 0.490000 1.250000 6.700000 0.650000 0.650000
187499.984375 75.360001 0.084000
1.073000 0.050000 0.116600
0.162123 0.121074 0.000674 0.000000
0.000000

0.000000 0.167878 4.146930
0.068190 0.007577 1.147995 6.335710 177.651505
0.000000 0.897586 0.020197 0.000000 0.000000 0.000000
0.000000 0.000000 0.000000
3.519859 1.000000 0.000000
764.299377 0.000000
0.000000 0.000000 0.000000 0.000000
0.000000 1.910594
11 0.015000 0.840000 0.001000
0.487000 0.580000 0.780000 0.490000 1.250000 6.700000 0.650000 0.650000
187499.984375 75.360001 0.084000
1.073000 0.050000 0.116600
0.162188 0.124957 0.000696 0.000000
0.000000

0.000000 0.156307 3.870168
0.066219 0.007358 1.114963 6.152797 177.658661
0.000000 3.793844 0.029925 0.000000 0.000000 0.000000
0.000000 0.000000 0.000000
3.588987 1.000000 0.000000
764.299377 0.000000
0.000000 0.000000 0.000000 0.000000
0.000000 2.504080
11 0.015000 0.855000 0.001000
0.487000 0.580000 0.780000 0.490000 1.250000 6.700000 0.650000 0.650000
187499.984375 75.360001 0.084000
1.073000 0.050000 0.116600
0.162221 0.147181 0.000820 0.000000
0.000000

0.000000 0.000000 0.219443
0.041974 0.004664 0.708207 3.907754 178.061874
0.000000 6.918616 0.019894 0.000000 0.000000 0.000000
0.000000 0.000000 0.000000
3.658006 1.000000 0.000000
764.299377 0.000000
0.000000 0.000000 0.000000 0.000000
0.000000 0.954597
11 0.015000 0.870000 0.001000
0.487000 0.580000 0.780000 0.490000 1.250000 6.700000 0.650000 0.650000
187499.984375 75.360001 0.084000
1.073000 0.050000 0.116600
0.163421 0.091470 0.000509 0.000000
0.000000

0.000000 0.000000 0.220774
0.041994 0.004666 0.708600 3.909551 178.070755
0.000000 7.589221 0.019331 0.000000 0.000000 0.000000
0.000000 0.000000 0.000000
3.726855 1.000000 0.000000
764.299377 0.000000
0.000000 0.000000 0.000000 0.000000
0.000000 0.957480
11 0.015000 0.885000 0.001000
0.487000 0.580000 0.780000 0.490000 1.250000 6.700000 0.650000 0.650000
187499.984375 75.360001 0.084000
1.073000 0.050000 0.116600
0.163443 0.091617 0.000510 0.000000
0.000000

0.000000 0.000000 0.221733
0.042008 0.004668 0.708905 3.910855 178.080200
0.000000 5.885051 0.018613 0.000000 0.000000 0.000000
0.000000 0.000000 0.000000
3.795481 1.000000 0.000000
764.299377 0.000000
0.000000 0.000000 0.000000 0.000000
0.000000 0.961147
11 0.015000 0.900000 0.001000
0.487000 0.580000 0.780000 0.490000 1.250000 6.700000 0.650000 0.650000
187499.984375 75.360001 0.084000
1.073000 0.050000 0.116600
0.163460 0.091475 0.000509 0.000000
0.000000

0.000000 0.000000 0.222603
0.042022 0.004669 0.709182 3.912024 178.091675
0.000000 3.537494 0.018127 0.000000 0.000000 0.000000
0.000000 0.000000 0.000000
3.863836 1.000000 0.000000
764.299377 0.000000
0.000000 0.000000 0.000000 0.000000
0.000000 0.963830
11 0.015000 0.915000 0.001000
0.487000 0.580000 0.780000 0.490000 1.250000 6.700000 0.650000 0.650000
187499.984375 75.360001 0.084000
1.073000 0.050000 0.116600
0.163473 0.091518 0.000510 0.000000
0.000000

0.000000 0.000000 0.223446
0.042034 0.004671 0.709449 3.913134 178.099686
0.000000 1.772601 0.017833 0.000000 0.000000 0.000000
0.000000 0.000000 0.000000
3.931876 1.000000 0.000000
764.299377 0.000000
0.000000 0.000000 0.000000 0.000000
0.000000 0.965345
11 0.015000 0.930000 0.001000
0.487000 0.580000 0.780000 0.490000 1.250000 6.700000 0.650000 0.650000
187499.984375 75.360001 0.084000
1.073000 0.050000 0.116600
0.163487 0.091390 0.000509 0.000000
0.000000

0.000000 0.000000 0.224291
0.042047 0.004672 0.709709 3.914218 178.107559
0.000000 0.816002 0.017663 0.000000 0.000000 0.000000
0.000000 0.000000 0.000000
3.999565 1.000000 0.000000
764.299377 0.000000
0.000000 0.000000 0.000000 0.000000
0.000000 0.966051
11 0.015000 0.945000 0.001000
0.487000 0.580000 0.780000 0.490000 1.250000 6.700000 0.650000 0.650000
187499.984375 75.360001 0.084000
1.073000 0.050000 0.116600
0.163502 0.091575 0.000510 0.000000
0.000000

0.000000 0.000000 0.225151
0.042060 0.004674 0.709982 3.915371 178.115417
0.000000 0.409087 0.017497 0.000000 0.000000 0.000000
0.000000 0.000000 0.000000
4.066868 1.000000 0.000000
764.299377 0.000000
0.000000 0.000000 0.000000 0.000000
0.000000 0.966276
11 0.015000 0.960000 0.001000
0.487000 0.580000 0.780000 0.490000 1.250000 6.700000 0.650000 0.650000
187499.984375 75.360001 0.084000
1.073000 0.050000 0.116600
0.163516 0.091528 0.000510 0.000000
0.000000

0.000000 0.000000 0.226426
0.042079 0.004676 0.710355 3.917084 178.123550
0.000000 0.265631 0.017407 0.000000 0.000000 0.000000
0.000000 0.000001 0.000000
4.133756 1.000000 0.000000
764.299377 0.000000
0.000000 0.000000 0.000000 0.000000
0.000000 0.966248
11 0.015000 0.975000 0.001000
0.487000 0.580000 0.780000 0.490000 1.250000 6.700000 0.650000 0.650000
187499.984375 75.360001 0.084000
1.073000 0.050000 0.116600
0.163536 0.091490 0.000510 0.000000
0.000000

0.000000 0.000000 0.227461
0.042094 0.004678 0.710661 3.918431 178.132782
0.000000 0.215526 0.017330 0.000000 0.000000 0.000000
0.000000 0.000001 0.000000
4.200202 1.000000 0.000000
764.299377 0.000000
0.000000 0.000000 0.000000 0.000000
0.000000 0.966018
11 0.015000 0.990000 0.001000
0.487000 0.580000 0.780000 0.490000 1.250000 6.700000 0.650000 0.650000
187499.984375 75.360001 0.084000
1.073000 0.050000 0.116600
0.163550 0.091457 0.000509 0.000000
0.000000

0.000000 0.000000 0.228262
0.042106 0.004679 0.710909 3.919474 178.142410
0.000000 0.186361 0.017198 0.000000 0.000000 0.000000
0.000000 0.000001 0.000000
4.266182 1.000000 0.000000
764.299377 0.000000
0.000000 0.000000 0.000000 0.000000
0.000000 0.965664
11 0.015000 1.005000 0.001000
0.487000 0.580000 0.780000 0.490000 1.250000 6.700000 0.650000 0.650000
187499.984375 75.360001 0.084000
1.073000 0.050000 0.116600
0.163565 0.091625 0.000510 0.000000
0.000000

0.000000 0.000000 0.229375
0.042122 0.004681 0.711229 3.920903 178.149765
0.000000 0.156719 0.017135 0.000000 0.000000 0.000000
0.000000 0.000001 0.000000
4.331677 1.000000 0.000000
764.299377 0.000000
0.000000 0.000000 0.000000 0.000000
0.000000 0.965257
11 0.015000 1.020000 0.001000
0.487000 0.580000 0.780000 0.490000 1.250000 6.700000 0.650000 0.650000
187499.984375 75.360001 0.084000
1.073000 0.050000 0.116600
0.163583 0.091479 0.000509 0.000000
0.000000

0.000000 0.000000 0.230164
0.042134 0.004682 0.711477 3.921947 178.157043
0.000000 0.124986 0.017057 0.000000 0.000000 0.000000
0.000000 0.000001 0.000000
4.396667 1.000000 0.000000
764.299377 0.000000
0.000000 0.000000 0.000000 0.000000
0.000000 0.964773
11 0.015000 1.035000 0.001000
0.487000 0.580000 0.780000 0.490000 1.250000 6.700000 0.650000 0.650000
187499.984375 75.360001 0.084000
1.073000 0.050000 0.116600
0.163595 0.091714 0.000511 0.000000
0.000000

0.000000 0.000000 0.231004
0.042147 0.004683 0.711731 3.923030 178.164993
0.000000 0.094625 0.016977 0.000000 0.000000 0.000000
0.000000 0.000002 0.000000
4.461136 1.000000 0.000000
764.299377 0.000000
0.000000 0.000000 0.000000 0.000000
0.000000 0.964264
11 0.015000 1.050000 0.001000
0.487000 0.580000 0.780000 0.490000 1.250000 6.700000 0.650000 0.650000
187499.984375 75.360001 0.084000
1.073000 0.050000 0.116600
0.163609 0.091530 0.000510 0.000000
0.000000

0.000000 0.000000 0.231775
0.042158 0.004685 0.711961 3.923984 178.172699
0.000000 0.068678 0.016892 0.000000 0.000000 0.000000
0.000000 0.000002 0.000000
4.525070 1.000000 0.000000
764.299377 0.000000
0.000000 0.000000 0.000000 0.000000
0.000000 0.963714
11 0.015000 1.065000 0.001000
0.487000 0.580000 0.780000 0.490000 1.250000 6.700000 0.650000 0.650000
187499.984375 75.360001 0.084000
1.073000 0.050000 0.116600
0.163619 0.091726 0.000511 0.000000
0.000000

0.000000 0.000000 0.232574
0.042169 0.004686 0.712202 3.925003 178.180283
0.000000 0.048329 0.016783 0.000000 0.000000 0.000000
0.000000 0.000003 0.000000
4.588455 1.000000 0.000000
764.299377 0.000000
0.000000 0.000000 0.000000 0.000000
0.000000 0.963165
11 0.015000 1.080000 0.001000
0.487000 0.580000 0.780000 0.490000 1.250000 6.700000 0.650000 0.650000
187499.984375 75.360001 0.084000
1.073000 0.050000 0.116600
0.163632 0.091484 0.000510 0.000000
0.000000

0.000000 0.000000 0.233874
0.042188 0.004688 0.712560 3.926670 178.188690
0.000000 0.033576 0.016643 0.000000 0.000000 0.000000
0.000000 0.000005 0.000000
4.651279 1.000000 0.000000
764.299377 0.000000
0.000000 0.000000 0.000000 0.000000
0.000000 0.962644
11 0.015000 1.095000 0.001000
0.487000 0.580000 0.780000 0.490000 1.250000 6.700000 0.650000 0.650000
187499.984375 75.360001 0.084000
1.073000 0.050000 0.116600
0.163651 0.091837 0.000511 0.000000
0.000000

0.000000 0.000000 0.235346
0.042209 0.004690 0.712956 3.928545 178.198746
0.000000 0.023537 0.016541 0.000000 0.000000 0.000000
0.000000 0.000007 0.000000
4.713533 1.000000 0.000000
764.299377 0.000000
0.000000 0.000000 0.000000 0.000000
0.000000 0.962139
11 0.015000 1.110000 0.001000
0.487000 0.580000 0.780000 0.490000 1.250000 6.700000 0.650000 0.650000
187499.984375 75.360001 0.084000
1.073000 0.050000 0.116600
0.163677 0.091374 0.000509 0.000000
0.000000

0.000000 0.000000 0.236104
0.042219 0.004691 0.713177 3.929465 178.205505
0.000000 0.016976 0.016416 0.000000 0.000000 0.000000
0.000000 0.000009 0.000000
4.775206 1.000000 0.000000
764.299377 0.000000
0.000000 0.000000 0.000000 0.000000
0.000000 0.961574
11 0.015000 1.125000 0.001000
0.487000 0.580000 0.780000 0.490000 1.250000 6.700000 0.650000 0.650000
187499.984375 75.360001 0.084000
1.073000 0.050000 0.116600
0.163687 0.091668 0.000511 0.000000
0.000000

0.000000 0.000000 0.236854
0.042230 0.004693 0.713401 3.930409 178.213135
0.000000 0.012804 0.016309 0.000000 0.000000 0.000000
0.000000 0.000011 0.000001
4.836290 1.000000 0.000000
764.299377 0.000000
0.000000 0.000000 0.000000 0.000000
0.000000 0.961016
11 0.015000 1.140000 0.001000
0.487000 0.580000 0.780000 0.490000 1.250000 6.700000 0.650000 0.650000
187499.984375 75.360001 0.084000
1.073000 0.050000 0.116600
0.163700 0.091598 0.000510 0.000000
0.000000

0.000000 0.000000 0.237599
0.042241 0.004694 0.713626 3.931357 178.220200
0.000000 0.010222 0.016272 0.000000 0.000000 0.000000
0.000000 0.000013 0.000001
4.896778 1.000000 0.000000
764.299377 0.000000
0.000000 0.000000 0.000000 0.000000
0.000000 0.960463
11 0.015000 1.155000 0.001000
0.487000 0.580000 0.780000 0.490000 1.250000 6.700000 0.650000 0.650000
187499.984375 75.360001 0.084000
1.073000 0.050000 0.116600
0.163713 0.091688 0.000511 0.000000
0.000000

0.000000 0.000000 0.238424
0.042252 0.004695 0.713861 3.932362 178.226913
0.000000 0.008647 0.016162 0.000000 0.000000 0.000000
0.000000 0.000013 0.000001
4.956662 1.000000 0.000000
764.299377 0.000000
0.000000 0.000000 0.000000 0.000000
0.000000 0.959929
11 0.015000 1.170000 0.001000
0.487000 0.580000 0.780000 0.490000 1.250000 6.700000 0.650000 0.650000
187499.984375 75.360001 0.084000
1.073000 0.050000 0.116600
0.163722 0.091658 0.000510 0.000000
0.000000

0.000000 0.000000 0.239360
0.042265 0.004697 0.714125 3.933526 178.234558
0.000000 0.007700 0.016113 0.000000 0.000000 0.000000
0.000000 0.000013 0.000001
5.015936 1.000000 0.000000
764.299377 0.000000
0.000000 0.000000 0.000000 0.000000
0.000000 0.959418
11 0.015000 1.185000 0.001000
0.487000 0.580000 0.780000 0.490000 1.250000 6.700000 0.650000 0.650000
187499.984375 75.360001 0.084000
1.073000 0.050000 0.116600
0.163737 0.091398 0.000509 0.000000
0.000000

0.000000 0.000000 0.240082
0.042275 0.004698 0.714331 3.934381 178.241501
0.000000 0.007130 0.016035 0.000000 0.000000 0.000000
0.000000 0.000013 0.000002
5.074594 1.000000 0.000000
764.299377 0.000000
0.000000 0.000000 0.000000 0.000000
0.000000 0.958891
11 0.015000 1.200000 0.001000
0.487000 0.580000 0.780000 0.490000 1.250000 6.700000 0.650000 0.650000
187499.984375 75.360001 0.084000
1.073000 0.050000 0.116600
0.163749 0.091575 0.000510 0.000000
0.000000

0.000000 0.000000 0.240799
0.042285 0.004699 0.714543 3.935268 178.247437
0.000000 0.006802 0.016017 0.000000 0.000000 0.000000
0.000000 0.000013 0.000002
5.132631 1.000000 0.000000
764.299377 0.000000
0.000000 0.000000 0.000000 0.000000
0.000000 0.958372
11 0.015000 1.215000 0.001000
0.487000 0.580000 0.780000 0.490000 1.250000 6.700000 0.650000 0.650000
187499.984375 75.360001 0.084000
1.073000 0.050000 0.116600
0.163760 0.091519 0.000510 0.000000
0.000000

0.000000 0.000000 0.241508
0.042295 0.004700 0.714756 3.936158 178.255844
0.000000 0.006616 0.015994 0.000000 0.000000 0.000000
0.000000 0.000013 0.000002
5.190040 1.000000 0.000000
764.299377 0.000000
0.000000 0.000000 0.000000 0.000000
0.000000 0.957866
11 0.015000 1.230000 0.001000
0.487000 0.580000 0.780000 0.490000 1.250000 6.700000 0.650000 0.650000
187499.984375 75.360001 0.084000
1.073000 0.050000 0.116600
0.163769 0.091586 0.000510 0.000000
0.000000

0.000000 0.000000 0.242212
0.042305 0.004701 0.714957 3.936997 178.262543
0.000000 0.006504 0.015963 0.000000 0.000000 0.000000
0.000000 0.000013 0.000002
5.246817 1.000000 0.000000
764.299377 0.000000
0.000000 0.000000 0.000000 0.000000
0.000000 0.957369
11 0.015000 1.245000 0.001000
0.487000 0.580000 0.780000 0.490000 1.250000 6.700000 0.650000 0.650000
187499.984375 75.360001 0.084000
1.073000 0.050000 0.116600
0.163778 0.091660 0.000511 0.000000
0.000000

0.000000 0.000000 0.242909
0.042315 0.004702 0.715158 3.937832 178.269592
0.000000 0.006422 0.015910 0.000000 0.000000 0.000000
0.000000 0.000013 0.000002
5.302958 1.000000 0.000000
764.299377 0.000000
0.000000 0.000000 0.000000 0.000000
0.000000 0.956868
11 0.015000 1.260000 0.001000
0.487000 0.580000 0.780000 0.490000 1.250000 6.700000 0.650000 0.650000
187499.984375 75.360001 0.084000
1.073000 0.050000 0.116600
0.163792 0.091964 0.000512 0.000000
0.000000

0.000000 0.000000 0.243622
0.042324 0.004703 0.715357 3.938663 178.276367
0.000000 0.006370 0.015885 0.000000 0.000000 0.000000
0.000000 0.000013 0.000002
5.358459 1.000000 0.000000
764.299377 0.000000
0.000000 0.000000 0.000000 0.000000
0.000000 0.956393
11 0.015000 1.275000 0.001000
0.487000 0.580000 0.780000 0.490000 1.250000 6.700000 0.650000 0.650000
187499.984375 75.360001 0.084000
1.073000 0.050000 0.116600
0.163802 0.091909 0.000512 0.000000
0.000000

0.000000 0.000000 0.244483
0.042336 0.004704 0.715592 3.939693 178.283401
0.000000 0.006325 0.015832 0.000000 0.000000 0.000000
0.000000 0.000013 0.000002
5.413316 1.000000 0.000000
764.299377 0.000000
0.000000 0.000000 0.000000 0.000000
0.000000 0.955934
11 0.015000 1.290000 0.001000
0.487000 0.580000 0.780000 0.490000 1.250000 6.700000 0.650000 0.650000
187499.984375 75.360001 0.084000
1.073000 0.050000 0.116600
0.163814 0.091912 0.000512 0.000000
0.000000

0.000000 0.000000 0.245368
0.042348 0.004706 0.715836 3.940782 178.290375
0.000000 0.006293 0.015832 0.000000 0.000000 0.000000
0.000000 0.000013 0.000002
5.467524 1.000000 0.000000
764.299377 0.000000
0.000000 0.000000 0.000000 0.000000
0.000000 0.955476
11 0.015000 1.305000 0.001000
0.487000 0.580000 0.780000 0.490000 1.250000 6.700000 0.650000 0.650000
187499.984375 75.360001 0.084000
1.073000 0.050000 0.116600
0.163827 0.091792 0.000511 0.000000
0.000000

0.000000 0.000000 0.246099
0.042358 0.004707 0.716041 3.941654 178.296417
0.000000 0.006256 0.015752 0.000000 0.000000 0.000000
0.000000 0.000013 0.000002
5.521080 1.000000 0.000000
764.299377 0.000000
0.000000 0.000000 0.000000 0.000000
0.000000 0.955025
11 0.015000 1.320000 0.001000
0.487000 0.580000 0.780000 0.490000 1.250000 6.700000 0.650000 0.650000
187499.984375 75.360001 0.084000
1.073000 0.050000 0.116600
0.163838 0.091898 0.000512 0.000000
0.000000

0.000000 0.000000 0.246782
0.042367 0.004708 0.716234 3.942461 178.303268
0.000000 0.006220 0.015699 0.000000 0.000000 0.000000
0.000000 0.000013 0.000002
5.573981 1.000000 0.000000
764.299377 0.000000
0.000000 0.000000 0.000000 0.000000
0.000000 0.954574
11 0.015000 1.335000 0.001000
0.487000 0.580000 0.780000 0.490000 1.250000 6.700000 0.650000 0.650000
187499.984375 75.360001 0.084000
1.073000 0.050000 0.116600
0.163851 0.091805 0.000511 0.000000
0.000000

0.000000 0.000000 0.247447
0.042376 0.004709 0.716420 3.943227 178.311020
0.000000 0.006193 0.015685 0.000000 0.000000 0.000000
0.000000 0.000014 0.000002
5.626224 1.000000 0.000000
764.299377 0.000000
0.000000 0.000000 0.000000 0.000000
0.000000 0.954125
11 0.015000 1.350000 0.001000
0.487000 0.580000 0.780000 0.490000 1.250000 6.700000 0.650000 0.650000
187499.984375 75.360001 0.084000
1.073000 0.050000 0.116600
0.163858 0.091893 0.000512 0.000000
0.000000

0.000000 0.000000 0.248113
0.042385 0.004710 0.716603 3.943988 178.317734
0.000000 0.006166 0.015649 0.000000 0.000000 0.000000
0.000000 0.000014 0.000002
5.677805 1.000000 0.000000
764.299377 0.000000
0.000000 0.000000 0.000000 0.000000
0.000000 0.953689
11 0.015000 1.365000 0.001000
0.487000 0.580000 0.780000 0.490000 1.250000 6.700000 0.650000 0.650000
187499.984375 75.360001 0.084000
1.073000 0.050000 0.116600
0.163868 0.091991 0.000512 0.000000
0.000000

0.000000 0.000000 0.248834
0.042395 0.004711 0.716806 3.944859 178.324692
0.000000 0.006137 0.015614 0.000000 0.000000 0.000000
0.000000 0.000014 0.000002
5.728722 1.000000 0.000000
764.299377 0.000000
0.000000 0.000000 0.000000 0.000000
0.000000 0.953261
11 0.015000 1.380000 0.001000
0.487000 0.580000 0.780000 0.490000 1.250000 6.700000 0.650000 0.650000
187499.984375 75.360001 0.084000
1.073000 0.050000 0.116600
0.163877 0.092175 0.000513 0.000000
0.000000

0.000000 0.000000 0.250080
0.042411 0.004713 0.717115 3.946313 178.332596
0.000000 0.006110 0.015563 0.000000 0.000000 0.000000
0.000000 0.000014 0.000002
5.778971 1.000000 0.000000
764.299377 0.000000
0.000000 0.000000 0.000000 0.000000
0.000000 0.952879
11 0.015000 1.395000 0.001000
0.487000 0.580000 0.780000 0.490000 1.250000 6.700000 0.650000 0.650000
187499.984375 75.360001 0.084000
1.073000 0.050000 0.116600
0.163898 0.091924 0.000512 0.000000
0.000000

0.000000 0.000000 0.250765
0.042420 0.004714 0.717305 3.947113 178.339310
0.000000 0.006077 0.015505 0.000000 0.000000 0.000000
0.000000 0.000014 0.000002
5.828551 1.000000 0.000000
764.299377 0.000000
0.000000 0.000000 0.000000 0.000000
0.000000 0.952466
11 0.015000 1.410000 0.001000
0.487000 0.580000 0.780000 0.490000 1.250000 6.700000 0.650000 0.650000
187499.984375 75.360001 0.084000
1.073000 0.050000 0.116600
0.163907 0.092159 0.000513 0.000000
0.000000

0.000000 0.000000 0.251555
0.042430 0.004715 0.717516 3.948035 178.345993
0.000000 0.006037 0.015431 0.000000 0.000000 0.000000
0.000000 0.000014 0.000002
5.877459 1.000000 0.000000
764.299377 0.000000
0.000000 0.000000 0.000000 0.000000
0.000000 0.952054
11 0.015000 1.425000 0.001000
0.487000 0.580000 0.780000 0.490000 1.250000 6.700000 0.650000 0.650000
187499.984375 75.360001 0.084000
1.073000 0.050000 0.116600
0.163916 0.091891 0.000512 0.000000
0.000000

0.000000 0.000000 0.252268
0.042439 0.004716 0.717703 3.948826 178.352554
0.000000 0.006011 0.015413 0.000000 0.000000 0.000000
0.000000 0.000014 0.000003
5.925690 1.000000 0.000000
764.299377 0.000000
0.000000 0.000000 0.000000 0.000000
0.000000 0.951650
11 0.015000 1.440000 0.001000
0.487000 0.580000 0.780000 0.490000 1.250000 6.700000 0.650000 0.650000
187499.984375 75.360001 0.084000
1.073000 0.050000 0.116600
0.163928 0.091926 0.000512 0.000000
0.000000

0.000000 0.000000 0.252901
0.042448 0.004717 0.717879 3.949553 178.358154
0.000000 0.005978 0.015376 0.000000 0.000000 0.000000
0.000000 0.000014 0.000003
5.973244 1.000000 0.000000
764.299377 0.000000
0.000000 0.000000 0.000000 0.000000
0.000000 0.951243
11 0.015000 1.455000 0.001000
0.487000 0.580000 0.780000 0.490000 1.250000 6.700000 0.650000 0.650000
187499.984375 75.360001 0.084000
1.073000 0.050000 0.116600
0.163941 0.091874 0.000512 0.000000
0.000000

0.000000 0.000000 0.253530
0.042456 0.004718 0.718053 3.950273 178.363831
0.000000 0.005955 0.015349 0.000000 0.000000 0.000000
0.000000 0.000014 0.000003
6.020118 1.000000 0.000000
764.299377 0.000000
0.000000 0.000000 0.000000 0.000000
0.000000 0.950831
11 0.015000 1.470000 0.001000
0.487000 0.580000 0.780000 0.490000 1.250000 6.700000 0.650000 0.650000
187499.984375 75.360001 0.084000
1.073000 0.050000 0.116600
0.163946 0.091942 0.000512 0.000000
0.000000

0.000000 0.000000 0.254154
0.042464 0.004719 0.718225 3.950986 178.369919
0.000000 0.005921 0.015277 0.000000 0.000000 0.000000
0.000000 0.000014 0.000003
6.066310 1.000000 0.000000
764.299377 0.000000
0.000000 0.000000 0.000000 0.000000
0.000000 0.950430
11 0.015000 1.485000 0.001000
0.487000 0.580000 0.780000 0.490000 1.250000 6.700000 0.650000 0.650000
187499.984375 75.360001 0.084000
1.073000 0.050000 0.116600
0.163956 0.092025 0.000513 0.000000
0.000000

0.000000 0.000000 0.254773
0.042472 0.004720 0.718399 3.951707 178.376907
0.000000 0.005907 0.015272 0.000000 0.000000 0.000000
0.000000 0.000014 0.000003
6.111820 1.000000 0.000000
764.299377 0.000000
0.000000 0.000000 0.000000 0.000000
0.000000 0.950031
11 0.015000 1.500000 0.001000
0.487000 0.580000 0.780000 0.490000 1.250000 6.700000 0.650000 0.650000
187499.984375 75.360001 0.084000
1.073000 0.050000 0.116600
0.163963 0.092350 0.000514 0.000000
0.000000

0.000000 0.000000 0.255441
0.042481 0.004721 0.718581 3.952492 178.383301
0.000000 0.005888 0.015247 0.000000 0.000000 0.000000
0.000000 0.000014 0.000003
6.156642 1.000000 0.000000
764.299377 0.000000
0.000000 0.000000 0.000000 0.000000
0.000000 0.949646
11 0.015000 1.515000 0.001000
0.487000 0.580000 0.780000 0.490000 1.250000 6.700000 0.650000 0.650000
187499.984375 75.360001 0.084000
1.073000 0.050000 0.116600
0.163972 0.092081 0.000513 0.000000
0.000000

0.000000 0.000000 0.256083
0.042489 0.004722 0.718748 3.953184 178.389557
0.000000 0.005850 0.015169 0.000000 0.000000 0.000000
0.000000 0.000015 0.000003
6.200778 1.000000 0.000000
764.299377 0.000000
0.000000 0.000000 0.000000 0.000000
0.000000 0.949258
11 0.015000 1.530000 0.001000
0.487000 0.580000 0.780000 0.490000 1.250000 6.700000 0.650000 0.650000
187499.984375 75.360001 0.084000
1.073000 0.050000 0.116600
0.163987 0.092177 0.000513 0.000000
0.000000

0.000000 0.000000 0.258257
0.042516 0.004725 0.719236 3.955637 178.401932
0.000000 0.005817 0.015101 0.000000 0.000000 0.000000
0.000000 0.000015 0.000003
6.244224 1.000000 0.000000
764.299377 0.000000
0.000000 0.000000 0.000000 0.000000
0.000000 0.949000
11 0.015000 1.545000 0.001000
0.487000 0.580000 0.780000 0.490000 1.250000 6.700000 0.650000 0.650000
187499.984375 75.360001 0.084000
1.073000 0.050000 0.116600
0.164014 0.092252 0.000514 0.000000
0.000000

0.000000 0.000000 0.264362
0.042590 0.004733 0.720520 3.962482 178.437317
0.000000 0.005781 0.015053 0.000000 0.000000 0.000000
0.000000 0.000015 0.000003
6.286979 1.000000 0.000000
764.299377 0.000000
0.000000 0.000000 0.000000 0.000000
0.000000 0.949053
11 0.015000 1.560000 0.001000
0.487000 0.580000 0.780000 0.490000 1.250000 6.700000 0.650000 0.650000
187499.984375 75.360001 0.084000
1.073000 0.050000 0.116600
0.164095 0.091951 0.000512 0.000000
0.000000

0.000000 0.000000 0.264980
0.042598 0.004734 0.720678 3.963133 178.442825
0.000000 0.005753 0.015034 0.000000 0.000000 0.000000
0.000000 0.000015 0.000003
6.329041 1.000000 0.000000
764.299377 0.000000
0.000000 0.000000 0.000000 0.000000
0.000000 0.948671
11 0.015000 1.575000 0.001000
0.487000 0.580000 0.780000 0.490000 1.250000 6.700000 0.650000 0.650000
187499.984375 75.360001 0.084000
1.073000 0.050000 0.116600
0.164111 0.092025 0.000513 0.000000
0.000000

0.000000 0.000000 0.265599
0.042606 0.004735 0.720846 3.963834 178.448959
0.000000 0.005716 0.014969 0.000000 0.000000 0.000000
0.000000 0.000015 0.000003
6.370411 1.000000 0.000000
764.299377 0.000000
0.000000 0.000000 0.000000 0.000000
0.000000 0.948294
11 0.015000 1.590000 0.001000
0.487000 0.580000 0.780000 0.490000 1.250000 6.700000 0.650000 0.650000
187499.984375 75.360001 0.084000
1.073000 0.050000 0.116600
0.164116 0.092112 0.000513 0.000000
0.000000

0.000000 0.000000 0.266216
0.042613 0.004735 0.721007 3.964502 178.455276
0.000000 0.005696 0.014956 0.000000 0.000000 0.000000
0.000000 0.000015 0.000003
6.411085 1.000000 0.000000
764.299377 0.000000
0.000000 0.000000 0.000000 0.000000
0.000000 0.947916
11 0.015000 1.605000 0.001000
0.487000 0.580000 0.780000 0.490000 1.250000 6.700000 0.650000 0.650000
187499.984375 75.360001 0.084000
1.073000 0.050000 0.116600
0.164125 0.092361 0.000514 0.000000
0.000000

0.000000 0.000000 0.266900
0.042622 0.004736 0.721178 3.965228 178.461868
0.000000 0.005656 0.014864 0.000000 0.000000 0.000000
0.000000 0.000015 0.000003
6.451064 1.000000 0.000000
764.299377 0.000000
0.000000 0.000000 0.000000 0.000000
0.000000 0.947552
11 0.015000 1.620000 0.001000
0.487000 0.580000 0.780000 0.490000 1.250000 6.700000 0.650000 0.650000
187499.984375 75.360001 0.084000
1.073000 0.050000 0.116600
0.164134 0.092184 0.000513 0.000000
0.000000

0.000000 0.000000 0.271042
0.042671 0.004742 0.722040 3.969753 178.490860
0.000000 0.005625 0.014837 0.000000 0.000000 0.000000
0.000000 0.000015 0.000003
6.490345 1.000000 0.000000
764.299377 0.000000
0.000000 0.000000 0.000000 0.000000
0.000000 0.947472
11 0.015000 1.635000 0.001000
0.487000 0.580000 0.780000 0.490000 1.250000 6.700000 0.650000 0.650000
187499.984375 75.360001 0.084000
1.073000 0.050000 0.116600
0.164190 0.092201 0.000514 0.000000
0.000000

0.000000 0.000000 0.271731
0.042679 0.004743 0.722213 3.970488 178.498215
0.000000 0.005606 0.014811 0.000000 0.000000 0.000000
0.000000 0.000015 0.000003
6.528929 1.000000 0.000000
764.299377 0.000000
0.000000 0.000000 0.000000 0.000000
0.000000 0.947121
11 0.015000 1.650000 0.001000
0.487000 0.580000 0.780000 0.490000 1.250000 6.700000 0.650000 0.650000
187499.984375 75.360001 0.084000
1.073000 0.050000 0.116600
0.164200 0.092071 0.000513 0.000000
0.000000

0.000000 0.000000 0.272350
0.042687 0.004744 0.722370 3.971142 178.504333
0.000000 0.005570 0.014740 0.000000 0.000000 0.000000
0.000000 0.000015 0.000003
6.566814 1.000000 0.000000
764.299377 0.000000
0.000000 0.000000 0.000000 0.000000
0.000000 0.946775
11 0.015000 1.665000 0.001000
0.487000 0.580000 0.780000 0.490000 1.250000 6.700000 0.650000 0.650000
187499.984375 75.360001 0.084000
1.073000 0.050000 0.116600
0.164207 0.092153 0.000513 0.000000
0.000000

0.000000 0.000000 0.272966
0.042694 0.004744 0.722529 3.971811 178.510880
0.000000 0.005539 0.014691 0.000000 0.000000 0.000000
0.000000 0.000015 0.000003
6.604002 1.000000 0.000000
764.299377 0.000000
0.000000 0.000000 0.000000 0.000000
0.000000 0.946426
11 0.015000 1.680000 0.001000
0.487000 0.580000 0.780000 0.490000 1.250000 6.700000 0.650000 0.650000
187499.984375 75.360001 0.084000
1.073000 0.050000 0.116600
0.164218 0.092478 0.000515 0.000000
0.000000

0.000000 0.000000 0.273661
0.042703 0.004745 0.722696 3.972521 178.517380
0.000000 0.005511 0.014652 0.000000 0.000000 0.000000
0.000000 0.000015 0.000003
6.640489 1.000000 0.000000
764.299377 0.000000
0.000000 0.000000 0.000000 0.000000
0.000000 0.946102
11 0.015000 1.695000 0.001000
0.487000 0.580000 0.780000 0.490000 1.250000 6.700000 0.650000 0.650000
187499.984375 75.360001 0.084000
1.073000 0.050000 0.116600
0.164224 0.092244 0.000514 0.000000
0.000000

0.000000 0.000000 0.274491
0.042713 0.004746 0.722899 3.973430 178.525391
0.000000 0.005476 0.014583 0.000000 0.000000 0.000000
0.000000 0.000015 0.000003
6.676277 1.000000 0.000000
764.299377 0.000000
0.000000 0.000000 0.000000 0.000000
0.000000 0.945787
11 0.015000 1.710000 0.001000
0.487000 0.580000 0.780000 0.490000 1.250000 6.700000 0.650000 0.650000
187499.984375 75.360001 0.084000
1.073000 0.050000 0.116600
0.164237 0.092285 0.000514 0.000000
0.000000

0.000000 0.000000 0.275098
0.042720 0.004747 0.723050 3.974059 178.531540
0.000000 0.005456 0.014568 0.000000 0.000000 0.000000
0.000000 0.000015 0.000003
6.711364 1.000000 0.000000
764.299377 0.000000
0.000000 0.000000 0.000000 0.000000
0.000000 0.945465
11 0.015000 1.725000 0.001000
0.487000 0.580000 0.780000 0.490000 1.250000 6.700000 0.650000 0.650000
187499.984375 75.360001 0.084000
1.073000 0.050000 0.116600
0.164244 0.092391 0.000515 0.000000
0.000000

0.000000 0.000000 0.275856
0.042729 0.004748 0.723227 3.974832 178.538605
0.000000 0.005435 0.014546 0.000000 0.000000 0.000000
0.000000 0.000015 0.000003
6.745753 1.000000 0.000000
764.299377 0.000000
0.000000 0.000000 0.000000 0.000000
0.000000 0.945154
11 0.015000 1.740000 0.001000
0.487000 0.580000 0.780000 0.490000 1.250000 6.700000 0.650000 0.650000
187499.984375 75.360001 0.084000
1.073000 0.050000 0.116600
0.164255 0.092474 0.000515 0.000000
0.000000

0.000000 0.000000 0.278771
0.042762 0.004752 0.723823 3.977912 178.556671
0.000000 0.005404 0.014469 0.000000 0.000000 0.000000
0.000000 0.000015 0.000004
6.779443 1.000000 0.000000
764.299377 0.000000
0.000000 0.000000 0.000000 0.000000
0.000000 0.945023
11 0.015000 1.755000 0.001000
0.487000 0.580000 0.780000 0.490000 1.250000 6.700000 0.650000 0.650000
187499.984375 75.360001 0.084000
1.073000 0.050000 0.116600
0.164292 0.092380 0.000515 0.000000
0.000000

0.000000 0.000000 0.283535
0.042816 0.004758 0.724764 3.982882 178.575027
0.000000 0.005371 0.014416 0.000000 0.000000 0.000000
0.000000 0.000015 0.000004
6.812436 1.000000 0.000000
764.299377 0.000000
0.000000 0.000000 0.000000 0.000000
0.000000 0.945037
11 0.015000 1.770000 0.001000
0.487000 0.580000 0.780000 0.490000 1.250000 6.700000 0.650000 0.650000
187499.984375 75.360001 0.084000
1.073000 0.050000 0.116600
0.164355 0.092290 0.000514 0.000000
0.000000

0.000000 0.000000 0.285052
0.042834 0.004760 0.725084 3.984438 178.583603
0.000000 0.005341 0.014380 0.000000 0.000000 0.000000
0.000000 0.000015 0.000004
6.844732 1.000000 0.000000
764.299377 0.000000
0.000000 0.000000 0.000000 0.000000
0.000000 0.944809
11 0.015000 1.785000 0.001000
0.487000 0.580000 0.780000 0.490000 1.250000 6.700000 0.650000 0.650000
187499.984375 75.360001 0.084000
1.073000 0.050000 0.116600
0.164373 0.092596 0.000516 0.000000
0.000000

0.000000 0.000000 0.287520
0.042861 0.004763 0.725578 3.986958 178.592392
0.000000 0.005316 0.014350 0.000000 0.000000 0.000000
0.000000 0.000015 0.000004
6.876331 1.000000 0.000000
764.299377 0.000000
0.000000 0.000000 0.000000 0.000000
0.000000 0.944651
11 0.015000 1.800000 0.001000
0.487000 0.580000 0.780000 0.490000 1.250000 6.700000 0.650000 0.650000
187499.984375 75.360001 0.084000
1.073000 0.050000 0.116600
0.164405 0.092368 0.000514 0.000000
0.000000

0.000000 0.000000 0.288343
0.042870 0.004764 0.725765 3.987787 178.599457
0.000000 0.005282 0.014271 0.000000 0.000000 0.000000
0.000000 0.000015 0.000004
6.907236 1.000000 0.000000
764.299377 0.000000
0.000000 0.000000 0.000000 0.000000
0.000000 0.944377
11 0.015000 1.815000 0.001000
0.487000 0.580000 0.780000 0.490000 1.250000 6.700000 0.650000 0.650000
187499.984375 75.360001 0.084000
1.073000 0.050000 0.116600
0.164416 0.092448 0.000515 0.000000
0.000000

0.000000 0.000000 0.290105
0.042890 0.004766 0.726122 3.989558 178.607010
0.000000 0.005268 0.014274 0.000000 0.000000 0.000000
0.000000 0.000015 0.000004
6.937448 1.000000 0.000000
764.299377 0.000000
0.000000 0.000000 0.000000 0.000000
0.000000 0.944176
11 0.015000 1.830000 0.001000
0.487000 0.580000 0.780000 0.490000 1.250000 6.700000 0.650000 0.650000
187499.984375 75.360001 0.084000
1.073000 0.050000 0.116600
0.164437 0.092422 0.000515 0.000000
0.000000

0.000000 0.000000 0.290741
0.042897 0.004767 0.726271 3.990183 178.612640
0.000000 0.005249 0.014230 0.000000 0.000000 0.000000
0.000000 0.000015 0.000004
6.966968 1.000000 0.000000
764.299377 0.000000
0.000000 0.000000 0.000000 0.000000
0.000000 0.943896
11 0.015000 1.845000 0.001000
0.487000 0.580000 0.780000 0.490000 1.250000 6.700000 0.650000 0.650000
187499.984375 75.360001 0.084000
1.073000 0.050000 0.116600
0.164446 0.092505 0.000515 0.000000
0.000000

0.000000 0.000000 0.291424
0.042905 0.004768 0.726427 3.990853 178.618134
0.000000 0.005215 0.014159 0.000000 0.000000 0.000000
0.000000 0.000016 0.000004
6.995797 1.000000 0.000000
764.299377 0.000000
0.000000 0.000000 0.000000 0.000000
0.000000 0.943620
11 0.015000 1.860000 0.001000
0.487000 0.580000 0.780000 0.490000 1.250000 6.700000 0.650000 0.650000
187499.984375 75.360001 0.084000
1.073000 0.050000 0.116600
0.164455 0.092368 0.000514 0.000000
0.000000

0.000000 0.000000 0.292223
0.042913 0.004769 0.726600 3.991615 178.624512
0.000000 0.005194 0.014125 0.000000 0.000000 0.000000
0.000000 0.000016 0.000004
7.023939 1.000000 0.000000
764.299377 0.000000
0.000000 0.000000 0.000000 0.000000
0.000000 0.943365
11 0.015000 1.875000 0.001000
0.487000 0.580000 0.780000 0.490000 1.250000 6.700000 0.650000 0.650000
187499.984375 75.360001 0.084000
1.073000 0.050000 0.116600
0.164466 0.092500 0.000515 0.000000
0.000000

0.000000 0.000000 0.292901
0.042921 0.004770 0.726758 3.992287 178.630737
0.000000 0.005171 0.014095 0.000000 0.000000 0.000000
0.000000 0.000016 0.000004
7.051394 1.000000 0.000000
764.299377 0.000000
0.000000 0.000000 0.000000 0.000000
0.000000 0.943109
11 0.015000 1.890000 0.001000
0.487000 0.580000 0.780000 0.490000 1.250000 6.700000 0.650000 0.650000
187499.984375 75.360001 0.084000
1.073000 0.050000 0.116600
0.164471 0.092692 0.000516 0.000000
0.000000

0.000000 0.000000 0.293624
0.042929 0.004770 0.726922 3.992999 178.637314
0.000000 0.005151 0.014053 0.000000 0.000000 0.000000
0.000000 0.000016 0.000004
7.078166 1.000000 0.000000
764.299377 0.000000
0.000000 0.000000 0.000000 0.000000
0.000000 0.942852
11 0.015000 1.905000 0.001000
0.487000 0.580000 0.780000 0.490000 1.250000 6.700000 0.650000 0.650000
187499.984375 75.360001 0.084000
1.073000 0.050000 0.116600
0.164483 0.092387 0.000515 0.000000
0.000000

0.000000 0.000000 0.294287
0.042937 0.004771 0.727077 3.993666 178.643311
0.000000 0.005127 0.014007 0.000000 0.000000 0.000000
0.000000 0.000016 0.000004
7.104257 1.000000 0.000000
764.299377 0.000000
0.000000 0.000000 0.000000 0.000000
0.000000 0.942605
11 0.015000 1.920000 0.001000
0.487000 0.580000 0.780000 0.490000 1.250000 6.700000 0.650000 0.650000
187499.984375 75.360001 0.084000
1.073000 0.050000 0.116600
0.164492 0.092374 0.000514 0.000000
0.000000

0.000000 0.000000 0.294896
0.042943 0.004772 0.727210 3.994212 178.649704
0.000000 0.005105 0.013963 0.000000 0.000000 0.000000
0.000000 0.000016 0.000004
7.129670 1.000000 0.000000
764.299377 0.000000
0.000000 0.000000 0.000000 0.000000
0.000000 0.942357
11 0.015000 1.935000 0.001000
0.487000 0.580000 0.780000 0.490000 1.250000 6.700000 0.650000 0.650000
187499.984375 75.360001 0.084000
1.073000 0.050000 0.116600
0.164497 0.092455 0.000515 0.000000
0.000000

0.000000 0.000000 0.295501
0.042950 0.004773 0.727353 3.994818 178.655655
0.000000 0.005072 0.013893 0.000000 0.000000 0.000000
0.000000 0.000016 0.000004
7.154407 1.000000 0.000000
764.299377 0.000000
0.000000 0.000000 0.000000 0.000000
0.000000 0.942113
11 0.015000 1.950000 0.001000
0.487000 0.580000 0.780000 0.490000 1.250000 6.700000 0.650000 0.650000
187499.984375 75.360001 0.084000
1.073000 0.050000 0.116600
0.164504 0.092763 0.000517 0.000000
0.000000

0.000000 0.000000 0.296231
0.042957 0.004774 0.727509 3.995487 178.662659
0.000000 0.005051 0.013852 0.000000 0.000000 0.000000
0.000000 0.000016 0.000004
7.178471 1.000000 0.000000
764.299377 0.000000
0.000000 0.000000 0.000000 0.000000
0.000000 0.941889
11 0.015000 1.965000 0.001000
0.487000 0.580000 0.780000 0.490000 1.250000 6.700000 0.650000 0.650000
187499.984375 75.360001 0.084000
1.073000 0.050000 0.116600
0.164516 0.092649 0.000516 0.000000
0.000000

0.000000 0.000000 0.297950
0.042976 0.004776 0.727845 3.997154 178.670578
0.000000 0.005031 0.013830 0.000000 0.000000 0.000000
0.000000 0.000016 0.000004
7.201867 1.000000 0.000000
764.299377 0.000000
0.000000 0.000000 0.000000 0.000000
0.000000 0.941739
11 0.015000 1.980000 0.001000
0.487000 0.580000 0.780000 0.490000 1.250000 6.700000 0.650000 0.650000
187499.984375 75.360001 0.084000
1.073000 0.050000 0.116600
0.164532 0.092676 0.000516 0.000000
0.000000

0.000000 0.000000 0.298869
0.042985 0.004777 0.728038 3.998031 178.676910
0.000000 0.014430 0.014028 0.000000 0.000000 0.000000
0.000000 0.000018 0.000002
7.224597 1.000000 0.000000
764.299377 0.000000
0.000000 0.000000 0.000000 0.000000
0.000000 0.941504
11 0.015000 1.995000 0.001000
0.487000 0.580000 0.780000 0.490000 1.250000 6.700000 0.650000 0.650000
187499.984375 75.360001 0.084000
1.073000 0.050000 0.116600
0.164546 0.092777 0.000517 0.000000
0.000000
1.000000
2.000000
0.321000 0.000000
0.000000
0
-0.735000
0 0
0.000000
1
0.000000
1.000000
1.000000
1.000000
0.000000 0.000000 0.000000
0.000000 0.000000
0.000000 0.000000 0.000000 0.000000 0.000000 0.000000 0.000000
0.000000 0.000000 0.000000 0.000000 0.000000 0.000000 0.000000
605
2.000000
1
C:\Kingsite\dnd\Ohio1.spf
-1.000000 -1.000000
0.000000
49
49
10.000000
101
