11
Clay
0.580000 0.612000 0.084000 0.780000 0.530000 1.000000 0.000000 0.000000
1.020000 6.700000 1 0.028600 0.500000 0.050000 0.010000 0.027000 0.963000
0.000000 0.015000 2.000000 152999.984375 75.360001 133
0.103800 3.528000 4.728100 0.000000 1
8.234000 8.234000 10.000000 5.000000 25.000000 100.000000
0.000000 0.000000 0.000000 0.000000 85.674164 126.758904
500.000000 0.000000 0.000000

0.201105 216.149124 548.080627
29.621164 5.670178 131.001419 804.656067 3436.578613
0.000000 0.175853 1.533742 0.998862 0.000000 0.000000
0.000068 0.000000 0.000253
-2.561841 0.000010 47.834064
764.299377 0.000000
16.946556 0.000000 0.000000 0.000000
0.000000 21.982635
11 0.015000 0.015000 0.028600
0.612000 0.580000 0.780000 0.530000 1.020000 6.700000 0.780000 0.780000
152999.984375 75.360001 0.084000
1.073000 0.050000 0.116600
2.213793 14.324046 0.008528 0.000000
0.000000

0.202846 23.472120 34.279789
9.140094 1.920502 108.697205 657.611023 3638.717041
0.000000 0.496094 0.608537 0.499431 0.000000 0.000000
0.000034 0.000023 0.000010
-2.494167 0.000010 45.176964
764.299377 0.000000
4.588528 0.000000 0.000000 0.000000
0.000000 9.594444
11 0.015000 0.030000 0.028600
0.612000 0.580000 0.780000 0.530000 1.020000 6.700000 0.780000 0.780000
152999.984375 75.360001 0.084000
1.073000 0.050000 0.116600
2.349500 5.818787 0.001329 0.000000
0.000000

0.191580 20.192184 23.265694
9.155054 1.542547 109.027740 654.952942 3638.691650
0.000000 0.547685 0.500371 0.249715 0.000000 0.000000
0.000028 0.000023 0.000010
-1.962855 0.000010 42.948685
764.299377 0.000000
3.865168 0.000000 0.000000 0.000000
0.000000 7.803205
11 0.015000 0.045000 0.028600
0.612000 0.580000 0.780000 0.530000 1.020000 6.700000 0.780000 0.780000
152999.984375 75.360001 0.084000
1.073000 0.050000 0.116600
2.351903 4.861226 0.000882 0.000000
0.000000

0.184261 19.185390 22.785475
8.558190 1.495452 109.722351 655.274658 3638.675781
0.000000 0.520452 0.502818 0.124858 0.000000 0.000000
0.000028 0.000013 0.000003
-2.068580 0.000010 42.534317
764.299377 0.000000
3.886333 0.000000 0.000000 0.000000
0.000000 7.146943
11 0.015000 0.060000 0.028600
0.612000 0.580000 0.780000 0.530000 1.020000 6.700000 0.780000 0.780000
152999.984375 75.360001 0.084000
1.073000 0.050000 0.116600
2.353611 4.779863 0.000844 0.000000
0.000000

0.169861 17.434540 22.008398
9.131588 1.252296 110.056946 655.450378 3638.747070
0.000000 0.533471 0.406617 0.062429 0.000000 0.000000
0.000022 0.000018 0.000006
-1.428818 0.000010 41.818184
764.299377 0.000000
3.299786 0.000000 0.000000 0.000000
0.000000 6.713282
11 0.015000 0.075000 0.028600
0.612000 0.580000 0.780000 0.530000 1.020000 6.700000 0.780000 0.780000
152999.984375 75.360001 0.084000
1.073000 0.050000 0.116600
2.354740 5.123650 0.000954 0.000000
0.000000

0.161814 16.504211 21.435253
8.529986 1.218410 110.482864 655.587585 3638.727295
0.000000 0.512123 0.422779 0.031214 0.000000 0.000000
0.000023 0.000006 0.000001
-1.592022 0.000010 41.818184
764.299377 0.000000
3.417939 0.000000 0.000000 0.000000
0.000000 6.343163
11 0.015000 0.090000 0.028600
0.612000 0.580000 0.780000 0.530000 1.020000 6.700000 0.780000 0.780000
152999.984375 75.360001 0.084000
1.073000 0.050000 0.116600
2.355782 4.843096 0.000852 0.000000
0.000000

0.148734 15.010625 128.442719
10.466278 1.271782 112.938034 669.378296 3634.115967
0.000000 0.283064 0.343387 0.015607 0.000000 0.000000
0.000017 0.000013 0.000006
-0.976694 0.000010 41.818184
764.299377 0.000000
2.931986 0.000000 0.000000 0.000000
0.000000 9.158956
11 0.015000 0.105000 0.028600
0.612000 0.580000 0.780000 0.530000 1.020000 6.700000 0.780000 0.780000
152999.984375 75.360001 0.084000
1.073000 0.050000 0.116600
2.375626 4.750924 0.000820 0.000000
0.000000

0.152847 15.535271 94.744194
5.663112 0.705773 48.760696 287.026337 2873.469238
0.000000 0.069302 0.213361 0.007804 0.000000 0.000000
0.000007 0.000001 0.000000
-1.158333 0.000010 29.050829
764.299377 0.000000
1.768225 0.000000 0.000000 0.000000
0.000000 5.878117
11 0.015000 0.120000 0.018000
0.547000 0.580000 0.780000 0.490000 1.150000 6.700000 0.650000 0.650000
172500.000000 75.360001 0.084000
1.073000 0.050000 0.116600
2.428660 8.398420 0.001403 0.000000
0.000000

0.139624 14.046211 88.738167
5.930859 0.673056 45.967945 270.363770 2873.586670
0.000000 0.081917 0.139703 0.003902 0.000000 0.000000
0.000005 0.000003 0.000001
-0.566799 0.000010 29.050829
764.299377 0.000000
1.185018 0.000000 0.000000 0.000000
0.000000 5.727390
11 0.015000 0.135000 0.018000
0.547000 0.580000 0.780000 0.490000 1.150000 6.700000 0.650000 0.650000
172500.000000 75.360001 0.084000
1.073000 0.050000 0.116600
2.434600 8.310076 0.001373 0.000000
0.000000

0.132149 13.279387 83.237595
5.321139 0.614353 43.438347 254.807327 2873.763916
0.000000 0.086518 0.144357 0.001951 0.000000 0.000000
0.000005 0.000001 0.000000
-0.794836 0.000010 29.050829
764.299377 0.000000
1.212364 0.000000 0.000000 0.000000
0.000000 5.354883
11 0.015000 0.150000 0.018000
0.547000 0.580000 0.780000 0.490000 1.150000 6.700000 0.650000 0.650000
172500.000000 75.360001 0.084000
1.073000 0.050000 0.116600
2.440119 8.411287 0.001408 0.000000
0.000000

0.120557 27.160536 78.133835
4.570281 0.519467 43.313122 254.011673 2875.125977
0.000000 0.082098 0.071441 0.000975 0.000000 0.000000
0.000003 0.000002 0.000000
-0.244381 0.000010 29.050829
764.299377 0.000000
0.579879 0.000000 0.000000 0.000000
0.000000 6.436136
11 0.015000 0.165000 0.018000
0.547000 0.580000 0.780000 0.490000 1.150000 6.700000 0.650000 0.650000
172500.000000 75.360001 0.084000
1.073000 0.050000 0.116600
2.445148 8.860152 0.001561 0.000000
0.000000

0.113745 25.402479 73.027740
4.130198 0.469119 40.919495 239.529480 2875.347656
0.000000 0.099401 0.076557 0.000488 0.000000 0.000000
0.000003 0.000000 0.000000
-0.476507 0.000010 29.050829
764.299377 0.000000
0.627711 0.000000 0.000000 0.000000
0.000000 6.114747
11 0.015000 0.180000 0.018000
0.547000 0.580000 0.780000 0.490000 1.150000 6.700000 0.650000 0.650000
172500.000000 75.360001 0.084000
1.073000 0.050000 0.116600
2.449700 8.797460 0.001539 0.000000
0.000000

0.104146 23.547188 68.151978
4.215792 0.479151 38.612907 225.984421 2875.486572
0.000000 0.115377 0.037808 0.000244 0.000000 0.000000
0.000002 0.000001 0.000000
-0.002623 0.000010 29.050829
764.299377 0.000000
0.281128 0.000000 0.000000 0.000000
0.000000 6.116642
11 0.015000 0.195000 0.018000
0.547000 0.580000 0.780000 0.490000 1.150000 6.700000 0.650000 0.650000
172500.000000 75.360001 0.084000
1.073000 0.050000 0.116600
2.453615 9.232796 0.001696 0.000000
0.000000

0.085409 20.872507 61.397499
4.369002 0.499271 35.877190 211.352676 2871.404785
0.000000 0.122792 0.042932 0.000122 0.000000 0.000000
0.000002 0.000000 0.000000
-0.085710 0.000010 53.332493
764.299377 0.000000
0.309159 0.000000 0.000000 0.000000
0.000000 6.600535
11 0.015000 0.210000 0.018000
0.547000 0.580000 0.780000 0.490000 1.150000 6.700000 0.650000 0.650000
172500.000000 75.360001 0.084000
1.073000 0.050000 0.116600
2.443812 7.765552 0.002197 0.000000
0.000000

0.078580 19.235630 57.617504
4.042484 0.461917 30.408783 179.078232 1506.627441
0.000000 0.047545 0.025921 0.000061 0.000000 0.000000
0.000002 0.000001 0.000000
0.156725 0.650000 0.000000
764.299377 0.000000
0.131705 0.000000 0.000000 0.000000
0.000000 5.904634
11 0.015000 0.225000 0.009000
0.527000 0.580000 0.780000 0.490000 1.200000 6.700000 0.650000 0.650000
180000.015625 75.360001 0.084000
1.073000 0.050000 0.116600
1.276255 8.195972 0.035599 0.000000
0.000000

0.073106 17.915300 53.666931
3.779127 0.431788 28.545330 167.957062 1505.881226
0.000000 0.039943 0.022762 0.000030 0.000000 0.000000
0.000001 0.000001 0.000000
0.215685 0.650000 0.000000
764.299377 0.000000
0.110028 0.000000 0.000000 0.000000
0.000000 5.513499
11 0.015000 0.240000 0.009000
0.527000 0.580000 0.780000 0.490000 1.200000 6.700000 0.650000 0.650000
180000.015625 75.360001 0.084000
1.073000 0.050000 0.116600
1.277417 8.062613 0.034985 0.000000
0.000000

0.067645 16.646944 50.041782
3.608506 0.412351 26.802547 157.616714 1505.229004
0.000000 0.035339 0.013385 0.000015 0.000000 0.000000
0.000001 0.000002 0.000000
0.382246 0.650000 0.000000
764.299377 0.000000
0.027398 0.000000 0.000000 0.000000
0.000000 5.171258
11 0.015000 0.255000 0.009000
0.527000 0.580000 0.780000 0.490000 1.200000 6.700000 0.650000 0.650000
180000.015625 75.360001 0.084000
1.073000 0.050000 0.116600
1.278503 7.850472 0.034009 0.000000
0.000000

0.062711 15.484097 46.495842
3.384318 0.386761 25.188923 148.040512 1504.601562
0.000000 0.035276 0.011853 0.000008 0.000000 0.000000
0.000001 0.000002 0.000000
0.486537 0.650000 0.000000
764.299377 0.000000
0.014184 0.000000 0.000000 0.000000
0.000000 4.851272
11 0.015000 0.270000 0.009000
0.527000 0.580000 0.780000 0.490000 1.200000 6.700000 0.650000 0.650000
180000.015625 75.360001 0.084000
1.073000 0.050000 0.116600
1.279465 7.486795 0.032352 0.000000
0.000000

0.058025 14.389741 43.220509
3.182638 0.363767 23.682280 139.125977 1504.052246
0.000000 0.036948 0.010425 0.000004 0.000000 0.000000
0.000001 0.000005 0.000000
0.623524 0.650000 0.000000
764.299377 0.000000
0.000000 0.000000 0.000000 0.000000
0.000000 4.575457
11 0.015000 0.285000 0.009000
0.527000 0.580000 0.780000 0.490000 1.200000 6.700000 0.650000 0.650000
180000.015625 75.360001 0.084000
1.073000 0.050000 0.116600
1.280306 7.286964 0.031540 0.000000
0.000000

0.053782 13.376688 40.158058
2.977920 0.340398 22.285099 130.855347 1503.589478
0.000000 0.042070 0.010679 0.000002 0.000000 0.000000
0.000001 0.000006 0.000000
0.740160 0.650000 0.000000
764.299377 0.000000
0.000000 0.000000 0.000000 0.000000
0.000000 4.329927
11 0.015000 0.300000 0.009000
0.527000 0.580000 0.780000 0.490000 1.200000 6.700000 0.650000 0.650000
180000.015625 75.360001 0.084000
1.073000 0.050000 0.116600
1.281137 6.923619 0.029876 0.000000
0.000000

0.049816 12.427937 37.289360
2.788345 0.318766 20.984814 123.171730 1503.106445
0.000000 0.049966 0.011042 0.000001 0.000000 0.000000
0.000001 0.000006 0.000000
0.865993 0.650000 0.000000
764.299377 0.000000
0.000000 0.000000 0.000000 0.000000
0.000000 4.131928
11 0.015000 0.315000 0.009000
0.527000 0.580000 0.780000 0.490000 1.200000 6.700000 0.650000 0.650000
180000.015625 75.360001 0.084000
1.073000 0.050000 0.116600
1.281887 6.605566 0.028428 0.000000
0.000000

0.046156 11.546977 34.948956
2.556906 0.292272 18.849861 110.594185 1150.401733
0.000000 0.044005 0.012778 0.000000 0.000000 0.000000
0.000001 0.000004 0.000000
0.986363 0.650000 0.000000
764.299377 0.000000
0.000000 0.000000 0.000000 0.000000
0.000000 3.888722
11 0.015000 0.330000 0.006600
0.497000 0.580000 0.780000 0.490000 1.250000 6.700000 0.650000 0.650000
187499.984375 75.360001 0.084000
1.073000 0.050000 0.116600
0.979765 6.888133 0.026840 0.000000
0.000000

0.042750 10.722964 32.428341
2.391677 0.273417 17.724260 103.954651 1149.877441
0.000000 0.064619 0.013896 0.000000 0.000000 0.000000
0.000001 0.000003 0.000000
1.110129 0.650000 0.000000
764.299377 0.000000
0.000000 0.000000 0.000000 0.000000
0.000000 3.820657
11 0.015000 0.345000 0.006600
0.497000 0.580000 0.780000 0.490000 1.250000 6.700000 0.650000 0.650000
187499.984375 75.360001 0.084000
1.073000 0.050000 0.116600
0.980262 6.671987 0.025952 0.000000
0.000000

0.039595 9.958132 30.079596
2.237873 0.255866 16.680010 97.795425 1149.513794
0.000000 0.099671 0.014896 0.000000 0.000000 0.000000
0.000001 0.000003 0.000000
1.231004 0.650000 0.000000
764.299377 0.000000
0.000000 0.000000 0.000000 0.000000
0.000000 3.847033
11 0.015000 0.360000 0.006600
0.497000 0.580000 0.780000 0.490000 1.250000 6.700000 0.650000 0.650000
187499.984375 75.360001 0.084000
1.073000 0.050000 0.116600
0.980769 6.324603 0.024533 0.000000
0.000000

0.036668 9.244779 27.839884
2.093813 0.239427 15.708046 92.072266 1149.115112
0.000000 0.158417 0.015615 0.000000 0.000000 0.000000
0.000002 0.000002 0.000000
1.351452 0.650000 0.000000
764.299377 0.000000
0.000000 0.000000 0.000000 0.000000
0.000000 3.985259
11 0.015000 0.375000 0.006600
0.497000 0.580000 0.780000 0.490000 1.250000 6.700000 0.650000 0.650000
187499.984375 75.360001 0.084000
1.073000 0.050000 0.116600
0.981139 5.810673 0.022447 0.000000
0.000000

0.033962 8.584461 25.833994
1.960869 0.224254 14.803395 86.744431 1148.775513
0.000000 0.248237 0.016022 0.000000 0.000000 0.000000
0.000002 0.000001 0.000000
1.470261 0.650000 0.000000
764.299377 0.000000
0.000000 0.000000 0.000000 0.000000
0.000000 4.243277
11 0.015000 0.390000 0.006600
0.497000 0.580000 0.780000 0.490000 1.250000 6.700000 0.650000 0.650000
187499.984375 75.360001 0.084000
1.073000 0.050000 0.116600
0.981523 5.385801 0.020735 0.000000
0.000000

0.031456 7.970612 23.981487
1.837193 0.210138 13.962219 81.791855 1148.489014
0.000000 0.400166 0.016208 0.000000 0.000000 0.000000
0.000001 0.000001 0.000000
1.588125 0.650000 0.000000
764.299377 0.000000
0.000000 0.000000 0.000000 0.000000
0.000000 4.610823
11 0.015000 0.405000 0.006600
0.497000 0.580000 0.780000 0.490000 1.250000 6.700000 0.650000 0.650000
187499.984375 75.360001 0.084000
1.073000 0.050000 0.116600
0.981870 5.041114 0.019355 0.000000
0.000000

0.029134 7.399776 23.146769
1.639250 0.187403 11.659183 68.282837 577.290283
0.000000 0.617447 0.024599 0.000000 0.000000 0.000000
0.000001 0.000000 0.000000
1.705295 0.650000 0.000000
764.299377 0.000000
0.000000 0.000000 0.000000 0.000000
0.000000 4.984632
11 0.015000 0.420000 0.003300
0.487000 0.580000 0.780000 0.490000 1.250000 6.700000 0.650000 0.650000
187499.984375 75.360001 0.084000
1.073000 0.050000 0.116600
0.491081 4.825233 0.018123 0.000000
0.000000

0.026983 6.868302 21.355125
1.528982 0.174818 10.935328 64.028824 576.912720
0.000000 0.973642 0.024259 0.000000 0.000000 0.000000
0.000001 0.000000 0.000000
1.822006 0.650000 0.000000
764.299377 0.000000
0.000000 0.000000 0.000000 0.000000
0.000000 5.448947
11 0.015000 0.435000 0.003300
0.487000 0.580000 0.780000 0.490000 1.250000 6.700000 0.650000 0.650000
187499.984375 75.360001 0.084000
1.073000 0.050000 0.116600
0.491230 4.547310 0.017041 0.000000
0.000000

0.024993 6.375186 19.710928
1.426679 0.163141 10.262851 60.080635 576.617920
0.000000 1.717780 0.023723 0.000000 0.000000 0.000000
0.000001 0.000000 0.000000
1.937674 0.650000 0.000000
764.299377 0.000000
0.000000 0.000000 0.000000 0.000000
0.000000 6.175058
11 0.015000 0.450000 0.003300
0.487000 0.580000 0.780000 0.490000 1.250000 6.700000 0.650000 0.650000
187499.984375 75.360001 0.084000
1.073000 0.050000 0.116600
0.491373 4.270771 0.015970 0.000000
0.000000

0.023156 5.917679 18.206953
1.331494 0.152274 9.638199 56.410332 576.321167
0.000000 1.335662 0.023067 0.000000 0.000000 0.000000
0.000001 0.000000 0.000000
2.052657 0.643539 0.000000
764.299377 0.000000
0.000000 0.000000 0.000000 0.000000
0.000000 6.507649
11 0.015000 0.465000 0.003300
0.487000 0.580000 0.780000 0.490000 1.250000 6.700000 0.650000 0.650000
187499.984375 75.360001 0.084000
1.073000 0.050000 0.116600
0.491498 4.003578 0.014791 0.000000
0.000000

0.022431 5.565222 16.892353
1.196468 0.136602 9.077422 53.008209 576.025818
0.000000 0.011630 0.010426 0.000000 0.000000 0.000000
0.000000 0.000005 0.000001
2.173845 0.490001 0.000000
764.299377 0.000000
0.000000 0.000000 0.000000 0.000000
0.000000 3.137606
11 0.015000 0.480000 0.003300
0.487000 0.580000 0.780000 0.490000 1.250000 6.700000 0.650000 0.650000
187499.984375 75.360001 0.084000
1.073000 0.050000 0.116600
0.491680 3.695090 0.010369 0.000000
0.000000

0.020763 5.164153 15.615295
1.118994 0.127776 8.537338 49.845818 575.799377
0.000000 0.013598 0.011083 0.000000 0.000000 0.000000
0.000000 0.000005 0.000001
2.301982 0.490001 0.000000
764.299377 0.000000
0.000000 0.000000 0.000000 0.000000
0.000000 2.981953
11 0.015000 0.495000 0.003300
0.487000 0.580000 0.780000 0.490000 1.250000 6.700000 0.650000 0.650000
187499.984375 75.360001 0.084000
1.073000 0.050000 0.116600
0.491802 3.449695 0.009662 0.000000
0.000000

0.019221 4.791939 14.454125
1.047176 0.119593 8.035028 46.905514 575.577026
0.000000 0.015714 0.011653 0.000000 0.000000 0.000000
0.000000 0.000006 0.000001
2.429358 0.490001 0.000000
764.299377 0.000000
0.000000 0.000000 0.000000 0.000000
0.000000 2.836463
11 0.015000 0.510000 0.003300
0.487000 0.580000 0.780000 0.490000 1.250000 6.700000 0.650000 0.650000
187499.984375 75.360001 0.084000
1.073000 0.050000 0.116600
0.491922 3.179956 0.008888 0.000000
0.000000

0.017794 4.446341 21.083492
0.838412 0.095741 6.217970 36.293091 176.700226
0.000000 0.000000 0.000071 0.000000 0.000000 0.000000
0.000000 0.000000 0.000000
2.556024 0.490001 0.000000
764.299377 0.000000
0.000000 0.000000 0.000000 0.000000
0.000000 2.250231
11 0.015000 0.525000 0.001000
0.487000 0.580000 0.780000 0.490000 1.250000 6.700000 0.650000 0.650000
187499.984375 75.360001 0.084000
1.073000 0.050000 0.116600
0.149097 2.950333 0.008231 0.000000
0.000000

0.016472 4.125347 18.825102
0.788668 0.090068 5.834677 34.051453 176.495758
0.000000 0.000000 0.000072 0.000000 0.000000 0.000000
0.000000 0.000000 0.000000
2.682016 0.490001 0.000000
764.299377 0.000000
0.000000 0.000000 0.000000 0.000000
0.000000 2.148065
11 0.015000 0.540000 0.001000
0.487000 0.580000 0.780000 0.490000 1.250000 6.700000 0.650000 0.650000
187499.984375 75.360001 0.084000
1.073000 0.050000 0.116600
0.149128 2.712331 0.007553 0.000000
0.000000

0.015250 3.827334 16.777119
0.742526 0.084806 5.478476 31.968571 176.304260
0.000000 0.000000 0.000069 0.000000 0.000000 0.000000
0.000000 0.000000 0.000000
2.807374 0.490001 0.000000
764.299377 0.000000
0.000000 0.000000 0.000000 0.000000
0.000000 2.053861
11 0.015000 0.555000 0.001000
0.487000 0.580000 0.780000 0.490000 1.250000 6.700000 0.650000 0.650000
187499.984375 75.360001 0.084000
1.073000 0.050000 0.116600
0.149157 2.522134 0.007013 0.000000
0.000000

0.014120 3.550867 15.123228
0.698074 0.079735 5.132164 29.943901 176.124619
0.000000 0.000000 0.000068 0.000000 0.000000 0.000000
0.000000 0.000000 0.000000
2.932127 0.490001 0.000000
764.299377 0.000000
0.000000 0.000000 0.000000 0.000000
0.000000 1.962184
11 0.015000 0.570000 0.001000
0.487000 0.580000 0.780000 0.490000 1.250000 6.700000 0.650000 0.650000
187499.984375 75.360001 0.084000
1.073000 0.050000 0.116600
0.149186 2.344028 0.006509 0.000000
0.000000

0.013074 3.294279 13.485888
0.657647 0.075124 4.822077 28.131308 175.959366
0.000000 0.000000 0.000062 0.000000 0.000000 0.000000
0.000000 0.000000 0.000000
3.056306 0.490001 0.000000
764.299377 0.000000
0.000000 0.000000 0.000000 0.000000
0.000000 1.877190
11 0.015000 0.585000 0.001000
0.487000 0.580000 0.780000 0.490000 1.250000 6.700000 0.650000 0.650000
187499.984375 75.360001 0.084000
1.073000 0.050000 0.116600
0.149214 2.169713 0.006017 0.000000
0.000000

0.012106 3.056161 12.145841
0.619639 0.070787 4.529037 26.418655 175.796463
0.000000 0.000000 0.000063 0.000000 0.000000 0.000000
0.000000 0.000000 0.000000
3.179934 0.490001 0.000000
764.299377 0.000000
0.000000 0.000000 0.000000 0.000000
0.000000 1.797835
11 0.015000 0.600000 0.001000
0.487000 0.580000 0.780000 0.490000 1.250000 6.700000 0.650000 0.650000
187499.984375 75.360001 0.084000
1.073000 0.050000 0.116600
0.149242 1.985984 0.005499 0.000000
0.000000

0.011210 2.835158 10.540084
0.584993 0.066835 4.266784 24.886129 175.655807
0.000000 0.000000 0.000064 0.000000 0.000000 0.000000
0.000000 0.000000 0.000000
3.303031 0.490001 0.000000
764.299377 0.000000
0.000000 0.000000 0.000000 0.000000
0.000000 1.725271
11 0.015000 0.615000 0.001000
0.487000 0.580000 0.780000 0.490000 1.250000 6.700000 0.650000 0.650000
187499.984375 75.360001 0.084000
1.073000 0.050000 0.116600
0.149270 1.839322 0.005087 0.000000
0.000000

0.010380 2.630103 8.831956
0.560527 0.064043 4.030283 23.504251 175.547134
0.000000 0.000000 0.000059 0.000000 0.000000 0.000000
0.000000 0.000000 0.000000
3.425612 0.490001 0.000000
764.299377 0.000000
0.000000 0.000000 0.000000 0.000000
0.000000 1.659247
11 0.015000 0.630000 0.001000
0.487000 0.580000 0.780000 0.490000 1.250000 6.700000 0.650000 0.650000
187499.984375 75.360001 0.084000
1.073000 0.050000 0.116600
0.149290 1.697976 0.004691 0.000000
0.000000

0.009612 2.439919 7.590472
0.526869 0.060188 3.791736 22.110819 175.447769
0.000000 0.000124 0.002038 0.000000 0.000000 0.000000
0.000000 0.000000 0.000003
3.547688 0.490001 0.000000
764.299377 0.000000
0.000000 0.000000 0.000000 0.000000
0.000000 1.560434
11 0.015000 0.645000 0.001000
0.487000 0.580000 0.780000 0.490000 1.250000 6.700000 0.650000 0.650000
187499.984375 75.360001 0.084000
1.073000 0.050000 0.116600
0.149313 2.135982 0.005922 0.000000
0.000000

0.008902 2.265795 6.886553
0.489618 0.055942 3.555899 20.730389 175.339767
0.000000 0.001064 0.005263 0.000000 0.000000 0.000000
0.000000 0.000002 0.000002
3.669267 0.490001 0.000000
764.299377 0.000000
0.000000 0.000000 0.000000 0.000000
0.000000 1.485462
11 0.015000 0.660000 0.001000
0.487000 0.580000 0.780000 0.490000 1.250000 6.700000 0.650000 0.650000
187499.984375 75.360001 0.084000
1.073000 0.050000 0.116600
0.149390 2.710618 0.007548 0.000000
0.000000

0.008246 2.106644 6.380975
0.457484 0.052276 3.335345 19.438011 175.236130
0.000000 0.004057 0.009480 0.000000 0.000000 0.000000
0.000000 0.000003 0.000000
3.790351 0.490001 0.000000
764.299377 0.000000
0.000000 0.000000 0.000000 0.000000
0.000000 1.449097
11 0.015000 0.675000 0.001000
0.487000 0.580000 0.780000 0.490000 1.250000 6.700000 0.650000 0.650000
187499.984375 75.360001 0.084000
1.073000 0.050000 0.116600
0.149474 3.230911 0.009034 0.000000
0.000000

0.007639 1.960647 5.954256
0.428499 0.048969 3.131881 18.244869 175.138260
0.000000 0.009990 0.013167 0.000000 0.000000 0.000000
0.000000 0.000003 0.000000
3.910940 0.490001 0.000000
764.299377 0.000000
0.000000 0.000000 0.000000 0.000000
0.000000 1.434035
11 0.015000 0.690000 0.001000
0.487000 0.580000 0.780000 0.490000 1.250000 6.700000 0.650000 0.650000
187499.984375 75.360001 0.084000
1.073000 0.050000 0.116600
0.149585 3.543843 0.009933 0.000000
0.000000

0.007078 1.825239 5.556132
0.401534 0.045892 2.943543 17.138971 175.055115
0.000000 0.061529 0.019758 0.000000 0.000000 0.000000
0.000000 0.000001 0.000000
4.031028 0.490001 0.000000
764.299377 0.000000
0.000000 0.000000 0.000000 0.000000
0.000000 1.421287
11 0.015000 0.705000 0.001000
0.487000 0.580000 0.780000 0.490000 1.250000 6.700000 0.650000 0.650000
187499.984375 75.360001 0.084000
1.073000 0.050000 0.116600
0.149692 3.767814 0.010579 0.000000
0.000000

0.006561 1.704490 5.210004
0.377388 0.043136 2.772905 16.130476 174.984741
0.000000 0.280585 0.022429 0.000000 0.000000 0.000000
0.000000 0.000000 0.000000
4.150610 0.490001 0.000000
764.299377 0.000000
0.000000 0.000000 0.000000 0.000000
0.000000 1.936332
11 0.015000 0.720000 0.001000
0.487000 0.580000 0.780000 0.490000 1.250000 6.700000 0.650000 0.650000
187499.984375 75.360001 0.084000
1.073000 0.050000 0.116600
0.149907 5.040172 0.014295 0.000000
0.000000

0.006092 1.620653 5.061001
0.360881 0.041250 2.633039 15.293192 175.025467
0.000000 1.126593 0.023174 0.000000 0.000000 0.000000
0.000000 0.000000 0.000000
4.269675 0.490001 0.000000
764.299377 0.000000
0.000000 0.000000 0.000000 0.000000
0.000000 3.459095
11 0.015000 0.735000 0.001000
0.487000 0.580000 0.780000 0.490000 1.250000 6.700000 0.650000 0.650000
187499.984375 75.360001 0.084000
1.073000 0.050000 0.116600
0.150741 6.368872 0.018255 0.000000
0.000000

0.000000 0.319531 7.163859
0.175433 0.019791 1.754022 9.708386 176.052765
0.000000 0.650688 0.018828 0.000000 0.000000 0.000000
0.000000 0.000000 0.000000
4.369235 0.993469 0.000000
764.299377 0.000000
0.000000 0.000000 0.000000 0.000000
0.000000 1.039645
11 0.015000 0.750000 0.001000
0.487000 0.580000 0.780000 0.490000 1.250000 6.700000 0.650000 0.650000
187499.984375 75.360001 0.084000
1.073000 0.050000 0.116600
0.157078 0.444766 0.002468 0.000000
0.000000

0.000000 0.317116 7.029207
0.165286 0.018631 1.678476 9.262766 176.323120
0.000000 0.382848 0.017488 0.000000 0.000000 0.000000
0.000000 0.000001 0.000000
4.454258 1.000000 0.000000
764.299377 0.000000
0.000000 0.000000 0.000000 0.000000
0.000000 1.014329
11 0.015000 0.765000 0.001000
0.487000 0.580000 0.780000 0.490000 1.250000 6.700000 0.650000 0.650000
187499.984375 75.360001 0.084000
1.073000 0.050000 0.116600
0.157892 0.371792 0.002075 0.000000
0.000000

0.000000 0.296575 6.593401
0.156819 0.017678 1.603081 8.845698 176.363907
0.000000 0.200136 0.016835 0.000000 0.000000 0.000000
0.000000 0.000001 0.000000
4.538465 1.000000 0.000000
764.299377 0.000000
0.000000 0.000000 0.000000 0.000000
0.000000 0.997384
11 0.015000 0.780000 0.001000
0.487000 0.580000 0.780000 0.490000 1.250000 6.700000 0.650000 0.650000
187499.984375 75.360001 0.084000
1.073000 0.050000 0.116600
0.158060 0.309526 0.001727 0.000000
0.000000

0.000000 0.276216 6.182253
0.149165 0.016816 1.538108 8.486282 176.494934
0.000000 0.089034 0.015637 0.000000 0.000000 0.000000
0.000000 0.000003 0.000000
4.621973 1.000000 0.000000
764.299377 0.000000
0.000000 0.000000 0.000000 0.000000
0.000000 1.053511
11 0.015000 0.795000 0.001000
0.487000 0.580000 0.780000 0.490000 1.250000 6.700000 0.650000 0.650000
187499.984375 75.360001 0.084000
1.073000 0.050000 0.116600
0.158469 0.262934 0.001466 0.000000
0.000000

0.000000 0.257223 5.760561
0.141422 0.015944 1.472557 8.123751 176.497116
0.000000 0.035337 0.013850 0.000000 0.000000 0.000000
0.000000 0.000006 0.000000
4.704762 1.000000 0.000000
764.299377 0.000000
0.000000 0.000000 0.000000 0.000000
0.000000 0.987518
11 0.015000 0.810000 0.001000
0.487000 0.580000 0.780000 0.490000 1.250000 6.700000 0.650000 0.650000
187499.984375 75.360001 0.084000
1.073000 0.050000 0.116600
0.158523 0.209792 0.001170 0.000000
0.000000

0.000000 0.239558 5.367472
0.134230 0.015135 1.411975 7.788722 176.503357
0.000000 0.018104 0.012434 0.000000 0.000000 0.000000
0.000000 0.000012 0.000001
4.786811 1.000000 0.000000
764.299377 0.000000
0.000000 0.000000 0.000000 0.000000
0.000000 1.300314
11 0.015000 0.825000 0.001000
0.487000 0.580000 0.780000 0.490000 1.250000 6.700000 0.650000 0.650000
187499.984375 75.360001 0.084000
1.073000 0.050000 0.116600
0.158577 0.196866 0.001097 0.000000
0.000000

0.000000 0.223101 5.007703
0.127611 0.014389 1.356126 7.479908 176.517014
0.000000 0.027365 0.013216 0.000000 0.000000 0.000000
0.000000 0.000009 0.000000
4.868099 1.000000 0.000000
764.299377 0.000000
0.000000 0.000000 0.000000 0.000000
0.000000 1.715167
11 0.015000 0.840000 0.001000
0.487000 0.580000 0.780000 0.490000 1.250000 6.700000 0.650000 0.650000
187499.984375 75.360001 0.084000
1.073000 0.050000 0.116600
0.158654 0.174689 0.000974 0.000000
0.000000

0.000000 0.208107 4.670147
0.121416 0.013692 1.303871 7.190964 176.518341
0.000000 0.093657 0.014987 0.000000 0.000000 0.000000
0.000000 0.000003 0.000000
4.948602 1.000000 0.000000
764.299377 0.000000
0.000000 0.000000 0.000000 0.000000
0.000000 2.362349
11 0.015000 0.855000 0.001000
0.487000 0.580000 0.780000 0.490000 1.250000 6.700000 0.650000 0.650000
187499.984375 75.360001 0.084000
1.073000 0.050000 0.116600
0.158707 0.200472 0.001117 0.000000
0.000000

0.000000 0.000000 0.091291
0.040265 0.004554 0.656284 3.619038 176.993866
0.000000 0.203104 0.017810 0.000000 0.000000 0.000000
0.000000 0.000001 0.000000
5.028299 1.000000 0.000000
764.299377 0.000000
0.000000 0.000000 0.000000 0.000000
0.000000 0.969902
11 0.015000 0.870000 0.001000
0.487000 0.580000 0.780000 0.490000 1.250000 6.700000 0.650000 0.650000
187499.984375 75.360001 0.084000
1.073000 0.050000 0.116600
0.160268 0.094604 0.000527 0.000000
0.000000

0.000000 0.000000 0.092006
0.040300 0.004558 0.656794 3.621497 177.006180
0.000000 0.253302 0.017752 0.000000 0.000000 0.000000
0.000000 0.000001 0.000000
5.107165 1.000000 0.000000
764.299377 0.000000
0.000000 0.000000 0.000000 0.000000
0.000000 0.969403
11 0.015000 0.885000 0.001000
0.487000 0.580000 0.780000 0.490000 1.250000 6.700000 0.650000 0.650000
187499.984375 75.360001 0.084000
1.073000 0.050000 0.116600
0.160296 0.094746 0.000528 0.000000
0.000000

0.000000 0.000000 0.092566
0.040327 0.004561 0.657205 3.623423 177.019287
0.000000 0.230839 0.017682 0.000000 0.000000 0.000000
0.000000 0.000001 0.000000
5.185180 1.000000 0.000000
764.299377 0.000000
0.000000 0.000000 0.000000 0.000000
0.000000 0.969075
11 0.015000 0.900000 0.001000
0.487000 0.580000 0.780000 0.490000 1.250000 6.700000 0.650000 0.650000
187499.984375 75.360001 0.084000
1.073000 0.050000 0.116600
0.160320 0.094597 0.000527 0.000000
0.000000

0.000000 0.000000 0.093086
0.040353 0.004564 0.657591 3.625215 177.034531
0.000000 0.168718 0.017563 0.000000 0.000000 0.000000
0.000000 0.000002 0.000000
5.262320 1.000000 0.000000
764.299377 0.000000
0.000000 0.000000 0.000000 0.000000
0.000000 0.968767
11 0.015000 0.915000 0.001000
0.487000 0.580000 0.780000 0.490000 1.250000 6.700000 0.650000 0.650000
187499.984375 75.360001 0.084000
1.073000 0.050000 0.116600
0.160337 0.094635 0.000527 0.000000
0.000000

0.000000 0.000000 0.093595
0.040378 0.004567 0.657961 3.626919 177.045898
0.000000 0.109290 0.017542 0.000000 0.000000 0.000000
0.000000 0.000002 0.000000
5.338566 1.000000 0.000000
764.299377 0.000000
0.000000 0.000000 0.000000 0.000000
0.000000 0.968366
11 0.015000 0.930000 0.001000
0.487000 0.580000 0.780000 0.490000 1.250000 6.700000 0.650000 0.650000
187499.984375 75.360001 0.084000
1.073000 0.050000 0.116600
0.160360 0.094503 0.000526 0.000000
0.000000

0.000000 0.000000 0.094106
0.040402 0.004570 0.658327 3.628611 177.057404
0.000000 0.071746 0.017431 0.000000 0.000000 0.000000
0.000000 0.000004 0.000000
5.413896 1.000000 0.000000
764.299377 0.000000
0.000000 0.000000 0.000000 0.000000
0.000000 0.967876
11 0.015000 0.945000 0.001000
0.487000 0.580000 0.780000 0.490000 1.250000 6.700000 0.650000 0.650000
187499.984375 75.360001 0.084000
1.073000 0.050000 0.116600
0.160377 0.094681 0.000527 0.000000
0.000000

0.000000 0.000000 0.094619
0.040427 0.004573 0.658697 3.630335 177.068558
0.000000 0.054461 0.017393 0.000000 0.000000 0.000000
0.000000 0.000005 0.000000
5.488293 1.000000 0.000000
764.299377 0.000000
0.000000 0.000000 0.000000 0.000000
0.000000 0.967340
11 0.015000 0.960000 0.001000
0.487000 0.580000 0.780000 0.490000 1.250000 6.700000 0.650000 0.650000
187499.984375 75.360001 0.084000
1.073000 0.050000 0.116600
0.160399 0.094630 0.000527 0.000000
0.000000

0.000000 0.000000 0.095307
0.040460 0.004576 0.659176 3.632660 177.079605
0.000000 0.048316 0.017322 0.000000 0.000000 0.000000
0.000000 0.000006 0.000000
5.561739 1.000000 0.000000
764.299377 0.000000
0.000000 0.000000 0.000000 0.000000
0.000000 0.966826
11 0.015000 0.975000 0.001000
0.487000 0.580000 0.780000 0.490000 1.250000 6.700000 0.650000 0.650000
187499.984375 75.360001 0.084000
1.073000 0.050000 0.116600
0.160424 0.094584 0.000527 0.000000
0.000000

0.000000 0.000000 0.095893
0.040487 0.004579 0.659583 3.634594 177.092072
0.000000 0.045475 0.017261 0.000000 0.000000 0.000000
0.000000 0.000006 0.000000
5.634219 1.000000 0.000000
764.299377 0.000000
0.000000 0.000000 0.000000 0.000000
0.000000 0.966282
11 0.015000 0.990000 0.001000
0.487000 0.580000 0.780000 0.490000 1.250000 6.700000 0.650000 0.650000
187499.984375 75.360001 0.084000
1.073000 0.050000 0.116600
0.160444 0.094547 0.000527 0.000000
0.000000

0.000000 0.000000 0.096381
0.040510 0.004582 0.659931 3.636198 177.104645
0.000000 0.041941 0.017223 0.000000 0.000000 0.000000
0.000000 0.000007 0.000000
5.705718 1.000000 0.000000
764.299377 0.000000
0.000000 0.000000 0.000000 0.000000
0.000000 0.965744
11 0.015000 1.005000 0.001000
0.487000 0.580000 0.780000 0.490000 1.250000 6.700000 0.650000 0.650000
187499.984375 75.360001 0.084000
1.073000 0.050000 0.116600
0.160463 0.094711 0.000528 0.000000
0.000000

0.000000 0.000000 0.096998
0.040539 0.004585 0.660349 3.638211 177.114990
0.000000 0.036702 0.017145 0.000000 0.000000 0.000000
0.000000 0.000008 0.000000
5.776223 1.000000 0.000000
764.299377 0.000000
0.000000 0.000000 0.000000 0.000000
0.000000 0.965215
11 0.015000 1.020000 0.001000
0.487000 0.580000 0.780000 0.490000 1.250000 6.700000 0.650000 0.650000
187499.984375 75.360001 0.084000
1.073000 0.050000 0.116600
0.160484 0.094559 0.000527 0.000000
0.000000

0.000000 0.000000 0.097479
0.040561 0.004588 0.660693 3.639806 177.125504
0.000000 0.030410 0.017102 0.000000 0.000000 0.000000
0.000000 0.000009 0.000000
5.845724 1.000000 0.000000
764.299377 0.000000
0.000000 0.000000 0.000000 0.000000
0.000000 0.964682
11 0.015000 1.035000 0.001000
0.487000 0.580000 0.780000 0.490000 1.250000 6.700000 0.650000 0.650000
187499.984375 75.360001 0.084000
1.073000 0.050000 0.116600
0.160503 0.094790 0.000528 0.000000
0.000000

0.000000 0.000000 0.097980
0.040584 0.004591 0.661039 3.641413 177.136124
0.000000 0.024115 0.017053 0.000000 0.000000 0.000000
0.000000 0.000012 0.000001
5.914211 1.000000 0.000000
764.299377 0.000000
0.000000 0.000000 0.000000 0.000000
0.000000 0.964147
11 0.015000 1.050000 0.001000
0.487000 0.580000 0.780000 0.490000 1.250000 6.700000 0.650000 0.650000
187499.984375 75.360001 0.084000
1.073000 0.050000 0.116600
0.160521 0.094601 0.000527 0.000000
0.000000

0.000000 0.000000 0.098451
0.040606 0.004593 0.661363 3.642914 177.147156
0.000000 0.018645 0.017008 0.000000 0.000000 0.000000
0.000000 0.000015 0.000001
5.981676 1.000000 0.000000
764.299377 0.000000
0.000000 0.000000 0.000000 0.000000
0.000000 0.963630
11 0.015000 1.065000 0.001000
0.487000 0.580000 0.780000 0.490000 1.250000 6.700000 0.650000 0.650000
187499.984375 75.360001 0.084000
1.073000 0.050000 0.116600
0.160538 0.094793 0.000528 0.000000
0.000000

0.000000 0.000000 0.098933
0.040628 0.004596 0.661695 3.644458 177.157547
0.000000 0.014393 0.016940 0.000000 0.000000 0.000000
0.000000 0.000018 0.000001
6.048113 1.000000 0.000000
764.299377 0.000000
0.000000 0.000000 0.000000 0.000000
0.000000 0.963113
11 0.015000 1.080000 0.001000
0.487000 0.580000 0.780000 0.490000 1.250000 6.700000 0.650000 0.650000
187499.984375 75.360001 0.084000
1.073000 0.050000 0.116600
0.160554 0.094545 0.000527 0.000000
0.000000

0.000000 0.000000 0.099630
0.040659 0.004599 0.662152 3.646696 177.169113
0.000000 0.011390 0.016835 0.000000 0.000000 0.000000
0.000000 0.000019 0.000002
6.113518 1.000000 0.000000
764.299377 0.000000
0.000000 0.000000 0.000000 0.000000
0.000000 0.962620
11 0.015000 1.095000 0.001000
0.487000 0.580000 0.780000 0.490000 1.250000 6.700000 0.650000 0.650000
187499.984375 75.360001 0.084000
1.073000 0.050000 0.116600
0.160580 0.094892 0.000529 0.000000
0.000000

0.000000 0.000000 0.100396
0.040693 0.004603 0.662644 3.649132 177.182037
0.000000 0.009441 0.016783 0.000000 0.000000 0.000000
0.000000 0.000019 0.000002
6.177888 1.000000 0.000000
764.299377 0.000000
0.000000 0.000000 0.000000 0.000000
0.000000 0.962140
11 0.015000 1.110000 0.001000
0.487000 0.580000 0.780000 0.490000 1.250000 6.700000 0.650000 0.650000
187499.984375 75.360001 0.084000
1.073000 0.050000 0.116600
0.160608 0.094423 0.000526 0.000000
0.000000

0.000000 0.000000 0.100861
0.040714 0.004605 0.662954 3.650563 177.191772
0.000000 0.008269 0.016754 0.000000 0.000000 0.000000
0.000000 0.000018 0.000003
6.241223 1.000000 0.000000
764.299377 0.000000
0.000000 0.000000 0.000000 0.000000
0.000000 0.961639
11 0.015000 1.125000 0.001000
0.487000 0.580000 0.780000 0.490000 1.250000 6.700000 0.650000 0.650000
187499.984375 75.360001 0.084000
1.073000 0.050000 0.116600
0.160624 0.094714 0.000528 0.000000
0.000000

0.000000 0.000000 0.101319
0.040734 0.004608 0.663270 3.652031 177.202423
0.000000 0.007586 0.016679 0.000000 0.000000 0.000000
0.000000 0.000018 0.000003
6.303520 1.000000 0.000000
764.299377 0.000000
0.000000 0.000000 0.000000 0.000000
0.000000 0.961152
11 0.015000 1.140000 0.001000
0.487000 0.580000 0.780000 0.490000 1.250000 6.700000 0.650000 0.650000
187499.984375 75.360001 0.084000
1.073000 0.050000 0.116600
0.160641 0.094640 0.000527 0.000000
0.000000

0.000000 0.000000 0.101776
0.040755 0.004610 0.663577 3.653464 177.212402
0.000000 0.007232 0.016673 0.000000 0.000000 0.000000
0.000000 0.000018 0.000003
6.364783 1.000000 0.000000
764.299377 0.000000
0.000000 0.000000 0.000000 0.000000
0.000000 0.960667
11 0.015000 1.155000 0.001000
0.487000 0.580000 0.780000 0.490000 1.250000 6.700000 0.650000 0.650000
187499.984375 75.360001 0.084000
1.073000 0.050000 0.116600
0.160659 0.094726 0.000528 0.000000
0.000000

0.000000 0.000000 0.102266
0.040776 0.004613 0.663900 3.654982 177.222916
0.000000 0.007034 0.016649 0.000000 0.000000 0.000000
0.000000 0.000018 0.000003
6.425013 1.000000 0.000000
764.299377 0.000000
0.000000 0.000000 0.000000 0.000000
0.000000 0.960198
11 0.015000 1.170000 0.001000
0.487000 0.580000 0.780000 0.490000 1.250000 6.700000 0.650000 0.650000
187499.984375 75.360001 0.084000
1.073000 0.050000 0.116600
0.160672 0.094690 0.000527 0.000000
0.000000

0.000000 0.000000 0.102805
0.040800 0.004615 0.664248 3.656639 177.233231
0.000000 0.006915 0.016587 0.000000 0.000000 0.000000
0.000000 0.000018 0.000003
6.484214 1.000000 0.000000
764.299377 0.000000
0.000000 0.000000 0.000000 0.000000
0.000000 0.959732
11 0.015000 1.185000 0.001000
0.487000 0.580000 0.780000 0.490000 1.250000 6.700000 0.650000 0.650000
187499.984375 75.360001 0.084000
1.073000 0.050000 0.116600
0.160692 0.094427 0.000526 0.000000
0.000000

0.000000 0.000000 0.103250
0.040819 0.004617 0.664540 3.657994 177.243073
0.000000 0.006855 0.016552 0.000000 0.000000 0.000000
0.000000 0.000018 0.000003
6.542391 1.000000 0.000000
764.299377 0.000000
0.000000 0.000000 0.000000 0.000000
0.000000 0.959268
11 0.015000 1.200000 0.001000
0.487000 0.580000 0.780000 0.490000 1.250000 6.700000 0.650000 0.650000
187499.984375 75.360001 0.084000
1.073000 0.050000 0.116600
0.160708 0.094598 0.000527 0.000000
0.000000

0.000000 0.000000 0.103692
0.040838 0.004620 0.664832 3.659346 177.251755
0.000000 0.006813 0.016510 0.000000 0.000000 0.000000
0.000000 0.000018 0.000003
6.599551 1.000000 0.000000
764.299377 0.000000
0.000000 0.000000 0.000000 0.000000
0.000000 0.958815
11 0.015000 1.215000 0.001000
0.487000 0.580000 0.780000 0.490000 1.250000 6.700000 0.650000 0.650000
187499.984375 75.360001 0.084000
1.073000 0.050000 0.116600
0.160724 0.094538 0.000527 0.000000
0.000000

0.000000 0.000000 0.104130
0.040857 0.004622 0.665124 3.660702 177.263107
0.000000 0.006764 0.016440 0.000000 0.000000 0.000000
0.000000 0.000018 0.000004
6.655699 1.000000 0.000000
764.299377 0.000000
0.000000 0.000000 0.000000 0.000000
0.000000 0.958364
11 0.015000 1.230000 0.001000
0.487000 0.580000 0.780000 0.490000 1.250000 6.700000 0.650000 0.650000
187499.984375 75.360001 0.084000
1.073000 0.050000 0.116600
0.160738 0.094600 0.000527 0.000000
0.000000

0.000000 0.000000 0.104566
0.040875 0.004624 0.665407 3.662011 177.272751
0.000000 0.006729 0.016429 0.000000 0.000000 0.000000
0.000000 0.000018 0.000004
6.710844 1.000000 0.000000
764.299377 0.000000
0.000000 0.000000 0.000000 0.000000
0.000000 0.957913
11 0.015000 1.245000 0.001000
0.487000 0.580000 0.780000 0.490000 1.250000 6.700000 0.650000 0.650000
187499.984375 75.360001 0.084000
1.073000 0.050000 0.116600
0.160750 0.094672 0.000527 0.000000
0.000000

0.000000 0.000000 0.104998
0.040894 0.004626 0.665688 3.663318 177.282883
0.000000 0.006710 0.016389 0.000000 0.000000 0.000000
0.000000 0.000019 0.000004
6.764993 1.000000 0.000000
764.299377 0.000000
0.000000 0.000000 0.000000 0.000000
0.000000 0.957460
11 0.015000 1.260000 0.001000
0.487000 0.580000 0.780000 0.490000 1.250000 6.700000 0.650000 0.650000
187499.984375 75.360001 0.084000
1.073000 0.050000 0.116600
0.160770 0.094971 0.000529 0.000000
0.000000

0.000000 0.000000 0.105437
0.040912 0.004628 0.665967 3.664619 177.292816
0.000000 0.006690 0.016349 0.000000 0.000000 0.000000
0.000000 0.000019 0.000004
6.818157 1.000000 0.000000
764.299377 0.000000
0.000000 0.000000 0.000000 0.000000
0.000000 0.957022
11 0.015000 1.275000 0.001000
0.487000 0.580000 0.780000 0.490000 1.250000 6.700000 0.650000 0.650000
187499.984375 75.360001 0.084000
1.073000 0.050000 0.116600
0.160783 0.094913 0.000529 0.000000
0.000000

0.000000 0.000000 0.105939
0.040933 0.004630 0.666281 3.666105 177.302475
0.000000 0.006644 0.016290 0.000000 0.000000 0.000000
0.000000 0.000019 0.000004
6.870343 1.000000 0.000000
764.299377 0.000000
0.000000 0.000000 0.000000 0.000000
0.000000 0.956587
11 0.015000 1.290000 0.001000
0.487000 0.580000 0.780000 0.490000 1.250000 6.700000 0.650000 0.650000
187499.984375 75.360001 0.084000
1.073000 0.050000 0.116600
0.160800 0.094910 0.000529 0.000000
0.000000

0.000000 0.000000 0.106451
0.040954 0.004633 0.666608 3.667670 177.312805
0.000000 0.006631 0.016272 0.000000 0.000000 0.000000
0.000000 0.000019 0.000004
6.921564 1.000000 0.000000
764.299377 0.000000
0.000000 0.000000 0.000000 0.000000
0.000000 0.956162
11 0.015000 1.305000 0.001000
0.487000 0.580000 0.780000 0.490000 1.250000 6.700000 0.650000 0.650000
187499.984375 75.360001 0.084000
1.073000 0.050000 0.116600
0.160816 0.094786 0.000528 0.000000
0.000000

0.000000 0.000000 0.106895
0.040973 0.004635 0.666892 3.668995 177.322128
0.000000 0.006598 0.016220 0.000000 0.000000 0.000000
0.000000 0.000019 0.000004
6.971828 1.000000 0.000000
764.299377 0.000000
0.000000 0.000000 0.000000 0.000000
0.000000 0.955718
11 0.015000 1.320000 0.001000
0.487000 0.580000 0.780000 0.490000 1.250000 6.700000 0.650000 0.650000
187499.984375 75.360001 0.084000
1.073000 0.050000 0.116600
0.160833 0.094888 0.000529 0.000000
0.000000

0.000000 0.000000 0.107320
0.040990 0.004637 0.667159 3.670246 177.331848
0.000000 0.006566 0.016194 0.000000 0.000000 0.000000
0.000000 0.000019 0.000004
7.021146 1.000000 0.000000
764.299377 0.000000
0.000000 0.000000 0.000000 0.000000
0.000000 0.955292
11 0.015000 1.335000 0.001000
0.487000 0.580000 0.780000 0.490000 1.250000 6.700000 0.650000 0.650000
187499.984375 75.360001 0.084000
1.073000 0.050000 0.116600
0.160848 0.094791 0.000528 0.000000
0.000000

0.000000 0.000000 0.107735
0.041007 0.004639 0.667420 3.671447 177.342712
0.000000 0.006535 0.016136 0.000000 0.000000 0.000000
0.000000 0.000019 0.000004
7.069530 1.000000 0.000000
764.299377 0.000000
0.000000 0.000000 0.000000 0.000000
0.000000 0.954863
11 0.015000 1.350000 0.001000
0.487000 0.580000 0.780000 0.490000 1.250000 6.700000 0.650000 0.650000
187499.984375 75.360001 0.084000
1.073000 0.050000 0.116600
0.160859 0.094875 0.000528 0.000000
0.000000

0.000000 0.000000 0.108150
0.041023 0.004641 0.667677 3.672643 177.352570
0.000000 0.006522 0.016117 0.000000 0.000000 0.000000
0.000000 0.000019 0.000004
7.116992 1.000000 0.000000
764.299377 0.000000
0.000000 0.000000 0.000000 0.000000
0.000000 0.954443
11 0.015000 1.365000 0.001000
0.487000 0.580000 0.780000 0.490000 1.250000 6.700000 0.650000 0.650000
187499.984375 75.360001 0.084000
1.073000 0.050000 0.116600
0.160872 0.094967 0.000529 0.000000
0.000000

0.000000 0.000000 0.108588
0.041041 0.004643 0.667951 3.673934 177.362640
0.000000 0.006493 0.016080 0.000000 0.000000 0.000000
0.000000 0.000019 0.000004
7.163542 1.000000 0.000000
764.299377 0.000000
0.000000 0.000000 0.000000 0.000000
0.000000 0.954030
11 0.015000 1.380000 0.001000
0.487000 0.580000 0.780000 0.490000 1.250000 6.700000 0.650000 0.650000
187499.984375 75.360001 0.084000
1.073000 0.050000 0.116600
0.160886 0.095148 0.000530 0.000000
0.000000

0.000000 0.000000 0.109257
0.041068 0.004646 0.668344 3.675876 177.373215
0.000000 0.006477 0.016028 0.000000 0.000000 0.000000
0.000000 0.000019 0.000004
7.209192 1.000000 0.000000
764.299377 0.000000
0.000000 0.000000 0.000000 0.000000
0.000000 0.953648
11 0.015000 1.395000 0.001000
0.487000 0.580000 0.780000 0.490000 1.250000 6.700000 0.650000 0.650000
187499.984375 75.360001 0.084000
1.073000 0.050000 0.116600
0.160912 0.094894 0.000529 0.000000
0.000000

0.000000 0.000000 0.109680
0.041084 0.004647 0.668606 3.677094 177.382675
0.000000 0.006455 0.015983 0.000000 0.000000 0.000000
0.000000 0.000019 0.000004
7.253954 1.000000 0.000000
764.299377 0.000000
0.000000 0.000000 0.000000 0.000000
0.000000 0.953251
11 0.015000 1.410000 0.001000
0.487000 0.580000 0.780000 0.490000 1.250000 6.700000 0.650000 0.650000
187499.984375 75.360001 0.084000
1.073000 0.050000 0.116600
0.160924 0.095125 0.000530 0.000000
0.000000

0.000000 0.000000 0.110147
0.041103 0.004649 0.668887 3.678430 177.391785
0.000000 0.006424 0.015963 0.000000 0.000000 0.000000
0.000000 0.000019 0.000004
7.297839 1.000000 0.000000
764.299377 0.000000
0.000000 0.000000 0.000000 0.000000
0.000000 0.952865
11 0.015000 1.425000 0.001000
0.487000 0.580000 0.780000 0.490000 1.250000 6.700000 0.650000 0.650000
187499.984375 75.360001 0.084000
1.073000 0.050000 0.116600
0.160937 0.094855 0.000528 0.000000
0.000000

0.000000 0.000000 0.110582
0.041119 0.004651 0.669148 3.679649 177.401199
0.000000 0.006399 0.015906 0.000000 0.000000 0.000000
0.000000 0.000019 0.000004
7.340860 1.000000 0.000000
764.299377 0.000000
0.000000 0.000000 0.000000 0.000000
0.000000 0.952484
11 0.015000 1.440000 0.001000
0.487000 0.580000 0.780000 0.490000 1.250000 6.700000 0.650000 0.650000
187499.984375 75.360001 0.084000
1.073000 0.050000 0.116600
0.160953 0.094885 0.000528 0.000000
0.000000

0.000000 0.000000 0.110980
0.041135 0.004653 0.669393 3.680786 177.409790
0.000000 0.006369 0.015857 0.000000 0.000000 0.000000
0.000000 0.000019 0.000004
7.383027 1.000000 0.000000
764.299377 0.000000
0.000000 0.000000 0.000000 0.000000
0.000000 0.952101
11 0.015000 1.455000 0.001000
0.487000 0.580000 0.780000 0.490000 1.250000 6.700000 0.650000 0.650000
187499.984375 75.360001 0.084000
1.073000 0.050000 0.116600
0.160971 0.094830 0.000528 0.000000
0.000000

0.000000 0.000000 0.111377
0.041150 0.004655 0.669637 3.681922 177.418686
0.000000 0.006333 0.015798 0.000000 0.000000 0.000000
0.000000 0.000019 0.000005
7.424353 1.000000 0.000000
764.299377 0.000000
0.000000 0.000000 0.000000 0.000000
0.000000 0.951731
11 0.015000 1.470000 0.001000
0.487000 0.580000 0.780000 0.490000 1.250000 6.700000 0.650000 0.650000
187499.984375 75.360001 0.084000
1.073000 0.050000 0.116600
0.160978 0.094894 0.000529 0.000000
0.000000

0.000000 0.000000 0.111770
0.041165 0.004656 0.669876 3.683037 177.427246
0.000000 0.006330 0.015783 0.000000 0.000000 0.000000
0.000000 0.000020 0.000005
7.464847 1.000000 0.000000
764.299377 0.000000
0.000000 0.000000 0.000000 0.000000
0.000000 0.951360
11 0.015000 1.485000 0.001000
0.487000 0.580000 0.780000 0.490000 1.250000 6.700000 0.650000 0.650000
187499.984375 75.360001 0.084000
1.073000 0.050000 0.116600
0.160991 0.094973 0.000529 0.000000
0.000000

0.000000 0.000000 0.112161
0.041180 0.004658 0.670114 3.684146 177.437164
0.000000 0.006302 0.015751 0.000000 0.000000 0.000000
0.000000 0.000020 0.000005
7.504522 1.000000 0.000000
764.299377 0.000000
0.000000 0.000000 0.000000 0.000000
0.000000 0.951001
11 0.015000 1.500000 0.001000
0.487000 0.580000 0.780000 0.490000 1.250000 6.700000 0.650000 0.650000
187499.984375 75.360001 0.084000
1.073000 0.050000 0.116600
0.161002 0.095294 0.000531 0.000000
0.000000

0.000000 0.000000 0.112575
0.041196 0.004660 0.670367 3.685336 177.445801
0.000000 0.006276 0.015704 0.000000 0.000000 0.000000
0.000000 0.000020 0.000005
7.543388 1.000000 0.000000
764.299377 0.000000
0.000000 0.000000 0.000000 0.000000
0.000000 0.950648
11 0.015000 1.515000 0.001000
0.487000 0.580000 0.780000 0.490000 1.250000 6.700000 0.650000 0.650000
187499.984375 75.360001 0.084000
1.073000 0.050000 0.116600
0.161013 0.095023 0.000529 0.000000
0.000000

0.000000 0.000000 0.112975
0.041211 0.004661 0.670601 3.686429 177.454742
0.000000 0.006265 0.015691 0.000000 0.000000 0.000000
0.000000 0.000020 0.000005
7.581457 1.000000 0.000000
764.299377 0.000000
0.000000 0.000000 0.000000 0.000000
0.000000 0.950298
11 0.015000 1.530000 0.001000
0.487000 0.580000 0.780000 0.490000 1.250000 6.700000 0.650000 0.650000
187499.984375 75.360001 0.084000
1.073000 0.050000 0.116600
0.161034 0.095115 0.000530 0.000000
0.000000

0.000000 0.000000 0.114052
0.041251 0.004666 0.671180 3.689417 177.470062
0.000000 0.006225 0.015619 0.000000 0.000000 0.000000
0.000000 0.000020 0.000005
7.618738 1.000000 0.000000
764.299377 0.000000
0.000000 0.000000 0.000000 0.000000
0.000000 0.950013
11 0.015000 1.545000 0.001000
0.487000 0.580000 0.780000 0.490000 1.250000 6.700000 0.650000 0.650000
187499.984375 75.360001 0.084000
1.073000 0.050000 0.116600
0.161064 0.095186 0.000530 0.000000
0.000000

0.000000 0.000000 0.116867
0.041357 0.004678 0.672617 3.697124 177.508469
0.000000 0.006211 0.015583 0.000000 0.000000 0.000000
0.000000 0.000020 0.000005
7.655241 1.000000 0.000000
764.299377 0.000000
0.000000 0.000000 0.000000 0.000000
0.000000 0.949901
11 0.015000 1.560000 0.001000
0.487000 0.580000 0.780000 0.490000 1.250000 6.700000 0.650000 0.650000
187499.984375 75.360001 0.084000
1.073000 0.050000 0.116600
0.161146 0.094884 0.000528 0.000000
0.000000

0.000000 0.000000 0.117260
0.041371 0.004679 0.672841 3.698169 177.516663
0.000000 0.006195 0.015543 0.000000 0.000000 0.000000
0.000000 0.000020 0.000005
7.690978 1.000000 0.000000
764.299377 0.000000
0.000000 0.000000 0.000000 0.000000
0.000000 0.949562
11 0.015000 1.575000 0.001000
0.487000 0.580000 0.780000 0.490000 1.250000 6.700000 0.650000 0.650000
187499.984375 75.360001 0.084000
1.073000 0.050000 0.116600
0.161167 0.094955 0.000529 0.000000
0.000000

0.000000 0.000000 0.117652
0.041386 0.004681 0.673073 3.699256 177.525864
0.000000 0.006156 0.015492 0.000000 0.000000 0.000000
0.000000 0.000020 0.000005
7.725958 1.000000 0.000000
764.299377 0.000000
0.000000 0.000000 0.000000 0.000000
0.000000 0.949227
11 0.015000 1.590000 0.001000
0.487000 0.580000 0.780000 0.490000 1.250000 6.700000 0.650000 0.650000
187499.984375 75.360001 0.084000
1.073000 0.050000 0.116600
0.161174 0.095038 0.000529 0.000000
0.000000

0.000000 0.000000 0.118042
0.041399 0.004682 0.673299 3.700304 177.534897
0.000000 0.006132 0.015463 0.000000 0.000000 0.000000
0.000000 0.000020 0.000005
7.760191 1.000000 0.000000
764.299377 0.000000
0.000000 0.000000 0.000000 0.000000
0.000000 0.948899
11 0.015000 1.605000 0.001000
0.487000 0.580000 0.780000 0.490000 1.250000 6.700000 0.650000 0.650000
187499.984375 75.360001 0.084000
1.073000 0.050000 0.116600
0.161189 0.095282 0.000531 0.000000
0.000000

0.000000 0.000000 0.118464
0.041414 0.004684 0.673535 3.701427 177.544006
0.000000 0.006101 0.015412 0.000000 0.000000 0.000000
0.000000 0.000020 0.000005
7.793685 1.000000 0.000000
764.299377 0.000000
0.000000 0.000000 0.000000 0.000000
0.000000 0.948579
11 0.015000 1.620000 0.001000
0.487000 0.580000 0.780000 0.490000 1.250000 6.700000 0.650000 0.650000
187499.984375 75.360001 0.084000
1.073000 0.050000 0.116600
0.161200 0.095102 0.000530 0.000000
0.000000

0.000000 0.000000 0.120420
0.041486 0.004692 0.674520 3.706652 177.575760
0.000000 0.006105 0.015410 0.000000 0.000000 0.000000
0.000000 0.000020 0.000005
7.826450 1.000000 0.000000
764.299377 0.000000
0.000000 0.000000 0.000000 0.000000
0.000000 0.948399
11 0.015000 1.635000 0.001000
0.487000 0.580000 0.780000 0.490000 1.250000 6.700000 0.650000 0.650000
187499.984375 75.360001 0.084000
1.073000 0.050000 0.116600
0.161256 0.095118 0.000530 0.000000
0.000000

0.000000 0.000000 0.120843
0.041501 0.004694 0.674758 3.707778 177.586258
0.000000 0.006062 0.015348 0.000000 0.000000 0.000000
0.000000 0.000020 0.000005
7.858494 1.000000 0.000000
764.299377 0.000000
0.000000 0.000000 0.000000 0.000000
0.000000 0.948088
11 0.015000 1.650000 0.001000
0.487000 0.580000 0.780000 0.490000 1.250000 6.700000 0.650000 0.650000
187499.984375 75.360001 0.084000
1.073000 0.050000 0.116600
0.161270 0.094984 0.000529 0.000000
0.000000

0.000000 0.000000 0.121236
0.041514 0.004695 0.674975 3.708788 177.595398
0.000000 0.006034 0.015284 0.000000 0.000000 0.000000
0.000000 0.000020 0.000005
7.889826 1.000000 0.000000
764.299377 0.000000
0.000000 0.000000 0.000000 0.000000
0.000000 0.947785
11 0.015000 1.665000 0.001000
0.487000 0.580000 0.780000 0.490000 1.250000 6.700000 0.650000 0.650000
187499.984375 75.360001 0.084000
1.073000 0.050000 0.116600
0.161283 0.095063 0.000529 0.000000
0.000000

0.000000 0.000000 0.121626
0.041527 0.004697 0.675199 3.709836 177.604996
0.000000 0.006022 0.015283 0.000000 0.000000 0.000000
0.000000 0.000020 0.000005
7.920455 1.000000 0.000000
764.299377 0.000000
0.000000 0.000000 0.000000 0.000000
0.000000 0.947481
11 0.015000 1.680000 0.001000
0.487000 0.580000 0.780000 0.490000 1.250000 6.700000 0.650000 0.650000
187499.984375 75.360001 0.084000
1.073000 0.050000 0.116600
0.161294 0.095386 0.000531 0.000000
0.000000

0.000000 0.000000 0.122051
0.041542 0.004698 0.675429 3.710934 177.613800
0.000000 0.005993 0.015204 0.000000 0.000000 0.000000
0.000000 0.000020 0.000005
7.950387 1.000000 0.000000
764.299377 0.000000
0.000000 0.000000 0.000000 0.000000
0.000000 0.947186
11 0.015000 1.695000 0.001000
0.487000 0.580000 0.780000 0.490000 1.250000 6.700000 0.650000 0.650000
187499.984375 75.360001 0.084000
1.073000 0.050000 0.116600
0.161304 0.095148 0.000530 0.000000
0.000000

0.000000 0.000000 0.122538
0.041558 0.004700 0.675695 3.712219 177.624268
0.000000 0.005955 0.015163 0.000000 0.000000 0.000000
0.000000 0.000020 0.000005
7.979632 1.000000 0.000000
764.299377 0.000000
0.000000 0.000000 0.000000 0.000000
0.000000 0.946895
11 0.015000 1.710000 0.001000
0.487000 0.580000 0.780000 0.490000 1.250000 6.700000 0.650000 0.650000
187499.984375 75.360001 0.084000
1.073000 0.050000 0.116600
0.161322 0.095184 0.000530 0.000000
0.000000

0.000000 0.000000 0.122924
0.041571 0.004701 0.675906 3.713208 177.633087
0.000000 0.005953 0.015166 0.000000 0.000000 0.000000
0.000000 0.000020 0.000005
8.008196 1.000000 0.000000
764.299377 0.000000
0.000000 0.000000 0.000000 0.000000
0.000000 0.946607
11 0.015000 1.725000 0.001000
0.487000 0.580000 0.780000 0.490000 1.250000 6.700000 0.650000 0.650000
187499.984375 75.360001 0.084000
1.073000 0.050000 0.116600
0.161331 0.095288 0.000531 0.000000
0.000000

0.000000 0.000000 0.123376
0.041586 0.004703 0.676149 3.714369 177.643570
0.000000 0.005934 0.015104 0.000000 0.000000 0.000000
0.000000 0.000020 0.000006
8.036087 1.000000 0.000000
764.299377 0.000000
0.000000 0.000000 0.000000 0.000000
0.000000 0.946322
11 0.015000 1.740000 0.001000
0.487000 0.580000 0.780000 0.490000 1.250000 6.700000 0.650000 0.650000
187499.984375 75.360001 0.084000
1.073000 0.050000 0.116600
0.161345 0.095366 0.000531 0.000000
0.000000

0.000000 0.000000 0.124795
0.041635 0.004708 0.676842 3.718009 177.664673
0.000000 0.005917 0.015072 0.000000 0.000000 0.000000
0.000000 0.000020 0.000006
8.063312 1.000000 0.000000
764.299377 0.000000
0.000000 0.000000 0.000000 0.000000
0.000000 0.946132
11 0.015000 1.755000 0.001000
0.487000 0.580000 0.780000 0.490000 1.250000 6.700000 0.650000 0.650000
187499.984375 75.360001 0.084000
1.073000 0.050000 0.116600
0.161387 0.095273 0.000531 0.000000
0.000000

0.000000 0.000000 0.127043
0.041714 0.004717 0.677914 3.723728 177.685730
0.000000 0.005885 0.015035 0.000000 0.000000 0.000000
0.000000 0.000020 0.000006
8.089875 1.000000 0.000000
764.299377 0.000000
0.000000 0.000000 0.000000 0.000000
0.000000 0.946011
11 0.015000 1.770000 0.001000
0.487000 0.580000 0.780000 0.490000 1.250000 6.700000 0.650000 0.650000
187499.984375 75.360001 0.084000
1.073000 0.050000 0.116600
0.161452 0.095178 0.000530 0.000000
0.000000

0.000000 0.000000 0.127839
0.041741 0.004720 0.678307 3.725731 177.696487
0.000000 0.005870 0.014987 0.000000 0.000000 0.000000
0.000000 0.000020 0.000006
8.115786 1.000000 0.000000
764.299377 0.000000
0.000000 0.000000 0.000000 0.000000
0.000000 0.945773
11 0.015000 1.785000 0.001000
0.487000 0.580000 0.780000 0.490000 1.250000 6.700000 0.650000 0.650000
187499.984375 75.360001 0.084000
1.073000 0.050000 0.116600
0.161471 0.095481 0.000532 0.000000
0.000000

0.000000 0.000000 0.129062
0.041782 0.004725 0.678893 3.728781 177.707809
0.000000 0.005845 0.014953 0.000000 0.000000 0.000000
0.000000 0.000020 0.000006
8.141048 1.000000 0.000000
764.299377 0.000000
0.000000 0.000000 0.000000 0.000000
0.000000 0.945572
11 0.015000 1.800000 0.001000
0.487000 0.580000 0.780000 0.490000 1.250000 6.700000 0.650000 0.650000
187499.984375 75.360001 0.084000
1.073000 0.050000 0.116600
0.161504 0.095249 0.000531 0.000000
0.000000

0.000000 0.000000 0.129548
0.041798 0.004726 0.679143 3.729991 177.717712
0.000000 0.005834 0.014942 0.000000 0.000000 0.000000
0.000000 0.000020 0.000006
8.165670 1.000000 0.000000
764.299377 0.000000
0.000000 0.000000 0.000000 0.000000
0.000000 0.945301
11 0.015000 1.815000 0.001000
0.487000 0.580000 0.780000 0.490000 1.250000 6.700000 0.650000 0.650000
187499.984375 75.360001 0.084000
1.073000 0.050000 0.116600
0.161520 0.095329 0.000531 0.000000
0.000000

0.000000 0.000000 0.130455
0.041827 0.004730 0.679575 3.732203 177.728348
0.000000 0.005809 0.014888 0.000000 0.000000 0.000000
0.000000 0.000020 0.000006
8.189656 1.000000 0.000000
764.299377 0.000000
0.000000 0.000000 0.000000 0.000000
0.000000 0.945080
11 0.015000 1.830000 0.001000
0.487000 0.580000 0.780000 0.490000 1.250000 6.700000 0.650000 0.650000
187499.984375 75.360001 0.084000
1.073000 0.050000 0.116600
0.161543 0.095301 0.000531 0.000000
0.000000

0.000000 0.000000 0.130856
0.041839 0.004731 0.679780 3.733167 177.736832
0.000000 0.005790 0.014854 0.000000 0.000000 0.000000
0.000000 0.000020 0.000006
8.213013 1.000000 0.000000
764.299377 0.000000
0.000000 0.000000 0.000000 0.000000
0.000000 0.944816
11 0.015000 1.845000 0.001000
0.487000 0.580000 0.780000 0.490000 1.250000 6.700000 0.650000 0.650000
187499.984375 75.360001 0.084000
1.073000 0.050000 0.116600
0.161557 0.095380 0.000531 0.000000
0.000000

0.000000 0.000000 0.131278
0.041852 0.004732 0.679994 3.734191 177.744888
0.000000 0.005754 0.014793 0.000000 0.000000 0.000000
0.000000 0.000020 0.000006
8.235745 1.000000 0.000000
764.299377 0.000000
0.000000 0.000000 0.000000 0.000000
0.000000 0.944551
11 0.015000 1.860000 0.001000
0.487000 0.580000 0.780000 0.490000 1.250000 6.700000 0.650000 0.650000
187499.984375 75.360001 0.084000
1.073000 0.050000 0.116600
0.161567 0.095238 0.000530 0.000000
0.000000

0.000000 0.000000 0.131753
0.041866 0.004734 0.680230 3.735326 177.753784
0.000000 0.005720 0.014740 0.000000 0.000000 0.000000
0.000000 0.000020 0.000006
8.257860 1.000000 0.000000
764.299377 0.000000
0.000000 0.000000 0.000000 0.000000
0.000000 0.944307
11 0.015000 1.875000 0.001000
0.487000 0.580000 0.780000 0.490000 1.250000 6.700000 0.650000 0.650000
187499.984375 75.360001 0.084000
1.073000 0.050000 0.116600
0.161582 0.095371 0.000531 0.000000
0.000000

0.000000 0.000000 0.132173
0.041879 0.004735 0.680444 3.736342 177.762619
0.000000 0.005707 0.014697 0.000000 0.000000 0.000000
0.000000 0.000020 0.000006
8.279361 1.000000 0.000000
764.299377 0.000000
0.000000 0.000000 0.000000 0.000000
0.000000 0.944060
11 0.015000 1.890000 0.001000
0.487000 0.580000 0.780000 0.490000 1.250000 6.700000 0.650000 0.650000
187499.984375 75.360001 0.084000
1.073000 0.050000 0.116600
0.161590 0.095557 0.000532 0.000000
0.000000

0.000000 0.000000 0.132611
0.041892 0.004736 0.680666 3.737410 177.771973
0.000000 0.005679 0.014671 0.000000 0.000000 0.000000
0.000000 0.000020 0.000006
8.300253 1.000000 0.000000
764.299377 0.000000
0.000000 0.000000 0.000000 0.000000
0.000000 0.943824
11 0.015000 1.905000 0.001000
0.487000 0.580000 0.780000 0.490000 1.250000 6.700000 0.650000 0.650000
187499.984375 75.360001 0.084000
1.073000 0.050000 0.116600
0.161604 0.095249 0.000531 0.000000
0.000000

0.000000 0.000000 0.133024
0.041904 0.004738 0.680879 3.738420 177.780823
0.000000 0.005652 0.014601 0.000000 0.000000 0.000000
0.000000 0.000020 0.000006
8.320540 1.000000 0.000000
764.299377 0.000000
0.000000 0.000000 0.000000 0.000000
0.000000 0.943588
11 0.015000 1.920000 0.001000
0.487000 0.580000 0.780000 0.490000 1.250000 6.700000 0.650000 0.650000
187499.984375 75.360001 0.084000
1.073000 0.050000 0.116600
0.161617 0.095233 0.000530 0.000000
0.000000

0.000000 0.000000 0.133413
0.041915 0.004739 0.681067 3.739305 177.789810
0.000000 0.005640 0.014613 0.000000 0.000000 0.000000
0.000000 0.000020 0.000006
8.340229 1.000000 0.000000
764.299377 0.000000
0.000000 0.000000 0.000000 0.000000
0.000000 0.943359
11 0.015000 1.935000 0.001000
0.487000 0.580000 0.780000 0.490000 1.250000 6.700000 0.650000 0.650000
187499.984375 75.360001 0.084000
1.073000 0.050000 0.116600
0.161623 0.095311 0.000531 0.000000
0.000000

0.000000 0.000000 0.133799
0.041926 0.004740 0.681265 3.740238 177.798447
0.000000 0.005629 0.014566 0.000000 0.000000 0.000000
0.000000 0.000020 0.000006
8.359322 1.000000 0.000000
764.299377 0.000000
0.000000 0.000000 0.000000 0.000000
0.000000 0.943131
11 0.015000 1.950000 0.001000
0.487000 0.580000 0.780000 0.490000 1.250000 6.700000 0.650000 0.650000
187499.984375 75.360001 0.084000
1.073000 0.050000 0.116600
0.161634 0.095616 0.000533 0.000000
0.000000

0.000000 0.000000 0.134240
0.041939 0.004741 0.681480 3.741269 177.807831
0.000000 0.005596 0.014515 0.000000 0.000000 0.000000
0.000000 0.000020 0.000006
8.377821 1.000000 0.000000
764.299377 0.000000
0.000000 0.000000 0.000000 0.000000
0.000000 0.942907
11 0.015000 1.965000 0.001000
0.487000 0.580000 0.780000 0.490000 1.250000 6.700000 0.650000 0.650000
187499.984375 75.360001 0.084000
1.073000 0.050000 0.116600
0.161649 0.095499 0.000532 0.000000
0.000000

0.000000 0.000000 0.135131
0.041966 0.004744 0.681887 3.743366 177.818146
0.000000 0.005575 0.014462 0.000000 0.000000 0.000000
0.000000 0.000020 0.000006
8.395734 1.000000 0.000000
764.299377 0.000000
0.000000 0.000000 0.000000 0.000000
0.000000 0.942736
11 0.015000 1.980000 0.001000
0.487000 0.580000 0.780000 0.490000 1.250000 6.700000 0.650000 0.650000
187499.984375 75.360001 0.084000
1.073000 0.050000 0.116600
0.161668 0.095523 0.000532 0.000000
0.000000

0.000000 0.000000 0.135660
0.041982 0.004746 0.682140 3.744606 177.827087
0.000000 0.014355 0.014591 0.000000 0.000000 0.000000
0.000000 0.000025 0.000003
8.413061 1.000000 0.000000
764.299377 0.000000
0.000000 0.000000 0.000000 0.000000
0.000000 0.942503
11 0.015000 1.995000 0.001000
0.487000 0.580000 0.780000 0.490000 1.250000 6.700000 0.650000 0.650000
187499.984375 75.360001 0.084000
1.073000 0.050000 0.116600
0.161683 0.095621 0.000533 0.000000
0.000000
1.000000
2.000000
0.321000 0.000000
0.000000
0
-0.750000
0 0
0.000000
1
0.000000
1.000000
1.000000
1.000000
0.000000 0.000000 0.000000
0.000000 0.000000
0.000000 0.000000 0.000000 0.000000 0.000000 0.000000 0.000000
0.000000 0.000000 0.000000 0.000000 0.000000 0.000000 0.000000
605
2.000000
1
C:\Kingsite\dnd\Ohio1.spf
-1.000000 -1.000000
0.000000
50
50
10.000000
99
