11
Clay
0.580000 0.612000 0.084000 0.780000 0.530000 1.000000 0.000000 0.000000
1.020000 6.700000 1 0.028600 0.500000 0.050000 0.010000 0.027000 0.963000
0.000000 0.015000 2.000000 152999.984375 75.360001 133
0.103800 3.528000 4.728100 0.000000 1
8.234000 8.234000 10.000000 5.000000 25.000000 100.000000
0.000000 0.000000 0.000000 0.000000 116.959076 173.046249
500.000000 0.000000 0.000000

0.261024 278.500336 643.385803
7.050595 1.052204 80.830528 496.335327 4053.913086
0.000000 0.000000 0.010975 0.601733 0.000000 0.000000
0.000002 0.000000 0.000025
-1.928224 0.000010 70.337944
764.299377 0.000000
0.982951 0.000000 0.000000 0.000000
0.000000 0.293381
11 0.015000 0.015000 0.028600
0.612000 0.580000 0.780000 0.530000 1.020000 6.700000 0.780000 0.780000
152999.984375 75.360001 0.084000
1.073000 0.050000 0.116600
3.520283 12.954022 0.011598 0.000000
0.000000

0.260668 29.655344 33.688610
3.172764 0.458911 46.507519 281.554047 4086.939453
0.000000 0.001927 0.009741 0.495351 0.000000 0.000000
0.000001 0.000001 0.000014
-1.732315 0.000010 70.337944
764.299377 0.000000
0.198994 0.000000 0.000000 0.000000
0.000000 0.151600
11 0.015000 0.030000 0.028600
0.612000 0.580000 0.780000 0.530000 1.020000 6.700000 0.780000 0.780000
152999.984375 75.360001 0.084000
1.073000 0.050000 0.116600
3.557418 4.835810 0.001492 0.000000
0.000000

0.246725 25.793825 23.066669
3.085068 0.431281 46.039974 276.657806 4087.657227
0.000000 0.000145 0.011173 0.249715 0.000000 0.000000
0.000001 0.000000 0.000015
-1.537273 0.000010 70.337944
764.299377 0.000000
0.169943 0.000000 0.000000 0.000000
0.000000 0.122046
11 0.015000 0.045000 0.028600
0.612000 0.580000 0.780000 0.530000 1.020000 6.700000 0.780000 0.780000
152999.984375 75.360001 0.084000
1.073000 0.050000 0.116600
3.561942 6.205000 0.002490 0.000000
0.000000

0.233111 23.987965 22.646624
3.056197 0.405588 46.105896 275.688690 4088.113281
0.000000 0.000000 0.014379 0.124858 0.000000 0.000000
0.000001 0.000000 0.000014
-1.343491 0.000010 70.337944
764.299377 0.000000
0.170183 0.000000 0.000000 0.000000
0.000000 0.100265
11 0.015000 0.060000 0.028600
0.612000 0.580000 0.780000 0.530000 1.020000 6.700000 0.780000 0.780000
152999.984375 75.360001 0.084000
1.073000 0.050000 0.116600
3.564923 7.042863 0.003233 0.000000
0.000000

0.218881 22.244337 22.105553
3.039120 0.387232 46.136719 274.875671 4088.505127
0.000000 0.000000 0.014801 0.062429 0.000000 0.000000
0.000001 0.000000 0.000012
-1.151373 0.000010 70.337944
764.299377 0.000000
0.160774 0.000000 0.000000 0.000000
0.000000 0.081397
11 0.015000 0.075000 0.028600
0.612000 0.580000 0.780000 0.530000 1.020000 6.700000 0.780000 0.780000
152999.984375 75.360001 0.084000
1.073000 0.050000 0.116600
3.567187 8.093675 0.004315 0.000000
0.000000

0.205014 20.608467 21.455667
3.041382 0.377590 46.154579 274.190674 4088.756836
0.000000 0.000000 0.012924 0.031214 0.000000 0.000000
0.000001 0.000000 0.000009
-0.961305 0.000010 70.337944
764.299377 0.000000
0.130966 0.000000 0.000000 0.000000
0.000000 0.080235
11 0.015000 0.090000 0.028600
0.612000 0.580000 0.780000 0.530000 1.020000 6.700000 0.780000 0.780000
152999.984375 75.360001 0.084000
1.073000 0.050000 0.116600
3.568938 7.833448 0.004032 0.000000
0.000000

0.192574 19.174004 146.957123
3.143388 0.357157 46.658932 276.558868 4089.703369
0.000000 0.000000 0.010703 0.015607 0.000000 0.000000
0.000000 0.000000 0.000008
-0.773661 0.000010 70.337944
764.299377 0.000000
0.083144 0.000000 0.000000 0.000000
0.000000 0.155976
11 0.015000 0.105000 0.028600
0.612000 0.580000 0.780000 0.530000 1.020000 6.700000 0.780000 0.780000
152999.984375 75.360001 0.084000
1.073000 0.050000 0.116600
3.612915 5.585516 0.002005 0.000000
0.000000

0.178439 17.419165 71.131073
1.528165 0.170121 20.644379 122.135391 2957.536865
0.000000 0.000000 0.003956 0.007804 0.000000 0.000000
0.000000 0.000000 0.000001
-0.577066 0.000010 52.083866
764.299377 0.000000
0.029900 0.000000 0.000000 0.000000
0.000000 0.120822
11 0.015000 0.120000 0.018000
0.547000 0.580000 0.780000 0.490000 1.150000 6.700000 0.650000 0.650000
172500.000000 75.360001 0.084000
1.073000 0.050000 0.116600
2.737194 6.657677 0.001669 0.000000
0.000000

0.166338 16.104250 66.793648
1.483679 0.165170 20.036581 118.317291 2958.032715
0.000000 0.000000 0.002549 0.003902 0.000000 0.000000
0.000000 0.000000 0.000001
-0.367184 0.000010 52.083866
764.299377 0.000000
0.018354 0.000000 0.000000 0.000000
0.000000 0.116366
11 0.015000 0.135000 0.018000
0.547000 0.580000 0.780000 0.490000 1.150000 6.700000 0.650000 0.650000
172500.000000 75.360001 0.084000
1.073000 0.050000 0.116600
2.738920 6.144078 0.001415 0.000000
0.000000

0.155969 15.011507 62.800446
1.445391 0.160910 19.472233 114.695641 2958.599121
0.000000 0.000000 0.001229 0.001951 0.000000 0.000000
0.000000 0.000000 0.000001
-0.160628 0.000010 52.083866
764.299377 0.000000
0.007774 0.000000 0.000000 0.000000
0.000000 0.117368
11 0.015000 0.150000 0.018000
0.547000 0.580000 0.780000 0.490000 1.150000 6.700000 0.650000 0.650000
172500.000000 75.360001 0.084000
1.073000 0.050000 0.116600
2.740415 6.298105 0.001489 0.000000
0.000000

0.148110 35.546432 59.942371
1.311310 0.146000 18.514164 108.806694 2958.965820
0.000000 0.000006 0.000135 0.000975 0.000000 0.000000
0.000000 0.000000 0.000003
0.031910 0.634782 0.000000
764.299377 0.000000
0.000000 0.000000 0.000000 0.000000
0.000000 0.175254
11 0.015000 0.165000 0.018000
0.547000 0.580000 0.780000 0.490000 1.150000 6.700000 0.650000 0.650000
172500.000000 75.360001 0.084000
1.073000 0.050000 0.116600
2.741699 6.598413 0.030107 0.000000
0.000000

0.143154 33.447807 56.646564
1.271563 0.141578 18.039928 105.669052 2959.464111
0.000000 0.000007 0.000147 0.000488 0.000000 0.000000
0.000000 0.000000 0.000004
0.230915 0.634782 0.000000
764.299377 0.000000
0.000000 0.000000 0.000000 0.000000
0.000000 0.171689
11 0.015000 0.180000 0.018000
0.547000 0.580000 0.780000 0.490000 1.150000 6.700000 0.650000 0.650000
172500.000000 75.360001 0.084000
1.073000 0.050000 0.116600
2.743095 7.753468 0.035739 0.000000
0.000000

0.133161 31.161081 53.261478
1.236936 0.137726 17.601070 102.965843 2959.834229
0.000000 0.000008 0.000157 0.000244 0.000000 0.000000
0.000000 0.000000 0.000005
0.425753 0.634782 0.000000
764.299377 0.000000
0.000000 0.000000 0.000000 0.000000
0.000000 0.169363
11 0.015000 0.195000 0.018000
0.547000 0.580000 0.780000 0.490000 1.150000 6.700000 0.650000 0.650000
172500.000000 75.360001 0.084000
1.073000 0.050000 0.116600
2.744054 7.985504 0.036885 0.000000
0.000000

0.113777 27.836868 48.570911
1.206484 0.134340 17.168154 100.973457 2958.979248
0.000000 0.000007 0.000178 0.000122 0.000000 0.000000
0.000000 0.000000 0.000005
0.615167 0.650000 0.000000
764.299377 0.000000
0.000000 0.000000 0.000000 0.000000
0.000000 0.165073
11 0.015000 0.210000 0.018000
0.547000 0.580000 0.780000 0.490000 1.150000 6.700000 0.650000 0.650000
172500.000000 75.360001 0.084000
1.073000 0.050000 0.116600
2.740974 4.492618 0.020610 0.000000
0.000000

0.105525 25.722672 44.266132
0.810516 0.090250 11.126188 65.389137 1544.240356
0.000000 0.000000 0.000053 0.000061 0.000000 0.000000
0.000000 0.000000 0.000002
0.800520 0.650000 0.000000
764.299377 0.000000
0.000000 0.000000 0.000000 0.000000
0.000000 0.149675
11 0.015000 0.225000 0.009000
0.527000 0.580000 0.780000 0.490000 1.200000 6.700000 0.650000 0.650000
180000.015625 75.360001 0.084000
1.073000 0.050000 0.116600
1.430402 4.015129 0.016912 0.000000
0.000000

0.097916 23.929092 40.978008
0.784152 0.087319 10.790522 63.367928 1544.322754
0.000000 0.000000 0.000075 0.000030 0.000000 0.000000
0.000000 0.000000 0.000002
0.982561 0.650000 0.000000
764.299377 0.000000
0.000000 0.000000 0.000000 0.000000
0.000000 0.147015
11 0.015000 0.240000 0.009000
0.527000 0.580000 0.780000 0.490000 1.200000 6.700000 0.650000 0.650000
180000.015625 75.360001 0.084000
1.073000 0.050000 0.116600
1.430717 3.467373 0.014540 0.000000
0.000000

0.090826 22.241810 38.164585
0.759890 0.084621 10.465672 61.416351 1544.446289
0.000000 0.000000 0.000098 0.000015 0.000000 0.000000
0.000000 0.000000 0.000002
1.159564 0.650000 0.000000
764.299377 0.000000
0.000000 0.000000 0.000000 0.000000
0.000000 0.146082
11 0.015000 0.255000 0.009000
0.527000 0.580000 0.780000 0.490000 1.200000 6.700000 0.650000 0.650000
180000.015625 75.360001 0.084000
1.073000 0.050000 0.116600
1.431004 3.227626 0.013508 0.000000
0.000000

0.084229 20.662748 35.590145
0.736388 0.082007 10.162131 59.597984 1544.541992
0.000000 0.000000 0.000090 0.000008 0.000000 0.000000
0.000000 0.000000 0.000002
1.331434 0.650000 0.000000
764.299377 0.000000
0.000000 0.000000 0.000000 0.000000
0.000000 0.144055
11 0.015000 0.270000 0.009000
0.527000 0.580000 0.780000 0.490000 1.200000 6.700000 0.650000 0.650000
180000.015625 75.360001 0.084000
1.073000 0.050000 0.116600
1.431248 3.003626 0.012548 0.000000
0.000000

0.078090 19.204342 33.231617
0.714116 0.079530 9.877175 57.896439 1544.627563
0.000000 0.000000 0.000067 0.000004 0.000000 0.000000
0.000000 0.000000 0.000002
1.498111 0.650000 0.000000
764.299377 0.000000
0.000000 0.000000 0.000000 0.000000
0.000000 0.141465
11 0.015000 0.285000 0.009000
0.527000 0.580000 0.780000 0.490000 1.200000 6.700000 0.650000 0.650000
180000.015625 75.360001 0.084000
1.073000 0.050000 0.116600
1.431454 2.753642 0.011480 0.000000
0.000000

0.072397 17.845829 31.039436
0.693413 0.077229 9.613247 56.320004 1544.713379
0.000000 0.000000 0.000074 0.000002 0.000000 0.000000
0.000000 0.000000 0.000002
1.659566 0.650000 0.000000
764.299377 0.000000
0.000000 0.000000 0.000000 0.000000
0.000000 0.137751
11 0.015000 0.300000 0.009000
0.527000 0.580000 0.780000 0.490000 1.200000 6.700000 0.650000 0.650000
180000.015625 75.360001 0.084000
1.073000 0.050000 0.116600
1.431647 2.495912 0.010384 0.000000
0.000000

0.067133 16.609726 29.097080
0.674850 0.075164 9.362755 54.829205 1544.809937
0.000000 0.000000 0.000110 0.000001 0.000000 0.000000
0.000000 0.000000 0.000002
1.815802 0.650000 0.000000
764.299377 0.000000
0.000000 0.000000 0.000000 0.000000
0.000000 0.136581
11 0.015000 0.315000 0.009000
0.527000 0.580000 0.780000 0.490000 1.200000 6.700000 0.650000 0.650000
180000.015625 75.360001 0.084000
1.073000 0.050000 0.116600
1.431896 2.292994 0.009524 0.000000
0.000000

0.062230 15.421793 26.853558
0.562489 0.062652 7.665712 44.872257 1180.250977
0.000000 0.000000 0.000098 0.000000 0.000000 0.000000
0.000000 0.000000 0.000001
1.968867 0.650000 0.000000
764.299377 0.000000
0.000000 0.000000 0.000000 0.000000
0.000000 0.128947
11 0.015000 0.330000 0.006600
0.497000 0.580000 0.780000 0.490000 1.250000 6.700000 0.650000 0.650000
187499.984375 75.360001 0.084000
1.073000 0.050000 0.116600
1.093962 2.176643 0.008172 0.000000
0.000000

0.058164 14.362008 25.083702
0.546378 0.060860 7.456151 43.609512 1180.285034
0.000000 0.000000 0.000096 0.000000 0.000000 0.000000
0.000000 0.000000 0.000001
2.118752 0.650000 0.000000
764.299377 0.000000
0.000000 0.000000 0.000000 0.000000
0.000000 0.126724
11 0.015000 0.345000 0.006600
0.497000 0.580000 0.780000 0.490000 1.250000 6.700000 0.650000 0.650000
187499.984375 75.360001 0.084000
1.073000 0.050000 0.116600
1.094121 1.958029 0.007339 0.000000
0.000000

0.054390 13.376086 23.485958
0.529295 0.058960 7.259925 42.428425 1180.367310
0.000000 0.000000 0.000092 0.000000 0.000000 0.000000
0.000000 0.000000 0.000001
2.263476 0.650000 0.000000
764.299377 0.000000
0.000000 0.000000 0.000000 0.000000
0.000000 0.121058
11 0.015000 0.360000 0.006600
0.497000 0.580000 0.780000 0.490000 1.250000 6.700000 0.650000 0.650000
187499.984375 75.360001 0.084000
1.073000 0.050000 0.116600
1.094296 1.755708 0.006570 0.000000
0.000000

0.050381 12.413760 21.920820
0.517333 0.057630 7.080461 41.366982 1180.389526
0.000000 0.000000 0.000081 0.000000 0.000000 0.000000
0.000000 0.000000 0.000001
2.403153 0.650000 0.000000
764.299377 0.000000
0.000000 0.000000 0.000000 0.000000
0.000000 0.121763
11 0.015000 0.375000 0.006600
0.497000 0.580000 0.780000 0.490000 1.250000 6.700000 0.650000 0.650000
187499.984375 75.360001 0.084000
1.073000 0.050000 0.116600
1.094392 1.570793 0.005870 0.000000
0.000000

0.046710 11.526230 20.475199
0.506375 0.056411 6.914036 40.378109 1180.437988
0.000000 0.000000 0.000093 0.000000 0.000000 0.000000
0.000000 0.000000 0.000002
2.537918 0.650000 0.000000
764.299377 0.000000
0.000000 0.000000 0.000000 0.000000
0.000000 0.122607
11 0.015000 0.390000 0.006600
0.497000 0.580000 0.780000 0.490000 1.250000 6.700000 0.650000 0.650000
187499.984375 75.360001 0.084000
1.073000 0.050000 0.116600
1.094499 1.429016 0.005334 0.000000
0.000000

0.043265 10.697432 19.139162
0.494489 0.055089 6.758578 39.461796 1180.491821
0.000000 0.000022 0.000328 0.000000 0.000000 0.000000
0.000000 0.000000 0.000014
2.667925 0.650000 0.000000
764.299377 0.000000
0.000000 0.000000 0.000000 0.000000
0.000000 0.120511
11 0.015000 0.405000 0.006600
0.497000 0.580000 0.780000 0.490000 1.250000 6.700000 0.650000 0.650000
187499.984375 75.360001 0.084000
1.073000 0.050000 0.116600
1.094587 1.319761 0.004922 0.000000
0.000000

0.040075 9.918705 17.829035
0.316306 0.035239 4.197532 24.500860 590.332031
0.000000 0.000000 0.000064 0.000000 0.000000 0.000000
0.000000 0.000000 0.000000
2.793922 0.650000 0.000000
764.299377 0.000000
0.000000 0.000000 0.000000 0.000000
0.000000 0.094432
11 0.015000 0.420000 0.003300
0.487000 0.580000 0.780000 0.490000 1.250000 6.700000 0.650000 0.650000
187499.984375 75.360001 0.084000
1.073000 0.050000 0.116600
0.547331 1.130679 0.004126 0.000000
0.000000

0.037119 9.203074 16.428158
0.305042 0.033986 4.077730 23.794346 590.348083
0.000000 0.000000 0.000065 0.000000 0.000000 0.000000
0.000000 0.000000 0.000000
2.916132 0.650000 0.000000
764.299377 0.000000
0.000000 0.000000 0.000000 0.000000
0.000000 0.090608
11 0.015000 0.435000 0.003300
0.487000 0.580000 0.780000 0.490000 1.250000 6.700000 0.650000 0.650000
187499.984375 75.360001 0.084000
1.073000 0.050000 0.116600
0.547371 0.987130 0.003598 0.000000
0.000000

0.034380 8.539880 15.134992
0.294979 0.032866 3.966005 23.135887 590.364380
0.000000 0.000000 0.000067 0.000000 0.000000 0.000000
0.000000 0.000000 0.000000
3.034167 0.650000 0.000000
764.299377 0.000000
0.000000 0.000000 0.000000 0.000000
0.000000 0.086647
11 0.015000 0.450000 0.003300
0.487000 0.580000 0.780000 0.490000 1.250000 6.700000 0.650000 0.650000
187499.984375 75.360001 0.084000
1.073000 0.050000 0.116600
0.547409 0.879897 0.003205 0.000000
0.000000

0.031846 7.924638 13.978134
0.296747 0.033064 3.857905 22.499601 590.369446
0.000000 0.000000 0.000069 0.000000 0.000000 0.000000
0.000000 0.000000 0.000001
3.148233 0.650000 0.000000
764.299377 0.000000
0.000000 0.000000 0.000000 0.000000
0.000000 0.094907
11 0.015000 0.465000 0.003300
0.487000 0.580000 0.780000 0.490000 1.250000 6.700000 0.650000 0.650000
187499.984375 75.360001 0.084000
1.073000 0.050000 0.116600
0.547437 0.798952 0.002908 0.000000
0.000000

0.029591 7.359342 12.973556
0.288180 0.032110 3.755496 21.893909 590.389404
0.000000 0.000110 0.001007 0.000000 0.000000 0.000000
0.000000 0.000000 0.000012
3.258538 0.650000 0.000000
764.299377 0.000000
0.000000 0.000000 0.000000 0.000000
0.000000 0.092161
11 0.015000 0.480000 0.003300
0.487000 0.580000 0.780000 0.490000 1.250000 6.700000 0.650000 0.650000
187499.984375 75.360001 0.084000
1.073000 0.050000 0.116600
0.547474 0.718977 0.002615 0.000000
0.000000

0.027409 6.828574 12.050471
0.279074 0.031097 3.660165 21.333384 590.402771
0.000000 0.000359 0.002243 0.000000 0.000000 0.000000
0.000000 0.000000 0.000013
3.365296 0.650000 0.000000
764.299377 0.000000
0.000000 0.000000 0.000000 0.000000
0.000000 0.087777
11 0.015000 0.495000 0.003300
0.487000 0.580000 0.780000 0.490000 1.250000 6.700000 0.650000 0.650000
187499.984375 75.360001 0.084000
1.073000 0.050000 0.116600
0.547516 0.650631 0.002366 0.000000
0.000000

0.025389 6.335417 11.206964
0.270530 0.030147 3.570898 20.808714 590.411560
0.000000 0.000599 0.003314 0.000000 0.000000 0.000000
0.000000 0.000000 0.000013
3.468723 0.650000 0.000000
764.299377 0.000000
0.000000 0.000000 0.000000 0.000000
0.000000 0.083697
11 0.015000 0.510000 0.003300
0.487000 0.580000 0.780000 0.490000 1.250000 6.700000 0.650000 0.650000
187499.984375 75.360001 0.084000
1.073000 0.050000 0.116600
0.547542 0.583534 0.002120 0.000000
0.000000

0.023519 5.903545 11.155978
0.155609 0.017338 1.751126 10.202768 178.990646
0.000000 0.000182 0.002649 0.000000 0.000000 0.000000
0.000000 0.000000 0.000004
3.569032 0.650000 0.000000
764.299377 0.000000
0.000000 0.000000 0.000000 0.000000
0.000000 0.079135
11 0.015000 0.525000 0.001000
0.487000 0.580000 0.780000 0.490000 1.250000 6.700000 0.650000 0.650000
187499.984375 75.360001 0.084000
1.073000 0.050000 0.116600
0.165930 0.462229 0.001678 0.000000
0.000000

0.021787 5.472591 10.273651
0.148446 0.016541 1.682609 9.801688 178.985413
0.000000 0.000355 0.005063 0.000000 0.000000 0.000000
0.000000 0.000000 0.000004
3.666438 0.650000 0.000000
764.299377 0.000000
0.000000 0.000000 0.000000 0.000000
0.000000 0.075194
11 0.015000 0.540000 0.001000
0.487000 0.580000 0.780000 0.490000 1.250000 6.700000 0.650000 0.650000
187499.984375 75.360001 0.084000
1.073000 0.050000 0.116600
0.165936 0.408005 0.001481 0.000000
0.000000

0.020183 5.073077 9.466544
0.141725 0.015793 1.618352 9.425666 178.984894
0.000000 0.000447 0.006336 0.000000 0.000000 0.000000
0.000000 0.000000 0.000004
3.761147 0.650000 0.000000
764.299377 0.000000
0.000000 0.000000 0.000000 0.000000
0.000000 0.071477
11 0.015000 0.555000 0.001000
0.487000 0.580000 0.780000 0.490000 1.250000 6.700000 0.650000 0.650000
187499.984375 75.360001 0.084000
1.073000 0.050000 0.116600
0.165945 0.360416 0.001307 0.000000
0.000000

0.018697 4.702325 8.662890
0.135551 0.015105 1.561783 9.094635 178.984924
0.000000 0.000519 0.007329 0.000000 0.000000 0.000000
0.000000 0.000000 0.000004
3.853363 0.650000 0.000000
764.299377 0.000000
0.000000 0.000000 0.000000 0.000000
0.000000 0.067862
11 0.015000 0.570000 0.001000
0.487000 0.580000 0.780000 0.490000 1.250000 6.700000 0.650000 0.650000
187499.984375 75.360001 0.084000
1.073000 0.050000 0.116600
0.165949 0.318073 0.001153 0.000000
0.000000

0.017321 4.361031 7.960843
0.129700 0.014454 1.506774 8.772969 178.988953
0.000000 0.000561 0.007897 0.000000 0.000000 0.000000
0.000000 0.000000 0.000004
3.943280 0.650000 0.000000
764.299377 0.000000
0.000000 0.000000 0.000000 0.000000
0.000000 0.064494
11 0.015000 0.585000 0.001000
0.487000 0.580000 0.780000 0.490000 1.250000 6.700000 0.650000 0.650000
187499.984375 75.360001 0.084000
1.073000 0.050000 0.116600
0.165956 0.283659 0.001028 0.000000
0.000000

0.016046 4.043946 7.580983
0.119224 0.013288 1.440989 8.388666 178.990204
0.000000 0.000000 0.000031 0.000000 0.000000 0.000000
0.000000 0.000000 0.000000
4.031085 0.650000 0.000000
764.299377 0.000000
0.000000 0.000000 0.000000 0.000000
0.000000 0.054240
11 0.015000 0.600000 0.001000
0.487000 0.580000 0.780000 0.490000 1.250000 6.700000 0.650000 0.650000
187499.984375 75.360001 0.084000
1.073000 0.050000 0.116600
0.165963 0.246580 0.000894 0.000000
0.000000

0.014866 3.751180 7.013689
0.115602 0.012885 1.391297 8.098203 178.987595
0.000000 0.000000 0.000033 0.000000 0.000000 0.000000
0.000000 0.000000 0.000000
4.116958 0.650000 0.000000
764.299377 0.000000
0.000000 0.000000 0.000000 0.000000
0.000000 0.053847
11 0.015000 0.615000 0.001000
0.487000 0.580000 0.780000 0.490000 1.250000 6.700000 0.650000 0.650000
187499.984375 75.360001 0.084000
1.073000 0.050000 0.116600
0.165970 0.220488 0.000799 0.000000
0.000000

0.013773 3.478990 6.456397
0.112443 0.012533 1.347010 7.839391 178.991455
0.000000 0.000000 0.000035 0.000000 0.000000 0.000000
0.000000 0.000000 0.000000
4.201067 0.650000 0.000000
764.299377 0.000000
0.000000 0.000000 0.000000 0.000000
0.000000 0.053634
11 0.015000 0.630000 0.001000
0.487000 0.580000 0.780000 0.490000 1.250000 6.700000 0.650000 0.650000
187499.984375 75.360001 0.084000
1.073000 0.050000 0.116600
0.165977 0.199644 0.000723 0.000000
0.000000

0.012760 3.227008 5.778123
0.109590 0.012215 1.315105 7.652676 178.991470
0.000000 0.000047 0.000853 0.000000 0.000000 0.000000
0.000000 0.000000 0.000005
4.283573 0.650000 0.000000
764.299377 0.000000
0.000000 0.000000 0.000000 0.000000
0.000000 0.052750
11 0.015000 0.645000 0.001000
0.487000 0.580000 0.780000 0.490000 1.250000 6.700000 0.650000 0.650000
187499.984375 75.360001 0.084000
1.073000 0.050000 0.116600
0.165980 0.217304 0.000787 0.000000
0.000000

0.011837 2.995823 5.092607
0.105852 0.011799 1.289195 7.499605 178.992294
0.000000 0.000246 0.003864 0.000000 0.000000 0.000000
0.000000 0.000000 0.000005
4.364625 0.650000 0.000000
764.299377 0.000000
0.000000 0.000000 0.000000 0.000000
0.000000 0.049781
11 0.015000 0.660000 0.001000
0.487000 0.580000 0.780000 0.490000 1.250000 6.700000 0.650000 0.650000
187499.984375 75.360001 0.084000
1.073000 0.050000 0.116600
0.165995 0.236321 0.000856 0.000000
0.000000

0.011164 2.797513 4.681098
0.101963 0.011366 1.252368 7.278065 178.997421
0.000000 0.000485 0.006784 0.000000 0.000000 0.000000
0.000000 0.000000 0.000005
4.444364 0.650000 0.000000
764.299377 0.000000
0.000000 0.000000 0.000000 0.000000
0.000000 0.047573
11 0.015000 0.675000 0.001000
0.487000 0.580000 0.780000 0.490000 1.250000 6.700000 0.650000 0.650000
187499.984375 75.360001 0.084000
1.073000 0.050000 0.116600
0.166010 0.257031 0.000932 0.000000
0.000000

0.010363 2.603648 4.303495
0.097969 0.010921 1.217808 7.075615 179.000916
0.000000 0.000853 0.008539 0.000000 0.000000 0.000000
0.000000 0.000002 0.000003
4.522918 0.650000 0.000000
764.299377 0.000000
0.000000 0.000000 0.000000 0.000000
0.000000 0.046051
11 0.015000 0.690000 0.001000
0.487000 0.580000 0.780000 0.490000 1.250000 6.700000 0.650000 0.650000
187499.984375 75.360001 0.084000
1.073000 0.050000 0.116600
0.166031 0.246378 0.000893 0.000000
0.000000

0.009655 2.424128 4.037495
0.093769 0.010452 1.181470 6.860814 179.006607
0.000000 0.003585 0.010952 0.000000 0.000000 0.000000
0.000000 0.000004 0.000001
4.600407 0.650000 0.000000
764.299377 0.000000
0.000000 0.000000 0.000000 0.000000
0.000000 0.047797
11 0.015000 0.705000 0.001000
0.487000 0.580000 0.780000 0.490000 1.250000 6.700000 0.650000 0.650000
187499.984375 75.360001 0.084000
1.073000 0.050000 0.116600
0.166054 0.259504 0.000941 0.000000
0.000000

0.009022 2.267137 3.808336
0.090339 0.010070 1.147143 6.656238 179.011932
0.000000 0.070949 0.013587 0.000000 0.000000 0.000000
0.000000 0.000001 0.000000
4.676941 0.650000 0.000000
764.299377 0.000000
0.000000 0.000000 0.000000 0.000000
0.000000 0.324703
11 0.015000 0.720000 0.001000
0.487000 0.580000 0.780000 0.490000 1.250000 6.700000 0.650000 0.650000
187499.984375 75.360001 0.084000
1.073000 0.050000 0.116600
0.166109 0.249723 0.000905 0.000000
0.000000

0.008523 2.156109 3.665061
0.086062 0.009592 1.114219 6.451554 179.048553
0.000000 2.214220 0.017436 0.000000 0.000000 0.000000
0.000000 0.000000 0.000000
4.752621 0.650000 0.000000
764.299377 0.000000
0.000000 0.000000 0.000000 0.000000
0.000000 18.463037
11 0.015000 0.735000 0.001000
0.487000 0.580000 0.780000 0.490000 1.250000 6.700000 0.650000 0.650000
187499.984375 75.360001 0.084000
1.073000 0.050000 0.116600
0.166305 0.226185 0.000820 0.000000
0.000000

0.000000 0.269172 4.261600
0.056925 0.006335 0.900149 4.956623 179.351532
0.000000 1.548523 0.017088 0.000000 0.000000 0.000000
0.000000 0.000000 0.000000
4.820136 0.993712 0.000000
764.299377 0.000000
0.000000 0.000000 0.000000 0.000000
0.000000 0.603603
11 0.015000 0.750000 0.001000
0.487000 0.580000 0.780000 0.490000 1.250000 6.700000 0.650000 0.650000
187499.984375 75.360001 0.084000
1.073000 0.050000 0.116600
0.167564 0.094814 0.000525 0.000000
0.000000

0.000000 0.256280 4.065382
0.055973 0.006229 0.888961 4.893362 179.394699
0.000000 0.690044 0.016053 0.000000 0.000000 0.000000
0.000000 0.000000 0.000000
4.880705 1.000000 0.000000
764.299377 0.000000
0.000000 0.000000 0.000000 0.000000
0.000000 0.587971
11 0.015000 0.765000 0.001000
0.487000 0.580000 0.780000 0.490000 1.250000 6.700000 0.650000 0.650000
187499.984375 75.360001 0.084000
1.073000 0.050000 0.116600
0.167677 0.092346 0.000514 0.000000
0.000000

0.000000 0.238542 3.830170
0.055263 0.006150 0.880012 4.843535 179.400162
0.000000 0.264106 0.015364 0.000000 0.000000 0.000000
0.000000 0.000001 0.000000
4.940466 1.000000 0.000000
764.299377 0.000000
0.000000 0.000000 0.000000 0.000000
0.000000 0.585572
11 0.015000 0.780000 0.001000
0.487000 0.580000 0.780000 0.490000 1.250000 6.700000 0.650000 0.650000
187499.984375 75.360001 0.084000
1.073000 0.050000 0.116600
0.167696 0.091318 0.000509 0.000000
0.000000

0.000000 0.223478 3.681783
0.054701 0.006087 0.872518 4.801754 179.489655
0.000000 0.099882 0.014213 0.000000 0.000000 0.000000
0.000000 0.000003 0.000000
4.999570 1.000000 0.000000
764.299377 0.000000
0.000000 0.000000 0.000000 0.000000
0.000000 0.638981
11 0.015000 0.795000 0.001000
0.487000 0.580000 0.780000 0.490000 1.250000 6.700000 0.650000 0.650000
187499.984375 75.360001 0.084000
1.073000 0.050000 0.116600
0.167957 0.090941 0.000507 0.000000
0.000000

0.000000 0.207756 3.474625
0.054095 0.006020 0.865008 4.759896 179.493912
0.000000 0.040580 0.013445 0.000000 0.000000 0.000000
0.000000 0.000007 0.000000
5.058064 1.000000 0.000000
764.299377 0.000000
0.000000 0.000000 0.000000 0.000000
0.000000 0.755437
11 0.015000 0.810000 0.001000
0.487000 0.580000 0.780000 0.490000 1.250000 6.700000 0.650000 0.650000
187499.984375 75.360001 0.084000
1.073000 0.050000 0.116600
0.167970 0.090937 0.000506 0.000000
0.000000

0.000000 0.193198 3.283469
0.053533 0.005957 0.858058 4.721128 179.500626
0.000000 0.035043 0.014884 0.000000 0.000000 0.000000
0.000000 0.000007 0.000000
5.115991 1.000000 0.000000
764.299377 0.000000
0.000000 0.000000 0.000000 0.000000
0.000000 1.101304
11 0.015000 0.825000 0.001000
0.487000 0.580000 0.780000 0.490000 1.250000 6.700000 0.650000 0.650000
187499.984375 75.360001 0.084000
1.073000 0.050000 0.116600
0.167980 0.090411 0.000504 0.000000
0.000000

0.000000 0.179698 3.106958
0.053012 0.005899 0.851632 4.685281 179.506821
0.000000 0.138098 0.016316 0.000000 0.000000 0.000000
0.000000 0.000002 0.000000
5.173383 1.000000 0.000000
764.299377 0.000000
0.000000 0.000000 0.000000 0.000000
0.000000 1.722823
11 0.015000 0.840000 0.001000
0.487000 0.580000 0.780000 0.490000 1.250000 6.700000 0.650000 0.650000
187499.984375 75.360001 0.084000
1.073000 0.050000 0.116600
0.167996 0.090722 0.000505 0.000000
0.000000

0.000000 0.167122 2.941721
0.052527 0.005846 0.845687 4.652080 179.510635
0.000000 0.675059 0.020937 0.000000 0.000000 0.000000
0.000000 0.000000 0.000000
5.230267 1.000000 0.000000
764.299377 0.000000
0.000000 0.000000 0.000000 0.000000
0.000000 2.535747
11 0.015000 0.855000 0.001000
0.487000 0.580000 0.780000 0.490000 1.250000 6.700000 0.650000 0.650000
187499.984375 75.360001 0.084000
1.073000 0.050000 0.116600
0.168007 0.093769 0.000522 0.000000
0.000000

0.000000 0.000000 0.859019
0.046328 0.005156 0.772609 4.249641 179.671021
0.000000 1.558787 0.017237 0.000000 0.000000 0.000000
0.000000 0.000000 0.000000
5.286664 1.000000 0.000000
764.299377 0.000000
0.000000 0.000000 0.000000 0.000000
0.000000 1.074624
11 0.015000 0.870000 0.001000
0.487000 0.580000 0.780000 0.490000 1.250000 6.700000 0.650000 0.650000
187499.984375 75.360001 0.084000
1.073000 0.050000 0.116600
0.168451 0.086468 0.000482 0.000000
0.000000

0.000000 0.000000 0.861814
0.046339 0.005157 0.772744 4.249959 179.673920
0.000000 2.183859 0.017314 0.000000 0.000000 0.000000
0.000000 0.000000 0.000000
5.342588 1.000000 0.000000
764.299377 0.000000
0.000000 0.000000 0.000000 0.000000
0.000000 1.073372
11 0.015000 0.885000 0.001000
0.487000 0.580000 0.780000 0.490000 1.250000 6.700000 0.650000 0.650000
187499.984375 75.360001 0.084000
1.073000 0.050000 0.116600
0.168464 0.086626 0.000482 0.000000
0.000000

0.000000 0.000000 0.863189
0.046346 0.005158 0.772848 4.250101 179.677002
0.000000 2.162308 0.017056 0.000000 0.000000 0.000000
0.000000 0.000000 0.000000
5.398050 1.000000 0.000000
764.299377 0.000000
0.000000 0.000000 0.000000 0.000000
0.000000 1.074005
11 0.015000 0.900000 0.001000
0.487000 0.580000 0.780000 0.490000 1.250000 6.700000 0.650000 0.650000
187499.984375 75.360001 0.084000
1.073000 0.050000 0.116600
0.168469 0.086493 0.000482 0.000000
0.000000

0.000000 0.000000 0.864225
0.046353 0.005159 0.772939 4.250196 179.681137
0.000000 1.650883 0.016751 0.000000 0.000000 0.000000
0.000000 0.000000 0.000000
5.453055 1.000000 0.000000
764.299377 0.000000
0.000000 0.000000 0.000000 0.000000
0.000000 1.075332
11 0.015000 0.915000 0.001000
0.487000 0.580000 0.780000 0.490000 1.250000 6.700000 0.650000 0.650000
187499.984375 75.360001 0.084000
1.073000 0.050000 0.116600
0.168474 0.086547 0.000482 0.000000
0.000000

0.000000 0.000000 0.865191
0.046360 0.005160 0.773024 4.250257 179.683594
0.000000 1.030628 0.016487 0.000000 0.000000 0.000000
0.000000 0.000000 0.000000
5.507606 1.000000 0.000000
764.299377 0.000000
0.000000 0.000000 0.000000 0.000000
0.000000 1.076186
11 0.015000 0.930000 0.001000
0.487000 0.580000 0.780000 0.490000 1.250000 6.700000 0.650000 0.650000
187499.984375 75.360001 0.084000
1.073000 0.050000 0.116600
0.168477 0.086428 0.000481 0.000000
0.000000

0.000000 0.000000 0.866190
0.046366 0.005160 0.773109 4.250320 179.685974
0.000000 0.554612 0.016267 0.000000 0.000000 0.000000
0.000000 0.000001 0.000000
5.561702 1.000000 0.000000
764.299377 0.000000
0.000000 0.000000 0.000000 0.000000
0.000000 1.076500
11 0.015000 0.945000 0.001000
0.487000 0.580000 0.780000 0.490000 1.250000 6.700000 0.650000 0.650000
187499.984375 75.360001 0.084000
1.073000 0.050000 0.116600
0.168483 0.086623 0.000482 0.000000
0.000000

0.000000 0.000000 0.867268
0.046373 0.005161 0.773200 4.250421 179.688599
0.000000 0.276743 0.016072 0.000000 0.000000 0.000000
0.000000 0.000001 0.000000
5.615339 1.000000 0.000000
764.299377 0.000000
0.000000 0.000000 0.000000 0.000000
0.000000 1.076256
11 0.015000 0.960000 0.001000
0.487000 0.580000 0.780000 0.490000 1.250000 6.700000 0.650000 0.650000
187499.984375 75.360001 0.084000
1.073000 0.050000 0.116600
0.168488 0.086584 0.000482 0.000000
0.000000

0.000000 0.000000 0.869960
0.046383 0.005162 0.773330 4.250757 179.691101
0.000000 0.145029 0.015926 0.000000 0.000000 0.000000
0.000000 0.000002 0.000000
5.668513 1.000000 0.000000
764.299377 0.000000
0.000000 0.000000 0.000000 0.000000
0.000000 1.075773
11 0.015000 0.975000 0.001000
0.487000 0.580000 0.780000 0.490000 1.250000 6.700000 0.650000 0.650000
187499.984375 75.360001 0.084000
1.073000 0.050000 0.116600
0.168498 0.086554 0.000482 0.000000
0.000000

0.000000 0.000000 0.871745
0.046391 0.005163 0.773433 4.250950 179.694458
0.000000 0.092044 0.015789 0.000000 0.000000 0.000000
0.000000 0.000004 0.000000
5.721215 1.000000 0.000000
764.299377 0.000000
0.000000 0.000000 0.000000 0.000000
0.000000 1.075186
11 0.015000 0.990000 0.001000
0.487000 0.580000 0.780000 0.490000 1.250000 6.700000 0.650000 0.650000
187499.984375 75.360001 0.084000
1.073000 0.050000 0.116600
0.168506 0.086530 0.000482 0.000000
0.000000

0.000000 0.000000 0.872654
0.046397 0.005164 0.773515 4.251017 179.698532
0.000000 0.071838 0.015679 0.000000 0.000000 0.000000
0.000000 0.000005 0.000000
5.773438 1.000000 0.000000
764.299377 0.000000
0.000000 0.000000 0.000000 0.000000
0.000000 1.074626
11 0.015000 1.005000 0.001000
0.487000 0.580000 0.780000 0.490000 1.250000 6.700000 0.650000 0.650000
187499.984375 75.360001 0.084000
1.073000 0.050000 0.116600
0.168509 0.086705 0.000483 0.000000
0.000000

0.000000 0.000000 0.874770
0.046406 0.005165 0.773624 4.251243 179.700943
0.000000 0.061559 0.015567 0.000000 0.000000 0.000000
0.000000 0.000005 0.000000
5.825171 1.000000 0.000000
764.299377 0.000000
0.000000 0.000000 0.000000 0.000000
0.000000 1.073961
11 0.015000 1.020000 0.001000
0.487000 0.580000 0.780000 0.490000 1.250000 6.700000 0.650000 0.650000
187499.984375 75.360001 0.084000
1.073000 0.050000 0.116600
0.168520 0.086569 0.000482 0.000000
0.000000

0.000000 0.000000 0.875678
0.046412 0.005166 0.773705 4.251316 179.703201
0.000000 0.052694 0.015406 0.000000 0.000000 0.000000
0.000000 0.000006 0.000000
5.876405 1.000000 0.000000
764.299377 0.000000
0.000000 0.000000 0.000000 0.000000
0.000000 1.073412
11 0.015000 1.035000 0.001000
0.487000 0.580000 0.780000 0.490000 1.250000 6.700000 0.650000 0.650000
187499.984375 75.360001 0.084000
1.073000 0.050000 0.116600
0.168522 0.086815 0.000484 0.000000
0.000000

0.000000 0.000000 0.876783
0.046418 0.005167 0.773789 4.251420 179.705338
0.000000 0.043426 0.015210 0.000000 0.000000 0.000000
0.000000 0.000008 0.000000
5.927128 1.000000 0.000000
764.299377 0.000000
0.000000 0.000000 0.000000 0.000000
0.000000 1.072790
11 0.015000 1.050000 0.001000
0.487000 0.580000 0.780000 0.490000 1.250000 6.700000 0.650000 0.650000
187499.984375 75.360001 0.084000
1.073000 0.050000 0.116600
0.168529 0.086638 0.000483 0.000000
0.000000

0.000000 0.000000 0.877650
0.046424 0.005167 0.773862 4.251462 179.707809
0.000000 0.034274 0.014995 0.000000 0.000000 0.000000
0.000000 0.000010 0.000000
5.977329 1.000000 0.000000
764.299377 0.000000
0.000000 0.000000 0.000000 0.000000
0.000000 1.072299
11 0.015000 1.065000 0.001000
0.487000 0.580000 0.780000 0.490000 1.250000 6.700000 0.650000 0.650000
187499.984375 75.360001 0.084000
1.073000 0.050000 0.116600
0.168531 0.086841 0.000484 0.000000
0.000000

0.000000 0.000000 0.878649
0.046430 0.005168 0.773942 4.251550 179.710312
0.000000 0.026157 0.014732 0.000000 0.000000 0.000000
0.000000 0.000012 0.000001
6.026998 1.000000 0.000000
764.299377 0.000000
0.000000 0.000000 0.000000 0.000000
0.000000 1.071629
11 0.015000 1.080000 0.001000
0.487000 0.580000 0.780000 0.490000 1.250000 6.700000 0.650000 0.650000
187499.984375 75.360001 0.084000
1.073000 0.050000 0.116600
0.168535 0.086606 0.000482 0.000000
0.000000

0.000000 0.000000 0.881544
0.046440 0.005169 0.774065 4.251889 179.712952
0.000000 0.019618 0.014448 0.000000 0.000000 0.000000
0.000000 0.000015 0.000001
6.076122 1.000000 0.000000
764.299377 0.000000
0.000000 0.000000 0.000000 0.000000
0.000000 1.071169
11 0.015000 1.095000 0.001000
0.487000 0.580000 0.780000 0.490000 1.250000 6.700000 0.650000 0.650000
187499.984375 75.360001 0.084000
1.073000 0.050000 0.116600
0.168547 0.086971 0.000484 0.000000
0.000000

0.000000 0.000000 0.885098
0.046451 0.005170 0.774201 4.252296 179.717773
0.000000 0.014736 0.014171 0.000000 0.000000 0.000000
0.000000 0.000019 0.000002
6.124692 1.000000 0.000000
764.299377 0.000000
0.000000 0.000000 0.000000 0.000000
0.000000 1.070388
11 0.015000 1.110000 0.001000
0.487000 0.580000 0.780000 0.490000 1.250000 6.700000 0.650000 0.650000
187499.984375 75.360001 0.084000
1.073000 0.050000 0.116600
0.168563 0.086513 0.000482 0.000000
0.000000

0.000000 0.000000 0.885978
0.046457 0.005171 0.774272 4.252348 179.719574
0.000000 0.011294 0.013931 0.000000 0.000000 0.000000
0.000000 0.000020 0.000002
6.172697 1.000000 0.000000
764.299377 0.000000
0.000000 0.000000 0.000000 0.000000
0.000000 1.069860
11 0.015000 1.125000 0.001000
0.487000 0.580000 0.780000 0.490000 1.250000 6.700000 0.650000 0.650000
187499.984375 75.360001 0.084000
1.073000 0.050000 0.116600
0.168566 0.086816 0.000484 0.000000
0.000000

0.000000 0.000000 0.886838
0.046462 0.005172 0.774344 4.252407 179.721786
0.000000 0.008938 0.013699 0.000000 0.000000 0.000000
0.000000 0.000019 0.000003
6.220126 1.000000 0.000000
764.299377 0.000000
0.000000 0.000000 0.000000 0.000000
0.000000 1.069262
11 0.015000 1.140000 0.001000
0.487000 0.580000 0.780000 0.490000 1.250000 6.700000 0.650000 0.650000
187499.984375 75.360001 0.084000
1.073000 0.050000 0.116600
0.168572 0.086753 0.000483 0.000000
0.000000

0.000000 0.000000 0.887687
0.046467 0.005172 0.774418 4.252491 179.723862
0.000000 0.007341 0.013484 0.000000 0.000000 0.000000
0.000000 0.000018 0.000003
6.266970 1.000000 0.000000
764.299377 0.000000
0.000000 0.000000 0.000000 0.000000
0.000000 1.068720
11 0.015000 1.155000 0.001000
0.487000 0.580000 0.780000 0.490000 1.250000 6.700000 0.650000 0.650000
187499.984375 75.360001 0.084000
1.073000 0.050000 0.116600
0.168576 0.086850 0.000484 0.000000
0.000000

0.000000 0.000000 0.888877
0.046473 0.005173 0.774495 4.252604 179.726105
0.000000 0.006269 0.013350 0.000000 0.000000 0.000000
0.000000 0.000018 0.000004
6.313219 1.000000 0.000000
764.299377 0.000000
0.000000 0.000000 0.000000 0.000000
0.000000 1.068158
11 0.015000 1.170000 0.001000
0.487000 0.580000 0.780000 0.490000 1.250000 6.700000 0.650000 0.650000
187499.984375 75.360001 0.084000
1.073000 0.050000 0.116600
0.168579 0.086831 0.000484 0.000000
0.000000

0.000000 0.000000 0.890472
0.046480 0.005174 0.774582 4.252753 179.728821
0.000000 0.005539 0.013226 0.000000 0.000000 0.000000
0.000000 0.000017 0.000004
6.358867 1.000000 0.000000
764.299377 0.000000
0.000000 0.000000 0.000000 0.000000
0.000000 1.067543
11 0.015000 1.185000 0.001000
0.487000 0.580000 0.780000 0.490000 1.250000 6.700000 0.650000 0.650000
187499.984375 75.360001 0.084000
1.073000 0.050000 0.116600
0.168584 0.086577 0.000482 0.000000
0.000000

0.000000 0.000000 0.891290
0.046485 0.005174 0.774645 4.252788 179.730759
0.000000 0.005045 0.013157 0.000000 0.000000 0.000000
0.000000 0.000017 0.000005
6.403904 1.000000 0.000000
764.299377 0.000000
0.000000 0.000000 0.000000 0.000000
0.000000 1.067057
11 0.015000 1.200000 0.001000
0.487000 0.580000 0.780000 0.490000 1.250000 6.700000 0.650000 0.650000
187499.984375 75.360001 0.084000
1.073000 0.050000 0.116600
0.168590 0.086761 0.000483 0.000000
0.000000

0.000000 0.000000 0.892100
0.046490 0.005175 0.774713 4.252850 179.732437
0.000000 0.004704 0.013070 0.000000 0.000000 0.000000
0.000000 0.000017 0.000005
6.448324 1.000000 0.000000
764.299377 0.000000
0.000000 0.000000 0.000000 0.000000
0.000000 1.066466
11 0.015000 1.215000 0.001000
0.487000 0.580000 0.780000 0.490000 1.250000 6.700000 0.650000 0.650000
187499.984375 75.360001 0.084000
1.073000 0.050000 0.116600
0.168593 0.086714 0.000483 0.000000
0.000000

0.000000 0.000000 0.892897
0.046495 0.005176 0.774781 4.252924 179.735825
0.000000 0.004476 0.013016 0.000000 0.000000 0.000000
0.000000 0.000016 0.000005
6.492120 1.000000 0.000000
764.299377 0.000000
0.000000 0.000000 0.000000 0.000000
0.000000 1.065946
11 0.015000 1.230000 0.001000
0.487000 0.580000 0.780000 0.490000 1.250000 6.700000 0.650000 0.650000
187499.984375 75.360001 0.084000
1.073000 0.050000 0.116600
0.168597 0.086787 0.000483 0.000000
0.000000

0.000000 0.000000 0.893682
0.046500 0.005176 0.774850 4.252998 179.737961
0.000000 0.004319 0.012964 0.000000 0.000000 0.000000
0.000000 0.000016 0.000006
6.535287 1.000000 0.000000
764.299377 0.000000
0.000000 0.000000 0.000000 0.000000
0.000000 1.065430
11 0.015000 1.245000 0.001000
0.487000 0.580000 0.780000 0.490000 1.250000 6.700000 0.650000 0.650000
187499.984375 75.360001 0.084000
1.073000 0.050000 0.116600
0.168597 0.086866 0.000484 0.000000
0.000000

0.000000 0.000000 0.894459
0.046504 0.005177 0.774914 4.253051 179.740204
0.000000 0.004214 0.012929 0.000000 0.000000 0.000000
0.000000 0.000016 0.000006
6.577820 1.000000 0.000000
764.299377 0.000000
0.000000 0.000000 0.000000 0.000000
0.000000 1.065053
11 0.015000 1.260000 0.001000
0.487000 0.580000 0.780000 0.490000 1.250000 6.700000 0.650000 0.650000
187499.984375 75.360001 0.084000
1.073000 0.050000 0.116600
0.168604 0.087179 0.000486 0.000000
0.000000

0.000000 0.000000 0.895306
0.046509 0.005177 0.774978 4.253101 179.742233
0.000000 0.004138 0.012877 0.000000 0.000000 0.000000
0.000000 0.000016 0.000006
6.619712 1.000000 0.000000
764.299377 0.000000
0.000000 0.000000 0.000000 0.000000
0.000000 1.064549
11 0.015000 1.275000 0.001000
0.487000 0.580000 0.780000 0.490000 1.250000 6.700000 0.650000 0.650000
187499.984375 75.360001 0.084000
1.073000 0.050000 0.116600
0.168606 0.087133 0.000485 0.000000
0.000000

0.000000 0.000000 0.896707
0.046515 0.005178 0.775056 4.253242 179.744431
0.000000 0.004077 0.012794 0.000000 0.000000 0.000000
0.000000 0.000016 0.000006
6.660962 1.000000 0.000000
764.299377 0.000000
0.000000 0.000000 0.000000 0.000000
0.000000 1.064071
11 0.015000 1.290000 0.001000
0.487000 0.580000 0.780000 0.490000 1.250000 6.700000 0.650000 0.650000
187499.984375 75.360001 0.084000
1.073000 0.050000 0.116600
0.168613 0.087139 0.000485 0.000000
0.000000

0.000000 0.000000 0.898203
0.046521 0.005179 0.775133 4.253390 179.746933
0.000000 0.004039 0.012769 0.000000 0.000000 0.000000
0.000000 0.000016 0.000006
6.701565 1.000000 0.000000
764.299377 0.000000
0.000000 0.000000 0.000000 0.000000
0.000000 1.063526
11 0.015000 1.305000 0.001000
0.487000 0.580000 0.780000 0.490000 1.250000 6.700000 0.650000 0.650000
187499.984375 75.360001 0.084000
1.073000 0.050000 0.116600
0.168617 0.087029 0.000485 0.000000
0.000000

0.000000 0.000000 0.899156
0.046526 0.005179 0.775200 4.253464 179.748260
0.000000 0.004012 0.012759 0.000000 0.000000 0.000000
0.000000 0.000016 0.000006
6.741518 1.000000 0.000000
764.299377 0.000000
0.000000 0.000000 0.000000 0.000000
0.000000 1.063237
11 0.015000 1.320000 0.001000
0.487000 0.580000 0.780000 0.490000 1.250000 6.700000 0.650000 0.650000
187499.984375 75.360001 0.084000
1.073000 0.050000 0.116600
0.168621 0.087140 0.000485 0.000000
0.000000

0.000000 0.000000 0.899933
0.046530 0.005180 0.775260 4.253512 179.750137
0.000000 0.003985 0.012716 0.000000 0.000000 0.000000
0.000000 0.000016 0.000006
6.780820 1.000000 0.000000
764.299377 0.000000
0.000000 0.000000 0.000000 0.000000
0.000000 1.062796
11 0.015000 1.335000 0.001000
0.487000 0.580000 0.780000 0.490000 1.250000 6.700000 0.650000 0.650000
187499.984375 75.360001 0.084000
1.073000 0.050000 0.116600
0.168627 0.087054 0.000485 0.000000
0.000000

0.000000 0.000000 0.900658
0.046534 0.005180 0.775320 4.253557 179.753632
0.000000 0.003967 0.012696 0.000000 0.000000 0.000000
0.000000 0.000016 0.000006
6.819470 1.000000 0.000000
764.299377 0.000000
0.000000 0.000000 0.000000 0.000000
0.000000 1.062479
11 0.015000 1.350000 0.001000
0.487000 0.580000 0.780000 0.490000 1.250000 6.700000 0.650000 0.650000
187499.984375 75.360001 0.084000
1.073000 0.050000 0.116600
0.168627 0.087148 0.000485 0.000000
0.000000

0.000000 0.000000 0.901396
0.046538 0.005181 0.775376 4.253608 179.756088
0.000000 0.003944 0.012634 0.000000 0.000000 0.000000
0.000000 0.000016 0.000006
6.857465 1.000000 0.000000
764.299377 0.000000
0.000000 0.000000 0.000000 0.000000
0.000000 1.062213
11 0.015000 1.365000 0.001000
0.487000 0.580000 0.780000 0.490000 1.250000 6.700000 0.650000 0.650000
187499.984375 75.360001 0.084000
1.073000 0.050000 0.116600
0.168632 0.087253 0.000486 0.000000
0.000000

0.000000 0.000000 0.902346
0.046542 0.005181 0.775441 4.253684 179.758362
0.000000 0.003915 0.012559 0.000000 0.000000 0.000000
0.000000 0.000016 0.000007
6.894805 1.000000 0.000000
764.299377 0.000000
0.000000 0.000000 0.000000 0.000000
0.000000 1.062190
11 0.015000 1.380000 0.001000
0.487000 0.580000 0.780000 0.490000 1.250000 6.700000 0.650000 0.650000
187499.984375 75.360001 0.084000
1.073000 0.050000 0.116600
0.168635 0.087445 0.000487 0.000000
0.000000

0.000000 0.000000 0.905212
0.046551 0.005182 0.775541 4.253971 179.761841
0.000000 0.003895 0.012542 0.000000 0.000000 0.000000
0.000000 0.000016 0.000007
6.931489 1.000000 0.000000
764.299377 0.000000
0.000000 0.000000 0.000000 0.000000
0.000000 1.061552
11 0.015000 1.395000 0.001000
0.487000 0.580000 0.780000 0.490000 1.250000 6.700000 0.650000 0.650000
187499.984375 75.360001 0.084000
1.073000 0.050000 0.116600
0.168648 0.087202 0.000486 0.000000
0.000000

0.000000 0.000000 0.906040
0.046555 0.005183 0.775601 4.254025 179.763855
0.000000 0.003872 0.012476 0.000000 0.000000 0.000000
0.000000 0.000016 0.000007
6.967519 1.000000 0.000000
764.299377 0.000000
0.000000 0.000000 0.000000 0.000000
0.000000 1.061551
11 0.015000 1.410000 0.001000
0.487000 0.580000 0.780000 0.490000 1.250000 6.700000 0.650000 0.650000
187499.984375 75.360001 0.084000
1.073000 0.050000 0.116600
0.168651 0.087439 0.000487 0.000000
0.000000

0.000000 0.000000 0.907270
0.046559 0.005183 0.775668 4.254124 179.766357
0.000000 0.003854 0.012462 0.000000 0.000000 0.000000
0.000000 0.000016 0.000007
7.002894 1.000000 0.000000
764.299377 0.000000
0.000000 0.000000 0.000000 0.000000
0.000000 1.060969
11 0.015000 1.425000 0.001000
0.487000 0.580000 0.780000 0.490000 1.250000 6.700000 0.650000 0.650000
187499.984375 75.360001 0.084000
1.073000 0.050000 0.116600
0.168655 0.087177 0.000486 0.000000
0.000000

0.000000 0.000000 0.908224
0.046563 0.005184 0.775725 4.254179 179.768784
0.000000 0.003835 0.012432 0.000000 0.000000 0.000000
0.000000 0.000016 0.000007
7.037616 1.000000 0.000000
764.299377 0.000000
0.000000 0.000000 0.000000 0.000000
0.000000 1.061565
11 0.015000 1.440000 0.001000
0.487000 0.580000 0.780000 0.490000 1.250000 6.700000 0.650000 0.650000
187499.984375 75.360001 0.084000
1.073000 0.050000 0.116600
0.168659 0.087223 0.000486 0.000000
0.000000

0.000000 0.000000 0.908899
0.046567 0.005184 0.775779 4.254221 179.770737
0.000000 0.003812 0.012367 0.000000 0.000000 0.000000
0.000000 0.000016 0.000007
7.071685 1.000000 0.000000
764.299377 0.000000
0.000000 0.000000 0.000000 0.000000
0.000000 1.061259
11 0.015000 1.455000 0.001000
0.487000 0.580000 0.780000 0.490000 1.250000 6.700000 0.650000 0.650000
187499.984375 75.360001 0.084000
1.073000 0.050000 0.116600
0.168664 0.087175 0.000486 0.000000
0.000000

0.000000 0.000000 0.909570
0.046570 0.005184 0.775835 4.254279 179.772247
0.000000 0.003796 0.012347 0.000000 0.000000 0.000000
0.000000 0.000016 0.000007
7.105103 1.000000 0.000000
764.299377 0.000000
0.000000 0.000000 0.000000 0.000000
0.000000 1.061364
11 0.015000 1.470000 0.001000
0.487000 0.580000 0.780000 0.490000 1.250000 6.700000 0.650000 0.650000
187499.984375 75.360001 0.084000
1.073000 0.050000 0.116600
0.168665 0.087250 0.000486 0.000000
0.000000

0.000000 0.000000 0.910229
0.046574 0.005185 0.775889 4.254324 179.774002
0.000000 0.003777 0.012302 0.000000 0.000000 0.000000
0.000000 0.000016 0.000007
7.137872 1.000000 0.000000
764.299377 0.000000
0.000000 0.000000 0.000000 0.000000
0.000000 1.061564
11 0.015000 1.485000 0.001000
0.487000 0.580000 0.780000 0.490000 1.250000 6.700000 0.650000 0.650000
187499.984375 75.360001 0.084000
1.073000 0.050000 0.116600
0.168667 0.087338 0.000486 0.000000
0.000000

0.000000 0.000000 0.910882
0.046577 0.005185 0.775942 4.254357 179.776718
0.000000 0.003760 0.012259 0.000000 0.000000 0.000000
0.000000 0.000016 0.000007
7.169994 1.000000 0.000000
764.299377 0.000000
0.000000 0.000000 0.000000 0.000000
0.000000 1.062706
11 0.015000 1.500000 0.001000
0.487000 0.580000 0.780000 0.490000 1.250000 6.700000 0.650000 0.650000
187499.984375 75.360001 0.084000
1.073000 0.050000 0.116600
0.168669 0.087670 0.000488 0.000000
0.000000

0.000000 0.000000 0.911722
0.046580 0.005186 0.775996 4.254413 179.778259
0.000000 0.003746 0.012221 0.000000 0.000000 0.000000
0.000000 0.000016 0.000007
7.201471 1.000000 0.000000
764.299377 0.000000
0.000000 0.000000 0.000000 0.000000
0.000000 1.062287
11 0.015000 1.515000 0.001000
0.487000 0.580000 0.780000 0.490000 1.250000 6.700000 0.650000 0.650000
187499.984375 75.360001 0.084000
1.073000 0.050000 0.116600
0.168673 0.087408 0.000487 0.000000
0.000000

0.000000 0.000000 0.912471
0.046583 0.005186 0.776049 4.254457 179.779633
0.000000 0.003731 0.012181 0.000000 0.000000 0.000000
0.000000 0.000016 0.000007
7.232306 1.000000 0.000000
764.299377 0.000000
0.000000 0.000000 0.000000 0.000000
0.000000 1.062935
11 0.015000 1.530000 0.001000
0.487000 0.580000 0.780000 0.490000 1.250000 6.700000 0.650000 0.650000
187499.984375 75.360001 0.084000
1.073000 0.050000 0.116600
0.168679 0.087509 0.000487 0.000000
0.000000

0.000000 0.000000 0.918684
0.046598 0.005188 0.776212 4.255104 179.787262
0.000000 0.003722 0.012158 0.000000 0.000000 0.000000
0.000000 0.000016 0.000007
7.262500 1.000000 0.000000
764.299377 0.000000
0.000000 0.000000 0.000000 0.000000
0.000000 1.063289
11 0.015000 1.545000 0.001000
0.487000 0.580000 0.780000 0.490000 1.250000 6.700000 0.650000 0.650000
187499.984375 75.360001 0.084000
1.073000 0.050000 0.116600
0.168703 0.087590 0.000488 0.000000
0.000000

0.000000 0.000000 0.938842
0.046639 0.005192 0.776633 4.257179 179.818527
0.000000 0.003699 0.012091 0.000000 0.000000 0.000000
0.000000 0.000016 0.000008
7.292058 1.000000 0.000000
764.299377 0.000000
0.000000 0.000000 0.000000 0.000000
0.000000 1.062742
11 0.015000 1.560000 0.001000
0.487000 0.580000 0.780000 0.490000 1.250000 6.700000 0.650000 0.650000
187499.984375 75.360001 0.084000
1.073000 0.050000 0.116600
0.168783 0.087293 0.000486 0.000000
0.000000

0.000000 0.000000 0.939493
0.046642 0.005192 0.776682 4.257205 179.820145
0.000000 0.003676 0.012040 0.000000 0.000000 0.000000
0.000000 0.000016 0.000008
7.320981 1.000000 0.000000
764.299377 0.000000
0.000000 0.000000 0.000000 0.000000
0.000000 1.063061
11 0.015000 1.575000 0.001000
0.487000 0.580000 0.780000 0.490000 1.250000 6.700000 0.650000 0.650000
187499.984375 75.360001 0.084000
1.073000 0.050000 0.116600
0.168787 0.087372 0.000487 0.000000
0.000000

0.000000 0.000000 0.940147
0.046645 0.005193 0.776731 4.257233 179.821823
0.000000 0.003656 0.012006 0.000000 0.000000 0.000000
0.000000 0.000016 0.000008
7.349274 1.000000 0.000000
764.299377 0.000000
0.000000 0.000000 0.000000 0.000000
0.000000 1.063459
11 0.015000 1.590000 0.001000
0.487000 0.580000 0.780000 0.490000 1.250000 6.700000 0.650000 0.650000
187499.984375 75.360001 0.084000
1.073000 0.050000 0.116600
0.168789 0.087465 0.000487 0.000000
0.000000

0.000000 0.000000 0.940817
0.046647 0.005193 0.776778 4.257256 179.823715
0.000000 0.003648 0.011982 0.000000 0.000000 0.000000
0.000000 0.000016 0.000008
7.376939 1.000000 0.000000
764.299377 0.000000
0.000000 0.000000 0.000000 0.000000
0.000000 1.064440
11 0.015000 1.605000 0.001000
0.487000 0.580000 0.780000 0.490000 1.250000 6.700000 0.650000 0.650000
187499.984375 75.360001 0.084000
1.073000 0.050000 0.116600
0.168793 0.087719 0.000489 0.000000
0.000000

0.000000 0.000000 0.941723
0.046650 0.005193 0.776832 4.257323 179.825790
0.000000 0.003639 0.011960 0.000000 0.000000 0.000000
0.000000 0.000016 0.000008
7.403980 1.000000 0.000000
764.299377 0.000000
0.000000 0.000000 0.000000 0.000000
0.000000 1.063756
11 0.015000 1.620000 0.001000
0.487000 0.580000 0.780000 0.490000 1.250000 6.700000 0.650000 0.650000
187499.984375 75.360001 0.084000
1.073000 0.050000 0.116600
0.168796 0.087550 0.000488 0.000000
0.000000

0.000000 0.000000 0.954809
0.046677 0.005196 0.777105 4.258590 179.850174
0.000000 0.003614 0.011888 0.000000 0.000000 0.000000
0.000000 0.000016 0.000008
7.430400 1.000000 0.000000
764.299377 0.000000
0.000000 0.000000 0.000000 0.000000
0.000000 1.061738
11 0.015000 1.635000 0.001000
0.487000 0.580000 0.780000 0.490000 1.250000 6.700000 0.650000 0.650000
187499.984375 75.360001 0.084000
1.073000 0.050000 0.116600
0.168847 0.087568 0.000488 0.000000
0.000000

0.000000 0.000000 0.955734
0.046680 0.005197 0.777158 4.258660 179.852585
0.000000 0.003601 0.011873 0.000000 0.000000 0.000000
0.000000 0.000016 0.000008
7.456203 1.000000 0.000000
764.299377 0.000000
0.000000 0.000000 0.000000 0.000000
0.000000 1.061489
11 0.015000 1.650000 0.001000
0.487000 0.580000 0.780000 0.490000 1.250000 6.700000 0.650000 0.650000
187499.984375 75.360001 0.084000
1.073000 0.050000 0.116600
0.168851 0.087446 0.000487 0.000000
0.000000

0.000000 0.000000 0.956406
0.046683 0.005197 0.777206 4.258696 179.854340
0.000000 0.003588 0.011804 0.000000 0.000000 0.000000
0.000000 0.000016 0.000008
7.481391 1.000000 0.000000
764.299377 0.000000
0.000000 0.000000 0.000000 0.000000
0.000000 1.061369
11 0.015000 1.665000 0.001000
0.487000 0.580000 0.780000 0.490000 1.250000 6.700000 0.650000 0.650000
187499.984375 75.360001 0.084000
1.073000 0.050000 0.116600
0.168853 0.087532 0.000488 0.000000
0.000000

0.000000 0.000000 0.957082
0.046685 0.005197 0.777254 4.258722 179.856293
0.000000 0.003580 0.011797 0.000000 0.000000 0.000000
0.000000 0.000016 0.000008
7.505970 1.000000 0.000000
764.299377 0.000000
0.000000 0.000000 0.000000 0.000000
0.000000 1.061635
11 0.015000 1.680000 0.001000
0.487000 0.580000 0.780000 0.490000 1.250000 6.700000 0.650000 0.650000
187499.984375 75.360001 0.084000
1.073000 0.050000 0.116600
0.168857 0.087864 0.000489 0.000000
0.000000

0.000000 0.000000 0.958038
0.046687 0.005198 0.777301 4.258755 179.858490
0.000000 0.003573 0.011774 0.000000 0.000000 0.000000
0.000000 0.000016 0.000008
7.529941 1.000000 0.000000
764.299377 0.000000
0.000000 0.000000 0.000000 0.000000
0.000000 1.061168
11 0.015000 1.695000 0.001000
0.487000 0.580000 0.780000 0.490000 1.250000 6.700000 0.650000 0.650000
187499.984375 75.360001 0.084000
1.073000 0.050000 0.116600
0.168859 0.087634 0.000488 0.000000
0.000000

0.000000 0.000000 0.959476
0.046691 0.005198 0.777364 4.258886 179.861771
0.000000 0.003563 0.011727 0.000000 0.000000 0.000000
0.000000 0.000016 0.000008
7.553309 1.000000 0.000000
764.299377 0.000000
0.000000 0.000000 0.000000 0.000000
0.000000 1.061099
11 0.015000 1.710000 0.001000
0.487000 0.580000 0.780000 0.490000 1.250000 6.700000 0.650000 0.650000
187499.984375 75.360001 0.084000
1.073000 0.050000 0.116600
0.168866 0.087685 0.000488 0.000000
0.000000

0.000000 0.000000 0.960137
0.046694 0.005198 0.777408 4.258909 179.863663
0.000000 0.003564 0.011745 0.000000 0.000000 0.000000
0.000000 0.000016 0.000008
7.576077 1.000000 0.000000
764.299377 0.000000
0.000000 0.000000 0.000000 0.000000
0.000000 1.061047
11 0.015000 1.725000 0.001000
0.487000 0.580000 0.780000 0.490000 1.250000 6.700000 0.650000 0.650000
187499.984375 75.360001 0.084000
1.073000 0.050000 0.116600
0.168868 0.087792 0.000489 0.000000
0.000000

0.000000 0.000000 0.961332
0.046697 0.005199 0.777461 4.258988 179.866684
0.000000 0.003571 0.011717 0.000000 0.000000 0.000000
0.000000 0.000016 0.000008
7.598249 1.000000 0.000000
764.299377 0.000000
0.000000 0.000000 0.000000 0.000000
0.000000 1.060651
11 0.015000 1.740000 0.001000
0.487000 0.580000 0.780000 0.490000 1.250000 6.700000 0.650000 0.650000
187499.984375 75.360001 0.084000
1.073000 0.050000 0.116600
0.168872 0.087884 0.000489 0.000000
0.000000

0.000000 0.000000 0.970041
0.046714 0.005201 0.777643 4.259781 179.880829
0.000000 0.003577 0.011688 0.000000 0.000000 0.000000
0.000000 0.000016 0.000008
7.619829 1.000000 0.000000
764.299377 0.000000
0.000000 0.000000 0.000000 0.000000
0.000000 1.060131
11 0.015000 1.755000 0.001000
0.487000 0.580000 0.780000 0.490000 1.250000 6.700000 0.650000 0.650000
187499.984375 75.360001 0.084000
1.073000 0.050000 0.116600
0.168907 0.087790 0.000489 0.000000
0.000000

0.000000 0.000000 0.985152
0.046742 0.005204 0.777923 4.261099 179.895142
0.000000 0.003565 0.011599 0.000000 0.000000 0.000000
0.000000 0.000016 0.000008
7.640820 1.000000 0.000000
764.299377 0.000000
0.000000 0.000000 0.000000 0.000000
0.000000 1.060422
11 0.015000 1.770000 0.001000
0.487000 0.580000 0.780000 0.490000 1.250000 6.700000 0.650000 0.650000
187499.984375 75.360001 0.084000
1.073000 0.050000 0.116600
0.168965 0.087706 0.000488 0.000000
0.000000

0.000000 0.000000 0.988964
0.046750 0.005205 0.778018 4.261408 179.899612
0.000000 0.003561 0.011594 0.000000 0.000000 0.000000
0.000000 0.000016 0.000008
7.661224 1.000000 0.000000
764.299377 0.000000
0.000000 0.000000 0.000000 0.000000
0.000000 1.060381
11 0.015000 1.785000 0.001000
0.487000 0.580000 0.780000 0.490000 1.250000 6.700000 0.650000 0.650000
187499.984375 75.360001 0.084000
1.073000 0.050000 0.116600
0.168978 0.088015 0.000490 0.000000
0.000000

0.000000 0.000000 0.996067
0.046763 0.005206 0.778160 4.261975 179.903625
0.000000 0.003564 0.011574 0.000000 0.000000 0.000000
0.000000 0.000016 0.000009
7.681048 1.000000 0.000000
764.299377 0.000000
0.000000 0.000000 0.000000 0.000000
0.000000 1.060165
11 0.015000 1.800000 0.001000
0.487000 0.580000 0.780000 0.490000 1.250000 6.700000 0.650000 0.650000
187499.984375 75.360001 0.084000
1.073000 0.050000 0.116600
0.169005 0.087791 0.000489 0.000000
0.000000

0.000000 0.000000 0.997464
0.046766 0.005206 0.778211 4.262044 179.905884
0.000000 0.003583 0.011592 0.000000 0.000000 0.000000
0.000000 0.000016 0.000009
7.700294 1.000000 0.000000
764.299377 0.000000
0.000000 0.000000 0.000000 0.000000
0.000000 1.060008
11 0.015000 1.815000 0.001000
0.487000 0.580000 0.780000 0.490000 1.250000 6.700000 0.650000 0.650000
187499.984375 75.360001 0.084000
1.073000 0.050000 0.116600
0.169012 0.087877 0.000489 0.000000
0.000000

0.000000 0.000000 1.002110
0.046774 0.005207 0.778313 4.262405 179.909286
0.000000 0.003612 0.011576 0.000000 0.000000 0.000000
0.000000 0.000016 0.000008
7.718966 1.000000 0.000000
764.299377 0.000000
0.000000 0.000000 0.000000 0.000000
0.000000 1.059899
11 0.015000 1.830000 0.001000
0.487000 0.580000 0.780000 0.490000 1.250000 6.700000 0.650000 0.650000
187499.984375 75.360001 0.084000
1.073000 0.050000 0.116600
0.169028 0.087856 0.000489 0.000000
0.000000

0.000000 0.000000 1.002865
0.046776 0.005208 0.778355 4.262434 179.910873
0.000000 0.003656 0.011592 0.000000 0.000000 0.000000
0.000000 0.000017 0.000008
7.737066 1.000000 0.000000
764.299377 0.000000
0.000000 0.000000 0.000000 0.000000
0.000000 1.059733
11 0.015000 1.845000 0.001000
0.487000 0.580000 0.780000 0.490000 1.250000 6.700000 0.650000 0.650000
187499.984375 75.360001 0.084000
1.073000 0.050000 0.116600
0.169032 0.087943 0.000490 0.000000
0.000000

0.000000 0.000000 1.003787
0.046778 0.005208 0.778400 4.262485 179.913116
0.000000 0.003717 0.011589 0.000000 0.000000 0.000000
0.000000 0.000017 0.000008
7.754600 1.000000 0.000000
764.299377 0.000000
0.000000 0.000000 0.000000 0.000000
0.000000 1.059543
11 0.015000 1.860000 0.001000
0.487000 0.580000 0.780000 0.490000 1.250000 6.700000 0.650000 0.650000
187499.984375 75.360001 0.084000
1.073000 0.050000 0.116600
0.169036 0.087815 0.000489 0.000000
0.000000

0.000000 0.000000 1.005114
0.046781 0.005208 0.778453 4.262573 179.915451
0.000000 0.003786 0.011562 0.000000 0.000000 0.000000
0.000000 0.000017 0.000008
7.771571 1.000000 0.000000
764.299377 0.000000
0.000000 0.000000 0.000000 0.000000
0.000000 1.059390
11 0.015000 1.875000 0.001000
0.487000 0.580000 0.780000 0.490000 1.250000 6.700000 0.650000 0.650000
187499.984375 75.360001 0.084000
1.073000 0.050000 0.116600
0.169041 0.087950 0.000490 0.000000
0.000000

0.000000 0.000000 1.006026
0.046783 0.005208 0.778498 4.262623 179.917435
0.000000 0.003886 0.011587 0.000000 0.000000 0.000000
0.000000 0.000017 0.000008
7.787981 1.000000 0.000000
764.299377 0.000000
0.000000 0.000000 0.000000 0.000000
0.000000 1.059249
11 0.015000 1.890000 0.001000
0.487000 0.580000 0.780000 0.490000 1.250000 6.700000 0.650000 0.650000
187499.984375 75.360001 0.084000
1.073000 0.050000 0.116600
0.169042 0.088145 0.000491 0.000000
0.000000

0.000000 0.000000 1.007106
0.046785 0.005209 0.778545 4.262681 179.919662
0.000000 0.004018 0.011623 0.000000 0.000000 0.000000
0.000000 0.000017 0.000008
7.803834 1.000000 0.000000
764.299377 0.000000
0.000000 0.000000 0.000000 0.000000
0.000000 1.059060
11 0.015000 1.905000 0.001000
0.487000 0.580000 0.780000 0.490000 1.250000 6.700000 0.650000 0.650000
187499.984375 75.360001 0.084000
1.073000 0.050000 0.116600
0.169049 0.087846 0.000489 0.000000
0.000000

0.000000 0.000000 1.007978
0.046787 0.005209 0.778588 4.262724 179.921600
0.000000 0.004171 0.011631 0.000000 0.000000 0.000000
0.000000 0.000018 0.000008
7.819135 1.000000 0.000000
764.299377 0.000000
0.000000 0.000000 0.000000 0.000000
0.000000 1.058897
11 0.015000 1.920000 0.001000
0.487000 0.580000 0.780000 0.490000 1.250000 6.700000 0.650000 0.650000
187499.984375 75.360001 0.084000
1.073000 0.050000 0.116600
0.169051 0.087840 0.000489 0.000000
0.000000

0.000000 0.000000 1.008668
0.046788 0.005209 0.778624 4.262733 179.923325
0.000000 0.004343 0.011639 0.000000 0.000000 0.000000
0.000000 0.000018 0.000008
7.833886 1.000000 0.000000
764.299377 0.000000
0.000000 0.000000 0.000000 0.000000
0.000000 1.058748
11 0.015000 1.935000 0.001000
0.487000 0.580000 0.780000 0.490000 1.250000 6.700000 0.650000 0.650000
187499.984375 75.360001 0.084000
1.073000 0.050000 0.116600
0.169052 0.087924 0.000490 0.000000
0.000000

0.000000 0.000000 1.009354
0.046789 0.005209 0.778667 4.262773 179.925308
0.000000 0.004528 0.011648 0.000000 0.000000 0.000000
0.000000 0.000018 0.000007
7.848090 1.000000 0.000000
764.299377 0.000000
0.000000 0.000000 0.000000 0.000000
0.000000 1.058708
11 0.015000 1.950000 0.001000
0.487000 0.580000 0.780000 0.490000 1.250000 6.700000 0.650000 0.650000
187499.984375 75.360001 0.084000
1.073000 0.050000 0.116600
0.169055 0.088238 0.000491 0.000000
0.000000

0.000000 0.000000 1.010464
0.046791 0.005209 0.778711 4.262825 179.927719
0.000000 0.004691 0.011584 0.000000 0.000000 0.000000
0.000000 0.000019 0.000007
7.861751 1.000000 0.000000
764.299377 0.000000
0.000000 0.000000 0.000000 0.000000
0.000000 1.058496
11 0.015000 1.965000 0.001000
0.487000 0.580000 0.780000 0.490000 1.250000 6.700000 0.650000 0.650000
187499.984375 75.360001 0.084000
1.073000 0.050000 0.116600
0.169061 0.088130 0.000491 0.000000
0.000000

0.000000 0.000000 1.014953
0.046799 0.005210 0.778805 4.263150 179.931976
0.000000 0.004817 0.011527 0.000000 0.000000 0.000000
0.000000 0.000019 0.000007
7.874873 1.000000 0.000000
764.299377 0.000000
0.000000 0.000000 0.000000 0.000000
0.000000 1.058399
11 0.015000 1.980000 0.001000
0.487000 0.580000 0.780000 0.490000 1.250000 6.700000 0.650000 0.650000
187499.984375 75.360001 0.084000
1.073000 0.050000 0.116600
0.169075 0.088159 0.000491 0.000000
0.000000

0.000000 0.000000 1.016711
0.046801 0.005210 0.778860 4.263255 179.935059
0.000000 0.022681 0.012528 0.000000 0.000000 0.000000
0.000000 0.000021 0.000001
7.887457 1.000000 0.000000
764.299377 0.000000
0.000000 0.000000 0.000000 0.000000
0.000000 1.058158
11 0.015000 1.995000 0.001000
0.487000 0.580000 0.780000 0.490000 1.250000 6.700000 0.650000 0.650000
187499.984375 75.360001 0.084000
1.073000 0.050000 0.116600
0.169083 0.088265 0.000492 0.000000
0.000000
1.000000
2.000000
0.321000 0.000000
0.000000
0
-0.750000
0 0
0.000000
1
0.000000
1.000000
1.000000
1.000000
0.000000 0.000000 0.000000
0.000000 0.000000
0.000000 0.000000 0.000000 0.000000 0.000000 0.000000 0.000000
0.000000 0.000000 0.000000 0.000000 0.000000 0.000000 0.000000
605
2.000000
1
C:\Kingsite\dnd\Ohio1.spf
-1.000000 -1.000000
0.000000
50
50
10.000000
101
