11
Clay
0.580000 0.612000 0.084000 0.780000 0.530000 1.000000 0.000000 0.000000
1.020000 6.700000 1 0.028600 0.500000 0.050000 0.010000 0.027000 0.963000
0.000000 0.015000 2.000000 152999.984375 75.360001 133
0.103800 3.528000 4.728100 0.000000 1
8.234000 8.234000 10.000000 5.000000 25.000000 100.000000
0.000000 0.000000 0.009350 0.000000 189.476715 280.339691
500.000000 0.000000 0.000000

0.000538 353.529419 663.986694
5.451844 0.606022 56.473858 512.565857 3893.760254
0.000000 0.048800 0.023191 0.998862 0.000000 0.000000
0.000006 0.000000 0.000332
0.851496 0.777803 0.000000
764.299377 0.000000
2.581064 0.000000 0.000000 0.000000
0.000000 0.250700
11 0.015000 0.015000 0.028600
0.612000 0.580000 0.780000 0.530000 1.020000 6.700000 0.780000 0.780000
152999.984375 75.360001 0.084000
1.073000 0.050000 0.116600
3.042023 5.619892 0.037572 0.000000
0.000000

0.000845 8.012554 79.204994
4.660282 0.518022 55.770119 484.246552 3905.344727
0.000000 0.009737 0.022913 0.499431 0.000000 0.000000
0.000007 0.000000 0.000098
0.854579 0.777803 0.000000
764.299377 0.000000
0.562264 0.000000 0.000000 0.000000
0.000000 0.023888
11 0.015000 0.030000 0.028600
0.612000 0.580000 0.780000 0.530000 1.020000 6.700000 0.780000 0.780000
152999.984375 75.360001 0.084000
1.073000 0.050000 0.116600
3.056171 6.249201 0.041807 0.000000
0.000000

0.001074 6.040590 72.497917
4.708896 0.523415 57.075073 483.939392 3905.476807
0.000000 0.006981 0.021741 0.249715 0.000000 0.000000
0.000006 0.000000 0.000081
0.860946 0.777803 0.000000
764.299377 0.000000
0.439458 0.000000 0.000000 0.000000
0.000000 0.020897
11 0.015000 0.045000 0.028600
0.612000 0.580000 0.780000 0.530000 1.020000 6.700000 0.780000 0.780000
152999.984375 75.360001 0.084000
1.073000 0.050000 0.116600
3.058975 6.602165 0.044185 0.000000
0.000000

0.001266 5.639670 69.222069
4.757948 0.528860 58.010902 483.737061 3905.545166
0.000000 0.006050 0.019046 0.124858 0.000000 0.000000
0.000006 0.000000 0.000063
0.871498 0.777803 0.000000
764.299377 0.000000
0.322822 0.000000 0.000000 0.000000
0.000000 0.019764
11 0.015000 0.060000 0.028600
0.612000 0.580000 0.780000 0.530000 1.020000 6.700000 0.780000 0.780000
152999.984375 75.360001 0.084000
1.073000 0.050000 0.116600
3.060954 6.898746 0.046187 0.000000
0.000000

0.001429 5.258075 66.124466
4.805004 0.534085 58.713451 483.551849 3905.607666
0.000000 0.004844 0.015267 0.062429 0.000000 0.000000
0.000005 0.000001 0.000047
0.886211 0.777803 0.000000
764.299377 0.000000
0.214330 0.000000 0.000000 0.000000
0.000000 0.018948
11 0.015000 0.075000 0.028600
0.612000 0.580000 0.780000 0.530000 1.020000 6.700000 0.780000 0.780000
152999.984375 75.360001 0.084000
1.073000 0.050000 0.116600
3.062425 7.139916 0.047816 0.000000
0.000000

0.001561 4.883099 63.141136
4.850293 0.539116 59.210293 483.392975 3905.675537
0.000000 0.003386 0.010876 0.031214 0.000000 0.000000
0.000004 0.000001 0.000033
0.905044 0.777803 0.000000
764.299377 0.000000
0.124264 0.000000 0.000000 0.000000
0.000000 0.019116
11 0.015000 0.090000 0.028600
0.612000 0.580000 0.780000 0.530000 1.020000 6.700000 0.780000 0.780000
152999.984375 75.360001 0.084000
1.073000 0.050000 0.116600
3.063458 7.542773 0.050540 0.000000
0.000000

0.007705 5.907088 117.976738
5.038735 0.560059 77.897438 478.930298 3902.823730
0.000000 0.003707 0.009409 0.015607 0.000000 0.000000
0.000003 0.000002 0.000034
0.927944 0.777803 0.000000
764.299377 0.000000
0.061098 0.000000 0.000000 0.000000
0.000000 0.045967
11 0.015000 0.105000 0.028600
0.612000 0.580000 0.780000 0.530000 1.020000 6.700000 0.780000 0.780000
152999.984375 75.360001 0.084000
1.073000 0.050000 0.116600
3.097347 7.703528 0.051629 0.000000
0.000000

0.007480 4.336659 102.197968
1.999017 0.222197 31.431889 185.508911 2924.811768
0.000000 0.001665 0.003742 0.007804 0.000000 0.000000
0.000001 0.000000 0.000015
0.957824 0.647547 0.000000
764.299377 0.000000
0.000000 0.000000 0.000000 0.000000
0.000000 0.036972
11 0.015000 0.120000 0.018000
0.547000 0.580000 0.780000 0.490000 1.150000 6.700000 0.650000 0.650000
172500.000000 75.360001 0.084000
1.073000 0.050000 0.116600
2.626507 8.957959 0.039637 0.000000
0.000000

0.007234 3.998063 95.549911
1.911414 0.212486 29.974953 176.618164 2925.500732
0.000000 0.001535 0.001960 0.003902 0.000000 0.000000
0.000001 0.000001 0.000032
1.004369 0.647547 0.000000
764.299377 0.000000
0.000000 0.000000 0.000000 0.000000
0.000000 0.042457
11 0.015000 0.135000 0.018000
0.547000 0.580000 0.780000 0.490000 1.150000 6.700000 0.650000 0.650000
172500.000000 75.360001 0.084000
1.073000 0.050000 0.116600
2.629736 9.887442 0.047400 0.000000
0.000000

0.006924 3.687107 89.289322
1.821487 0.202489 28.608620 168.341263 2926.195312
0.000000 0.001164 0.001392 0.001951 0.000000 0.000000
0.000001 0.000001 0.000032
1.041111 0.647547 0.000000
764.299377 0.000000
0.000000 0.000000 0.000000 0.000000
0.000000 0.039973
11 0.015000 0.150000 0.018000
0.547000 0.580000 0.780000 0.490000 1.150000 6.700000 0.650000 0.650000
172500.000000 75.360001 0.084000
1.073000 0.050000 0.116600
2.632591 11.791410 0.057519 0.000000
0.000000

0.006602 14.744856 84.471748
1.802451 0.200372 28.335686 166.533813 2926.832764
0.000000 0.000738 0.000955 0.000975 0.000000 0.000000
0.000001 0.000000 0.000034
1.081493 0.647547 0.000000
764.299377 0.000000
0.000000 0.000000 0.000000 0.000000
0.000000 0.052525
11 0.015000 0.165000 0.018000
0.547000 0.580000 0.780000 0.490000 1.150000 6.700000 0.650000 0.650000
172500.000000 75.360001 0.084000
1.073000 0.050000 0.116600
2.635012 19.002783 0.099266 0.000000
0.000000

0.006280 13.845309 79.115318
1.720365 0.191247 27.081821 158.963226 2927.573486
0.000000 0.000682 0.000867 0.000488 0.000000 0.000000
0.000001 0.000000 0.000035
1.125392 0.647547 0.000000
764.299377 0.000000
0.000000 0.000000 0.000000 0.000000
0.000000 0.050282
11 0.015000 0.180000 0.018000
0.547000 0.580000 0.780000 0.490000 1.150000 6.700000 0.650000 0.650000
172500.000000 75.360001 0.084000
1.073000 0.050000 0.116600
2.637814 10.911576 0.052802 0.000000
0.000000

0.006012 13.017159 74.114532
1.643883 0.182746 25.912811 151.883408 2928.205322
0.000000 0.000462 0.000658 0.000244 0.000000 0.000000
0.000000 0.000000 0.000036
1.172677 0.647547 0.000000
764.299377 0.000000
0.000000 0.000000 0.000000 0.000000
0.000000 0.048148
11 0.015000 0.195000 0.018000
0.547000 0.580000 0.780000 0.490000 1.150000 6.700000 0.650000 0.650000
172500.000000 75.360001 0.084000
1.073000 0.050000 0.116600
2.640184 8.735131 0.041445 0.000000
0.000000

0.005291 11.785338 67.367081
1.567833 0.174294 24.692915 144.946747 2926.473389
0.000000 0.000321 0.000540 0.000122 0.000000 0.000000
0.000000 0.000000 0.000035
1.223210 0.650000 0.000000
764.299377 0.000000
0.000000 0.000000 0.000000 0.000000
0.000000 0.045451
11 0.015000 0.210000 0.018000
0.547000 0.580000 0.780000 0.490000 1.150000 6.700000 0.650000 0.650000
172500.000000 75.360001 0.084000
1.073000 0.050000 0.116600
2.634818 7.055930 0.033099 0.000000
0.000000

0.004978 10.937491 64.330025
1.194805 0.132827 18.746288 109.961693 1528.944824
0.000000 0.000073 0.000255 0.000061 0.000000 0.000000
0.000000 0.000000 0.000018
1.277302 0.650000 0.000000
764.299377 0.000000
0.000000 0.000000 0.000000 0.000000
0.000000 0.045491
11 0.015000 0.225000 0.009000
0.527000 0.580000 0.780000 0.490000 1.200000 6.700000 0.650000 0.650000
180000.015625 75.360001 0.084000
1.073000 0.050000 0.116600
1.375354 6.985502 0.030159 0.000000
0.000000

0.004668 10.127269 59.272041
1.135664 0.126255 17.824606 104.489151 1528.943359
0.000000 0.000062 0.000262 0.000030 0.000000 0.000000
0.000000 0.000000 0.000018
1.334898 0.650000 0.000000
764.299377 0.000000
0.000000 0.000000 0.000000 0.000000
0.000000 0.044282
11 0.015000 0.240000 0.009000
0.527000 0.580000 0.780000 0.490000 1.200000 6.700000 0.650000 0.650000
180000.015625 75.360001 0.084000
1.073000 0.050000 0.116600
1.375965 6.564261 0.028240 0.000000
0.000000

0.004376 9.425776 54.875805
1.079701 0.120035 16.951262 99.305496 1528.982422
0.000000 0.000018 0.000182 0.000015 0.000000 0.000000
0.000000 0.000000 0.000018
1.395367 0.650000 0.000000
764.299377 0.000000
0.000000 0.000000 0.000000 0.000000
0.000000 0.043220
11 0.015000 0.255000 0.009000
0.527000 0.580000 0.780000 0.490000 1.200000 6.700000 0.650000 0.650000
180000.015625 75.360001 0.084000
1.073000 0.050000 0.116600
1.376554 6.187968 0.026537 0.000000
0.000000

0.004091 8.771594 50.884956
1.027328 0.114215 16.133093 94.459930 1528.990356
0.000000 0.000036 0.000227 0.000008 0.000000 0.000000
0.000000 0.000000 0.000019
1.458540 0.650000 0.000000
764.299377 0.000000
0.000000 0.000000 0.000000 0.000000
0.000000 0.042163
11 0.015000 0.270000 0.009000
0.527000 0.580000 0.780000 0.490000 1.200000 6.700000 0.650000 0.650000
180000.015625 75.360001 0.084000
1.073000 0.050000 0.116600
1.377062 5.839577 0.024971 0.000000
0.000000

0.003828 8.164768 47.249355
0.978427 0.108780 15.368763 89.939995 1529.022705
0.000000 0.000102 0.000357 0.000004 0.000000 0.000000
0.000000 0.000000 0.000020
1.524246 0.650000 0.000000
764.299377 0.000000
0.000000 0.000000 0.000000 0.000000
0.000000 0.041117
11 0.015000 0.285000 0.009000
0.527000 0.580000 0.780000 0.490000 1.200000 6.700000 0.650000 0.650000
180000.015625 75.360001 0.084000
1.073000 0.050000 0.116600
1.377510 5.401877 0.023015 0.000000
0.000000

0.003572 7.602753 43.907307
0.932951 0.103726 14.657233 85.742172 1529.057129
0.000000 0.000118 0.000396 0.000002 0.000000 0.000000
0.000000 0.000000 0.000021
1.592312 0.650000 0.000000
764.299377 0.000000
0.000000 0.000000 0.000000 0.000000
0.000000 0.040087
11 0.015000 0.300000 0.009000
0.527000 0.580000 0.780000 0.490000 1.200000 6.700000 0.650000 0.650000
180000.015625 75.360001 0.084000
1.073000 0.050000 0.116600
1.377985 4.995990 0.021215 0.000000
0.000000

0.003324 7.069643 40.763885
0.890795 0.099041 13.997158 81.859512 1529.075439
0.000000 0.000135 0.000472 0.000001 0.000000 0.000000
0.000000 0.000000 0.000022
1.662563 0.650000 0.000000
764.299377 0.000000
0.000000 0.000000 0.000000 0.000000
0.000000 0.039036
11 0.015000 0.315000 0.009000
0.527000 0.580000 0.780000 0.490000 1.200000 6.700000 0.650000 0.650000
180000.015625 75.360001 0.084000
1.073000 0.050000 0.116600
1.378420 4.507988 0.019066 0.000000
0.000000

0.003100 6.577450 38.313866
0.771509 0.085780 12.097012 70.720116 1168.692749
0.000000 0.000086 0.000376 0.000000 0.000000 0.000000
0.000000 0.000000 0.000017
1.735791 0.650000 0.000000
764.299377 0.000000
0.000000 0.000000 0.000000 0.000000
0.000000 0.038288
11 0.015000 0.330000 0.006600
0.497000 0.580000 0.780000 0.490000 1.250000 6.700000 0.650000 0.650000
187499.984375 75.360001 0.084000
1.073000 0.050000 0.116600
1.053256 4.394478 0.016787 0.000000
0.000000

0.002886 6.114086 35.531464
0.735224 0.081748 11.530542 67.386971 1168.640137
0.000000 0.000124 0.000527 0.000000 0.000000 0.000000
0.000000 0.000000 0.000017
1.811894 0.650000 0.000000
764.299377 0.000000
0.000000 0.000000 0.000000 0.000000
0.000000 0.037276
11 0.015000 0.345000 0.006600
0.497000 0.580000 0.780000 0.490000 1.250000 6.700000 0.650000 0.650000
187499.984375 75.360001 0.084000
1.073000 0.050000 0.116600
1.053555 4.080979 0.015551 0.000000
0.000000

0.002686 5.683315 32.950325
0.701514 0.078001 11.004847 64.294449 1168.665283
0.000000 0.000171 0.000715 0.000000 0.000000 0.000000
0.000000 0.000000 0.000018
1.889704 0.650000 0.000000
764.299377 0.000000
0.000000 0.000000 0.000000 0.000000
0.000000 0.036322
11 0.015000 0.360000 0.006600
0.497000 0.580000 0.780000 0.490000 1.250000 6.700000 0.650000 0.650000
187499.984375 75.360001 0.084000
1.073000 0.050000 0.116600
1.053857 3.831486 0.014571 0.000000
0.000000

0.002502 5.282984 30.527786
0.670131 0.074513 10.516290 61.419365 1168.669312
0.000000 0.000200 0.000859 0.000000 0.000000 0.000000
0.000000 0.000000 0.000019
1.969047 0.650000 0.000000
764.299377 0.000000
0.000000 0.000000 0.000000 0.000000
0.000000 0.035413
11 0.015000 0.375000 0.006600
0.497000 0.580000 0.780000 0.490000 1.250000 6.700000 0.650000 0.650000
187499.984375 75.360001 0.084000
1.073000 0.050000 0.116600
1.054067 3.556927 0.013498 0.000000
0.000000

0.002329 4.910496 28.303816
0.640923 0.071266 10.061753 58.746368 1168.661133
0.000000 0.000234 0.001044 0.000000 0.000000 0.000000
0.000000 0.000000 0.000019
2.049755 0.650000 0.000000
764.299377 0.000000
0.000000 0.000000 0.000000 0.000000
0.000000 0.034571
11 0.015000 0.390000 0.006600
0.497000 0.580000 0.780000 0.490000 1.250000 6.700000 0.650000 0.650000
187499.984375 75.360001 0.084000
1.073000 0.050000 0.116600
1.054279 3.085561 0.011666 0.000000
0.000000

0.002165 4.561913 26.235691
0.613771 0.068248 9.639071 56.265446 1168.688477
0.000000 0.000257 0.001180 0.000000 0.000000 0.000000
0.000000 0.000000 0.000020
2.131664 0.650000 0.000000
764.299377 0.000000
0.000000 0.000000 0.000000 0.000000
0.000000 0.033773
11 0.015000 0.405000 0.006600
0.497000 0.580000 0.780000 0.490000 1.250000 6.700000 0.650000 0.650000
187499.984375 75.360001 0.084000
1.073000 0.050000 0.116600
1.054455 2.793850 0.010540 0.000000
0.000000

0.002014 4.238687 25.929010
0.451979 0.050259 7.109672 41.488976 585.008118
0.000000 0.000000 0.000082 0.000000 0.000000 0.000000
0.000000 0.000000 0.000003
2.214997 0.650000 0.000000
764.299377 0.000000
0.000000 0.000000 0.000000 0.000000
0.000000 0.026937
11 0.015000 0.420000 0.003300
0.487000 0.580000 0.780000 0.490000 1.250000 6.700000 0.650000 0.650000
187499.984375 75.360001 0.084000
1.073000 0.050000 0.116600
0.527310 2.552364 0.009417 0.000000
0.000000

0.001874 3.937913 23.744446
0.430870 0.047912 6.763332 39.456699 584.953430
0.000000 0.000000 0.000082 0.000000 0.000000 0.000000
0.000000 0.000000 0.000003
2.299602 0.650000 0.000000
764.299377 0.000000
0.000000 0.000000 0.000000 0.000000
0.000000 0.027927
11 0.015000 0.435000 0.003300
0.487000 0.580000 0.780000 0.490000 1.250000 6.700000 0.650000 0.650000
187499.984375 75.360001 0.084000
1.073000 0.050000 0.116600
0.527388 2.319617 0.008543 0.000000
0.000000

0.001740 3.656365 21.806120
0.412590 0.045880 6.436760 37.544636 584.939941
0.000000 0.000020 0.000307 0.000000 0.000000 0.000000
0.000000 0.000000 0.000011
2.384949 0.650000 0.000000
764.299377 0.000000
0.000000 0.000000 0.000000 0.000000
0.000000 0.031888
11 0.015000 0.450000 0.003300
0.487000 0.580000 0.780000 0.490000 1.250000 6.700000 0.650000 0.650000
187499.984375 75.360001 0.084000
1.073000 0.050000 0.116600
0.527460 2.126498 0.007820 0.000000
0.000000

0.001618 3.396792 20.057741
0.392867 0.043688 6.132354 35.759003 584.899414
0.000000 0.000129 0.001181 0.000000 0.000000 0.000000
0.000000 0.000000 0.000011
2.470901 0.650000 0.000000
764.299377 0.000000
0.000000 0.000000 0.000000 0.000000
0.000000 0.031136
11 0.015000 0.465000 0.003300
0.487000 0.580000 0.780000 0.490000 1.250000 6.700000 0.650000 0.650000
187499.984375 75.360001 0.084000
1.073000 0.050000 0.116600
0.527529 1.901360 0.006980 0.000000
0.000000

0.001505 3.155448 18.475046
0.374460 0.041642 5.848195 34.093067 584.854065
0.000000 0.000265 0.002345 0.000000 0.000000 0.000000
0.000000 0.000000 0.000011
2.557329 0.650000 0.000000
764.299377 0.000000
0.000000 0.000000 0.000000 0.000000
0.000000 0.030379
11 0.015000 0.480000 0.003300
0.487000 0.580000 0.780000 0.490000 1.250000 6.700000 0.650000 0.650000
187499.984375 75.360001 0.084000
1.073000 0.050000 0.116600
0.527603 1.737499 0.006370 0.000000
0.000000

0.001397 2.929567 17.028965
0.357292 0.039733 5.582814 32.540928 584.847046
0.000000 0.000388 0.003397 0.000000 0.000000 0.000000
0.000000 0.000000 0.000012
2.644114 0.650000 0.000000
764.299377 0.000000
0.000000 0.000000 0.000000 0.000000
0.000000 0.029635
11 0.015000 0.495000 0.003300
0.487000 0.580000 0.780000 0.490000 1.250000 6.700000 0.650000 0.650000
187499.984375 75.360001 0.084000
1.073000 0.050000 0.116600
0.527678 1.581120 0.005790 0.000000
0.000000

0.001298 2.720520 15.704052
0.341291 0.037954 5.335836 31.094873 584.829224
0.000000 0.000493 0.004283 0.000000 0.000000 0.000000
0.000000 0.000000 0.000012
2.731141 0.650000 0.000000
764.299377 0.000000
0.000000 0.000000 0.000000 0.000000
0.000000 0.028903
11 0.015000 0.510000 0.003300
0.487000 0.580000 0.780000 0.490000 1.250000 6.700000 0.650000 0.650000
187499.984375 75.360001 0.084000
1.073000 0.050000 0.116600
0.527737 1.443812 0.005281 0.000000
0.000000

0.001207 2.527063 20.745213
0.219302 0.024388 3.342659 19.474960 177.699509
0.000000 0.000076 0.001099 0.000000 0.000000 0.000000
0.000000 0.000000 0.000004
2.818306 0.650000 0.000000
764.299377 0.000000
0.000000 0.000000 0.000000 0.000000
0.000000 0.031508
11 0.015000 0.525000 0.001000
0.487000 0.580000 0.780000 0.490000 1.250000 6.700000 0.650000 0.650000
187499.984375 75.360001 0.084000
1.073000 0.050000 0.116600
0.159937 1.282042 0.004684 0.000000
0.000000

0.001122 2.346916 18.824053
0.207681 0.023096 3.169250 18.460262 177.669128
0.000000 0.000111 0.002039 0.000000 0.000000 0.000000
0.000000 0.000000 0.000004
2.905513 0.650000 0.000000
764.299377 0.000000
0.000000 0.000000 0.000000 0.000000
0.000000 0.030454
11 0.015000 0.540000 0.001000
0.487000 0.580000 0.780000 0.490000 1.250000 6.700000 0.650000 0.650000
187499.984375 75.360001 0.084000
1.073000 0.050000 0.116600
0.159953 1.162426 0.004243 0.000000
0.000000

0.001043 2.179919 17.208265
0.196427 0.021845 2.999950 17.470360 177.630051
0.000000 0.000131 0.002618 0.000000 0.000000 0.000000
0.000000 0.000000 0.000004
2.992673 0.650000 0.000000
764.299377 0.000000
0.000000 0.000000 0.000000 0.000000
0.000000 0.029416
11 0.015000 0.555000 0.001000
0.487000 0.580000 0.780000 0.490000 1.250000 6.700000 0.650000 0.650000
187499.984375 75.360001 0.084000
1.073000 0.050000 0.116600
0.159973 1.038160 0.003786 0.000000
0.000000

0.000972 2.025208 15.475335
0.186594 0.020752 2.854414 16.619635 177.604156
0.000000 0.000144 0.003035 0.000000 0.000000 0.000000
0.000000 0.000000 0.000005
3.079705 0.650000 0.000000
764.299377 0.000000
0.000000 0.000000 0.000000 0.000000
0.000000 0.028237
11 0.015000 0.570000 0.001000
0.487000 0.580000 0.780000 0.490000 1.250000 6.700000 0.650000 0.650000
187499.984375 75.360001 0.084000
1.073000 0.050000 0.116600
0.159987 0.906401 0.003302 0.000000
0.000000

0.000918 1.889133 14.331049
0.176125 0.019588 2.696032 15.685468 177.583282
0.000000 0.000116 0.002365 0.000000 0.000000 0.000000
0.000000 0.000000 0.000005
3.166536 0.650000 0.000000
764.299377 0.000000
0.000000 0.000000 0.000000 0.000000
0.000000 0.027384
11 0.015000 0.585000 0.001000
0.487000 0.580000 0.780000 0.490000 1.250000 6.700000 0.650000 0.650000
187499.984375 75.360001 0.084000
1.073000 0.050000 0.116600
0.160006 0.800637 0.002914 0.000000
0.000000

0.000860 1.758370 13.551602
0.161837 0.017999 2.535147 14.740804 177.553574
0.000000 0.000000 0.000039 0.000000 0.000000 0.000000
0.000000 0.000000 0.000001
3.253099 0.650000 0.000000
764.299377 0.000000
0.000000 0.000000 0.000000 0.000000
0.000000 0.020546
11 0.015000 0.600000 0.001000
0.487000 0.580000 0.780000 0.490000 1.250000 6.700000 0.650000 0.650000
187499.984375 75.360001 0.084000
1.073000 0.050000 0.116600
0.160022 0.715573 0.002603 0.000000
0.000000

0.000798 1.631799 12.128892
0.154499 0.017184 2.421531 14.078608 177.524002
0.000000 0.000000 0.000040 0.000000 0.000000 0.000000
0.000000 0.000000 0.000001
3.339337 0.650000 0.000000
764.299377 0.000000
0.000000 0.000000 0.000000 0.000000
0.000000 0.019883
11 0.015000 0.615000 0.001000
0.487000 0.580000 0.780000 0.490000 1.250000 6.700000 0.650000 0.650000
187499.984375 75.360001 0.084000
1.073000 0.050000 0.116600
0.160036 0.647010 0.002352 0.000000
0.000000

0.000742 1.515507 10.604337
0.148435 0.016509 2.326835 13.524967 177.512329
0.000000 0.000000 0.000040 0.000000 0.000000 0.000000
0.000000 0.000000 0.000001
3.425196 0.650000 0.000000
764.299377 0.000000
0.000000 0.000000 0.000000 0.000000
0.000000 0.019534
11 0.015000 0.630000 0.001000
0.487000 0.580000 0.780000 0.490000 1.250000 6.700000 0.650000 0.650000
187499.984375 75.360001 0.084000
1.073000 0.050000 0.116600
0.160047 0.582310 0.002116 0.000000
0.000000

0.000691 1.408225 8.852208
0.144460 0.016067 2.255548 13.108444 177.504013
0.000000 0.000000 0.000040 0.000000 0.000000 0.000000
0.000000 0.000000 0.000001
3.510630 0.650000 0.000000
764.299377 0.000000
0.000000 0.000000 0.000000 0.000000
0.000000 0.020137
11 0.015000 0.645000 0.001000
0.487000 0.580000 0.780000 0.490000 1.250000 6.700000 0.650000 0.650000
187499.984375 75.360001 0.084000
1.073000 0.050000 0.116600
0.160058 0.708058 0.002575 0.000000
0.000000

0.000646 1.310300 7.565588
0.140156 0.015589 2.171437 12.618335 177.493942
0.000000 0.003806 0.000726 0.000000 0.000000 0.000000
0.000000 0.000004 0.000001
3.595599 0.650000 0.000000
764.299377 0.000000
0.000000 0.000000 0.000000 0.000000
0.000000 0.021636
11 0.015000 0.660000 0.001000
0.487000 0.580000 0.780000 0.490000 1.250000 6.700000 0.650000 0.650000
187499.984375 75.360001 0.084000
1.073000 0.050000 0.116600
0.160092 0.787921 0.002868 0.000000
0.000000

0.000612 1.224079 6.828519
0.132698 0.014757 2.072699 12.034982 177.484161
0.000000 0.019941 0.001116 0.000000 0.000000 0.000000
0.000000 0.000002 0.000001
3.680068 0.650000 0.000000
764.299377 0.000000
0.000000 0.000000 0.000000 0.000000
0.000000 0.100047
11 0.015000 0.675000 0.001000
0.487000 0.580000 0.780000 0.490000 1.250000 6.700000 0.650000 0.650000
187499.984375 75.360001 0.084000
1.073000 0.050000 0.116600
0.160139 0.906777 0.003303 0.000000
0.000000

0.000568 1.138198 6.324512
0.125663 0.013974 1.970257 11.440763 177.470245
0.000000 0.021634 0.001411 0.000000 0.000000 0.000000
0.000000 0.000003 0.000001
3.764007 0.650000 0.000000
764.299377 0.000000
0.000000 0.000000 0.000000 0.000000
0.000000 0.105153
11 0.015000 0.690000 0.001000
0.487000 0.580000 0.780000 0.490000 1.250000 6.700000 0.650000 0.650000
187499.984375 75.360001 0.084000
1.073000 0.050000 0.116600
0.160188 0.817855 0.002977 0.000000
0.000000

0.000527 1.056594 5.874761
0.119533 0.013292 1.874864 10.885839 177.464111
0.000000 0.031496 0.002287 0.000000 0.000000 0.000000
0.000000 0.000003 0.000000
3.847391 0.650000 0.000000
764.299377 0.000000
0.000000 0.000000 0.000000 0.000000
0.000000 0.129876
11 0.015000 0.705000 0.001000
0.487000 0.580000 0.780000 0.490000 1.250000 6.700000 0.650000 0.650000
187499.984375 75.360001 0.084000
1.073000 0.050000 0.116600
0.160233 0.885097 0.003224 0.000000
0.000000

0.000498 0.988609 5.491292
0.113747 0.012649 1.787072 10.367413 177.460556
0.000000 0.085701 0.002882 0.000000 0.000000 0.000000
0.000000 0.000002 0.000000
3.927068 0.650000 0.000000
764.299377 0.000000
0.000000 0.000000 0.000000 0.000000
0.000000 0.390876
11 0.015000 0.720000 0.001000
0.487000 0.580000 0.780000 0.490000 1.250000 6.700000 0.650000 0.650000
187499.984375 75.360001 0.084000
1.073000 0.050000 0.116600
0.160336 0.950757 0.003469 0.000000
0.000000

0.000507 0.959262 5.241815
0.107672 0.011970 1.710042 9.891644 177.502899
0.000000 0.794580 0.007689 0.000000 0.000000 0.000000
0.000000 0.000000 0.000000
3.998441 0.659424 0.000000
764.299377 0.000000
0.000000 0.000000 0.000000 0.000000
0.000000 11.107952
11 0.015000 0.735000 0.001000
0.487000 0.580000 0.780000 0.490000 1.250000 6.700000 0.650000 0.650000
187499.984375 75.360001 0.084000
1.073000 0.050000 0.116600
0.160722 0.890123 0.003301 0.000000
0.000000

0.000000 0.408812 6.420091
0.071412 0.007938 1.152611 6.533534 178.124802
0.000000 0.766132 0.005859 0.000000 0.000000 0.000000
0.000000 0.000001 0.000000
4.064906 1.000000 0.000000
764.299377 0.000000
0.000000 0.000000 0.000000 0.000000
0.000000 9.945096
11 0.015000 0.750000 0.001000
0.487000 0.580000 0.780000 0.490000 1.250000 6.700000 0.650000 0.650000
187499.984375 75.360001 0.084000
1.073000 0.050000 0.116600
0.163771 0.135711 0.000756 0.000000
0.000000

0.000000 0.416742 6.333046
0.068756 0.007643 1.125908 6.267658 178.291824
0.000000 0.407826 0.006926 0.000000 0.000000 0.000000
0.000000 0.000001 0.000000
4.130669 1.000000 0.000000
764.299377 0.000000
0.000000 0.000000 0.000000 0.000000
0.000000 1.339391
11 0.015000 0.765000 0.001000
0.487000 0.580000 0.780000 0.490000 1.250000 6.700000 0.650000 0.650000
187499.984375 75.360001 0.084000
1.073000 0.050000 0.116600
0.164236 0.123797 0.000690 0.000000
0.000000

0.000000 0.403742 6.002987
0.066653 0.007409 1.101063 6.067682 178.329391
0.000000 0.151652 0.004915 0.000000 0.000000 0.000000
0.000000 0.000004 0.000000
4.195725 1.000000 0.000000
764.299377 0.000000
0.000000 0.000000 0.000000 0.000000
0.000000 1.249403
11 0.015000 0.780000 0.001000
0.487000 0.580000 0.780000 0.490000 1.250000 6.700000 0.650000 0.650000
187499.984375 75.360001 0.084000
1.073000 0.050000 0.116600
0.164343 0.111359 0.000620 0.000000
0.000000

0.000000 0.376163 5.655261
0.065126 0.007239 1.076626 5.932323 178.440979
0.000000 0.046012 0.004153 0.000000 0.000000 0.000000
0.000000 0.000012 0.000001
4.260069 1.000000 0.000000
764.299377 0.000000
0.000000 0.000000 0.000000 0.000000
0.000000 1.229104
11 0.015000 0.795000 0.001000
0.487000 0.580000 0.780000 0.490000 1.250000 6.700000 0.650000 0.650000
187499.984375 75.360001 0.084000
1.073000 0.050000 0.116600
0.164658 0.104238 0.000581 0.000000
0.000000

0.000000 0.349612 5.278379
0.063548 0.007064 1.051435 5.792837 178.447601
0.000000 0.012191 0.002983 0.000000 0.000000 0.000000
0.000000 0.000018 0.000003
4.323703 1.000000 0.000000
764.299377 0.000000
0.000000 0.000000 0.000000 0.000000
0.000000 1.250524
11 0.015000 0.810000 0.001000
0.487000 0.580000 0.780000 0.490000 1.250000 6.700000 0.650000 0.650000
187499.984375 75.360001 0.084000
1.073000 0.050000 0.116600
0.164680 0.104373 0.000581 0.000000
0.000000

0.000000 0.325477 4.936198
0.062076 0.006900 1.027917 5.662627 178.457230
0.000000 0.002724 0.001759 0.000000 0.000000 0.000000
0.000000 0.000008 0.000011
4.386625 1.000000 0.000000
764.299377 0.000000
0.000000 0.000000 0.000000 0.000000
0.000000 1.343863
11 0.015000 0.825000 0.001000
0.487000 0.580000 0.780000 0.490000 1.250000 6.700000 0.650000 0.650000
187499.984375 75.360001 0.084000
1.073000 0.050000 0.116600
0.164709 0.102939 0.000573 0.000000
0.000000

0.000000 0.303129 4.619489
0.060714 0.006749 1.006178 5.542253 178.466370
0.000000 0.000463 0.001140 0.000000 0.000000 0.000000
0.000000 0.000000 0.000017
4.448840 1.000000 0.000000
764.299377 0.000000
0.000000 0.000000 0.000000 0.000000
0.000000 1.575539
11 0.015000 0.840000 0.001000
0.487000 0.580000 0.780000 0.490000 1.250000 6.700000 0.650000 0.650000
187499.984375 75.360001 0.084000
1.073000 0.050000 0.116600
0.164746 0.102363 0.000570 0.000000
0.000000

0.000000 0.281661 4.317228
0.059464 0.006610 0.986279 5.432052 178.473724
0.000000 0.000062 0.001217 0.000000 0.000000 0.000000
0.000000 0.000000 0.000013
4.510351 1.000000 0.000000
764.299377 0.000000
0.000000 0.000000 0.000000 0.000000
0.000000 1.723676
11 0.015000 0.855000 0.001000
0.487000 0.580000 0.780000 0.490000 1.250000 6.700000 0.650000 0.650000
187499.984375 75.360001 0.084000
1.073000 0.050000 0.116600
0.164769 0.111937 0.000624 0.000000
0.000000

0.000000 0.000000 0.399643
0.043989 0.004890 0.741905 4.085654 178.772263
0.000000 0.029421 0.014895 0.000000 0.000000 0.000000
0.000000 0.000012 0.000000
4.571164 1.000000 0.000000
764.299377 0.000000
0.000000 0.000000 0.000000 0.000000
0.000000 1.162832
11 0.015000 0.870000 0.001000
0.487000 0.580000 0.780000 0.490000 1.250000 6.700000 0.650000 0.650000
187499.984375 75.360001 0.084000
1.073000 0.050000 0.116600
0.165613 0.089292 0.000497 0.000000
0.000000

0.000000 0.000000 0.401576
0.044004 0.004892 0.742201 4.086853 178.778152
0.000000 0.080454 0.014916 0.000000 0.000000 0.000000
0.000000 0.000005 0.000000
4.631286 1.000000 0.000000
764.299377 0.000000
0.000000 0.000000 0.000000 0.000000
0.000000 1.162437
11 0.015000 0.885000 0.001000
0.487000 0.580000 0.780000 0.490000 1.250000 6.700000 0.650000 0.650000
187499.984375 75.360001 0.084000
1.073000 0.050000 0.116600
0.165630 0.089442 0.000498 0.000000
0.000000

0.000000 0.000000 0.402839
0.044014 0.004893 0.742418 4.087623 178.784836
0.000000 0.155131 0.014873 0.000000 0.000000 0.000000
0.000000 0.000003 0.000000
4.690723 1.000000 0.000000
764.299377 0.000000
0.000000 0.000000 0.000000 0.000000
0.000000 1.162390
11 0.015000 0.900000 0.001000
0.487000 0.580000 0.780000 0.490000 1.250000 6.700000 0.650000 0.650000
187499.984375 75.360001 0.084000
1.073000 0.050000 0.116600
0.165641 0.089304 0.000497 0.000000
0.000000

0.000000 0.000000 0.403939
0.044023 0.004894 0.742616 4.088290 178.793167
0.000000 0.244124 0.014821 0.000000 0.000000 0.000000
0.000000 0.000002 0.000000
4.749485 1.000000 0.000000
764.299377 0.000000
0.000000 0.000000 0.000000 0.000000
0.000000 1.162410
11 0.015000 0.915000 0.001000
0.487000 0.580000 0.780000 0.490000 1.250000 6.700000 0.650000 0.650000
187499.984375 75.360001 0.084000
1.073000 0.050000 0.116600
0.165652 0.089351 0.000498 0.000000
0.000000

0.000000 0.000000 0.404999
0.044031 0.004895 0.742804 4.088908 178.799240
0.000000 0.323034 0.014716 0.000000 0.000000 0.000000
0.000000 0.000002 0.000000
4.807578 1.000000 0.000000
764.299377 0.000000
0.000000 0.000000 0.000000 0.000000
0.000000 1.162413
11 0.015000 0.930000 0.001000
0.487000 0.580000 0.780000 0.490000 1.250000 6.700000 0.650000 0.650000
187499.984375 75.360001 0.084000
1.073000 0.050000 0.116600
0.165661 0.089228 0.000497 0.000000
0.000000

0.000000 0.000000 0.406066
0.044040 0.004896 0.742992 4.089535 178.804810
0.000000 0.367840 0.014630 0.000000 0.000000 0.000000
0.000000 0.000001 0.000000
4.865010 1.000000 0.000000
764.299377 0.000000
0.000000 0.000000 0.000000 0.000000
0.000000 1.162389
11 0.015000 0.945000 0.001000
0.487000 0.580000 0.780000 0.490000 1.250000 6.700000 0.650000 0.650000
187499.984375 75.360001 0.084000
1.073000 0.050000 0.116600
0.165672 0.089419 0.000498 0.000000
0.000000

0.000000 0.000000 0.407163
0.044049 0.004897 0.743186 4.090203 178.810394
0.000000 0.368794 0.014567 0.000000 0.000000 0.000000
0.000000 0.000002 0.000000
4.921789 1.000000 0.000000
764.299377 0.000000
0.000000 0.000000 0.000000 0.000000
0.000000 1.162295
11 0.015000 0.960000 0.001000
0.487000 0.580000 0.780000 0.490000 1.250000 6.700000 0.650000 0.650000
187499.984375 75.360001 0.084000
1.073000 0.050000 0.116600
0.165683 0.089375 0.000498 0.000000
0.000000

0.000000 0.000000 0.409014
0.044063 0.004898 0.743467 4.091351 178.816284
0.000000 0.332766 0.014446 0.000000 0.000000 0.000000
0.000000 0.000002 0.000000
4.977923 1.000000 0.000000
764.299377 0.000000
0.000000 0.000000 0.000000 0.000000
0.000000 1.162182
11 0.015000 0.975000 0.001000
0.487000 0.580000 0.780000 0.490000 1.250000 6.700000 0.650000 0.650000
187499.984375 75.360001 0.084000
1.073000 0.050000 0.116600
0.165698 0.089338 0.000498 0.000000
0.000000

0.000000 0.000000 0.410433
0.044074 0.004900 0.743693 4.092200 178.823120
0.000000 0.276014 0.014375 0.000000 0.000000 0.000000
0.000000 0.000002 0.000000
5.033420 1.000000 0.000000
764.299377 0.000000
0.000000 0.000000 0.000000 0.000000
0.000000 1.161940
11 0.015000 0.990000 0.001000
0.487000 0.580000 0.780000 0.490000 1.250000 6.700000 0.650000 0.650000
187499.984375 75.360001 0.084000
1.073000 0.050000 0.116600
0.165710 0.089311 0.000497 0.000000
0.000000

0.000000 0.000000 0.411435
0.044082 0.004901 0.743869 4.092787 178.830719
0.000000 0.214805 0.014250 0.000000 0.000000 0.000000
0.000000 0.000003 0.000000
5.088286 1.000000 0.000000
764.299377 0.000000
0.000000 0.000000 0.000000 0.000000
0.000000 1.161559
11 0.015000 1.005000 0.001000
0.487000 0.580000 0.780000 0.490000 1.250000 6.700000 0.650000 0.650000
187499.984375 75.360001 0.084000
1.073000 0.050000 0.116600
0.165720 0.089483 0.000498 0.000000
0.000000

0.000000 0.000000 0.413000
0.044094 0.004902 0.744109 4.093724 178.836014
0.000000 0.159862 0.014162 0.000000 0.000000 0.000000
0.000000 0.000004 0.000000
5.142529 1.000000 0.000000
764.299377 0.000000
0.000000 0.000000 0.000000 0.000000
0.000000 1.161152
11 0.015000 1.020000 0.001000
0.487000 0.580000 0.780000 0.490000 1.250000 6.700000 0.650000 0.650000
187499.984375 75.360001 0.084000
1.073000 0.050000 0.116600
0.165733 0.089338 0.000498 0.000000
0.000000

0.000000 0.000000 0.413988
0.044102 0.004903 0.744284 4.094316 178.840927
0.000000 0.115644 0.014020 0.000000 0.000000 0.000000
0.000000 0.000006 0.000000
5.196157 1.000000 0.000000
764.299377 0.000000
0.000000 0.000000 0.000000 0.000000
0.000000 1.160658
11 0.015000 1.035000 0.001000
0.487000 0.580000 0.780000 0.490000 1.250000 6.700000 0.650000 0.650000
187499.984375 75.360001 0.084000
1.073000 0.050000 0.116600
0.165741 0.089579 0.000499 0.000000
0.000000

0.000000 0.000000 0.415066
0.044111 0.004904 0.744469 4.094950 178.846344
0.000000 0.082266 0.013908 0.000000 0.000000 0.000000
0.000000 0.000008 0.000000
5.249173 1.000000 0.000000
764.299377 0.000000
0.000000 0.000000 0.000000 0.000000
0.000000 1.160127
11 0.015000 1.050000 0.001000
0.487000 0.580000 0.780000 0.490000 1.250000 6.700000 0.650000 0.650000
187499.984375 75.360001 0.084000
1.073000 0.050000 0.116600
0.165752 0.089399 0.000498 0.000000
0.000000

0.000000 0.000000 0.416027
0.044118 0.004905 0.744630 4.095475 178.851730
0.000000 0.057885 0.013799 0.000000 0.000000 0.000000
0.000000 0.000011 0.000000
5.301584 1.000000 0.000000
764.299377 0.000000
0.000000 0.000000 0.000000 0.000000
0.000000 1.159576
11 0.015000 1.065000 0.001000
0.487000 0.580000 0.780000 0.490000 1.250000 6.700000 0.650000 0.650000
187499.984375 75.360001 0.084000
1.073000 0.050000 0.116600
0.165759 0.089597 0.000499 0.000000
0.000000

0.000000 0.000000 0.417043
0.044126 0.004905 0.744805 4.096065 178.857071
0.000000 0.040362 0.013642 0.000000 0.000000 0.000000
0.000000 0.000015 0.000001
5.353394 1.000000 0.000000
764.299377 0.000000
0.000000 0.000000 0.000000 0.000000
0.000000 1.159014
11 0.015000 1.080000 0.001000
0.487000 0.580000 0.780000 0.490000 1.250000 6.700000 0.650000 0.650000
187499.984375 75.360001 0.084000
1.073000 0.050000 0.116600
0.165768 0.089358 0.000498 0.000000
0.000000

0.000000 0.000000 0.418955
0.044140 0.004907 0.745077 4.097210 178.862717
0.000000 0.028058 0.013525 0.000000 0.000000 0.000000
0.000000 0.000017 0.000001
5.404609 1.000000 0.000000
764.299377 0.000000
0.000000 0.000000 0.000000 0.000000
0.000000 1.158516
11 0.015000 1.095000 0.001000
0.487000 0.580000 0.780000 0.490000 1.250000 6.700000 0.650000 0.650000
187499.984375 75.360001 0.084000
1.073000 0.050000 0.116600
0.165785 0.089717 0.000500 0.000000
0.000000

0.000000 0.000000 0.421179
0.044156 0.004909 0.745383 4.098530 178.870163
0.000000 0.019661 0.013364 0.000000 0.000000 0.000000
0.000000 0.000020 0.000002
5.455231 1.000000 0.000000
764.299377 0.000000
0.000000 0.000000 0.000000 0.000000
0.000000 1.158034
11 0.015000 1.110000 0.001000
0.487000 0.580000 0.780000 0.490000 1.250000 6.700000 0.650000 0.650000
187499.984375 75.360001 0.084000
1.073000 0.050000 0.116600
0.165806 0.089256 0.000497 0.000000
0.000000

0.000000 0.000000 0.422128
0.044163 0.004910 0.745542 4.099051 178.874756
0.000000 0.014139 0.013242 0.000000 0.000000 0.000000
0.000000 0.000023 0.000003
5.505265 1.000000 0.000000
764.299377 0.000000
0.000000 0.000000 0.000000 0.000000
0.000000 1.157468
11 0.015000 1.125000 0.001000
0.487000 0.580000 0.780000 0.490000 1.250000 6.700000 0.650000 0.650000
187499.984375 75.360001 0.084000
1.073000 0.050000 0.116600
0.165813 0.089553 0.000499 0.000000
0.000000

0.000000 0.000000 0.423062
0.044170 0.004910 0.745700 4.099578 178.879868
0.000000 0.010654 0.013160 0.000000 0.000000 0.000000
0.000000 0.000024 0.000004
5.554712 1.000000 0.000000
764.299377 0.000000
0.000000 0.000000 0.000000 0.000000
0.000000 1.156904
11 0.015000 1.140000 0.001000
0.487000 0.580000 0.780000 0.490000 1.250000 6.700000 0.650000 0.650000
187499.984375 75.360001 0.084000
1.073000 0.050000 0.116600
0.165822 0.089487 0.000498 0.000000
0.000000

0.000000 0.000000 0.423988
0.044178 0.004911 0.745862 4.100128 178.884338
0.000000 0.008552 0.013095 0.000000 0.000000 0.000000
0.000000 0.000023 0.000005
5.603576 1.000000 0.000000
764.299377 0.000000
0.000000 0.000000 0.000000 0.000000
0.000000 1.156356
11 0.015000 1.155000 0.001000
0.487000 0.580000 0.780000 0.490000 1.250000 6.700000 0.650000 0.650000
187499.984375 75.360001 0.084000
1.073000 0.050000 0.116600
0.165832 0.089580 0.000499 0.000000
0.000000

0.000000 0.000000 0.425069
0.044186 0.004912 0.746033 4.100722 178.889008
0.000000 0.007336 0.013012 0.000000 0.000000 0.000000
0.000000 0.000022 0.000006
5.651857 1.000000 0.000000
764.299377 0.000000
0.000000 0.000000 0.000000 0.000000
0.000000 1.155811
11 0.015000 1.170000 0.001000
0.487000 0.580000 0.780000 0.490000 1.250000 6.700000 0.650000 0.650000
187499.984375 75.360001 0.084000
1.073000 0.050000 0.116600
0.165838 0.089554 0.000499 0.000000
0.000000

0.000000 0.000000 0.426340
0.044195 0.004913 0.746225 4.101442 178.894608
0.000000 0.006663 0.012979 0.000000 0.000000 0.000000
0.000000 0.000021 0.000006
5.699557 1.000000 0.000000
764.299377 0.000000
0.000000 0.000000 0.000000 0.000000
0.000000 1.155303
11 0.015000 1.185000 0.001000
0.487000 0.580000 0.780000 0.490000 1.250000 6.700000 0.650000 0.650000
187499.984375 75.360001 0.084000
1.073000 0.050000 0.116600
0.165849 0.089297 0.000497 0.000000
0.000000

0.000000 0.000000 0.427236
0.044202 0.004914 0.746372 4.101922 178.899597
0.000000 0.006292 0.012918 0.000000 0.000000 0.000000
0.000000 0.000021 0.000006
5.746677 1.000000 0.000000
764.299377 0.000000
0.000000 0.000000 0.000000 0.000000
0.000000 1.154785
11 0.015000 1.200000 0.001000
0.487000 0.580000 0.780000 0.490000 1.250000 6.700000 0.650000 0.650000
187499.984375 75.360001 0.084000
1.073000 0.050000 0.116600
0.165859 0.089477 0.000498 0.000000
0.000000

0.000000 0.000000 0.428125
0.044209 0.004915 0.746522 4.102422 178.903641
0.000000 0.006089 0.012887 0.000000 0.000000 0.000000
0.000000 0.000021 0.000007
5.793217 1.000000 0.000000
764.299377 0.000000
0.000000 0.000000 0.000000 0.000000
0.000000 1.154262
11 0.015000 1.215000 0.001000
0.487000 0.580000 0.780000 0.490000 1.250000 6.700000 0.650000 0.650000
187499.984375 75.360001 0.084000
1.073000 0.050000 0.116600
0.165867 0.089425 0.000498 0.000000
0.000000

0.000000 0.000000 0.429003
0.044216 0.004916 0.746673 4.102930 178.909912
0.000000 0.005969 0.012832 0.000000 0.000000 0.000000
0.000000 0.000021 0.000007
5.839175 1.000000 0.000000
764.299377 0.000000
0.000000 0.000000 0.000000 0.000000
0.000000 1.153755
11 0.015000 1.230000 0.001000
0.487000 0.580000 0.780000 0.490000 1.250000 6.700000 0.650000 0.650000
187499.984375 75.360001 0.084000
1.073000 0.050000 0.116600
0.165873 0.089495 0.000498 0.000000
0.000000

0.000000 0.000000 0.429872
0.044222 0.004916 0.746821 4.103403 178.914429
0.000000 0.005901 0.012811 0.000000 0.000000 0.000000
0.000000 0.000021 0.000007
5.884553 1.000000 0.000000
764.299377 0.000000
0.000000 0.000000 0.000000 0.000000
0.000000 1.153260
11 0.015000 1.245000 0.001000
0.487000 0.580000 0.780000 0.490000 1.250000 6.700000 0.650000 0.650000
187499.984375 75.360001 0.084000
1.073000 0.050000 0.116600
0.165879 0.089571 0.000499 0.000000
0.000000

0.000000 0.000000 0.430733
0.044229 0.004917 0.746963 4.103869 178.919281
0.000000 0.005857 0.012771 0.000000 0.000000 0.000000
0.000000 0.000021 0.000007
5.929349 1.000000 0.000000
764.299377 0.000000
0.000000 0.000000 0.000000 0.000000
0.000000 1.152764
11 0.015000 1.260000 0.001000
0.487000 0.580000 0.780000 0.490000 1.250000 6.700000 0.650000 0.650000
187499.984375 75.360001 0.084000
1.073000 0.050000 0.116600
0.165889 0.089878 0.000501 0.000000
0.000000

0.000000 0.000000 0.431624
0.044235 0.004918 0.747106 4.104342 178.924057
0.000000 0.005822 0.012755 0.000000 0.000000 0.000000
0.000000 0.000021 0.000007
5.973562 1.000000 0.000000
764.299377 0.000000
0.000000 0.000000 0.000000 0.000000
0.000000 1.152288
11 0.015000 1.275000 0.001000
0.487000 0.580000 0.780000 0.490000 1.250000 6.700000 0.650000 0.650000
187499.984375 75.360001 0.084000
1.073000 0.050000 0.116600
0.165896 0.089827 0.000500 0.000000
0.000000

0.000000 0.000000 0.432779
0.044244 0.004919 0.747281 4.104986 178.928864
0.000000 0.005788 0.012699 0.000000 0.000000 0.000000
0.000000 0.000021 0.000008
6.017190 1.000000 0.000000
764.299377 0.000000
0.000000 0.000000 0.000000 0.000000
0.000000 1.151833
11 0.015000 1.290000 0.001000
0.487000 0.580000 0.780000 0.490000 1.250000 6.700000 0.650000 0.650000
187499.984375 75.360001 0.084000
1.073000 0.050000 0.116600
0.165906 0.089832 0.000500 0.000000
0.000000

0.000000 0.000000 0.433977
0.044252 0.004920 0.747460 4.105661 178.934113
0.000000 0.005751 0.012645 0.000000 0.000000 0.000000
0.000000 0.000021 0.000008
6.060231 1.000000 0.000000
764.299377 0.000000
0.000000 0.000000 0.000000 0.000000
0.000000 1.151395
11 0.015000 1.305000 0.001000
0.487000 0.580000 0.780000 0.490000 1.250000 6.700000 0.650000 0.650000
187499.984375 75.360001 0.084000
1.073000 0.050000 0.116600
0.165916 0.089715 0.000500 0.000000
0.000000

0.000000 0.000000 0.434909
0.044259 0.004921 0.747606 4.106154 178.937988
0.000000 0.005713 0.012627 0.000000 0.000000 0.000000
0.000000 0.000021 0.000008
6.102682 1.000000 0.000000
764.299377 0.000000
0.000000 0.000000 0.000000 0.000000
0.000000 1.150936
11 0.015000 1.320000 0.001000
0.487000 0.580000 0.780000 0.490000 1.250000 6.700000 0.650000 0.650000
187499.984375 75.360001 0.084000
1.073000 0.050000 0.116600
0.165923 0.089824 0.000500 0.000000
0.000000

0.000000 0.000000 0.435752
0.044265 0.004921 0.747744 4.106616 178.942825
0.000000 0.005678 0.012610 0.000000 0.000000 0.000000
0.000000 0.000021 0.000008
6.144542 1.000000 0.000000
764.299377 0.000000
0.000000 0.000000 0.000000 0.000000
0.000000 1.150484
11 0.015000 1.335000 0.001000
0.487000 0.580000 0.780000 0.490000 1.250000 6.700000 0.650000 0.650000
187499.984375 75.360001 0.084000
1.073000 0.050000 0.116600
0.165933 0.089733 0.000500 0.000000
0.000000

0.000000 0.000000 0.436567
0.044271 0.004922 0.747879 4.107043 178.948837
0.000000 0.005652 0.012574 0.000000 0.000000 0.000000
0.000000 0.000021 0.000008
6.185807 1.000000 0.000000
764.299377 0.000000
0.000000 0.000000 0.000000 0.000000
0.000000 1.150038
11 0.015000 1.350000 0.001000
0.487000 0.580000 0.780000 0.490000 1.250000 6.700000 0.650000 0.650000
187499.984375 75.360001 0.084000
1.073000 0.050000 0.116600
0.165936 0.089824 0.000500 0.000000
0.000000

0.000000 0.000000 0.437386
0.044277 0.004923 0.748009 4.107467 178.953796
0.000000 0.005627 0.012530 0.000000 0.000000 0.000000
0.000000 0.000021 0.000008
6.226475 1.000000 0.000000
764.299377 0.000000
0.000000 0.000000 0.000000 0.000000
0.000000 1.149603
11 0.015000 1.365000 0.001000
0.487000 0.580000 0.780000 0.490000 1.250000 6.700000 0.650000 0.650000
187499.984375 75.360001 0.084000
1.073000 0.050000 0.116600
0.165946 0.089925 0.000501 0.000000
0.000000

0.000000 0.000000 0.438304
0.044284 0.004923 0.748155 4.107970 178.958557
0.000000 0.005601 0.012486 0.000000 0.000000 0.000000
0.000000 0.000021 0.000008
6.266542 1.000000 0.000000
764.299377 0.000000
0.000000 0.000000 0.000000 0.000000
0.000000 1.149175
11 0.015000 1.380000 0.001000
0.487000 0.580000 0.780000 0.490000 1.250000 6.700000 0.650000 0.650000
187499.984375 75.360001 0.084000
1.073000 0.050000 0.116600
0.165951 0.090113 0.000502 0.000000
0.000000

0.000000 0.000000 0.440149
0.044296 0.004925 0.748393 4.108973 178.964233
0.000000 0.005580 0.012466 0.000000 0.000000 0.000000
0.000000 0.000021 0.000009
6.306006 1.000000 0.000000
764.299377 0.000000
0.000000 0.000000 0.000000 0.000000
0.000000 1.148822
11 0.015000 1.395000 0.001000
0.487000 0.580000 0.780000 0.490000 1.250000 6.700000 0.650000 0.650000
187499.984375 75.360001 0.084000
1.073000 0.050000 0.116600
0.165968 0.089865 0.000501 0.000000
0.000000

0.000000 0.000000 0.441005
0.044302 0.004925 0.748526 4.109422 178.968719
0.000000 0.005556 0.012420 0.000000 0.000000 0.000000
0.000000 0.000021 0.000009
6.344863 1.000000 0.000000
764.299377 0.000000
0.000000 0.000000 0.000000 0.000000
0.000000 1.148403
11 0.015000 1.410000 0.001000
0.487000 0.580000 0.780000 0.490000 1.250000 6.700000 0.650000 0.650000
187499.984375 75.360001 0.084000
1.073000 0.050000 0.116600
0.165976 0.090102 0.000502 0.000000
0.000000

0.000000 0.000000 0.442049
0.044309 0.004926 0.748681 4.109979 178.973434
0.000000 0.005534 0.012384 0.000000 0.000000 0.000000
0.000000 0.000021 0.000009
6.383110 1.000000 0.000000
764.299377 0.000000
0.000000 0.000000 0.000000 0.000000
0.000000 1.147998
11 0.015000 1.425000 0.001000
0.487000 0.580000 0.780000 0.490000 1.250000 6.700000 0.650000 0.650000
187499.984375 75.360001 0.084000
1.073000 0.050000 0.116600
0.165983 0.089836 0.000500 0.000000
0.000000

0.000000 0.000000 0.442960
0.044316 0.004927 0.748815 4.110438 178.978333
0.000000 0.005518 0.012368 0.000000 0.000000 0.000000
0.000000 0.000021 0.000009
6.420743 1.000000 0.000000
764.299377 0.000000
0.000000 0.000000 0.000000 0.000000
0.000000 1.147595
11 0.015000 1.440000 0.001000
0.487000 0.580000 0.780000 0.490000 1.250000 6.700000 0.650000 0.650000
187499.984375 75.360001 0.084000
1.073000 0.050000 0.116600
0.165990 0.089876 0.000501 0.000000
0.000000

0.000000 0.000000 0.443730
0.044321 0.004928 0.748941 4.110838 178.982544
0.000000 0.005496 0.012309 0.000000 0.000000 0.000000
0.000000 0.000021 0.000009
6.457759 1.000000 0.000000
764.299377 0.000000
0.000000 0.000000 0.000000 0.000000
0.000000 1.147184
11 0.015000 1.455000 0.001000
0.487000 0.580000 0.780000 0.490000 1.250000 6.700000 0.650000 0.650000
187499.984375 75.360001 0.084000
1.073000 0.050000 0.116600
0.166000 0.089826 0.000500 0.000000
0.000000

0.000000 0.000000 0.444495
0.044327 0.004928 0.749064 4.111235 178.986359
0.000000 0.005474 0.012272 0.000000 0.000000 0.000000
0.000000 0.000021 0.000009
6.494154 1.000000 0.000000
764.299377 0.000000
0.000000 0.000000 0.000000 0.000000
0.000000 1.146779
11 0.015000 1.470000 0.001000
0.487000 0.580000 0.780000 0.490000 1.250000 6.700000 0.650000 0.650000
187499.984375 75.360001 0.084000
1.073000 0.050000 0.116600
0.166004 0.089896 0.000501 0.000000
0.000000

0.000000 0.000000 0.445252
0.044332 0.004929 0.749188 4.111640 178.990540
0.000000 0.005449 0.012212 0.000000 0.000000 0.000000
0.000000 0.000021 0.000009
6.529924 1.000000 0.000000
764.299377 0.000000
0.000000 0.000000 0.000000 0.000000
0.000000 1.146373
11 0.015000 1.485000 0.001000
0.487000 0.580000 0.780000 0.490000 1.250000 6.700000 0.650000 0.650000
187499.984375 75.360001 0.084000
1.073000 0.050000 0.116600
0.166010 0.089981 0.000501 0.000000
0.000000

0.000000 0.000000 0.446004
0.044337 0.004929 0.749310 4.112026 178.995743
0.000000 0.005425 0.012201 0.000000 0.000000 0.000000
0.000000 0.000021 0.000010
6.565066 1.000000 0.000000
764.299377 0.000000
0.000000 0.000000 0.000000 0.000000
0.000000 1.145990
11 0.015000 1.500000 0.001000
0.487000 0.580000 0.780000 0.490000 1.250000 6.700000 0.650000 0.650000
187499.984375 75.360001 0.084000
1.073000 0.050000 0.116600
0.166015 0.090309 0.000503 0.000000
0.000000

0.000000 0.000000 0.446844
0.044343 0.004930 0.749441 4.112471 178.999924
0.000000 0.005411 0.012160 0.000000 0.000000 0.000000
0.000000 0.000021 0.000010
6.599576 1.000000 0.000000
764.299377 0.000000
0.000000 0.000000 0.000000 0.000000
0.000000 1.145607
11 0.015000 1.515000 0.001000
0.487000 0.580000 0.780000 0.490000 1.250000 6.700000 0.650000 0.650000
187499.984375 75.360001 0.084000
1.073000 0.050000 0.116600
0.166021 0.090044 0.000501 0.000000
0.000000

0.000000 0.000000 0.447638
0.044349 0.004931 0.749561 4.112863 179.003815
0.000000 0.005395 0.012135 0.000000 0.000000 0.000000
0.000000 0.000022 0.000010
6.633451 1.000000 0.000000
764.299377 0.000000
0.000000 0.000000 0.000000 0.000000
0.000000 1.145237
11 0.015000 1.530000 0.001000
0.487000 0.580000 0.780000 0.490000 1.250000 6.700000 0.650000 0.650000
187499.984375 75.360001 0.084000
1.073000 0.050000 0.116600
0.166032 0.090141 0.000502 0.000000
0.000000

0.000000 0.000000 0.451111
0.044370 0.004933 0.749949 4.114714 179.014114
0.000000 0.005371 0.012081 0.000000 0.000000 0.000000
0.000000 0.000022 0.000010
6.666686 1.000000 0.000000
764.299377 0.000000
0.000000 0.000000 0.000000 0.000000
0.000000 1.145069
11 0.015000 1.545000 0.001000
0.487000 0.580000 0.780000 0.490000 1.250000 6.700000 0.650000 0.650000
187499.984375 75.360001 0.084000
1.073000 0.050000 0.116600
0.166059 0.090220 0.000502 0.000000
0.000000

0.000000 0.000000 0.461441
0.044433 0.004940 0.750996 4.120194 179.047607
0.000000 0.005338 0.012005 0.000000 0.000000 0.000000
0.000000 0.000022 0.000010
6.699279 1.000000 0.000000
764.299377 0.000000
0.000000 0.000000 0.000000 0.000000
0.000000 1.145398
11 0.015000 1.560000 0.001000
0.487000 0.580000 0.780000 0.490000 1.250000 6.700000 0.650000 0.650000
187499.984375 75.360001 0.084000
1.073000 0.050000 0.116600
0.166140 0.089921 0.000501 0.000000
0.000000

0.000000 0.000000 0.462189
0.044438 0.004941 0.751108 4.120544 179.051514
0.000000 0.005305 0.011960 0.000000 0.000000 0.000000
0.000000 0.000021 0.000010
6.731226 1.000000 0.000000
764.299377 0.000000
0.000000 0.000000 0.000000 0.000000
0.000000 1.145052
11 0.015000 1.575000 0.001000
0.487000 0.580000 0.780000 0.490000 1.250000 6.700000 0.650000 0.650000
187499.984375 75.360001 0.084000
1.073000 0.050000 0.116600
0.166149 0.089996 0.000501 0.000000
0.000000

0.000000 0.000000 0.462939
0.044443 0.004941 0.751229 4.120935 179.055435
0.000000 0.005284 0.011947 0.000000 0.000000 0.000000
0.000000 0.000021 0.000010
6.762525 1.000000 0.000000
764.299377 0.000000
0.000000 0.000000 0.000000 0.000000
0.000000 1.144717
11 0.015000 1.590000 0.001000
0.487000 0.580000 0.780000 0.490000 1.250000 6.700000 0.650000 0.650000
187499.984375 75.360001 0.084000
1.073000 0.050000 0.116600
0.166154 0.090086 0.000502 0.000000
0.000000

0.000000 0.000000 0.463690
0.044448 0.004942 0.751341 4.121290 179.059753
0.000000 0.005266 0.011899 0.000000 0.000000 0.000000
0.000000 0.000021 0.000010
6.793171 1.000000 0.000000
764.299377 0.000000
0.000000 0.000000 0.000000 0.000000
0.000000 1.144379
11 0.015000 1.605000 0.001000
0.487000 0.580000 0.780000 0.490000 1.250000 6.700000 0.650000 0.650000
187499.984375 75.360001 0.084000
1.073000 0.050000 0.116600
0.166161 0.090336 0.000503 0.000000
0.000000

0.000000 0.000000 0.464558
0.044453 0.004942 0.751464 4.121712 179.064194
0.000000 0.005248 0.011868 0.000000 0.000000 0.000000
0.000000 0.000021 0.000011
6.823164 1.000000 0.000000
764.299377 0.000000
0.000000 0.000000 0.000000 0.000000
0.000000 1.144065
11 0.015000 1.620000 0.001000
0.487000 0.580000 0.780000 0.490000 1.250000 6.700000 0.650000 0.650000
187499.984375 75.360001 0.084000
1.073000 0.050000 0.116600
0.166167 0.090164 0.000502 0.000000
0.000000

0.000000 0.000000 0.471439
0.044494 0.004947 0.752159 4.125255 179.091354
0.000000 0.005221 0.011809 0.000000 0.000000 0.000000
0.000000 0.000021 0.000011
6.852498 1.000000 0.000000
764.299377 0.000000
0.000000 0.000000 0.000000 0.000000
0.000000 1.144198
11 0.015000 1.635000 0.001000
0.487000 0.580000 0.780000 0.490000 1.250000 6.700000 0.650000 0.650000
187499.984375 75.360001 0.084000
1.073000 0.050000 0.116600
0.166221 0.090181 0.000502 0.000000
0.000000

0.000000 0.000000 0.472314
0.044500 0.004948 0.752283 4.125679 179.096634
0.000000 0.005191 0.011742 0.000000 0.000000 0.000000
0.000000 0.000021 0.000011
6.881173 1.000000 0.000000
764.299377 0.000000
0.000000 0.000000 0.000000 0.000000
0.000000 1.143896
11 0.015000 1.650000 0.001000
0.487000 0.580000 0.780000 0.490000 1.250000 6.700000 0.650000 0.650000
187499.984375 75.360001 0.084000
1.073000 0.050000 0.116600
0.166229 0.090054 0.000502 0.000000
0.000000

0.000000 0.000000 0.473065
0.044505 0.004948 0.752395 4.126036 179.100815
0.000000 0.005170 0.011730 0.000000 0.000000 0.000000
0.000000 0.000021 0.000011
6.909184 1.000000 0.000000
764.299377 0.000000
0.000000 0.000000 0.000000 0.000000
0.000000 1.143596
11 0.015000 1.665000 0.001000
0.487000 0.580000 0.780000 0.490000 1.250000 6.700000 0.650000 0.650000
187499.984375 75.360001 0.084000
1.073000 0.050000 0.116600
0.166233 0.090137 0.000502 0.000000
0.000000

0.000000 0.000000 0.473816
0.044510 0.004949 0.752508 4.126403 179.105103
0.000000 0.005146 0.011679 0.000000 0.000000 0.000000
0.000000 0.000021 0.000011
6.936533 1.000000 0.000000
764.299377 0.000000
0.000000 0.000000 0.000000 0.000000
0.000000 1.143307
11 0.015000 1.680000 0.001000
0.487000 0.580000 0.780000 0.490000 1.250000 6.700000 0.650000 0.650000
187499.984375 75.360001 0.084000
1.073000 0.050000 0.116600
0.166240 0.090465 0.000504 0.000000
0.000000

0.000000 0.000000 0.474703
0.044515 0.004949 0.752627 4.126802 179.109650
0.000000 0.005128 0.011657 0.000000 0.000000 0.000000
0.000000 0.000021 0.000011
6.963214 1.000000 0.000000
764.299377 0.000000
0.000000 0.000000 0.000000 0.000000
0.000000 1.143032
11 0.015000 1.695000 0.001000
0.487000 0.580000 0.780000 0.490000 1.250000 6.700000 0.650000 0.650000
187499.984375 75.360001 0.084000
1.073000 0.050000 0.116600
0.166246 0.090233 0.000503 0.000000
0.000000

0.000000 0.000000 0.475827
0.044522 0.004950 0.752776 4.127366 179.115463
0.000000 0.005114 0.011625 0.000000 0.000000 0.000000
0.000000 0.000021 0.000011
6.989227 1.000000 0.000000
764.299377 0.000000
0.000000 0.000000 0.000000 0.000000
0.000000 1.142787
11 0.015000 1.710000 0.001000
0.487000 0.580000 0.780000 0.490000 1.250000 6.700000 0.650000 0.650000
187499.984375 75.360001 0.084000
1.073000 0.050000 0.116600
0.166256 0.090278 0.000503 0.000000
0.000000

0.000000 0.000000 0.476565
0.044526 0.004951 0.752884 4.127701 179.119934
0.000000 0.005090 0.011559 0.000000 0.000000 0.000000
0.000000 0.000021 0.000011
7.014570 1.000000 0.000000
764.299377 0.000000
0.000000 0.000000 0.000000 0.000000
0.000000 1.142518
11 0.015000 1.725000 0.001000
0.487000 0.580000 0.780000 0.490000 1.250000 6.700000 0.650000 0.650000
187499.984375 75.360001 0.084000
1.073000 0.050000 0.116600
0.166260 0.090385 0.000503 0.000000
0.000000

0.000000 0.000000 0.477563
0.044532 0.004951 0.753014 4.128173 179.125198
0.000000 0.005073 0.011558 0.000000 0.000000 0.000000
0.000000 0.000021 0.000011
7.039242 1.000000 0.000000
764.299377 0.000000
0.000000 0.000000 0.000000 0.000000
0.000000 1.142275
11 0.015000 1.740000 0.001000
0.487000 0.580000 0.780000 0.490000 1.250000 6.700000 0.650000 0.650000
187499.984375 75.360001 0.084000
1.073000 0.050000 0.116600
0.166269 0.090471 0.000504 0.000000
0.000000

0.000000 0.000000 0.482297
0.044560 0.004954 0.753490 4.130528 179.141724
0.000000 0.005049 0.011488 0.000000 0.000000 0.000000
0.000000 0.000021 0.000012
7.063241 1.000000 0.000000
764.299377 0.000000
0.000000 0.000000 0.000000 0.000000
0.000000 1.142299
11 0.015000 1.755000 0.001000
0.487000 0.580000 0.780000 0.490000 1.250000 6.700000 0.650000 0.650000
187499.984375 75.360001 0.084000
1.073000 0.050000 0.116600
0.166305 0.090378 0.000503 0.000000
0.000000

0.000000 0.000000 0.490223
0.044605 0.004959 0.754245 4.134426 179.158234
0.000000 0.005021 0.011447 0.000000 0.000000 0.000000
0.000000 0.000021 0.000012
7.086568 1.000000 0.000000
764.299377 0.000000
0.000000 0.000000 0.000000 0.000000
0.000000 1.142553
11 0.015000 1.770000 0.001000
0.487000 0.580000 0.780000 0.490000 1.250000 6.700000 0.650000 0.650000
187499.984375 75.360001 0.084000
1.073000 0.050000 0.116600
0.166366 0.090291 0.000503 0.000000
0.000000

0.000000 0.000000 0.492529
0.044618 0.004961 0.754491 4.135530 179.164917
0.000000 0.004984 0.011360 0.000000 0.000000 0.000000
0.000000 0.000021 0.000012
7.109221 1.000000 0.000000
764.299377 0.000000
0.000000 0.000000 0.000000 0.000000
0.000000 1.142425
11 0.015000 1.785000 0.001000
0.487000 0.580000 0.780000 0.490000 1.250000 6.700000 0.650000 0.650000
187499.984375 75.360001 0.084000
1.073000 0.050000 0.116600
0.166382 0.090598 0.000505 0.000000
0.000000

0.000000 0.000000 0.496478
0.044640 0.004963 0.754877 4.137402 179.171585
0.000000 0.004953 0.011362 0.000000 0.000000 0.000000
0.000000 0.000021 0.000012
7.131200 1.000000 0.000000
764.299377 0.000000
0.000000 0.000000 0.000000 0.000000
0.000000 1.142416
11 0.015000 1.800000 0.001000
0.487000 0.580000 0.780000 0.490000 1.250000 6.700000 0.650000 0.650000
187499.984375 75.360001 0.084000
1.073000 0.050000 0.116600
0.166412 0.090372 0.000503 0.000000
0.000000

0.000000 0.000000 0.497583
0.044646 0.004964 0.755012 4.137906 179.176285
0.000000 0.004922 0.011282 0.000000 0.000000 0.000000
0.000000 0.000021 0.000012
7.152504 1.000000 0.000000
764.299377 0.000000
0.000000 0.000000 0.000000 0.000000
0.000000 1.142211
11 0.015000 1.815000 0.001000
0.487000 0.580000 0.780000 0.490000 1.250000 6.700000 0.650000 0.650000
187499.984375 75.360001 0.084000
1.073000 0.050000 0.116600
0.166420 0.090454 0.000504 0.000000
0.000000

0.000000 0.000000 0.500309
0.044661 0.004965 0.755288 4.139179 179.182022
0.000000 0.004899 0.011259 0.000000 0.000000 0.000000
0.000000 0.000021 0.000012
7.173135 1.000000 0.000000
764.299377 0.000000
0.000000 0.000000 0.000000 0.000000
0.000000 1.142131
11 0.015000 1.830000 0.001000
0.487000 0.580000 0.780000 0.490000 1.250000 6.700000 0.650000 0.650000
187499.984375 75.360001 0.084000
1.073000 0.050000 0.116600
0.166439 0.090430 0.000504 0.000000
0.000000

0.000000 0.000000 0.501093
0.044665 0.004966 0.755392 4.139508 179.185883
0.000000 0.004883 0.011248 0.000000 0.000000 0.000000
0.000000 0.000021 0.000012
7.193093 1.000000 0.000000
764.299377 0.000000
0.000000 0.000000 0.000000 0.000000
0.000000 1.141920
11 0.015000 1.845000 0.001000
0.487000 0.580000 0.780000 0.490000 1.250000 6.700000 0.650000 0.650000
187499.984375 75.360001 0.084000
1.073000 0.050000 0.116600
0.166447 0.090515 0.000504 0.000000
0.000000

0.000000 0.000000 0.501960
0.044670 0.004967 0.755507 4.139899 179.190155
0.000000 0.004861 0.011173 0.000000 0.000000 0.000000
0.000000 0.000021 0.000012
7.212378 1.000000 0.000000
764.299377 0.000000
0.000000 0.000000 0.000000 0.000000
0.000000 1.141724
11 0.015000 1.860000 0.001000
0.487000 0.580000 0.780000 0.490000 1.250000 6.700000 0.650000 0.650000
187499.984375 75.360001 0.084000
1.073000 0.050000 0.116600
0.166454 0.090382 0.000503 0.000000
0.000000

0.000000 0.000000 0.503026
0.044676 0.004967 0.755633 4.140350 179.194672
0.000000 0.004843 0.011150 0.000000 0.000000 0.000000
0.000000 0.000021 0.000012
7.230990 1.000000 0.000000
764.299377 0.000000
0.000000 0.000000 0.000000 0.000000
0.000000 1.141546
11 0.015000 1.875000 0.001000
0.487000 0.580000 0.780000 0.490000 1.250000 6.700000 0.650000 0.650000
187499.984375 75.360001 0.084000
1.073000 0.050000 0.116600
0.166462 0.090515 0.000504 0.000000
0.000000

0.000000 0.000000 0.503884
0.044681 0.004968 0.755748 4.140746 179.199020
0.000000 0.004818 0.011073 0.000000 0.000000 0.000000
0.000000 0.000021 0.000012
7.248932 1.000000 0.000000
764.299377 0.000000
0.000000 0.000000 0.000000 0.000000
0.000000 1.141365
11 0.015000 1.890000 0.001000
0.487000 0.580000 0.780000 0.490000 1.250000 6.700000 0.650000 0.650000
187499.984375 75.360001 0.084000
1.073000 0.050000 0.116600
0.166465 0.090708 0.000505 0.000000
0.000000

0.000000 0.000000 0.504822
0.044686 0.004968 0.755867 4.141167 179.203720
0.000000 0.004798 0.011067 0.000000 0.000000 0.000000
0.000000 0.000021 0.000013
7.266206 1.000000 0.000000
764.299377 0.000000
0.000000 0.000000 0.000000 0.000000
0.000000 1.141202
11 0.015000 1.905000 0.001000
0.487000 0.580000 0.780000 0.490000 1.250000 6.700000 0.650000 0.650000
187499.984375 75.360001 0.084000
1.073000 0.050000 0.116600
0.166476 0.090406 0.000504 0.000000
0.000000

0.000000 0.000000 0.505657
0.044691 0.004969 0.755977 4.141538 179.208008
0.000000 0.004784 0.011046 0.000000 0.000000 0.000000
0.000000 0.000021 0.000013
7.282812 1.000000 0.000000
764.299377 0.000000
0.000000 0.000000 0.000000 0.000000
0.000000 1.141027
11 0.015000 1.920000 0.001000
0.487000 0.580000 0.780000 0.490000 1.250000 6.700000 0.650000 0.650000
187499.984375 75.360001 0.084000
1.073000 0.050000 0.116600
0.166481 0.090396 0.000503 0.000000
0.000000

0.000000 0.000000 0.506398
0.044695 0.004969 0.756073 4.141833 179.212646
0.000000 0.004758 0.010961 0.000000 0.000000 0.000000
0.000000 0.000021 0.000013
7.298754 1.000000 0.000000
764.299377 0.000000
0.000000 0.000000 0.000000 0.000000
0.000000 1.140860
11 0.015000 1.935000 0.001000
0.487000 0.580000 0.780000 0.490000 1.250000 6.700000 0.650000 0.650000
187499.984375 75.360001 0.084000
1.073000 0.050000 0.116600
0.166484 0.090479 0.000504 0.000000
0.000000

0.000000 0.000000 0.507135
0.044699 0.004970 0.756174 4.142155 179.216965
0.000000 0.004729 0.010909 0.000000 0.000000 0.000000
0.000000 0.000021 0.000013
7.314033 1.000000 0.000000
764.299377 0.000000
0.000000 0.000000 0.000000 0.000000
0.000000 1.140697
11 0.015000 1.950000 0.001000
0.487000 0.580000 0.780000 0.490000 1.250000 6.700000 0.650000 0.650000
187499.984375 75.360001 0.084000
1.073000 0.050000 0.116600
0.166490 0.090789 0.000506 0.000000
0.000000

0.000000 0.000000 0.508086
0.044704 0.004970 0.756287 4.142539 179.221786
0.000000 0.004712 0.010915 0.000000 0.000000 0.000000
0.000000 0.000021 0.000013
7.328652 1.000000 0.000000
764.299377 0.000000
0.000000 0.000000 0.000000 0.000000
0.000000 1.140563
11 0.015000 1.965000 0.001000
0.487000 0.580000 0.780000 0.490000 1.250000 6.700000 0.650000 0.650000
187499.984375 75.360001 0.084000
1.073000 0.050000 0.116600
0.166499 0.090677 0.000505 0.000000
0.000000

0.000000 0.000000 0.510735
0.044718 0.004972 0.756547 4.143739 179.228119
0.000000 0.004690 0.010870 0.000000 0.000000 0.000000
0.000000 0.000021 0.000013
7.342614 1.000000 0.000000
764.299377 0.000000
0.000000 0.000000 0.000000 0.000000
0.000000 1.140544
11 0.015000 1.980000 0.001000
0.487000 0.580000 0.780000 0.490000 1.250000 6.700000 0.650000 0.650000
187499.984375 75.360001 0.084000
1.073000 0.050000 0.116600
0.166514 0.090705 0.000505 0.000000
0.000000

0.000000 0.000000 0.512010
0.044725 0.004973 0.756689 4.144296 179.232941
0.000000 0.014238 0.011203 0.000000 0.000000 0.000000
0.000000 0.000031 0.000005
7.355923 1.000000 0.000000
764.299377 0.000000
0.000000 0.000000 0.000000 0.000000
0.000000 1.140413
11 0.015000 1.995000 0.001000
0.487000 0.580000 0.780000 0.490000 1.250000 6.700000 0.650000 0.650000
187499.984375 75.360001 0.084000
1.073000 0.050000 0.116600
0.166526 0.090809 0.000506 0.000000
0.000000
1.000000
2.000000
0.321000 0.000000
0.000000
0
-0.735000
0 0
0.000000
1
0.000000
1.000000
1.000000
1.000000
0.000000 0.000000 0.000000
0.000000 0.000000
0.000000 0.000000 0.000000 0.000000 0.000000 0.000000 0.000000
0.000000 0.000000 0.000000 0.000000 0.000000 0.000000 0.000000
240
2.000000
1
C:\Kingsite\dnd\Ohio1.spf
-1.000000 -1.000000
0.000000
49
49
10.000000
100
