11
Clay
0.580000 0.612000 0.084000 0.780000 0.530000 1.000000 0.000000 0.000000
1.020000 6.700000 1 0.028600 0.500000 0.050000 0.010000 0.027000 0.963000
0.000000 0.015000 2.000000 152999.984375 75.360001 133
0.103800 3.528000 4.728100 0.000000 1
8.234000 8.234000 10.000000 5.000000 25.000000 100.000000
0.000000 0.000000 0.000000 0.000000 77.307777 114.380455
500.000000 0.000000 0.000000

0.204779 217.407776 525.260315
5.104336 0.683925 84.315987 512.016296 3949.694824
0.000000 0.000000 0.018842 0.961468 0.000000 0.000000
0.000004 0.000000 0.000606
5.094391 0.772316 0.000000
764.299377 0.000000
3.065862 0.000000 0.000000 0.000000
0.000000 0.094030
11 0.015000 0.015000 0.028600
0.612000 0.580000 0.780000 0.530000 1.020000 6.700000 0.780000 0.780000
152999.984375 75.360001 0.084000
1.073000 0.050000 0.116600
3.353490 13.520635 0.089537 0.000000
0.000000

0.201840 23.673904 33.800972
3.289033 0.772611 55.665359 333.569275 4071.860107
0.000000 0.000000 0.009661 0.491715 0.000000 0.000000
0.000016 0.000001 0.000627
4.864656 0.770433 0.000000
764.299377 0.000000
0.230868 0.000000 0.000000 0.000000
0.000000 0.055013
11 0.015000 0.030000 0.028600
0.612000 0.580000 0.780000 0.530000 1.020000 6.700000 0.780000 0.780000
152999.984375 75.360001 0.084000
1.073000 0.050000 0.116600
3.465852 6.528751 0.043117 0.000000
0.000000

0.189321 20.230919 23.034758
3.237844 0.760185 55.394791 329.678345 4072.466797
0.000000 0.000000 0.004846 0.246581 0.000000 0.000000
0.000016 0.000001 0.000549
4.640946 0.770433 0.000000
764.299377 0.000000
0.115237 0.000000 0.000000 0.000000
0.000000 0.049892
11 0.015000 0.045000 0.028600
0.612000 0.580000 0.780000 0.530000 1.020000 6.700000 0.780000 0.780000
152999.984375 75.360001 0.084000
1.073000 0.050000 0.116600
3.470508 7.939901 0.052437 0.000000
0.000000

0.177736 18.753628 22.483616
3.229420 0.756410 55.585350 329.309723 4072.883789
0.000000 0.000000 0.002437 0.123933 0.000000 0.000000
0.000016 0.000001 0.000521
4.424026 0.770433 0.000000
764.299377 0.000000
0.096242 0.000000 0.000000 0.000000
0.000000 0.045203
11 0.015000 0.060000 0.028600
0.612000 0.580000 0.780000 0.530000 1.020000 6.700000 0.780000 0.780000
152999.984375 75.360001 0.084000
1.073000 0.050000 0.116600
3.473679 9.173623 0.060586 0.000000
0.000000

0.165971 17.331282 21.866917
3.221559 0.751915 55.707596 328.924377 4073.210205
0.000000 0.000000 0.001421 0.062429 0.000000 0.000000
0.000016 0.000001 0.000496
4.214622 0.770433 0.000000
764.299377 0.000000
0.087889 0.000000 0.000000 0.000000
0.000000 0.041363
11 0.015000 0.075000 0.028600
0.612000 0.580000 0.780000 0.530000 1.020000 6.700000 0.780000 0.780000
152999.984375 75.360001 0.084000
1.073000 0.050000 0.116600
3.475958 10.861848 0.071740 0.000000
0.000000

0.155034 16.055693 21.159742
3.215721 0.747108 55.810310 328.620331 4073.477295
0.000000 0.000000 0.001352 0.031214 0.000000 0.000000
0.000015 0.000001 0.000465
4.013407 0.770433 0.000000
764.299377 0.000000
0.077997 0.000000 0.000000 0.000000
0.000000 0.038413
11 0.015000 0.090000 0.028600
0.612000 0.580000 0.780000 0.530000 1.020000 6.700000 0.780000 0.780000
152999.984375 75.360001 0.084000
1.073000 0.050000 0.116600
3.477845 8.171385 0.053965 0.000000
0.000000

0.145608 15.021798 128.363998
3.290906 0.760319 57.367630 337.020172 4073.386719
0.000000 0.000000 0.001256 0.015607 0.000000 0.000000
0.000015 0.000001 0.000468
3.820998 0.770433 0.000000
764.299377 0.000000
0.091735 0.000000 0.000000 0.000000
0.000000 0.037851
11 0.015000 0.105000 0.028600
0.612000 0.580000 0.780000 0.530000 1.020000 6.700000 0.780000 0.780000
152999.984375 75.360001 0.084000
1.073000 0.050000 0.116600
3.526387 7.082917 0.046776 0.000000
0.000000

0.134768 13.631533 76.210754
1.380521 0.312697 23.256651 136.303253 2950.215820
0.000000 0.000061 0.001061 0.007804 0.000000 0.000000
0.000005 0.000000 0.000103
3.621201 0.639396 0.000000
764.299377 0.000000
0.000000 0.000000 0.000000 0.000000
0.000000 0.068687
11 0.015000 0.120000 0.018000
0.547000 0.580000 0.780000 0.490000 1.150000 6.700000 0.650000 0.650000
172500.000000 75.360001 0.084000
1.073000 0.050000 0.116600
2.713605 7.339716 0.031891 0.000000
0.000000

0.125485 12.613194 71.591843
1.327169 0.298237 22.439808 131.295975 2950.804199
0.000000 0.000059 0.000987 0.003902 0.000000 0.000000
0.000004 0.000000 0.000092
3.409312 0.639396 0.000000
764.299377 0.000000
0.000000 0.000000 0.000000 0.000000
0.000000 0.062043
11 0.015000 0.135000 0.018000
0.547000 0.580000 0.780000 0.490000 1.150000 6.700000 0.650000 0.650000
172500.000000 75.360001 0.084000
1.073000 0.050000 0.116600
2.715627 6.969222 0.030281 0.000000
0.000000

0.116896 11.684078 67.147247
1.278553 0.284753 21.681105 126.688141 2951.464355
0.000000 0.000051 0.000884 0.001951 0.000000 0.000000
0.000004 0.000000 0.000081
3.207123 0.639396 0.000000
764.299377 0.000000
0.000000 0.000000 0.000000 0.000000
0.000000 0.056169
11 0.015000 0.150000 0.018000
0.547000 0.580000 0.780000 0.490000 1.150000 6.700000 0.650000 0.650000
172500.000000 75.360001 0.084000
1.073000 0.050000 0.116600
2.717429 6.693407 0.029082 0.000000
0.000000

0.108794 26.909754 64.270622
1.223283 0.270565 21.036430 122.752258 2951.853271
0.000000 0.000000 0.000390 0.000975 0.000000 0.000000
0.000004 0.000000 0.000071
3.015059 0.639396 0.000000
764.299377 0.000000
0.000000 0.000000 0.000000 0.000000
0.000000 0.069977
11 0.015000 0.165000 0.018000
0.547000 0.580000 0.780000 0.490000 1.150000 6.700000 0.650000 0.650000
172500.000000 75.360001 0.084000
1.073000 0.050000 0.116600
2.718980 6.849615 0.029760 0.000000
0.000000

0.101388 25.218702 60.564629
1.180275 0.258347 20.351406 118.616760 2952.391357
0.000000 0.000000 0.000321 0.000488 0.000000 0.000000
0.000003 0.000000 0.000063
2.833473 0.639396 0.000000
764.299377 0.000000
0.000000 0.000000 0.000000 0.000000
0.000000 0.060140
11 0.015000 0.180000 0.018000
0.547000 0.580000 0.780000 0.490000 1.150000 6.700000 0.650000 0.650000
172500.000000 75.360001 0.084000
1.073000 0.050000 0.116600
2.720599 7.709634 0.033498 0.000000
0.000000

0.094146 23.551630 56.853348
1.141445 0.246789 19.731136 114.854950 2952.828125
0.000000 0.000000 0.000315 0.000244 0.000000 0.000000
0.000003 0.000000 0.000055
2.662665 0.639396 0.000000
764.299377 0.000000
0.000000 0.000000 0.000000 0.000000
0.000000 0.050838
11 0.015000 0.195000 0.018000
0.547000 0.580000 0.780000 0.490000 1.150000 6.700000 0.650000 0.650000
172500.000000 75.360001 0.084000
1.073000 0.050000 0.116600
2.721821 7.769564 0.033758 0.000000
0.000000

0.085341 21.197638 51.592266
1.111183 0.231161 19.139420 111.641533 2951.822754
0.000000 0.000000 0.000314 0.000122 0.000000 0.000000
0.000003 0.000000 0.000047
2.503379 0.650000 0.000000
764.299377 0.000000
0.000000 0.000000 0.000000 0.000000
0.000000 0.039695
11 0.015000 0.210000 0.018000
0.547000 0.580000 0.780000 0.490000 1.150000 6.700000 0.650000 0.650000
172500.000000 75.360001 0.084000
1.073000 0.050000 0.116600
2.718220 4.868093 0.021502 0.000000
0.000000

0.079075 19.642950 48.185329
0.772849 0.153631 13.028982 75.947838 1540.758423
0.000000 0.000094 0.001315 0.000061 0.000000 0.000000
0.000001 0.000000 0.000015
2.353811 0.650000 0.000000
764.299377 0.000000
0.000000 0.000000 0.000000 0.000000
0.000000 0.049867
11 0.015000 0.225000 0.009000
0.527000 0.580000 0.780000 0.490000 1.200000 6.700000 0.650000 0.650000
180000.015625 75.360001 0.084000
1.073000 0.050000 0.116600
1.418606 4.552638 0.018566 0.000000
0.000000

0.073253 18.295816 44.619907
0.747450 0.142219 12.545491 73.077843 1540.845703
0.000000 0.000067 0.001002 0.000030 0.000000 0.000000
0.000001 0.000000 0.000013
2.212997 0.650000 0.000000
764.299377 0.000000
0.000000 0.000000 0.000000 0.000000
0.000000 0.045418
11 0.015000 0.240000 0.009000
0.527000 0.580000 0.780000 0.490000 1.200000 6.700000 0.650000 0.650000
180000.015625 75.360001 0.084000
1.073000 0.050000 0.116600
1.418992 4.014427 0.016371 0.000000
0.000000

0.067851 17.023127 41.461636
0.723582 0.131572 12.088152 70.371193 1540.963257
0.000000 0.000045 0.000731 0.000015 0.000000 0.000000
0.000001 0.000000 0.000011
2.083809 0.650000 0.000000
764.299377 0.000000
0.000000 0.000000 0.000000 0.000000
0.000000 0.041544
11 0.015000 0.255000 0.009000
0.527000 0.580000 0.780000 0.490000 1.200000 6.700000 0.650000 0.650000
180000.015625 75.360001 0.084000
1.073000 0.050000 0.116600
1.419337 3.739659 0.015250 0.000000
0.000000

0.062840 15.846410 38.543079
0.701470 0.121694 11.661647 67.851631 1541.050415
0.000000 0.000032 0.000569 0.000008 0.000000 0.000000
0.000001 0.000000 0.000010
1.966234 0.650000 0.000000
764.299377 0.000000
0.000000 0.000000 0.000000 0.000000
0.000000 0.038266
11 0.015000 0.270000 0.009000
0.527000 0.580000 0.780000 0.490000 1.200000 6.700000 0.650000 0.650000
180000.015625 75.360001 0.084000
1.073000 0.050000 0.116600
1.419650 3.536697 0.014423 0.000000
0.000000

0.058193 14.730762 35.898174
0.680885 0.112506 11.262259 65.497559 1541.146240
0.000000 0.000019 0.000380 0.000004 0.000000 0.000000
0.000001 0.000000 0.000010
1.860204 0.650000 0.000000
764.299377 0.000000
0.000000 0.000000 0.000000 0.000000
0.000000 0.035553
11 0.015000 0.285000 0.009000
0.527000 0.580000 0.780000 0.490000 1.200000 6.700000 0.650000 0.650000
180000.015625 75.360001 0.084000
1.073000 0.050000 0.116600
1.419898 3.213542 0.013105 0.000000
0.000000

0.053885 13.694444 33.445091
0.661867 0.103979 10.890375 63.312485 1541.236084
0.000000 0.000008 0.000218 0.000002 0.000000 0.000000
0.000001 0.000000 0.000009
1.765594 0.650000 0.000000
764.299377 0.000000
0.000000 0.000000 0.000000 0.000000
0.000000 0.033185
11 0.015000 0.300000 0.009000
0.527000 0.580000 0.780000 0.490000 1.200000 6.700000 0.650000 0.650000
180000.015625 75.360001 0.084000
1.073000 0.050000 0.116600
1.420145 2.899203 0.011823 0.000000
0.000000

0.049894 12.736652 31.218966
0.644261 0.096051 10.544001 61.278881 1541.323608
0.000000 0.000005 0.000170 0.000001 0.000000 0.000000
0.000000 0.000000 0.000009
1.682228 0.650000 0.000000
764.299377 0.000000
0.000000 0.000000 0.000000 0.000000
0.000000 0.031163
11 0.015000 0.315000 0.009000
0.527000 0.580000 0.780000 0.490000 1.200000 6.700000 0.650000 0.650000
180000.015625 75.360001 0.084000
1.073000 0.050000 0.116600
1.420435 2.670942 0.010892 0.000000
0.000000

0.046193 11.842113 29.110346
0.540762 0.076270 8.775053 50.978168 1177.672607
0.000000 0.000006 0.000190 0.000000 0.000000 0.000000
0.000000 0.000000 0.000006
1.608514 0.650000 0.000000
764.299377 0.000000
0.000000 0.000000 0.000000 0.000000
0.000000 0.029513
11 0.015000 0.330000 0.006600
0.497000 0.580000 0.780000 0.490000 1.250000 6.700000 0.650000 0.650000
187499.984375 75.360001 0.084000
1.073000 0.050000 0.116600
1.085230 2.586846 0.009551 0.000000
0.000000

0.043159 11.049817 27.123049
0.525362 0.069884 8.481062 49.229294 1177.705688
0.000000 0.000004 0.000157 0.000000 0.000000 0.000000
0.000000 0.000000 0.000006
1.543641 0.650000 0.000000
764.299377 0.000000
0.000000 0.000000 0.000000 0.000000
0.000000 0.028025
11 0.015000 0.345000 0.006600
0.497000 0.580000 0.780000 0.490000 1.250000 6.700000 0.650000 0.650000
187499.984375 75.360001 0.084000
1.073000 0.050000 0.116600
1.085440 2.338152 0.008632 0.000000
0.000000

0.040215 10.291250 25.304579
0.512063 0.064255 8.207104 47.607235 1177.766113
0.000000 0.000000 0.000079 0.000000 0.000000 0.000000
0.000000 0.000000 0.000006
1.489344 0.650000 0.000000
764.299377 0.000000
0.000000 0.000000 0.000000 0.000000
0.000000 0.028059
11 0.015000 0.360000 0.006600
0.497000 0.580000 0.780000 0.490000 1.250000 6.700000 0.650000 0.650000
187499.984375 75.360001 0.084000
1.073000 0.050000 0.116600
1.085653 2.120531 0.007829 0.000000
0.000000

0.037212 9.558201 23.530283
0.497126 0.060399 7.955362 46.133137 1177.799561
0.000000 0.000000 0.000075 0.000000 0.000000 0.000000
0.000000 0.000000 0.000005
1.445267 0.650000 0.000000
764.299377 0.000000
0.000000 0.000000 0.000000 0.000000
0.000000 0.026193
11 0.015000 0.375000 0.006600
0.497000 0.580000 0.780000 0.490000 1.250000 6.700000 0.650000 0.650000
187499.984375 75.360001 0.084000
1.073000 0.050000 0.116600
1.085778 1.925467 0.007109 0.000000
0.000000

0.034427 8.872499 21.881893
0.484703 0.056479 7.722136 44.767864 1177.862183
0.000000 0.000000 0.000068 0.000000 0.000000 0.000000
0.000000 0.000000 0.000005
1.411017 0.650000 0.000000
764.299377 0.000000
0.000000 0.000000 0.000000 0.000000
0.000000 0.026022
11 0.015000 0.390000 0.006600
0.497000 0.580000 0.780000 0.490000 1.250000 6.700000 0.650000 0.650000
187499.984375 75.360001 0.084000
1.073000 0.050000 0.116600
1.085907 1.769632 0.006534 0.000000
0.000000

0.031857 8.238511 20.356159
0.471713 0.053859 7.505082 43.497414 1177.899414
0.000000 0.000016 0.000216 0.000000 0.000000 0.000000
0.000000 0.000000 0.000006
1.389550 0.650000 0.000000
764.299377 0.000000
0.000000 0.000000 0.000000 0.000000
0.000000 0.025263
11 0.015000 0.405000 0.006600
0.497000 0.580000 0.780000 0.490000 1.250000 6.700000 0.650000 0.650000
187499.984375 75.360001 0.084000
1.073000 0.050000 0.116600
1.086013 1.632503 0.006045 0.000000
0.000000

0.029459 7.645965 19.923031
0.309300 0.034382 4.890413 28.339865 589.133606
0.000000 0.000000 0.000045 0.000000 0.000000 0.000000
0.000000 0.000000 0.000000
1.380951 0.650000 0.000000
764.299377 0.000000
0.000000 0.000000 0.000000 0.000000
0.000000 0.022402
11 0.015000 0.420000 0.003300
0.487000 0.580000 0.780000 0.490000 1.250000 6.700000 0.650000 0.650000
187499.984375 75.360001 0.084000
1.073000 0.050000 0.116600
0.543054 1.390706 0.005071 0.000000
0.000000

0.027191 7.091843 18.190758
0.299698 0.033317 4.725142 27.381004 589.139832
0.000000 0.000000 0.000037 0.000000 0.000000 0.000000
0.000000 0.000000 0.000000
1.378251 0.650000 0.000000
764.299377 0.000000
0.000000 0.000000 0.000000 0.000000
0.000000 0.022917
11 0.015000 0.435000 0.003300
0.487000 0.580000 0.780000 0.490000 1.250000 6.700000 0.650000 0.650000
187499.984375 75.360001 0.084000
1.073000 0.050000 0.116600
0.543099 1.236585 0.004516 0.000000
0.000000

0.025158 6.577953 16.624840
0.289599 0.032195 4.570017 26.478275 589.145874
0.000000 0.000000 0.000039 0.000000 0.000000 0.000000
0.000000 0.000000 0.000000
1.381873 0.650000 0.000000
764.299377 0.000000
0.000000 0.000000 0.000000 0.000000
0.000000 0.022157
11 0.015000 0.450000 0.003300
0.487000 0.580000 0.780000 0.490000 1.250000 6.700000 0.650000 0.650000
187499.984375 75.360001 0.084000
1.073000 0.050000 0.116600
0.543143 1.116152 0.004073 0.000000
0.000000

0.023311 6.107721 15.276618
0.279730 0.031098 4.420262 25.603422 589.152161
0.000000 0.000000 0.000038 0.000000 0.000000 0.000000
0.000000 0.000000 0.000000
1.393721 0.650000 0.000000
764.299377 0.000000
0.000000 0.000000 0.000000 0.000000
0.000000 0.021256
11 0.015000 0.465000 0.003300
0.487000 0.580000 0.780000 0.490000 1.250000 6.700000 0.650000 0.650000
187499.984375 75.360001 0.084000
1.073000 0.050000 0.116600
0.543181 1.006898 0.003671 0.000000
0.000000

0.021665 5.678229 14.092045
0.270388 0.030060 4.277826 24.768438 589.158203
0.000000 0.000000 0.000038 0.000000 0.000000 0.000000
0.000000 0.000000 0.000000
1.413329 0.650000 0.000000
764.299377 0.000000
0.000000 0.000000 0.000000 0.000000
0.000000 0.020492
11 0.015000 0.480000 0.003300
0.487000 0.580000 0.780000 0.490000 1.250000 6.700000 0.650000 0.650000
187499.984375 75.360001 0.084000
1.073000 0.050000 0.116600
0.543229 0.896571 0.003266 0.000000
0.000000

0.020053 5.270014 13.005743
0.263878 0.029336 4.144477 23.991545 589.168945
0.000000 0.000006 0.000149 0.000000 0.000000 0.000000
0.000000 0.000000 0.000003
1.440224 0.650000 0.000000
764.299377 0.000000
0.000000 0.000000 0.000000 0.000000
0.000000 0.023386
11 0.015000 0.495000 0.003300
0.487000 0.580000 0.780000 0.490000 1.250000 6.700000 0.650000 0.650000
187499.984375 75.360001 0.084000
1.073000 0.050000 0.116600
0.543276 0.809626 0.002947 0.000000
0.000000

0.018548 4.889970 12.032459
0.255719 0.028430 4.018920 23.260946 589.178223
0.000000 0.000056 0.000733 0.000000 0.000000 0.000000
0.000000 0.000000 0.000005
1.473935 0.650000 0.000000
764.299377 0.000000
0.000000 0.000000 0.000000 0.000000
0.000000 0.022708
11 0.015000 0.510000 0.003300
0.487000 0.580000 0.780000 0.490000 1.250000 6.700000 0.650000 0.650000
187499.984375 75.360001 0.084000
1.073000 0.050000 0.116600
0.543308 0.728638 0.002651 0.000000
0.000000

0.017154 4.549819 13.835617
0.134265 0.014927 2.102196 12.165602 178.674728
0.000000 0.000000 0.000015 0.000000 0.000000 0.000000
0.000000 0.000000 0.000000
1.513994 0.650000 0.000000
764.299377 0.000000
0.000000 0.000000 0.000000 0.000000
0.000000 0.017945
11 0.015000 0.525000 0.001000
0.487000 0.580000 0.780000 0.490000 1.250000 6.700000 0.650000 0.650000
187499.984375 75.360001 0.084000
1.073000 0.050000 0.116600
0.164649 0.606012 0.002203 0.000000
0.000000

0.015866 4.215249 12.634711
0.128924 0.014334 2.013961 11.653367 178.668472
0.000000 0.000000 0.000015 0.000000 0.000000 0.000000
0.000000 0.000000 0.000000
1.559935 0.650000 0.000000
764.299377 0.000000
0.000000 0.000000 0.000000 0.000000
0.000000 0.018024
11 0.015000 0.540000 0.001000
0.487000 0.580000 0.780000 0.490000 1.250000 6.700000 0.650000 0.650000
187499.984375 75.360001 0.084000
1.073000 0.050000 0.116600
0.164657 0.540582 0.001964 0.000000
0.000000

0.014675 3.909116 11.531330
0.123541 0.013736 1.931294 11.173653 178.662445
0.000000 0.000000 0.000014 0.000000 0.000000 0.000000
0.000000 0.000000 0.000000
1.611305 0.650000 0.000000
764.299377 0.000000
0.000000 0.000000 0.000000 0.000000
0.000000 0.017431
11 0.015000 0.555000 0.001000
0.487000 0.580000 0.780000 0.490000 1.250000 6.700000 0.650000 0.650000
187499.984375 75.360001 0.084000
1.073000 0.050000 0.116600
0.164666 0.483221 0.001755 0.000000
0.000000

0.013574 3.625909 10.463624
0.118865 0.013216 1.856839 10.741707 178.661774
0.000000 0.000000 0.000016 0.000000 0.000000 0.000000
0.000000 0.000000 0.000000
1.667661 0.650000 0.000000
764.299377 0.000000
0.000000 0.000000 0.000000 0.000000
0.000000 0.017141
11 0.015000 0.570000 0.001000
0.487000 0.580000 0.780000 0.490000 1.250000 6.700000 0.650000 0.650000
187499.984375 75.360001 0.084000
1.073000 0.050000 0.116600
0.164673 0.421761 0.001531 0.000000
0.000000

0.012557 3.364256 9.680861
0.113709 0.012643 1.776022 10.273157 178.660934
0.000000 0.000000 0.000016 0.000000 0.000000 0.000000
0.000000 0.000000 0.000000
1.728573 0.650000 0.000000
764.299377 0.000000
0.000000 0.000000 0.000000 0.000000
0.000000 0.016669
11 0.015000 0.585000 0.001000
0.487000 0.580000 0.780000 0.490000 1.250000 6.700000 0.650000 0.650000
187499.984375 75.360001 0.084000
1.073000 0.050000 0.116600
0.164681 0.374378 0.001358 0.000000
0.000000

0.011616 3.120684 9.221978
0.108141 0.012024 1.686360 9.753675 178.659866
0.000000 0.000000 0.000016 0.000000 0.000000 0.000000
0.000000 0.000000 0.000000
1.793626 0.650000 0.000000
764.299377 0.000000
0.000000 0.000000 0.000000 0.000000
0.000000 0.016382
11 0.015000 0.600000 0.001000
0.487000 0.580000 0.780000 0.490000 1.250000 6.700000 0.650000 0.650000
187499.984375 75.360001 0.084000
1.073000 0.050000 0.116600
0.164689 0.329275 0.001194 0.000000
0.000000

0.010746 2.894417 8.429934
0.104145 0.011580 1.623729 9.390666 178.652908
0.000000 0.000000 0.000012 0.000000 0.000000 0.000000
0.000000 0.000000 0.000000
1.862417 0.650000 0.000000
764.299377 0.000000
0.000000 0.000000 0.000000 0.000000
0.000000 0.015914
11 0.015000 0.615000 0.001000
0.487000 0.580000 0.780000 0.490000 1.250000 6.700000 0.650000 0.650000
187499.984375 75.360001 0.084000
1.073000 0.050000 0.116600
0.164697 0.294723 0.001069 0.000000
0.000000

0.009942 2.683810 7.579809
0.100816 0.011210 1.572217 9.092052 178.653580
0.000000 0.000000 0.000016 0.000000 0.000000 0.000000
0.000000 0.000000 0.000000
1.934561 0.650000 0.000000
764.299377 0.000000
0.000000 0.000000 0.000000 0.000000
0.000000 0.015389
11 0.015000 0.630000 0.001000
0.487000 0.580000 0.780000 0.490000 1.250000 6.700000 0.650000 0.650000
187499.984375 75.360001 0.084000
1.073000 0.050000 0.116600
0.164704 0.266298 0.000965 0.000000
0.000000

0.009199 2.488839 6.539904
0.098678 0.010973 1.538432 8.896063 178.652328
0.000000 0.000000 0.000015 0.000000 0.000000 0.000000
0.000000 0.000000 0.000000
2.009691 0.650000 0.000000
764.299377 0.000000
0.000000 0.000000 0.000000 0.000000
0.000000 0.015009
11 0.015000 0.645000 0.001000
0.487000 0.580000 0.780000 0.490000 1.250000 6.700000 0.650000 0.650000
187499.984375 75.360001 0.084000
1.073000 0.050000 0.116600
0.164708 0.300084 0.001088 0.000000
0.000000

0.008514 2.311378 5.618480
0.097974 0.010895 1.504606 8.698594 178.651978
0.000000 0.010914 0.001031 0.000000 0.000000 0.000000
0.000000 0.000001 0.000000
2.087454 0.650000 0.000000
764.299377 0.000000
0.000000 0.000000 0.000000 0.000000
0.000000 0.017015
11 0.015000 0.660000 0.001000
0.487000 0.580000 0.780000 0.490000 1.250000 6.700000 0.650000 0.650000
187499.984375 75.360001 0.084000
1.073000 0.050000 0.116600
0.164727 0.361393 0.001311 0.000000
0.000000

0.007916 2.155370 5.097675
0.094620 0.010522 1.455102 8.407544 178.656845
0.000000 0.027030 0.001352 0.000000 0.000000 0.000000
0.000000 0.000001 0.000000
2.167516 0.650000 0.000000
764.299377 0.000000
0.000000 0.000000 0.000000 0.000000
0.000000 0.029388
11 0.015000 0.675000 0.001000
0.487000 0.580000 0.780000 0.490000 1.250000 6.700000 0.650000 0.650000
187499.984375 75.360001 0.084000
1.073000 0.050000 0.116600
0.164748 0.399444 0.001449 0.000000
0.000000

0.007385 2.010493 4.685836
0.091272 0.010150 1.405496 8.113550 178.658752
0.000000 0.055352 0.003723 0.000000 0.000000 0.000000
0.000000 0.000000 0.000000
2.249558 0.650000 0.000000
764.299377 0.000000
0.000000 0.000000 0.000000 0.000000
0.000000 0.055633
11 0.015000 0.690000 0.001000
0.487000 0.580000 0.780000 0.490000 1.250000 6.700000 0.650000 0.650000
187499.984375 75.360001 0.084000
1.073000 0.050000 0.116600
0.164776 0.350541 0.001272 0.000000
0.000000

0.006843 1.872146 4.361451
0.087839 0.009768 1.356234 7.825500 178.661926
0.000000 0.120920 0.010264 0.000000 0.000000 0.000000
0.000000 0.000000 0.000000
2.333282 0.650000 0.000000
764.299377 0.000000
0.000000 0.000000 0.000000 0.000000
0.000000 0.224526
11 0.015000 0.705000 0.001000
0.487000 0.580000 0.780000 0.490000 1.250000 6.700000 0.650000 0.650000
187499.984375 75.360001 0.084000
1.073000 0.050000 0.116600
0.164806 0.348125 0.001263 0.000000
0.000000

0.006390 1.752928 4.103192
0.084420 0.009388 1.309435 7.545949 178.669785
0.000000 0.078582 0.013817 0.000000 0.000000 0.000000
0.000000 0.000000 0.000000
2.418401 0.650000 0.000000
764.299377 0.000000
0.000000 0.000000 0.000000 0.000000
0.000000 0.194793
11 0.015000 0.720000 0.001000
0.487000 0.580000 0.780000 0.490000 1.250000 6.700000 0.650000 0.650000
187499.984375 75.360001 0.084000
1.073000 0.050000 0.116600
0.164873 0.338032 0.001226 0.000000
0.000000

0.006127 1.674514 3.933801
0.080997 0.009006 1.267006 7.274415 178.707031
0.000000 1.240891 0.019312 0.000000 0.000000 0.000000
0.000000 0.000000 0.000000
2.499380 0.650000 0.000000
764.299377 0.000000
0.000000 0.000000 0.000000 0.000000
0.000000 15.034962
11 0.015000 0.735000 0.001000
0.487000 0.580000 0.780000 0.490000 1.250000 6.700000 0.650000 0.650000
187499.984375 75.360001 0.084000
1.073000 0.050000 0.116600
0.165102 0.306392 0.001112 0.000000
0.000000

0.000000 0.280340 4.742644
0.057413 0.006382 0.955010 5.250623 179.092911
0.000000 1.378980 0.016973 0.000000 0.000000 0.000000
0.000000 0.000000 0.000000
2.573609 0.985518 0.000000
764.299377 0.000000
0.000000 0.000000 0.000000 0.000000
0.000000 0.652676
11 0.015000 0.750000 0.001000
0.487000 0.580000 0.780000 0.490000 1.250000 6.700000 0.650000 0.650000
187499.984375 75.360001 0.084000
1.073000 0.050000 0.116600
0.166770 0.099027 0.000544 0.000000
0.000000

0.000000 0.270754 4.534635
0.056362 0.006265 0.939118 5.155602 179.150070
0.000000 0.904333 0.015772 0.000000 0.000000 0.000000
0.000000 0.000000 0.000000
2.645811 1.000000 0.000000
764.299377 0.000000
0.000000 0.000000 0.000000 0.000000
0.000000 0.646025
11 0.015000 0.765000 0.001000
0.487000 0.580000 0.780000 0.490000 1.250000 6.700000 0.650000 0.650000
187499.984375 75.360001 0.084000
1.073000 0.050000 0.116600
0.166926 0.096491 0.000537 0.000000
0.000000

0.000000 0.252269 4.259355
0.055544 0.006174 0.926039 5.083299 179.157303
0.000000 0.447328 0.015170 0.000000 0.000000 0.000000
0.000000 0.000000 0.000000
2.718602 1.000000 0.000000
764.299377 0.000000
0.000000 0.000000 0.000000 0.000000
0.000000 0.633439
11 0.015000 0.780000 0.001000
0.487000 0.580000 0.780000 0.490000 1.250000 6.700000 0.650000 0.650000
187499.984375 75.360001 0.084000
1.073000 0.050000 0.116600
0.166949 0.094734 0.000528 0.000000
0.000000

0.000000 0.235390 4.058754
0.054896 0.006102 0.915635 5.025679 179.247665
0.000000 0.194200 0.014393 0.000000 0.000000 0.000000
0.000000 0.000001 0.000000
2.791799 1.000000 0.000000
764.299377 0.000000
0.000000 0.000000 0.000000 0.000000
0.000000 0.658469
11 0.015000 0.795000 0.001000
0.487000 0.580000 0.780000 0.490000 1.250000 6.700000 0.650000 0.650000
187499.984375 75.360001 0.084000
1.073000 0.050000 0.116600
0.167213 0.094038 0.000524 0.000000
0.000000

0.000000 0.218876 3.815680
0.054203 0.006025 0.904614 4.964718 179.254089
0.000000 0.082886 0.013802 0.000000 0.000000 0.000000
0.000000 0.000003 0.000000
2.865237 1.000000 0.000000
764.299377 0.000000
0.000000 0.000000 0.000000 0.000000
0.000000 0.819277
11 0.015000 0.810000 0.001000
0.487000 0.580000 0.780000 0.490000 1.250000 6.700000 0.650000 0.650000
187499.984375 75.360001 0.084000
1.073000 0.050000 0.116600
0.167228 0.094313 0.000525 0.000000
0.000000

0.000000 0.203546 3.590927
0.053561 0.005954 0.894429 4.908343 179.261658
0.000000 0.047527 0.014851 0.000000 0.000000 0.000000
0.000000 0.000004 0.000000
2.938765 1.000000 0.000000
764.299377 0.000000
0.000000 0.000000 0.000000 0.000000
0.000000 1.079991
11 0.015000 0.825000 0.001000
0.487000 0.580000 0.780000 0.490000 1.250000 6.700000 0.650000 0.650000
187499.984375 75.360001 0.084000
1.073000 0.050000 0.116600
0.167240 0.092903 0.000517 0.000000
0.000000

0.000000 0.189280 3.382784
0.052968 0.005888 0.885031 4.856308 179.268021
0.000000 0.102382 0.016207 0.000000 0.000000 0.000000
0.000000 0.000002 0.000000
3.012248 1.000000 0.000000
764.299377 0.000000
0.000000 0.000000 0.000000 0.000000
0.000000 1.681306
11 0.015000 0.840000 0.001000
0.487000 0.580000 0.780000 0.490000 1.250000 6.700000 0.650000 0.650000
187499.984375 75.360001 0.084000
1.073000 0.050000 0.116600
0.167258 0.093034 0.000518 0.000000
0.000000

0.000000 0.176770 3.192029
0.052407 0.005826 0.876136 4.807052 179.272675
0.000000 0.450287 0.022832 0.000000 0.000000 0.000000
0.000000 0.000000 0.000000
3.085563 1.000000 0.000000
764.299377 0.000000
0.000000 0.000000 0.000000 0.000000
0.000000 2.555181
11 0.015000 0.855000 0.001000
0.487000 0.580000 0.780000 0.490000 1.250000 6.700000 0.650000 0.650000
187499.984375 75.360001 0.084000
1.073000 0.050000 0.116600
0.167275 0.098925 0.000551 0.000000
0.000000

0.000000 0.000000 0.730185
0.045545 0.005063 0.769722 4.222795 179.482620
0.000000 1.182921 0.017935 0.000000 0.000000 0.000000
0.000000 0.000000 0.000000
3.158602 1.000000 0.000000
764.299377 0.000000
0.000000 0.000000 0.000000 0.000000
0.000000 1.008766
11 0.015000 0.870000 0.001000
0.487000 0.580000 0.780000 0.490000 1.250000 6.700000 0.650000 0.650000
187499.984375 75.360001 0.084000
1.073000 0.050000 0.116600
0.167844 0.087072 0.000485 0.000000
0.000000

0.000000 0.000000 0.732797
0.045554 0.005064 0.769883 4.223304 179.486252
0.000000 1.981776 0.017758 0.000000 0.000000 0.000000
0.000000 0.000000 0.000000
3.231267 1.000000 0.000000
764.299377 0.000000
0.000000 0.000000 0.000000 0.000000
0.000000 1.008970
11 0.015000 0.885000 0.001000
0.487000 0.580000 0.780000 0.490000 1.250000 6.700000 0.650000 0.650000
187499.984375 75.360001 0.084000
1.073000 0.050000 0.116600
0.167858 0.087228 0.000486 0.000000
0.000000

0.000000 0.000000 0.734198
0.045560 0.005065 0.769999 4.223575 179.490265
0.000000 2.387023 0.017384 0.000000 0.000000 0.000000
0.000000 0.000000 0.000000
3.303472 1.000000 0.000000
764.299377 0.000000
0.000000 0.000000 0.000000 0.000000
0.000000 1.010747
11 0.015000 0.900000 0.001000
0.487000 0.580000 0.780000 0.490000 1.250000 6.700000 0.650000 0.650000
187499.984375 75.360001 0.084000
1.073000 0.050000 0.116600
0.167865 0.087094 0.000485 0.000000
0.000000

0.000000 0.000000 0.735310
0.045565 0.005065 0.770102 4.223781 179.495377
0.000000 2.235627 0.016934 0.000000 0.000000 0.000000
0.000000 0.000000 0.000000
3.375140 1.000000 0.000000
764.299377 0.000000
0.000000 0.000000 0.000000 0.000000
0.000000 1.012613
11 0.015000 0.915000 0.001000
0.487000 0.580000 0.780000 0.490000 1.250000 6.700000 0.650000 0.650000
187499.984375 75.360001 0.084000
1.073000 0.050000 0.116600
0.167870 0.087147 0.000485 0.000000
0.000000

0.000000 0.000000 0.736357
0.045570 0.005066 0.770199 4.223955 179.498642
0.000000 1.719294 0.016620 0.000000 0.000000 0.000000
0.000000 0.000000 0.000000
3.446205 1.000000 0.000000
764.299377 0.000000
0.000000 0.000000 0.000000 0.000000
0.000000 1.013799
11 0.015000 0.930000 0.001000
0.487000 0.580000 0.780000 0.490000 1.250000 6.700000 0.650000 0.650000
187499.984375 75.360001 0.084000
1.073000 0.050000 0.116600
0.167875 0.087027 0.000485 0.000000
0.000000

0.000000 0.000000 0.737430
0.045575 0.005066 0.770295 4.224124 179.501755
0.000000 1.135352 0.016362 0.000000 0.000000 0.000000
0.000000 0.000000 0.000000
3.516608 1.000000 0.000000
764.299377 0.000000
0.000000 0.000000 0.000000 0.000000
0.000000 1.014302
11 0.015000 0.945000 0.001000
0.487000 0.580000 0.780000 0.490000 1.250000 6.700000 0.650000 0.650000
187499.984375 75.360001 0.084000
1.073000 0.050000 0.116600
0.167882 0.087220 0.000486 0.000000
0.000000

0.000000 0.000000 0.738569
0.045581 0.005067 0.770398 4.224339 179.504944
0.000000 0.673960 0.016177 0.000000 0.000000 0.000000
0.000000 0.000000 0.000000
3.586297 1.000000 0.000000
764.299377 0.000000
0.000000 0.000000 0.000000 0.000000
0.000000 1.014277
11 0.015000 0.960000 0.001000
0.487000 0.580000 0.780000 0.490000 1.250000 6.700000 0.650000 0.650000
187499.984375 75.360001 0.084000
1.073000 0.050000 0.116600
0.167888 0.087181 0.000486 0.000000
0.000000

0.000000 0.000000 0.741080
0.045589 0.005068 0.770553 4.224847 179.508286
0.000000 0.380079 0.015995 0.000000 0.000000 0.000000
0.000000 0.000001 0.000000
3.655229 1.000000 0.000000
764.299377 0.000000
0.000000 0.000000 0.000000 0.000000
0.000000 1.014028
11 0.015000 0.975000 0.001000
0.487000 0.580000 0.780000 0.490000 1.250000 6.700000 0.650000 0.650000
187499.984375 75.360001 0.084000
1.073000 0.050000 0.116600
0.167899 0.087149 0.000485 0.000000
0.000000

0.000000 0.000000 0.742816
0.045596 0.005069 0.770677 4.225184 179.512589
0.000000 0.216922 0.015843 0.000000 0.000000 0.000000
0.000000 0.000001 0.000000
3.723367 1.000000 0.000000
764.299377 0.000000
0.000000 0.000000 0.000000 0.000000
0.000000 1.013564
11 0.015000 0.990000 0.001000
0.487000 0.580000 0.780000 0.490000 1.250000 6.700000 0.650000 0.650000
187499.984375 75.360001 0.084000
1.073000 0.050000 0.116600
0.167908 0.087125 0.000485 0.000000
0.000000

0.000000 0.000000 0.743803
0.045601 0.005069 0.770767 4.225355 179.517517
0.000000 0.131519 0.015650 0.000000 0.000000 0.000000
0.000000 0.000002 0.000000
3.790678 1.000000 0.000000
764.299377 0.000000
0.000000 0.000000 0.000000 0.000000
0.000000 1.012992
11 0.015000 1.005000 0.001000
0.487000 0.580000 0.780000 0.490000 1.250000 6.700000 0.650000 0.650000
187499.984375 75.360001 0.084000
1.073000 0.050000 0.116600
0.167912 0.087300 0.000486 0.000000
0.000000

0.000000 0.000000 0.745819
0.045608 0.005070 0.770896 4.225731 179.520538
0.000000 0.085283 0.015483 0.000000 0.000000 0.000000
0.000000 0.000003 0.000000
3.857135 1.000000 0.000000
764.299377 0.000000
0.000000 0.000000 0.000000 0.000000
0.000000 1.012394
11 0.015000 1.020000 0.001000
0.487000 0.580000 0.780000 0.490000 1.250000 6.700000 0.650000 0.650000
187499.984375 75.360001 0.084000
1.073000 0.050000 0.116600
0.167924 0.087162 0.000485 0.000000
0.000000

0.000000 0.000000 0.746801
0.045613 0.005071 0.770986 4.225909 179.523499
0.000000 0.057552 0.015303 0.000000 0.000000 0.000000
0.000000 0.000004 0.000000
3.922717 1.000000 0.000000
764.299377 0.000000
0.000000 0.000000 0.000000 0.000000
0.000000 1.011747
11 0.015000 1.035000 0.001000
0.487000 0.580000 0.780000 0.490000 1.250000 6.700000 0.650000 0.650000
187499.984375 75.360001 0.084000
1.073000 0.050000 0.116600
0.167927 0.087407 0.000487 0.000000
0.000000

0.000000 0.000000 0.747950
0.045618 0.005071 0.771083 4.226119 179.526337
0.000000 0.039292 0.015079 0.000000 0.000000 0.000000
0.000000 0.000006 0.000000
3.987406 1.000000 0.000000
764.299377 0.000000
0.000000 0.000000 0.000000 0.000000
0.000000 1.011073
11 0.015000 1.050000 0.001000
0.487000 0.580000 0.780000 0.490000 1.250000 6.700000 0.650000 0.650000
187499.984375 75.360001 0.084000
1.073000 0.050000 0.116600
0.167935 0.087228 0.000486 0.000000
0.000000

0.000000 0.000000 0.748894
0.045622 0.005072 0.771165 4.226256 179.529572
0.000000 0.026933 0.014878 0.000000 0.000000 0.000000
0.000000 0.000008 0.000000
4.051189 1.000000 0.000000
764.299377 0.000000
0.000000 0.000000 0.000000 0.000000
0.000000 1.010418
11 0.015000 1.065000 0.001000
0.487000 0.580000 0.780000 0.490000 1.250000 6.700000 0.650000 0.650000
187499.984375 75.360001 0.084000
1.073000 0.050000 0.116600
0.167938 0.087431 0.000487 0.000000
0.000000

0.000000 0.000000 0.749949
0.045627 0.005072 0.771255 4.226432 179.532776
0.000000 0.018753 0.014597 0.000000 0.000000 0.000000
0.000000 0.000010 0.000001
4.114053 1.000000 0.000000
764.299377 0.000000
0.000000 0.000000 0.000000 0.000000
0.000000 1.009736
11 0.015000 1.080000 0.001000
0.487000 0.580000 0.780000 0.490000 1.250000 6.700000 0.650000 0.650000
187499.984375 75.360001 0.084000
1.073000 0.050000 0.116600
0.167944 0.087194 0.000486 0.000000
0.000000

0.000000 0.000000 0.752620
0.045635 0.005073 0.771406 4.226960 179.536072
0.000000 0.013554 0.014421 0.000000 0.000000 0.000000
0.000000 0.000013 0.000001
4.175992 1.000000 0.000000
764.299377 0.000000
0.000000 0.000000 0.000000 0.000000
0.000000 1.009193
11 0.015000 1.095000 0.001000
0.487000 0.580000 0.780000 0.490000 1.250000 6.700000 0.650000 0.650000
187499.984375 75.360001 0.084000
1.073000 0.050000 0.116600
0.167956 0.087558 0.000488 0.000000
0.000000

0.000000 0.000000 0.755853
0.045645 0.005074 0.771578 4.227591 179.541565
0.000000 0.010349 0.014254 0.000000 0.000000 0.000000
0.000000 0.000015 0.000001
4.237001 1.000000 0.000000
764.299377 0.000000
0.000000 0.000000 0.000000 0.000000
0.000000 1.008611
11 0.015000 1.110000 0.001000
0.487000 0.580000 0.780000 0.490000 1.250000 6.700000 0.650000 0.650000
187499.984375 75.360001 0.084000
1.073000 0.050000 0.116600
0.167972 0.087100 0.000485 0.000000
0.000000

0.000000 0.000000 0.756802
0.045649 0.005075 0.771657 4.227736 179.544235
0.000000 0.008367 0.014045 0.000000 0.000000 0.000000
0.000000 0.000016 0.000002
4.297077 1.000000 0.000000
764.299377 0.000000
0.000000 0.000000 0.000000 0.000000
0.000000 1.007981
11 0.015000 1.125000 0.001000
0.487000 0.580000 0.780000 0.490000 1.250000 6.700000 0.650000 0.650000
187499.984375 75.360001 0.084000
1.073000 0.050000 0.116600
0.167977 0.087402 0.000487 0.000000
0.000000

0.000000 0.000000 0.757732
0.045653 0.005075 0.771737 4.227884 179.546906
0.000000 0.007099 0.013951 0.000000 0.000000 0.000000
0.000000 0.000015 0.000002
4.356219 1.000000 0.000000
764.299377 0.000000
0.000000 0.000000 0.000000 0.000000
0.000000 1.007336
11 0.015000 1.140000 0.001000
0.487000 0.580000 0.780000 0.490000 1.250000 6.700000 0.650000 0.650000
187499.984375 75.360001 0.084000
1.073000 0.050000 0.116600
0.167983 0.087338 0.000486 0.000000
0.000000

0.000000 0.000000 0.758650
0.045658 0.005076 0.771821 4.228056 179.549301
0.000000 0.006224 0.013770 0.000000 0.000000 0.000000
0.000000 0.000015 0.000003
4.414429 1.000000 0.000000
764.299377 0.000000
0.000000 0.000000 0.000000 0.000000
0.000000 1.006724
11 0.015000 1.155000 0.001000
0.487000 0.580000 0.780000 0.490000 1.250000 6.700000 0.650000 0.650000
187499.984375 75.360001 0.084000
1.073000 0.050000 0.116600
0.167989 0.087434 0.000487 0.000000
0.000000

0.000000 0.000000 0.759859
0.045663 0.005076 0.771912 4.228267 179.552261
0.000000 0.005583 0.013652 0.000000 0.000000 0.000000
0.000000 0.000015 0.000003
4.471710 1.000000 0.000000
764.299377 0.000000
0.000000 0.000000 0.000000 0.000000
0.000000 1.006127
11 0.015000 1.170000 0.001000
0.487000 0.580000 0.780000 0.490000 1.250000 6.700000 0.650000 0.650000
187499.984375 75.360001 0.084000
1.073000 0.050000 0.116600
0.167992 0.087414 0.000487 0.000000
0.000000

0.000000 0.000000 0.761412
0.045668 0.005077 0.772013 4.228540 179.555664
0.000000 0.005097 0.013560 0.000000 0.000000 0.000000
0.000000 0.000014 0.000003
4.528065 1.000000 0.000000
764.299377 0.000000
0.000000 0.000000 0.000000 0.000000
0.000000 1.005540
11 0.015000 1.185000 0.001000
0.487000 0.580000 0.780000 0.490000 1.250000 6.700000 0.650000 0.650000
187499.984375 75.360001 0.084000
1.073000 0.050000 0.116600
0.167999 0.087159 0.000485 0.000000
0.000000

0.000000 0.000000 0.762299
0.045672 0.005078 0.772086 4.228663 179.558441
0.000000 0.004723 0.013467 0.000000 0.000000 0.000000
0.000000 0.000014 0.000003
4.583500 1.000000 0.000000
764.299377 0.000000
0.000000 0.000000 0.000000 0.000000
0.000000 1.004964
11 0.015000 1.200000 0.001000
0.487000 0.580000 0.780000 0.490000 1.250000 6.700000 0.650000 0.650000
187499.984375 75.360001 0.084000
1.073000 0.050000 0.116600
0.168005 0.087342 0.000486 0.000000
0.000000

0.000000 0.000000 0.763178
0.045676 0.005078 0.772164 4.228801 179.560501
0.000000 0.004432 0.013362 0.000000 0.000000 0.000000
0.000000 0.000014 0.000004
4.638021 1.000000 0.000000
764.299377 0.000000
0.000000 0.000000 0.000000 0.000000
0.000000 1.004368
11 0.015000 1.215000 0.001000
0.487000 0.580000 0.780000 0.490000 1.250000 6.700000 0.650000 0.650000
187499.984375 75.360001 0.084000
1.073000 0.050000 0.116600
0.168010 0.087294 0.000486 0.000000
0.000000

0.000000 0.000000 0.764044
0.045680 0.005078 0.772242 4.228964 179.564255
0.000000 0.004221 0.013399 0.000000 0.000000 0.000000
0.000000 0.000014 0.000004
4.691637 1.000000 0.000000
764.299377 0.000000
0.000000 0.000000 0.000000 0.000000
0.000000 1.003804
11 0.015000 1.230000 0.001000
0.487000 0.580000 0.780000 0.490000 1.250000 6.700000 0.650000 0.650000
187499.984375 75.360001 0.084000
1.073000 0.050000 0.116600
0.168014 0.087366 0.000487 0.000000
0.000000

0.000000 0.000000 0.764900
0.045684 0.005079 0.772320 4.229115 179.566864
0.000000 0.004063 0.013316 0.000000 0.000000 0.000000
0.000000 0.000014 0.000004
4.744354 1.000000 0.000000
764.299377 0.000000
0.000000 0.000000 0.000000 0.000000
0.000000 1.003238
11 0.015000 1.245000 0.001000
0.487000 0.580000 0.780000 0.490000 1.250000 6.700000 0.650000 0.650000
187499.984375 75.360001 0.084000
1.073000 0.050000 0.116600
0.168015 0.087445 0.000487 0.000000
0.000000

0.000000 0.000000 0.765747
0.045687 0.005079 0.772392 4.229250 179.569733
0.000000 0.003947 0.013265 0.000000 0.000000 0.000000
0.000000 0.000014 0.000004
4.796181 1.000000 0.000000
764.299377 0.000000
0.000000 0.000000 0.000000 0.000000
0.000000 1.002716
11 0.015000 1.260000 0.001000
0.487000 0.580000 0.780000 0.490000 1.250000 6.700000 0.650000 0.650000
187499.984375 75.360001 0.084000
1.073000 0.050000 0.116600
0.168023 0.087757 0.000489 0.000000
0.000000

0.000000 0.000000 0.766651
0.045691 0.005080 0.772466 4.229386 179.572449
0.000000 0.003859 0.013198 0.000000 0.000000 0.000000
0.000000 0.000014 0.000004
4.847127 1.000000 0.000000
764.299377 0.000000
0.000000 0.000000 0.000000 0.000000
0.000000 1.002181
11 0.015000 1.275000 0.001000
0.487000 0.580000 0.780000 0.490000 1.250000 6.700000 0.650000 0.650000
187499.984375 75.360001 0.084000
1.073000 0.050000 0.116600
0.168026 0.087709 0.000488 0.000000
0.000000

0.000000 0.000000 0.768031
0.045696 0.005080 0.772559 4.229638 179.575226
0.000000 0.003792 0.013150 0.000000 0.000000 0.000000
0.000000 0.000014 0.000004
4.897203 1.000000 0.000000
764.299377 0.000000
0.000000 0.000000 0.000000 0.000000
0.000000 1.001684
11 0.015000 1.290000 0.001000
0.487000 0.580000 0.780000 0.490000 1.250000 6.700000 0.650000 0.650000
187499.984375 75.360001 0.084000
1.073000 0.050000 0.116600
0.168034 0.087715 0.000489 0.000000
0.000000

0.000000 0.000000 0.769489
0.045701 0.005081 0.772655 4.229900 179.578201
0.000000 0.003738 0.013093 0.000000 0.000000 0.000000
0.000000 0.000014 0.000005
4.946417 1.000000 0.000000
764.299377 0.000000
0.000000 0.000000 0.000000 0.000000
0.000000 1.001182
11 0.015000 1.305000 0.001000
0.487000 0.580000 0.780000 0.490000 1.250000 6.700000 0.650000 0.650000
187499.984375 75.360001 0.084000
1.073000 0.050000 0.116600
0.168039 0.087604 0.000488 0.000000
0.000000

0.000000 0.000000 0.770481
0.045705 0.005081 0.772731 4.230056 179.580231
0.000000 0.003695 0.013056 0.000000 0.000000 0.000000
0.000000 0.000014 0.000005
4.994780 1.000000 0.000000
764.299377 0.000000
0.000000 0.000000 0.000000 0.000000
0.000000 1.000724
11 0.015000 1.320000 0.001000
0.487000 0.580000 0.780000 0.490000 1.250000 6.700000 0.650000 0.650000
187499.984375 75.360001 0.084000
1.073000 0.050000 0.116600
0.168044 0.087714 0.000489 0.000000
0.000000

0.000000 0.000000 0.771322
0.045708 0.005082 0.772800 4.230188 179.582840
0.000000 0.003661 0.013003 0.000000 0.000000 0.000000
0.000000 0.000014 0.000005
5.042301 1.000000 0.000000
764.299377 0.000000
0.000000 0.000000 0.000000 0.000000
0.000000 1.000227
11 0.015000 1.335000 0.001000
0.487000 0.580000 0.780000 0.490000 1.250000 6.700000 0.650000 0.650000
187499.984375 75.360001 0.084000
1.073000 0.050000 0.116600
0.168051 0.087628 0.000488 0.000000
0.000000

0.000000 0.000000 0.772118
0.045712 0.005082 0.772867 4.230303 179.586792
0.000000 0.003634 0.012978 0.000000 0.000000 0.000000
0.000000 0.000014 0.000005
5.088990 1.000000 0.000000
764.299377 0.000000
0.000000 0.000000 0.000000 0.000000
0.000000 0.999764
11 0.015000 1.350000 0.001000
0.487000 0.580000 0.780000 0.490000 1.250000 6.700000 0.650000 0.650000
187499.984375 75.360001 0.084000
1.073000 0.050000 0.116600
0.168051 0.087720 0.000489 0.000000
0.000000

0.000000 0.000000 0.772922
0.045715 0.005083 0.772936 4.230430 179.589905
0.000000 0.003609 0.012933 0.000000 0.000000 0.000000
0.000000 0.000014 0.000005
5.134859 1.000000 0.000000
764.299377 0.000000
0.000000 0.000000 0.000000 0.000000
0.000000 0.999323
11 0.015000 1.365000 0.001000
0.487000 0.580000 0.780000 0.490000 1.250000 6.700000 0.650000 0.650000
187499.984375 75.360001 0.084000
1.073000 0.050000 0.116600
0.168058 0.087825 0.000489 0.000000
0.000000

0.000000 0.000000 0.773909
0.045719 0.005083 0.773009 4.230589 179.592636
0.000000 0.003589 0.012921 0.000000 0.000000 0.000000
0.000000 0.000014 0.000005
5.179914 1.000000 0.000000
764.299377 0.000000
0.000000 0.000000 0.000000 0.000000
0.000000 0.998963
11 0.015000 1.380000 0.001000
0.487000 0.580000 0.780000 0.490000 1.250000 6.700000 0.650000 0.650000
187499.984375 75.360001 0.084000
1.073000 0.050000 0.116600
0.168061 0.088016 0.000490 0.000000
0.000000

0.000000 0.000000 0.776536
0.045726 0.005084 0.773137 4.231039 179.596863
0.000000 0.003565 0.012841 0.000000 0.000000 0.000000
0.000000 0.000014 0.000005
5.224169 1.000000 0.000000
764.299377 0.000000
0.000000 0.000000 0.000000 0.000000
0.000000 0.998542
11 0.015000 1.395000 0.001000
0.487000 0.580000 0.780000 0.490000 1.250000 6.700000 0.650000 0.650000
187499.984375 75.360001 0.084000
1.073000 0.050000 0.116600
0.168074 0.087772 0.000489 0.000000
0.000000

0.000000 0.000000 0.777415
0.045729 0.005084 0.773206 4.231176 179.599548
0.000000 0.003540 0.012788 0.000000 0.000000 0.000000
0.000000 0.000014 0.000005
5.267631 1.000000 0.000000
764.299377 0.000000
0.000000 0.000000 0.000000 0.000000
0.000000 0.998184
11 0.015000 1.410000 0.001000
0.487000 0.580000 0.780000 0.490000 1.250000 6.700000 0.650000 0.650000
187499.984375 75.360001 0.084000
1.073000 0.050000 0.116600
0.168079 0.088009 0.000490 0.000000
0.000000

0.000000 0.000000 0.778638
0.045733 0.005085 0.773284 4.231368 179.602631
0.000000 0.003520 0.012783 0.000000 0.000000 0.000000
0.000000 0.000014 0.000005
5.310310 1.000000 0.000000
764.299377 0.000000
0.000000 0.000000 0.000000 0.000000
0.000000 0.997726
11 0.015000 1.425000 0.001000
0.487000 0.580000 0.780000 0.490000 1.250000 6.700000 0.650000 0.650000
187499.984375 75.360001 0.084000
1.073000 0.050000 0.116600
0.168083 0.087746 0.000489 0.000000
0.000000

0.000000 0.000000 0.779624
0.045737 0.005085 0.773354 4.231508 179.605560
0.000000 0.003503 0.012738 0.000000 0.000000 0.000000
0.000000 0.000014 0.000005
5.352215 1.000000 0.000000
764.299377 0.000000
0.000000 0.000000 0.000000 0.000000
0.000000 0.997507
11 0.015000 1.440000 0.001000
0.487000 0.580000 0.780000 0.490000 1.250000 6.700000 0.650000 0.650000
187499.984375 75.360001 0.084000
1.073000 0.050000 0.116600
0.168088 0.087791 0.000489 0.000000
0.000000

0.000000 0.000000 0.780368
0.045740 0.005085 0.773415 4.231618 179.608032
0.000000 0.003485 0.012697 0.000000 0.000000 0.000000
0.000000 0.000014 0.000005
5.393355 1.000000 0.000000
764.299377 0.000000
0.000000 0.000000 0.000000 0.000000
0.000000 0.997092
11 0.015000 1.455000 0.001000
0.487000 0.580000 0.780000 0.490000 1.250000 6.700000 0.650000 0.650000
187499.984375 75.360001 0.084000
1.073000 0.050000 0.116600
0.168094 0.087743 0.000489 0.000000
0.000000

0.000000 0.000000 0.781109
0.045743 0.005086 0.773481 4.231737 179.610092
0.000000 0.003467 0.012660 0.000000 0.000000 0.000000
0.000000 0.000014 0.000006
5.433740 1.000000 0.000000
764.299377 0.000000
0.000000 0.000000 0.000000 0.000000
0.000000 0.996786
11 0.015000 1.470000 0.001000
0.487000 0.580000 0.780000 0.490000 1.250000 6.700000 0.650000 0.650000
187499.984375 75.360001 0.084000
1.073000 0.050000 0.116600
0.168096 0.087817 0.000489 0.000000
0.000000

0.000000 0.000000 0.781839
0.045745 0.005086 0.773542 4.231849 179.612427
0.000000 0.003449 0.012604 0.000000 0.000000 0.000000
0.000000 0.000014 0.000006
5.473378 1.000000 0.000000
764.299377 0.000000
0.000000 0.000000 0.000000 0.000000
0.000000 0.996493
11 0.015000 1.485000 0.001000
0.487000 0.580000 0.780000 0.490000 1.250000 6.700000 0.650000 0.650000
187499.984375 75.360001 0.084000
1.073000 0.050000 0.116600
0.168099 0.087903 0.000490 0.000000
0.000000

0.000000 0.000000 0.782561
0.045748 0.005086 0.773602 4.231953 179.615692
0.000000 0.003429 0.012550 0.000000 0.000000 0.000000
0.000000 0.000014 0.000006
5.512276 1.000000 0.000000
764.299377 0.000000
0.000000 0.000000 0.000000 0.000000
0.000000 0.996414
11 0.015000 1.500000 0.001000
0.487000 0.580000 0.780000 0.490000 1.250000 6.700000 0.650000 0.650000
187499.984375 75.360001 0.084000
1.073000 0.050000 0.116600
0.168101 0.088235 0.000491 0.000000
0.000000

0.000000 0.000000 0.783444
0.045751 0.005087 0.773668 4.232082 179.617737
0.000000 0.003411 0.012527 0.000000 0.000000 0.000000
0.000000 0.000014 0.000006
5.550443 1.000000 0.000000
764.299377 0.000000
0.000000 0.000000 0.000000 0.000000
0.000000 0.996006
11 0.015000 1.515000 0.001000
0.487000 0.580000 0.780000 0.490000 1.250000 6.700000 0.650000 0.650000
187499.984375 75.360001 0.084000
1.073000 0.050000 0.116600
0.168106 0.087972 0.000490 0.000000
0.000000

0.000000 0.000000 0.784248
0.045754 0.005087 0.773729 4.232196 179.619598
0.000000 0.003392 0.012479 0.000000 0.000000 0.000000
0.000000 0.000014 0.000006
5.587885 1.000000 0.000000
764.299377 0.000000
0.000000 0.000000 0.000000 0.000000
0.000000 0.995837
11 0.015000 1.530000 0.001000
0.487000 0.580000 0.780000 0.490000 1.250000 6.700000 0.650000 0.650000
187499.984375 75.360001 0.084000
1.073000 0.050000 0.116600
0.168112 0.088072 0.000491 0.000000
0.000000

0.000000 0.000000 0.789748
0.045767 0.005089 0.773946 4.233155 179.627747
0.000000 0.003373 0.012431 0.000000 0.000000 0.000000
0.000000 0.000014 0.000006
5.624612 1.000000 0.000000
764.299377 0.000000
0.000000 0.000000 0.000000 0.000000
0.000000 0.995841
11 0.015000 1.545000 0.001000
0.487000 0.580000 0.780000 0.490000 1.250000 6.700000 0.650000 0.650000
187499.984375 75.360001 0.084000
1.073000 0.050000 0.116600
0.168138 0.088152 0.000491 0.000000
0.000000

0.000000 0.000000 0.807239
0.045806 0.005093 0.774540 4.236180 179.659607
0.000000 0.003351 0.012377 0.000000 0.000000 0.000000
0.000000 0.000014 0.000006
5.660628 1.000000 0.000000
764.299377 0.000000
0.000000 0.000000 0.000000 0.000000
0.000000 0.996258
11 0.015000 1.560000 0.001000
0.487000 0.580000 0.780000 0.490000 1.250000 6.700000 0.650000 0.650000
187499.984375 75.360001 0.084000
1.073000 0.050000 0.116600
0.168218 0.087855 0.000489 0.000000
0.000000

0.000000 0.000000 0.807960
0.045809 0.005093 0.774596 4.236272 179.661774
0.000000 0.003330 0.012344 0.000000 0.000000 0.000000
0.000000 0.000014 0.000006
5.695941 1.000000 0.000000
764.299377 0.000000
0.000000 0.000000 0.000000 0.000000
0.000000 0.996033
11 0.015000 1.575000 0.001000
0.487000 0.580000 0.780000 0.490000 1.250000 6.700000 0.650000 0.650000
187499.984375 75.360001 0.084000
1.073000 0.050000 0.116600
0.168222 0.087934 0.000490 0.000000
0.000000

0.000000 0.000000 0.808684
0.045811 0.005093 0.774652 4.236371 179.663956
0.000000 0.003308 0.012275 0.000000 0.000000 0.000000
0.000000 0.000014 0.000006
5.730558 1.000000 0.000000
764.299377 0.000000
0.000000 0.000000 0.000000 0.000000
0.000000 0.995826
11 0.015000 1.590000 0.001000
0.487000 0.580000 0.780000 0.490000 1.250000 6.700000 0.650000 0.650000
187499.984375 75.360001 0.084000
1.073000 0.050000 0.116600
0.168226 0.088026 0.000490 0.000000
0.000000

0.000000 0.000000 0.809419
0.045814 0.005094 0.774707 4.236451 179.666412
0.000000 0.003290 0.012261 0.000000 0.000000 0.000000
0.000000 0.000014 0.000006
5.764485 1.000000 0.000000
764.299377 0.000000
0.000000 0.000000 0.000000 0.000000
0.000000 0.995747
11 0.015000 1.605000 0.001000
0.487000 0.580000 0.780000 0.490000 1.250000 6.700000 0.650000 0.650000
187499.984375 75.360001 0.084000
1.073000 0.050000 0.116600
0.168230 0.088279 0.000492 0.000000
0.000000

0.000000 0.000000 0.810358
0.045817 0.005094 0.774771 4.236588 179.668854
0.000000 0.003271 0.012223 0.000000 0.000000 0.000000
0.000000 0.000014 0.000006
5.797727 1.000000 0.000000
764.299377 0.000000
0.000000 0.000000 0.000000 0.000000
0.000000 0.995336
11 0.015000 1.620000 0.001000
0.487000 0.580000 0.780000 0.490000 1.250000 6.700000 0.650000 0.650000
187499.984375 75.360001 0.084000
1.073000 0.050000 0.116600
0.168233 0.088109 0.000491 0.000000
0.000000

0.000000 0.000000 0.821778
0.045841 0.005097 0.775157 4.238487 179.693665
0.000000 0.003249 0.012140 0.000000 0.000000 0.000000
0.000000 0.000014 0.000007
5.830291 1.000000 0.000000
764.299377 0.000000
0.000000 0.000000 0.000000 0.000000
0.000000 0.995165
11 0.015000 1.635000 0.001000
0.487000 0.580000 0.780000 0.490000 1.250000 6.700000 0.650000 0.650000
187499.984375 75.360001 0.084000
1.073000 0.050000 0.116600
0.168286 0.088127 0.000491 0.000000
0.000000

0.000000 0.000000 0.822733
0.045844 0.005097 0.775221 4.238630 179.697083
0.000000 0.003226 0.012095 0.000000 0.000000 0.000000
0.000000 0.000014 0.000007
5.862181 1.000000 0.000000
764.299377 0.000000
0.000000 0.000000 0.000000 0.000000
0.000000 0.994841
11 0.015000 1.650000 0.001000
0.487000 0.580000 0.780000 0.490000 1.250000 6.700000 0.650000 0.650000
187499.984375 75.360001 0.084000
1.073000 0.050000 0.116600
0.168290 0.088004 0.000490 0.000000
0.000000

0.000000 0.000000 0.823470
0.045847 0.005097 0.775275 4.238718 179.699326
0.000000 0.003205 0.012048 0.000000 0.000000 0.000000
0.000000 0.000014 0.000007
5.893403 1.000000 0.000000
764.299377 0.000000
0.000000 0.000000 0.000000 0.000000
0.000000 0.994556
11 0.015000 1.665000 0.001000
0.487000 0.580000 0.780000 0.490000 1.250000 6.700000 0.650000 0.650000
187499.984375 75.360001 0.084000
1.073000 0.050000 0.116600
0.168293 0.088089 0.000491 0.000000
0.000000

0.000000 0.000000 0.824209
0.045849 0.005098 0.775331 4.238817 179.701782
0.000000 0.003188 0.012046 0.000000 0.000000 0.000000
0.000000 0.000014 0.000007
5.923961 1.000000 0.000000
764.299377 0.000000
0.000000 0.000000 0.000000 0.000000
0.000000 0.994351
11 0.015000 1.680000 0.001000
0.487000 0.580000 0.780000 0.490000 1.250000 6.700000 0.650000 0.650000
187499.984375 75.360001 0.084000
1.073000 0.050000 0.116600
0.168297 0.088420 0.000492 0.000000
0.000000

0.000000 0.000000 0.825188
0.045852 0.005098 0.775387 4.238913 179.704407
0.000000 0.003170 0.011985 0.000000 0.000000 0.000000
0.000000 0.000014 0.000007
5.953860 1.000000 0.000000
764.299377 0.000000
0.000000 0.000000 0.000000 0.000000
0.000000 0.994005
11 0.015000 1.695000 0.001000
0.487000 0.580000 0.780000 0.490000 1.250000 6.700000 0.650000 0.650000
187499.984375 75.360001 0.084000
1.073000 0.050000 0.116600
0.168300 0.088190 0.000491 0.000000
0.000000

0.000000 0.000000 0.826583
0.045855 0.005098 0.775464 4.239130 179.708054
0.000000 0.003154 0.011955 0.000000 0.000000 0.000000
0.000000 0.000014 0.000007
5.983105 1.000000 0.000000
764.299377 0.000000
0.000000 0.000000 0.000000 0.000000
0.000000 0.993766
11 0.015000 1.710000 0.001000
0.487000 0.580000 0.780000 0.490000 1.250000 6.700000 0.650000 0.650000
187499.984375 75.360001 0.084000
1.073000 0.050000 0.116600
0.168308 0.088239 0.000491 0.000000
0.000000

0.000000 0.000000 0.827309
0.045858 0.005099 0.775516 4.239218 179.710480
0.000000 0.003139 0.011910 0.000000 0.000000 0.000000
0.000000 0.000014 0.000007
6.011700 1.000000 0.000000
764.299377 0.000000
0.000000 0.000000 0.000000 0.000000
0.000000 0.993508
11 0.015000 1.725000 0.001000
0.487000 0.580000 0.780000 0.490000 1.250000 6.700000 0.650000 0.650000
187499.984375 75.360001 0.084000
1.073000 0.050000 0.116600
0.168310 0.088347 0.000492 0.000000
0.000000

0.000000 0.000000 0.828491
0.045861 0.005099 0.775583 4.239380 179.713928
0.000000 0.003129 0.011911 0.000000 0.000000 0.000000
0.000000 0.000014 0.000007
6.039650 1.000000 0.000000
764.299377 0.000000
0.000000 0.000000 0.000000 0.000000
0.000000 0.993203
11 0.015000 1.740000 0.001000
0.487000 0.580000 0.780000 0.490000 1.250000 6.700000 0.650000 0.650000
187499.984375 75.360001 0.084000
1.073000 0.050000 0.116600
0.168316 0.088437 0.000493 0.000000
0.000000

0.000000 0.000000 0.836151
0.045877 0.005101 0.775840 4.240591 179.728577
0.000000 0.003115 0.011844 0.000000 0.000000 0.000000
0.000000 0.000014 0.000007
6.066957 1.000000 0.000000
764.299377 0.000000
0.000000 0.000000 0.000000 0.000000
0.000000 0.993193
11 0.015000 1.755000 0.001000
0.487000 0.580000 0.780000 0.490000 1.250000 6.700000 0.650000 0.650000
187499.984375 75.360001 0.084000
1.073000 0.050000 0.116600
0.168351 0.088344 0.000492 0.000000
0.000000

0.000000 0.000000 0.849333
0.045904 0.005104 0.776248 4.242624 179.743347
0.000000 0.003095 0.011768 0.000000 0.000000 0.000000
0.000000 0.000014 0.000007
6.093626 1.000000 0.000000
764.299377 0.000000
0.000000 0.000000 0.000000 0.000000
0.000000 0.993633
11 0.015000 1.770000 0.001000
0.487000 0.580000 0.780000 0.490000 1.250000 6.700000 0.650000 0.650000
187499.984375 75.360001 0.084000
1.073000 0.050000 0.116600
0.168409 0.088258 0.000492 0.000000
0.000000

0.000000 0.000000 0.852775
0.045911 0.005105 0.776375 4.243132 179.748215
0.000000 0.003075 0.011732 0.000000 0.000000 0.000000
0.000000 0.000014 0.000007
6.119662 1.000000 0.000000
764.299377 0.000000
0.000000 0.000000 0.000000 0.000000
0.000000 0.993529
11 0.015000 1.785000 0.001000
0.487000 0.580000 0.780000 0.490000 1.250000 6.700000 0.650000 0.650000
187499.984375 75.360001 0.084000
1.073000 0.050000 0.116600
0.168422 0.088567 0.000493 0.000000
0.000000

0.000000 0.000000 0.859057
0.045924 0.005106 0.776578 4.244044 179.752823
0.000000 0.003053 0.011666 0.000000 0.000000 0.000000
0.000000 0.000014 0.000007
6.145067 1.000000 0.000000
764.299377 0.000000
0.000000 0.000000 0.000000 0.000000
0.000000 0.993525
11 0.015000 1.800000 0.001000
0.487000 0.580000 0.780000 0.490000 1.250000 6.700000 0.650000 0.650000
187499.984375 75.360001 0.084000
1.073000 0.050000 0.116600
0.168451 0.088343 0.000492 0.000000
0.000000

0.000000 0.000000 0.860418
0.045927 0.005106 0.776644 4.244213 179.755432
0.000000 0.003033 0.011646 0.000000 0.000000 0.000000
0.000000 0.000014 0.000007
6.169846 1.000000 0.000000
764.299377 0.000000
0.000000 0.000000 0.000000 0.000000
0.000000 0.993297
11 0.015000 1.815000 0.001000
0.487000 0.580000 0.780000 0.490000 1.250000 6.700000 0.650000 0.650000
187499.984375 75.360001 0.084000
1.073000 0.050000 0.116600
0.168458 0.088428 0.000492 0.000000
0.000000

0.000000 0.000000 0.864580
0.045935 0.005107 0.776786 4.244802 179.759430
0.000000 0.003018 0.011628 0.000000 0.000000 0.000000
0.000000 0.000014 0.000008
6.194002 1.000000 0.000000
764.299377 0.000000
0.000000 0.000000 0.000000 0.000000
0.000000 0.993217
11 0.015000 1.830000 0.001000
0.487000 0.580000 0.780000 0.490000 1.250000 6.700000 0.650000 0.650000
187499.984375 75.360001 0.084000
1.073000 0.050000 0.116600
0.168474 0.088406 0.000492 0.000000
0.000000

0.000000 0.000000 0.865387
0.045937 0.005108 0.776838 4.244890 179.761398
0.000000 0.003006 0.011592 0.000000 0.000000 0.000000
0.000000 0.000014 0.000008
6.217539 1.000000 0.000000
764.299377 0.000000
0.000000 0.000000 0.000000 0.000000
0.000000 0.992976
11 0.015000 1.845000 0.001000
0.487000 0.580000 0.780000 0.490000 1.250000 6.700000 0.650000 0.650000
187499.984375 75.360001 0.084000
1.073000 0.050000 0.116600
0.168479 0.088493 0.000493 0.000000
0.000000

0.000000 0.000000 0.866337
0.045940 0.005108 0.776894 4.245014 179.764084
0.000000 0.002996 0.011543 0.000000 0.000000 0.000000
0.000000 0.000014 0.000008
6.240460 1.000000 0.000000
764.299377 0.000000
0.000000 0.000000 0.000000 0.000000
0.000000 0.992737
11 0.015000 1.860000 0.001000
0.487000 0.580000 0.780000 0.490000 1.250000 6.700000 0.650000 0.650000
187499.984375 75.360001 0.084000
1.073000 0.050000 0.116600
0.168484 0.088364 0.000492 0.000000
0.000000

0.000000 0.000000 0.867637
0.045943 0.005108 0.776959 4.245184 179.766708
0.000000 0.002991 0.011535 0.000000 0.000000 0.000000
0.000000 0.000014 0.000008
6.262769 1.000000 0.000000
764.299377 0.000000
0.000000 0.000000 0.000000 0.000000
0.000000 0.992519
11 0.015000 1.875000 0.001000
0.487000 0.580000 0.780000 0.490000 1.250000 6.700000 0.650000 0.650000
187499.984375 75.360001 0.084000
1.073000 0.050000 0.116600
0.168490 0.088498 0.000493 0.000000
0.000000

0.000000 0.000000 0.868576
0.045945 0.005108 0.777014 4.245303 179.769348
0.000000 0.002985 0.011492 0.000000 0.000000 0.000000
0.000000 0.000014 0.000008
6.284469 1.000000 0.000000
764.299377 0.000000
0.000000 0.000000 0.000000 0.000000
0.000000 0.992293
11 0.015000 1.890000 0.001000
0.487000 0.580000 0.780000 0.490000 1.250000 6.700000 0.650000 0.650000
187499.984375 75.360001 0.084000
1.073000 0.050000 0.116600
0.168491 0.088693 0.000494 0.000000
0.000000

0.000000 0.000000 0.869661
0.045947 0.005109 0.777072 4.245431 179.772003
0.000000 0.002977 0.011445 0.000000 0.000000 0.000000
0.000000 0.000014 0.000008
6.305563 1.000000 0.000000
764.299377 0.000000
0.000000 0.000000 0.000000 0.000000
0.000000 0.992074
11 0.015000 1.905000 0.001000
0.487000 0.580000 0.780000 0.490000 1.250000 6.700000 0.650000 0.650000
187499.984375 75.360001 0.084000
1.073000 0.050000 0.116600
0.168499 0.088393 0.000492 0.000000
0.000000

0.000000 0.000000 0.870566
0.045950 0.005109 0.777126 4.245543 179.774612
0.000000 0.002971 0.011419 0.000000 0.000000 0.000000
0.000000 0.000014 0.000008
6.326055 1.000000 0.000000
764.299377 0.000000
0.000000 0.000000 0.000000 0.000000
0.000000 0.991854
11 0.015000 1.920000 0.001000
0.487000 0.580000 0.780000 0.490000 1.250000 6.700000 0.650000 0.650000
187499.984375 75.360001 0.084000
1.073000 0.050000 0.116600
0.168502 0.088386 0.000492 0.000000
0.000000

0.000000 0.000000 0.871313
0.045951 0.005109 0.777171 4.245606 179.777145
0.000000 0.002966 0.011376 0.000000 0.000000 0.000000
0.000000 0.000014 0.000008
6.345947 1.000000 0.000000
764.299377 0.000000
0.000000 0.000000 0.000000 0.000000
0.000000 0.991619
11 0.015000 1.935000 0.001000
0.487000 0.580000 0.780000 0.490000 1.250000 6.700000 0.650000 0.650000
187499.984375 75.360001 0.084000
1.073000 0.050000 0.116600
0.168503 0.088470 0.000493 0.000000
0.000000

0.000000 0.000000 0.872056
0.045953 0.005109 0.777221 4.245698 179.779617
0.000000 0.002966 0.011400 0.000000 0.000000 0.000000
0.000000 0.000014 0.000008
6.365244 1.000000 0.000000
764.299377 0.000000
0.000000 0.000000 0.000000 0.000000
0.000000 0.991420
11 0.015000 1.950000 0.001000
0.487000 0.580000 0.780000 0.490000 1.250000 6.700000 0.650000 0.650000
187499.984375 75.360001 0.084000
1.073000 0.050000 0.116600
0.168506 0.088783 0.000494 0.000000
0.000000

0.000000 0.000000 0.873164
0.045955 0.005110 0.777275 4.245826 179.782547
0.000000 0.002962 0.011325 0.000000 0.000000 0.000000
0.000000 0.000014 0.000008
6.383950 1.000000 0.000000
764.299377 0.000000
0.000000 0.000000 0.000000 0.000000
0.000000 0.991206
11 0.015000 1.965000 0.001000
0.487000 0.580000 0.780000 0.490000 1.250000 6.700000 0.650000 0.650000
187499.984375 75.360001 0.084000
1.073000 0.050000 0.116600
0.168514 0.088674 0.000494 0.000000
0.000000

0.000000 0.000000 0.877194
0.045963 0.005111 0.777408 4.246378 179.787338
0.000000 0.002959 0.011295 0.000000 0.000000 0.000000
0.000000 0.000014 0.000008
6.402066 1.000000 0.000000
764.299377 0.000000
0.000000 0.000000 0.000000 0.000000
0.000000 0.991160
11 0.015000 1.980000 0.001000
0.487000 0.580000 0.780000 0.490000 1.250000 6.700000 0.650000 0.650000
187499.984375 75.360001 0.084000
1.073000 0.050000 0.116600
0.168528 0.088703 0.000494 0.000000
0.000000

0.000000 0.000000 0.878863
0.045967 0.005111 0.777479 4.246587 179.790939
0.000000 0.011690 0.012116 0.000000 0.000000 0.000000
0.000000 0.000022 0.000003
6.419596 1.000000 0.000000
764.299377 0.000000
0.000000 0.000000 0.000000 0.000000
0.000000 0.990939
11 0.015000 1.995000 0.001000
0.487000 0.580000 0.780000 0.490000 1.250000 6.700000 0.650000 0.650000
187499.984375 75.360001 0.084000
1.073000 0.050000 0.116600
0.168536 0.088808 0.000495 0.000000
0.000000
1.000000
2.000000
0.321000 0.000000
0.000000
0
-0.750000
0 0
0.000000
1
0.000000
1.000000
1.000000
1.000000
0.000000 0.000000 0.000000
0.000000 0.000000
0.000000 0.000000 0.000000 0.000000 0.000000 0.000000 0.000000
0.000000 0.000000 0.000000 0.000000 0.000000 0.000000 0.000000
605
2.000000
1
C:\Kingsite\dnd\Ohio1.spf
-1.000000 -1.000000
0.000000
50
50
10.000000
100
