11
Clay
0.580000 0.612000 0.084000 0.780000 0.530000 1.000000 0.000000 0.000000
1.020000 6.700000 1 0.028600 0.500000 0.050000 0.010000 0.027000 0.963000
0.000000 0.015000 2.000000 152999.984375 75.360001 133
0.103800 3.528000 4.728100 0.000000 1
8.234000 8.234000 10.000000 5.000000 25.000000 100.000000
0.000000 0.000000 0.016406 0.000000 62.498154 92.468979
500.000000 0.000000 0.000000

0.148663 156.272186 418.773804
6.523264 0.725370 121.118988 752.023804 3586.337402
0.000000 0.089128 0.016888 0.872148 0.000000 0.000000
0.000002 0.000000 0.000003
-0.782478 0.000010 70.984474
764.299377 0.000000
2.330164 0.000000 0.000000 0.000000
0.000000 0.362669
11 0.015000 0.015000 0.028600
0.612000 0.580000 0.780000 0.530000 1.020000 6.700000 0.780000 0.780000
152999.984375 75.360001 0.084000
1.073000 0.050000 0.116600
2.526799 21.216009 0.005699 0.000000
0.000000

0.147436 16.975359 25.153023
4.779115 0.630704 92.378067 565.027649 3743.527344
0.000000 0.022305 0.151642 0.499431 0.000000 0.000000
0.000005 0.000000 0.000001
-0.757860 0.000010 70.984474
764.299377 0.000000
1.315403 0.000000 0.000000 0.000000
0.000000 0.102743
11 0.015000 0.030000 0.028600
0.612000 0.580000 0.780000 0.530000 1.020000 6.700000 0.780000 0.780000
152999.984375 75.360001 0.084000
1.073000 0.050000 0.116600
2.643613 7.121271 0.000208 0.000000
0.000000

0.138705 14.582571 16.211500
4.818142 0.618418 92.484047 561.314148 3743.688477
0.000000 0.020395 0.144805 0.249715 0.000000 0.000000
0.000005 0.000000 0.000001
-0.733393 0.000010 70.984474
764.299377 0.000000
1.239966 0.000000 0.000000 0.000000
0.000000 0.075501
11 0.015000 0.045000 0.028600
0.612000 0.580000 0.780000 0.530000 1.020000 6.700000 0.780000 0.780000
152999.984375 75.360001 0.084000
1.073000 0.050000 0.116600
2.646439 6.409636 0.000152 0.000000
0.000000

0.130394 13.494576 15.652832
4.891564 0.610284 92.906494 561.022217 3743.806641
0.000000 0.018440 0.138462 0.124858 0.000000 0.000000
0.000004 0.000000 0.000001
-0.701434 0.000010 70.984474
764.299377 0.000000
1.172025 0.000000 0.000000 0.000000
0.000000 0.064082
11 0.015000 0.060000 0.028600
0.612000 0.580000 0.780000 0.530000 1.020000 6.700000 0.780000 0.780000
152999.984375 75.360001 0.084000
1.073000 0.050000 0.116600
2.648309 6.313994 0.000145 0.000000
0.000000

0.121869 12.454268 15.109501
5.000117 0.606105 93.240128 560.883423 3743.937988
0.000000 0.016545 0.127435 0.062429 0.000000 0.000000
0.000004 0.000000 0.000001
-0.662042 0.000010 70.984474
764.299377 0.000000
1.065921 0.000000 0.000000 0.000000
0.000000 0.059930
11 0.015000 0.075000 0.028600
0.612000 0.580000 0.780000 0.530000 1.020000 6.700000 0.780000 0.780000
152999.984375 75.360001 0.084000
1.073000 0.050000 0.116600
2.649707 6.993326 0.000198 0.000000
0.000000

0.113776 11.507616 14.590108
5.119819 0.602725 93.468689 560.649536 3744.010986
0.000000 0.014822 0.114806 0.031214 0.000000 0.000000
0.000003 0.000000 0.000001
-0.615305 0.000010 70.984474
764.299377 0.000000
0.946226 0.000000 0.000000 0.000000
0.000000 0.058823
11 0.015000 0.090000 0.028600
0.612000 0.580000 0.780000 0.530000 1.020000 6.700000 0.780000 0.780000
152999.984375 75.360001 0.084000
1.073000 0.050000 0.116600
2.650776 6.518236 0.000161 0.000000
0.000000

0.106433 10.682790 100.898010
5.393880 0.616412 95.977013 574.270447 3740.812256
0.000000 0.011078 0.101990 0.015607 0.000000 0.000000
0.000002 0.000000 0.000001
-0.561341 0.000010 70.984474
764.299377 0.000000
0.848667 0.000000 0.000000 0.000000
0.000000 0.093886
11 0.015000 0.105000 0.028600
0.612000 0.580000 0.780000 0.530000 1.020000 6.700000 0.780000 0.780000
152999.984375 75.360001 0.084000
1.073000 0.050000 0.116600
2.673502 6.546399 0.000162 0.000000
0.000000

0.098089 9.682647 79.134453
2.389304 0.265699 40.877487 243.907181 2896.060303
0.000000 0.003857 0.038509 0.007804 0.000000 0.000000
0.000001 0.000000 0.000000
-0.494560 0.000010 52.717060
764.299377 0.000000
0.308422 0.000000 0.000000 0.000000
0.000000 0.087424
11 0.015000 0.120000 0.018000
0.547000 0.580000 0.780000 0.490000 1.150000 6.700000 0.650000 0.650000
172500.000000 75.360001 0.084000
1.073000 0.050000 0.116600
2.519771 7.936146 0.000150 0.000000
0.000000

0.091127 8.922397 74.035294
2.314076 0.257337 38.714317 230.577499 2896.637207
0.000000 0.003112 0.030173 0.003902 0.000000 0.000000
0.000000 0.000000 0.000000
-0.414425 0.000010 52.717060
764.299377 0.000000
0.231481 0.000000 0.000000 0.000000
0.000000 0.086392
11 0.015000 0.135000 0.018000
0.547000 0.580000 0.780000 0.490000 1.150000 6.700000 0.650000 0.650000
172500.000000 75.360001 0.084000
1.073000 0.050000 0.116600
2.524489 8.318559 0.000173 0.000000
0.000000

0.084552 8.211194 69.485184
2.241128 0.249245 36.658161 218.086578 2897.102051
0.000000 0.002726 0.022794 0.001951 0.000000 0.000000
0.000000 0.000000 0.000001
-0.328077 0.000010 52.717060
764.299377 0.000000
0.167486 0.000000 0.000000 0.000000
0.000000 0.091126
11 0.015000 0.150000 0.018000
0.547000 0.580000 0.780000 0.490000 1.150000 6.700000 0.650000 0.650000
172500.000000 75.360001 0.084000
1.073000 0.050000 0.116600
2.528805 8.811364 0.000205 0.000000
0.000000

0.078423 20.713203 65.914810
2.241186 0.249272 36.447201 216.504684 2898.307373
0.000000 0.002410 0.018599 0.000975 0.000000 0.000000
0.000000 0.000000 0.000001
-0.235758 0.000010 52.717060
764.299377 0.000000
0.137299 0.000000 0.000000 0.000000
0.000000 0.126929
11 0.015000 0.165000 0.018000
0.547000 0.580000 0.780000 0.490000 1.150000 6.700000 0.650000 0.650000
172500.000000 75.360001 0.084000
1.073000 0.050000 0.116600
2.533066 9.780801 0.000304 0.000000
0.000000

0.072720 19.305201 61.610748
2.147821 0.238895 34.539413 205.013184 2898.834229
0.000000 0.002579 0.014549 0.000488 0.000000 0.000000
0.000000 0.000000 0.000001
-0.137725 0.000010 52.717060
764.299377 0.000000
0.103152 0.000000 0.000000 0.000000
0.000000 0.133421
11 0.015000 0.180000 0.018000
0.547000 0.580000 0.780000 0.490000 1.150000 6.700000 0.650000 0.650000
172500.000000 75.360001 0.084000
1.073000 0.050000 0.116600
2.536745 9.688638 0.000295 0.000000
0.000000

0.067406 17.970510 57.513805
2.062094 0.229368 32.773071 194.298615 2899.281006
0.000000 0.002804 0.010595 0.000244 0.000000 0.000000
0.000000 0.000000 0.000001
-0.034254 0.000010 52.717060
764.299377 0.000000
0.069834 0.000000 0.000000 0.000000
0.000000 0.139130
11 0.015000 0.195000 0.018000
0.547000 0.580000 0.780000 0.490000 1.150000 6.700000 0.650000 0.650000
172500.000000 75.360001 0.084000
1.073000 0.050000 0.116600
2.539950 9.472501 0.000276 0.000000
0.000000

0.061972 16.161602 51.251156
1.957984 0.217801 30.821875 183.064178 2896.072998
0.000000 0.003177 0.008277 0.000122 0.000000 0.000000
0.000000 0.000000 0.000002
0.000000 0.199370 36.974197
764.299377 0.000000
0.048674 0.000000 0.000000 0.000000
0.000000 0.143662
11 0.015000 0.210000 0.018000
0.547000 0.580000 0.780000 0.490000 1.150000 6.700000 0.650000 0.650000
172500.000000 75.360001 0.084000
1.073000 0.050000 0.116600
2.531340 7.939488 0.010918 0.000000
0.000000

0.057372 14.902489 48.493111
1.623926 0.180656 25.222456 149.701538 1516.000610
0.000000 0.002703 0.006353 0.000061 0.000000 0.000000
0.000000 0.000000 0.000001
0.000000 0.521443 10.162388
764.299377 0.000000
0.026250 0.000000 0.000000 0.000000
0.000000 0.154447
11 0.015000 0.225000 0.009000
0.527000 0.580000 0.780000 0.490000 1.200000 6.700000 0.650000 0.650000
180000.015625 75.360001 0.084000
1.073000 0.050000 0.116600
1.321659 8.086407 0.026600 0.000000
0.000000

0.053132 13.870171 45.056221
1.542286 0.171584 23.756433 140.913971 1515.727295
0.000000 0.002827 0.004775 0.000030 0.000000 0.000000
0.000000 0.000002 0.000002
0.298458 0.650000 0.000000
764.299377 0.000000
0.011954 0.000000 0.000000 0.000000
0.000000 0.159536
11 0.015000 0.240000 0.009000
0.527000 0.580000 0.780000 0.490000 1.200000 6.700000 0.650000 0.650000
180000.015625 75.360001 0.084000
1.073000 0.050000 0.116600
1.322570 7.642214 0.031287 0.000000
0.000000

0.049172 12.894315 41.847141
1.467161 0.163244 22.395697 132.763367 1515.464233
0.000000 0.002863 0.003391 0.000015 0.000000 0.000000
0.000000 0.000004 0.000004
0.429188 0.650000 0.000000
764.299377 0.000000
0.000000 0.000000 0.000000 0.000000
0.000000 0.169016
11 0.015000 0.255000 0.009000
0.527000 0.580000 0.780000 0.490000 1.200000 6.700000 0.650000 0.650000
180000.015625 75.360001 0.084000
1.073000 0.050000 0.116600
1.323409 7.115295 0.030720 0.000000
0.000000

0.045544 12.000017 38.868431
1.384905 0.154100 21.129784 125.189339 1515.230103
0.000000 0.003154 0.003258 0.000008 0.000000 0.000000
0.000000 0.000006 0.000005
0.546810 0.650000 0.000000
764.299377 0.000000
0.000000 0.000000 0.000000 0.000000
0.000000 0.172225
11 0.015000 0.270000 0.009000
0.527000 0.580000 0.780000 0.490000 1.200000 6.700000 0.650000 0.650000
180000.015625 75.360001 0.084000
1.073000 0.050000 0.116600
1.324170 6.591030 0.028362 0.000000
0.000000

0.042181 11.159909 36.116547
1.308218 0.145575 19.951378 118.147240 1514.986206
0.000000 0.003229 0.003357 0.000004 0.000000 0.000000
0.000000 0.000006 0.000005
0.668029 0.650000 0.000000
764.299377 0.000000
0.000000 0.000000 0.000000 0.000000
0.000000 0.175381
11 0.015000 0.285000 0.009000
0.527000 0.580000 0.780000 0.490000 1.200000 6.700000 0.650000 0.650000
180000.015625 75.360001 0.084000
1.073000 0.050000 0.116600
1.324839 6.232755 0.026740 0.000000
0.000000

0.039066 10.380379 33.579395
1.236873 0.137643 18.856237 111.610756 1514.826416
0.000000 0.003221 0.003375 0.000002 0.000000 0.000000
0.000000 0.000007 0.000006
0.792824 0.650000 0.000000
764.299377 0.000000
0.000000 0.000000 0.000000 0.000000
0.000000 0.177427
11 0.015000 0.300000 0.009000
0.527000 0.580000 0.780000 0.490000 1.200000 6.700000 0.650000 0.650000
180000.015625 75.360001 0.084000
1.073000 0.050000 0.116600
1.325513 5.903430 0.025258 0.000000
0.000000

0.036172 9.648759 31.199694
1.170776 0.130295 17.838120 105.543488 1514.637817
0.000000 0.003247 0.003495 0.000001 0.000000 0.000000
0.000000 0.000008 0.000007
0.920859 0.650000 0.000000
764.299377 0.000000
0.000000 0.000000 0.000000 0.000000
0.000000 0.178840
11 0.015000 0.315000 0.009000
0.527000 0.580000 0.780000 0.490000 1.200000 6.700000 0.650000 0.650000
180000.015625 75.360001 0.084000
1.073000 0.050000 0.116600
1.326125 5.529160 0.023583 0.000000
0.000000

0.033487 8.964423 29.350367
1.042385 0.116014 15.822028 93.579185 1158.339111
0.000000 0.002876 0.003804 0.000000 0.000000 0.000000
0.000000 0.000006 0.000005
1.053547 0.650000 0.000000
764.299377 0.000000
0.000000 0.000000 0.000000 0.000000
0.000000 0.179766
11 0.015000 0.330000 0.006600
0.497000 0.580000 0.780000 0.490000 1.250000 6.700000 0.650000 0.650000
187499.984375 75.360001 0.084000
1.073000 0.050000 0.116600
1.013446 5.729491 0.022119 0.000000
0.000000

0.030999 8.328606 27.225061
0.985286 0.109667 14.942095 88.349922 1158.138306
0.000000 0.002787 0.003880 0.000000 0.000000 0.000000
0.000000 0.000006 0.000006
1.190665 0.650000 0.000000
764.299377 0.000000
0.000000 0.000000 0.000000 0.000000
0.000000 0.178823
11 0.015000 0.345000 0.006600
0.497000 0.580000 0.780000 0.490000 1.250000 6.700000 0.650000 0.650000
187499.984375 75.360001 0.084000
1.073000 0.050000 0.116600
1.013852 5.484463 0.021132 0.000000
0.000000

0.028698 7.740969 25.257296
0.932121 0.103756 14.125683 83.495193 1157.952026
0.000000 0.002681 0.003909 0.000000 0.000000 0.000000
0.000000 0.000006 0.000008
1.330081 0.650000 0.000000
764.299377 0.000000
0.000000 0.000000 0.000000 0.000000
0.000000 0.176780
11 0.015000 0.360000 0.006600
0.497000 0.580000 0.780000 0.490000 1.250000 6.700000 0.650000 0.650000
187499.984375 75.360001 0.084000
1.073000 0.050000 0.116600
1.014257 5.003570 0.019205 0.000000
0.000000

0.026570 7.191483 23.421940
0.882502 0.098239 13.365829 78.980537 1157.813843
0.000000 0.002595 0.004013 0.000000 0.000000 0.000000
0.000000 0.000006 0.000009
1.471462 0.650000 0.000000
764.299377 0.000000
0.000000 0.000000 0.000000 0.000000
0.000000 0.173790
11 0.015000 0.375000 0.006600
0.497000 0.580000 0.780000 0.490000 1.250000 6.700000 0.650000 0.650000
187499.984375 75.360001 0.084000
1.073000 0.050000 0.116600
1.014573 4.660314 0.017839 0.000000
0.000000

0.024604 6.680585 21.723871
0.836300 0.093102 12.659966 74.790070 1157.678101
0.000000 0.002489 0.004055 0.000000 0.000000 0.000000
0.000000 0.000005 0.000010
1.614490 0.650000 0.000000
764.299377 0.000000
0.000000 0.000000 0.000000 0.000000
0.000000 0.170140
11 0.015000 0.390000 0.006600
0.497000 0.580000 0.780000 0.490000 1.250000 6.700000 0.650000 0.650000
187499.984375 75.360001 0.084000
1.073000 0.050000 0.116600
1.014898 4.323406 0.016506 0.000000
0.000000

0.022784 6.204192 20.144922
0.793229 0.088312 12.004132 70.895660 1157.543945
0.000000 0.002399 0.004107 0.000000 0.000000 0.000000
0.000000 0.000005 0.000012
1.758856 0.650000 0.000000
764.299377 0.000000
0.000000 0.000000 0.000000 0.000000
0.000000 0.166084
11 0.015000 0.405000 0.006600
0.497000 0.580000 0.780000 0.490000 1.250000 6.700000 0.650000 0.650000
187499.984375 75.360001 0.084000
1.073000 0.050000 0.116600
1.015160 4.063663 0.015482 0.000000
0.000000

0.021099 5.762121 19.841387
0.643215 0.071615 9.630206 56.860893 580.518005
0.000000 0.001592 0.004294 0.000000 0.000000 0.000000
0.000000 0.000003 0.000006
1.904933 0.650000 0.000000
764.299377 0.000000
0.000000 0.000000 0.000000 0.000000
0.000000 0.162043
11 0.015000 0.420000 0.003300
0.487000 0.580000 0.780000 0.490000 1.250000 6.700000 0.650000 0.650000
187499.984375 75.360001 0.084000
1.073000 0.050000 0.116600
0.507699 3.877575 0.014455 0.000000
0.000000

0.019539 5.351789 18.231024
0.606086 0.067485 9.070519 53.543285 580.326965
0.000000 0.001537 0.004444 0.000000 0.000000 0.000000
0.000000 0.000003 0.000006
2.052441 0.650000 0.000000
764.299377 0.000000
0.000000 0.000000 0.000000 0.000000
0.000000 0.157303
11 0.015000 0.435000 0.003300
0.487000 0.580000 0.780000 0.490000 1.250000 6.700000 0.650000 0.650000
187499.984375 75.360001 0.084000
1.073000 0.050000 0.116600
0.507824 3.635959 0.013529 0.000000
0.000000

0.018094 4.970549 16.759100
0.571521 0.063640 8.550671 50.462738 580.177856
0.000000 0.001505 0.004604 0.000000 0.000000 0.000000
0.000000 0.000003 0.000007
2.200439 0.650000 0.000000
764.299377 0.000000
0.000000 0.000000 0.000000 0.000000
0.000000 0.152908
11 0.015000 0.450000 0.003300
0.487000 0.580000 0.780000 0.490000 1.250000 6.700000 0.650000 0.650000
187499.984375 75.360001 0.084000
1.073000 0.050000 0.116600
0.507935 3.422338 0.012713 0.000000
0.000000

0.016757 4.614323 15.408645
0.539321 0.060058 8.067592 47.601002 580.038269
0.000000 0.001465 0.004702 0.000000 0.000000 0.000000
0.000000 0.000003 0.000008
2.348675 0.650000 0.000000
764.299377 0.000000
0.000000 0.000000 0.000000 0.000000
0.000000 0.148885
11 0.015000 0.465000 0.003300
0.487000 0.580000 0.780000 0.490000 1.250000 6.700000 0.650000 0.650000
187499.984375 75.360001 0.084000
1.073000 0.050000 0.116600
0.508033 3.090200 0.011449 0.000000
0.000000

0.015520 4.284651 14.212008
0.509287 0.056716 7.617117 44.933598 579.901611
0.000000 0.001449 0.004872 0.000000 0.000000 0.000000
0.000000 0.000002 0.000008
2.496916 0.650000 0.000000
764.299377 0.000000
0.000000 0.000000 0.000000 0.000000
0.000000 0.145319
11 0.015000 0.480000 0.003300
0.487000 0.580000 0.780000 0.490000 1.250000 6.700000 0.650000 0.650000
187499.984375 75.360001 0.084000
1.073000 0.050000 0.116600
0.508143 2.824110 0.010442 0.000000
0.000000

0.014376 3.978158 13.115700
0.481305 0.053603 7.198232 42.454048 579.782288
0.000000 0.001448 0.005012 0.000000 0.000000 0.000000
0.000000 0.000002 0.000009
2.644944 0.650000 0.000000
764.299377 0.000000
0.000000 0.000000 0.000000 0.000000
0.000000 0.142100
11 0.015000 0.495000 0.003300
0.487000 0.580000 0.780000 0.490000 1.250000 6.700000 0.650000 0.650000
187499.984375 75.360001 0.084000
1.073000 0.050000 0.116600
0.508244 2.622719 0.009682 0.000000
0.000000

0.013316 3.693776 12.118691
0.455240 0.050703 6.808600 40.148361 579.677185
0.000000 0.001450 0.005180 0.000000 0.000000 0.000000
0.000000 0.000002 0.000010
2.792558 0.650000 0.000000
764.299377 0.000000
0.000000 0.000000 0.000000 0.000000
0.000000 0.139169
11 0.015000 0.510000 0.003300
0.487000 0.580000 0.780000 0.490000 1.250000 6.700000 0.650000 0.650000
187499.984375 75.360001 0.084000
1.073000 0.050000 0.116600
0.508337 2.434361 0.008973 0.000000
0.000000

0.012335 3.429686 18.329994
0.337985 0.037645 4.924542 29.033430 176.934158
0.000000 0.000000 0.000063 0.000000 0.000000 0.000000
0.000000 0.000000 0.000000
2.939574 0.650000 0.000000
764.299377 0.000000
0.000000 0.000000 0.000000 0.000000
0.000000 0.137334
11 0.015000 0.525000 0.001000
0.487000 0.580000 0.780000 0.490000 1.250000 6.700000 0.650000 0.650000
187499.984375 75.360001 0.084000
1.073000 0.050000 0.116600
0.154067 2.251961 0.008289 0.000000
0.000000

0.011427 3.183144 16.414843
0.317513 0.035366 4.635299 27.323349 176.825577
0.000000 0.000000 0.000067 0.000000 0.000000 0.000000
0.000000 0.000000 0.000000
3.085827 0.650000 0.000000
764.299377 0.000000
0.000000 0.000000 0.000000 0.000000
0.000000 0.133533
11 0.015000 0.540000 0.001000
0.487000 0.580000 0.780000 0.490000 1.250000 6.700000 0.650000 0.650000
187499.984375 75.360001 0.084000
1.073000 0.050000 0.116600
0.154090 2.080845 0.007649 0.000000
0.000000

0.010585 2.955126 14.764370
0.298770 0.033280 4.361989 25.707952 176.723145
0.000000 0.000000 0.000066 0.000000 0.000000 0.000000
0.000000 0.000000 0.000000
3.231164 0.650000 0.000000
764.299377 0.000000
0.000000 0.000000 0.000000 0.000000
0.000000 0.130571
11 0.015000 0.555000 0.001000
0.487000 0.580000 0.780000 0.490000 1.250000 6.700000 0.650000 0.650000
187499.984375 75.360001 0.084000
1.073000 0.050000 0.116600
0.154116 1.885449 0.006920 0.000000
0.000000

0.009806 2.743030 13.080473
0.281751 0.031386 4.113894 24.241808 176.634262
0.000000 0.000000 0.000065 0.000000 0.000000 0.000000
0.000000 0.000000 0.000000
3.375451 0.650000 0.000000
764.299377 0.000000
0.000000 0.000000 0.000000 0.000000
0.000000 0.127560
11 0.015000 0.570000 0.001000
0.487000 0.580000 0.780000 0.490000 1.250000 6.700000 0.650000 0.650000
187499.984375 75.360001 0.084000
1.073000 0.050000 0.116600
0.154139 1.738919 0.006375 0.000000
0.000000

0.009084 2.545907 11.829954
0.265243 0.029548 3.871543 22.810192 176.544312
0.000000 0.000000 0.000064 0.000000 0.000000 0.000000
0.000000 0.000000 0.000000
3.518570 0.650000 0.000000
764.299377 0.000000
0.000000 0.000000 0.000000 0.000000
0.000000 0.124406
11 0.015000 0.585000 0.001000
0.487000 0.580000 0.780000 0.490000 1.250000 6.700000 0.650000 0.650000
187499.984375 75.360001 0.084000
1.073000 0.050000 0.116600
0.154163 1.609311 0.005894 0.000000
0.000000

0.008415 2.362792 10.880449
0.249410 0.027786 3.638441 21.433613 176.456863
0.000000 0.000000 0.000061 0.000000 0.000000 0.000000
0.000000 0.000000 0.000000
3.660418 0.650000 0.000000
764.299377 0.000000
0.000000 0.000000 0.000000 0.000000
0.000000 0.121053
11 0.015000 0.600000 0.001000
0.487000 0.580000 0.780000 0.490000 1.250000 6.700000 0.650000 0.650000
187499.984375 75.360001 0.084000
1.073000 0.050000 0.116600
0.154186 1.449895 0.005304 0.000000
0.000000

0.007796 2.193956 9.422002
0.236133 0.026307 3.446740 20.301384 176.382950
0.000000 0.000000 0.000061 0.000000 0.000000 0.000000
0.000000 0.000000 0.000000
3.800903 0.650000 0.000000
764.299377 0.000000
0.000000 0.000000 0.000000 0.000000
0.000000 0.117433
11 0.015000 0.615000 0.001000
0.487000 0.580000 0.780000 0.490000 1.250000 6.700000 0.650000 0.650000
187499.984375 75.360001 0.084000
1.073000 0.050000 0.116600
0.154210 1.323616 0.004837 0.000000
0.000000

0.007223 2.036768 7.895058
0.224618 0.025025 3.275406 19.289423 176.327576
0.000000 0.000029 0.000399 0.000000 0.000000 0.000000
0.000000 0.000000 0.000005
3.939950 0.650000 0.000000
764.299377 0.000000
0.000000 0.000000 0.000000 0.000000
0.000000 0.114300
11 0.015000 0.630000 0.001000
0.487000 0.580000 0.780000 0.490000 1.250000 6.700000 0.650000 0.650000
187499.984375 75.360001 0.084000
1.073000 0.050000 0.116600
0.154227 1.193156 0.004356 0.000000
0.000000

0.006692 1.890323 6.595325
0.212026 0.023624 3.107051 18.295410 176.285034
0.000000 0.000236 0.002019 0.000000 0.000000 0.000000
0.000000 0.000000 0.000005
4.077496 0.650000 0.000000
764.299377 0.000000
0.000000 0.000000 0.000000 0.000000
0.000000 0.108723
11 0.015000 0.645000 0.001000
0.487000 0.580000 0.780000 0.490000 1.250000 6.700000 0.650000 0.650000
187499.984375 75.360001 0.084000
1.073000 0.050000 0.116600
0.154247 1.694254 0.006209 0.000000
0.000000

0.006200 1.757432 5.833340
0.199672 0.022248 2.931827 17.261387 176.237701
0.000000 0.006821 0.004421 0.000000 0.000000 0.000000
0.000000 0.000005 0.000001
4.213488 0.650000 0.000000
764.299377 0.000000
0.000000 0.000000 0.000000 0.000000
0.000000 0.103909
11 0.015000 0.660000 0.001000
0.487000 0.580000 0.780000 0.490000 1.250000 6.700000 0.650000 0.650000
187499.984375 75.360001 0.084000
1.073000 0.050000 0.116600
0.154308 1.967422 0.007226 0.000000
0.000000

0.005746 1.636125 5.352234
0.188042 0.020953 2.762502 16.262014 176.188599
0.000000 0.021936 0.007394 0.000000 0.000000 0.000000
0.000000 0.000003 0.000000
4.347888 0.650000 0.000000
764.299377 0.000000
0.000000 0.000000 0.000000 0.000000
0.000000 0.237785
11 0.015000 0.675000 0.001000
0.487000 0.580000 0.780000 0.490000 1.250000 6.700000 0.650000 0.650000
187499.984375 75.360001 0.084000
1.073000 0.050000 0.116600
0.154376 2.057562 0.007562 0.000000
0.000000

0.005353 1.526367 4.983026
0.176194 0.019630 2.604175 15.322095 176.137497
0.000000 0.064383 0.011083 0.000000 0.000000 0.000000
0.000000 0.000001 0.000000
4.480662 0.650000 0.000000
764.299377 0.000000
0.000000 0.000000 0.000000 0.000000
0.000000 0.513991
11 0.015000 0.690000 0.001000
0.487000 0.580000 0.780000 0.490000 1.250000 6.700000 0.650000 0.650000
187499.984375 75.360001 0.084000
1.073000 0.050000 0.116600
0.154456 2.011006 0.007388 0.000000
0.000000

0.004992 1.424834 4.651013
0.166206 0.018518 2.457735 14.448213 176.097961
0.000000 0.081773 0.014906 0.000000 0.000000 0.000000
0.000001 0.000001 0.000000
4.611792 0.650000 0.000000
764.299377 0.000000
0.000000 0.000000 0.000000 0.000000
0.000000 0.495602
11 0.015000 0.705000 0.001000
0.487000 0.580000 0.780000 0.490000 1.250000 6.700000 0.650000 0.650000
187499.984375 75.360001 0.084000
1.073000 0.050000 0.116600
0.154538 2.264226 0.008335 0.000000
0.000000

0.004643 1.339786 4.375360
0.157081 0.017501 2.323089 13.646341 176.070023
0.000000 0.245490 0.018993 0.000000 0.000000 0.000000
0.000001 0.000000 0.000000
4.741264 0.650000 0.000000
764.299377 0.000000
0.000000 0.000000 0.000000 0.000000
0.000000 1.097991
11 0.015000 0.720000 0.001000
0.487000 0.580000 0.780000 0.490000 1.250000 6.700000 0.650000 0.650000
187499.984375 75.360001 0.084000
1.073000 0.050000 0.116600
0.154709 2.753618 0.010175 0.000000
0.000000

0.004564 1.332708 4.293980
0.147736 0.016454 2.226530 12.907678 176.118942
0.000000 3.177000 0.022227 0.000000 0.000000 0.000000
0.000000 0.000000 0.000000
4.869071 0.650000 0.000000
764.299377 0.000000
0.000000 0.000000 0.000000 0.000000
0.000000 11.747249
11 0.015000 0.735000 0.001000
0.487000 0.580000 0.780000 0.490000 1.250000 6.700000 0.650000 0.650000
187499.984375 75.360001 0.084000
1.073000 0.050000 0.116600
0.155341 2.964895 0.010974 0.000000
0.000000

0.000000 0.264007 5.963713
0.091355 0.010163 1.467518 8.147420 176.990845
0.000000 2.729542 0.017331 0.000000 0.000000 0.000000
0.000000 0.000000 0.000000
4.982741 0.994004 0.000000
764.299377 0.000000
0.000000 0.000000 0.000000 0.000000
0.000000 0.818990
11 0.015000 0.750000 0.001000
0.487000 0.580000 0.780000 0.490000 1.250000 6.700000 0.650000 0.650000
187499.984375 75.360001 0.084000
1.073000 0.050000 0.116600
0.160138 0.258169 0.001431 0.000000
0.000000

0.000000 0.256085 5.833882
0.087675 0.009754 1.411350 7.821272 177.204269
0.000000 1.553549 0.016925 0.000000 0.000000 0.000000
0.000000 0.000000 0.000000
5.084147 1.000000 0.000000
764.299377 0.000000
0.000000 0.000000 0.000000 0.000000
0.000000 0.786767
11 0.015000 0.765000 0.001000
0.487000 0.580000 0.780000 0.490000 1.250000 6.700000 0.650000 0.650000
187499.984375 75.360001 0.084000
1.073000 0.050000 0.116600
0.160762 0.229135 0.001278 0.000000
0.000000

0.000000 0.239501 5.489639
0.084256 0.009373 1.357234 7.520494 177.239761
0.000000 0.704062 0.018244 0.000000 0.000000 0.000000
0.000000 0.000001 0.000000
5.183527 1.000000 0.000000
764.299377 0.000000
0.000000 0.000000 0.000000 0.000000
0.000000 0.794240
11 0.015000 0.780000 0.001000
0.487000 0.580000 0.780000 0.490000 1.250000 6.700000 0.650000 0.650000
187499.984375 75.360001 0.084000
1.073000 0.050000 0.116600
0.160896 0.193186 0.001077 0.000000
0.000000

0.000000 0.226440 5.212728
0.081292 0.009044 1.310097 7.258450 177.374802
0.000000 0.296752 0.017258 0.000000 0.000000 0.000000
0.000000 0.000002 0.000000
5.281045 1.000000 0.000000
764.299377 0.000000
0.000000 0.000000 0.000000 0.000000
0.000000 0.753275
11 0.015000 0.795000 0.001000
0.487000 0.580000 0.780000 0.490000 1.250000 6.700000 0.650000 0.650000
187499.984375 75.360001 0.084000
1.073000 0.050000 0.116600
0.161303 0.168560 0.000939 0.000000
0.000000

0.000000 0.211345 4.868052
0.078335 0.008715 1.263818 7.001235 177.382904
0.000000 0.133236 0.016366 0.000000 0.000000 0.000000
0.000000 0.000005 0.000000
5.376724 1.000000 0.000000
764.299377 0.000000
0.000000 0.000000 0.000000 0.000000
0.000000 0.832451
11 0.015000 0.810000 0.001000
0.487000 0.580000 0.780000 0.490000 1.250000 6.700000 0.650000 0.650000
187499.984375 75.360001 0.084000
1.073000 0.050000 0.116600
0.161347 0.143236 0.000798 0.000000
0.000000

0.000000 0.196727 4.541989
0.075613 0.008412 1.221340 6.765162 177.391998
0.000000 0.067114 0.015528 0.000000 0.000000 0.000000
0.000000 0.000009 0.000000
5.470588 1.000000 0.000000
764.299377 0.000000
0.000000 0.000000 0.000000 0.000000
0.000000 1.017737
11 0.015000 0.825000 0.001000
0.487000 0.580000 0.780000 0.490000 1.250000 6.700000 0.650000 0.650000
187499.984375 75.360001 0.084000
1.073000 0.050000 0.116600
0.161388 0.132782 0.000740 0.000000
0.000000

0.000000 0.183682 4.251527
0.073087 0.008131 1.181837 6.545635 177.408508
0.000000 0.037913 0.015320 0.000000 0.000000 0.000000
0.000000 0.000012 0.000001
5.562665 1.000000 0.000000
764.299377 0.000000
0.000000 0.000000 0.000000 0.000000
0.000000 1.584923
11 0.015000 0.840000 0.001000
0.487000 0.580000 0.780000 0.490000 1.250000 6.700000 0.650000 0.650000
187499.984375 75.360001 0.084000
1.073000 0.050000 0.116600
0.161455 0.138808 0.000773 0.000000
0.000000

0.000000 0.170913 3.965237
0.070745 0.007871 1.145410 6.343193 177.415237
0.000000 0.031388 0.018066 0.000000 0.000000 0.000000
0.000000 0.000014 0.000001
5.652989 1.000000 0.000000
764.299377 0.000000
0.000000 0.000000 0.000000 0.000000
0.000000 2.012216
11 0.015000 0.855000 0.001000
0.487000 0.580000 0.780000 0.490000 1.250000 6.700000 0.650000 0.650000
187499.984375 75.360001 0.084000
1.073000 0.050000 0.116600
0.161490 0.157229 0.000876 0.000000
0.000000

0.000000 0.000000 0.182820
0.041489 0.004616 0.695511 3.851255 177.838028
0.000000 0.051352 0.017361 0.000000 0.000000 0.000000
0.000000 0.000010 0.000000
5.741592 1.000000 0.000000
764.299377 0.000000
0.000000 0.000000 0.000000 0.000000
0.000000 0.897515
11 0.015000 0.870000 0.001000
0.487000 0.580000 0.780000 0.490000 1.250000 6.700000 0.650000 0.650000
187499.984375 75.360001 0.084000
1.073000 0.050000 0.116600
0.162759 0.092127 0.000513 0.000000
0.000000

0.000000 0.000000 0.183996
0.041513 0.004619 0.695936 3.853205 177.847504
0.000000 0.095673 0.017356 0.000000 0.000000 0.000000
0.000000 0.000006 0.000000
5.828508 1.000000 0.000000
764.299377 0.000000
0.000000 0.000000 0.000000 0.000000
0.000000 0.897191
11 0.015000 0.885000 0.001000
0.487000 0.580000 0.780000 0.490000 1.250000 6.700000 0.650000 0.650000
187499.984375 75.360001 0.084000
1.073000 0.050000 0.116600
0.162783 0.092273 0.000514 0.000000
0.000000

0.000000 0.000000 0.184863
0.041530 0.004621 0.696269 3.854651 177.857849
0.000000 0.150080 0.017287 0.000000 0.000000 0.000000
0.000000 0.000004 0.000000
5.913773 1.000000 0.000000
764.299377 0.000000
0.000000 0.000000 0.000000 0.000000
0.000000 0.897171
11 0.015000 0.900000 0.001000
0.487000 0.580000 0.780000 0.490000 1.250000 6.700000 0.650000 0.650000
187499.984375 75.360001 0.084000
1.073000 0.050000 0.116600
0.162801 0.092129 0.000513 0.000000
0.000000

0.000000 0.000000 0.185655
0.041546 0.004622 0.696575 3.855956 177.869965
0.000000 0.193240 0.017215 0.000000 0.000000 0.000000
0.000000 0.000003 0.000000
5.997423 1.000000 0.000000
764.299377 0.000000
0.000000 0.000000 0.000000 0.000000
0.000000 0.897294
11 0.015000 0.915000 0.001000
0.487000 0.580000 0.780000 0.490000 1.250000 6.700000 0.650000 0.650000
187499.984375 75.360001 0.084000
1.073000 0.050000 0.116600
0.162815 0.092172 0.000513 0.000000
0.000000

0.000000 0.000000 0.186424
0.041562 0.004624 0.696868 3.857202 177.878571
0.000000 0.210841 0.017138 0.000000 0.000000 0.000000
0.000000 0.000003 0.000000
6.079494 1.000000 0.000000
764.299377 0.000000
0.000000 0.000000 0.000000 0.000000
0.000000 0.897517
11 0.015000 0.930000 0.001000
0.487000 0.580000 0.780000 0.490000 1.250000 6.700000 0.650000 0.650000
187499.984375 75.360001 0.084000
1.073000 0.050000 0.116600
0.162831 0.092044 0.000513 0.000000
0.000000

0.000000 0.000000 0.187195
0.041577 0.004626 0.697156 3.858417 177.887085
0.000000 0.203100 0.017002 0.000000 0.000000 0.000000
0.000000 0.000003 0.000000
6.160020 1.000000 0.000000
764.299377 0.000000
0.000000 0.000000 0.000000 0.000000
0.000000 0.897762
11 0.015000 0.945000 0.001000
0.487000 0.580000 0.780000 0.490000 1.250000 6.700000 0.650000 0.650000
187499.984375 75.360001 0.084000
1.073000 0.050000 0.116600
0.162846 0.092227 0.000514 0.000000
0.000000

0.000000 0.000000 0.187977
0.041593 0.004628 0.697454 3.859697 177.895615
0.000000 0.180470 0.016915 0.000000 0.000000 0.000000
0.000000 0.000004 0.000000
6.239040 1.000000 0.000000
764.299377 0.000000
0.000000 0.000000 0.000000 0.000000
0.000000 0.897931
11 0.015000 0.960000 0.001000
0.487000 0.580000 0.780000 0.490000 1.250000 6.700000 0.650000 0.650000
187499.984375 75.360001 0.084000
1.073000 0.050000 0.116600
0.162862 0.092180 0.000513 0.000000
0.000000

0.000000 0.000000 0.189104
0.041615 0.004630 0.697854 3.861549 177.904205
0.000000 0.154291 0.016821 0.000000 0.000000 0.000000
0.000000 0.000004 0.000000
6.316586 1.000000 0.000000
764.299377 0.000000
0.000000 0.000000 0.000000 0.000000
0.000000 0.897987
11 0.015000 0.975000 0.001000
0.487000 0.580000 0.780000 0.490000 1.250000 6.700000 0.650000 0.650000
187499.984375 75.360001 0.084000
1.073000 0.050000 0.116600
0.162884 0.092139 0.000513 0.000000
0.000000

0.000000 0.000000 0.190032
0.041632 0.004632 0.698187 3.863036 177.914185
0.000000 0.130891 0.016760 0.000000 0.000000 0.000000
0.000000 0.000005 0.000000
6.392694 1.000000 0.000000
764.299377 0.000000
0.000000 0.000000 0.000000 0.000000
0.000000 0.897882
11 0.015000 0.990000 0.001000
0.487000 0.580000 0.780000 0.490000 1.250000 6.700000 0.650000 0.650000
187499.984375 75.360001 0.084000
1.073000 0.050000 0.116600
0.162898 0.092105 0.000513 0.000000
0.000000

0.000000 0.000000 0.190763
0.041647 0.004634 0.698461 3.864202 177.924362
0.000000 0.111330 0.016664 0.000000 0.000000 0.000000
0.000000 0.000006 0.000000
6.467397 1.000000 0.000000
764.299377 0.000000
0.000000 0.000000 0.000000 0.000000
0.000000 0.897639
11 0.015000 1.005000 0.001000
0.487000 0.580000 0.780000 0.490000 1.250000 6.700000 0.650000 0.650000
187499.984375 75.360001 0.084000
1.073000 0.050000 0.116600
0.162915 0.092271 0.000514 0.000000
0.000000

0.000000 0.000000 0.191755
0.041666 0.004636 0.698807 3.865765 177.932144
0.000000 0.094172 0.016562 0.000000 0.000000 0.000000
0.000000 0.000007 0.000000
6.540727 1.000000 0.000000
764.299377 0.000000
0.000000 0.000000 0.000000 0.000000
0.000000 0.897332
11 0.015000 1.020000 0.001000
0.487000 0.580000 0.780000 0.490000 1.250000 6.700000 0.650000 0.650000
187499.984375 75.360001 0.084000
1.073000 0.050000 0.116600
0.162933 0.092125 0.000513 0.000000
0.000000

0.000000 0.000000 0.192474
0.041680 0.004638 0.699080 3.866930 177.940353
0.000000 0.078052 0.016549 0.000000 0.000000 0.000000
0.000000 0.000008 0.000000
6.612714 1.000000 0.000000
764.299377 0.000000
0.000000 0.000000 0.000000 0.000000
0.000000 0.896947
11 0.015000 1.035000 0.001000
0.487000 0.580000 0.780000 0.490000 1.250000 6.700000 0.650000 0.650000
187499.984375 75.360001 0.084000
1.073000 0.050000 0.116600
0.162947 0.092360 0.000514 0.000000
0.000000

0.000000 0.000000 0.193238
0.041695 0.004639 0.699357 3.868134 177.948746
0.000000 0.062648 0.016437 0.000000 0.000000 0.000000
0.000000 0.000010 0.000000
6.683389 1.000000 0.000000
764.299377 0.000000
0.000000 0.000000 0.000000 0.000000
0.000000 0.896533
11 0.015000 1.050000 0.001000
0.487000 0.580000 0.780000 0.490000 1.250000 6.700000 0.650000 0.650000
187499.984375 75.360001 0.084000
1.073000 0.050000 0.116600
0.162961 0.092174 0.000513 0.000000
0.000000

0.000000 0.000000 0.193942
0.041708 0.004641 0.699612 3.869203 177.957367
0.000000 0.048495 0.016352 0.000000 0.000000 0.000000
0.000000 0.000012 0.000001
6.752781 1.000000 0.000000
764.299377 0.000000
0.000000 0.000000 0.000000 0.000000
0.000000 0.896093
11 0.015000 1.065000 0.001000
0.487000 0.580000 0.780000 0.490000 1.250000 6.700000 0.650000 0.650000
187499.984375 75.360001 0.084000
1.073000 0.050000 0.116600
0.162973 0.092370 0.000514 0.000000
0.000000

0.000000 0.000000 0.194669
0.041722 0.004642 0.699876 3.870338 177.965317
0.000000 0.036344 0.016304 0.000000 0.000000 0.000000
0.000000 0.000015 0.000001
6.820918 1.000000 0.000000
764.299377 0.000000
0.000000 0.000000 0.000000 0.000000
0.000000 0.895639
11 0.015000 1.080000 0.001000
0.487000 0.580000 0.780000 0.490000 1.250000 6.700000 0.650000 0.650000
187499.984375 75.360001 0.084000
1.073000 0.050000 0.116600
0.162986 0.092126 0.000513 0.000000
0.000000

0.000000 0.000000 0.195817
0.041743 0.004645 0.700260 3.872140 177.974350
0.000000 0.026664 0.016187 0.000000 0.000000 0.000000
0.000000 0.000018 0.000001
6.887825 1.000000 0.000000
764.299377 0.000000
0.000000 0.000000 0.000000 0.000000
0.000000 0.895223
11 0.015000 1.095000 0.001000
0.487000 0.580000 0.780000 0.490000 1.250000 6.700000 0.650000 0.650000
187499.984375 75.360001 0.084000
1.073000 0.050000 0.116600
0.163007 0.092477 0.000515 0.000000
0.000000

0.000000 0.000000 0.197106
0.041767 0.004647 0.700681 3.874147 177.984802
0.000000 0.019510 0.016110 0.000000 0.000000 0.000000
0.000000 0.000022 0.000002
6.953528 1.000000 0.000000
764.299377 0.000000
0.000000 0.000000 0.000000 0.000000
0.000000 0.894815
11 0.015000 1.110000 0.001000
0.487000 0.580000 0.780000 0.490000 1.250000 6.700000 0.650000 0.650000
187499.984375 75.360001 0.084000
1.073000 0.050000 0.116600
0.163033 0.092014 0.000512 0.000000
0.000000

0.000000 0.000000 0.197798
0.041779 0.004649 0.700924 3.875179 177.991882
0.000000 0.014554 0.016059 0.000000 0.000000 0.000000
0.000000 0.000025 0.000003
7.018052 1.000000 0.000000
764.299377 0.000000
0.000000 0.000000 0.000000 0.000000
0.000000 0.894351
11 0.015000 1.125000 0.001000
0.487000 0.580000 0.780000 0.490000 1.250000 6.700000 0.650000 0.650000
187499.984375 75.360001 0.084000
1.073000 0.050000 0.116600
0.163045 0.092307 0.000514 0.000000
0.000000

0.000000 0.000000 0.198484
0.041792 0.004650 0.701173 3.876242 178.000092
0.000000 0.011256 0.015954 0.000000 0.000000 0.000000
0.000000 0.000024 0.000004
7.081419 1.000000 0.000000
764.299377 0.000000
0.000000 0.000000 0.000000 0.000000
0.000000 0.893890
11 0.015000 1.140000 0.001000
0.487000 0.580000 0.780000 0.490000 1.250000 6.700000 0.650000 0.650000
187499.984375 75.360001 0.084000
1.073000 0.050000 0.116600
0.163059 0.092236 0.000514 0.000000
0.000000

0.000000 0.000000 0.199164
0.041805 0.004652 0.701419 3.877294 178.007462
0.000000 0.009113 0.015921 0.000000 0.000000 0.000000
0.000000 0.000023 0.000005
7.143651 1.000000 0.000000
764.299377 0.000000
0.000000 0.000000 0.000000 0.000000
0.000000 0.893440
11 0.015000 1.155000 0.001000
0.487000 0.580000 0.780000 0.490000 1.250000 6.700000 0.650000 0.650000
187499.984375 75.360001 0.084000
1.073000 0.050000 0.116600
0.163073 0.092325 0.000514 0.000000
0.000000

0.000000 0.000000 0.199911
0.041819 0.004653 0.701675 3.878409 178.015030
0.000000 0.007709 0.015815 0.000000 0.000000 0.000000
0.000000 0.000022 0.000005
7.204769 1.000000 0.000000
764.299377 0.000000
0.000000 0.000000 0.000000 0.000000
0.000000 0.892996
11 0.015000 1.170000 0.001000
0.487000 0.580000 0.780000 0.490000 1.250000 6.700000 0.650000 0.650000
187499.984375 75.360001 0.084000
1.073000 0.050000 0.116600
0.163082 0.092293 0.000514 0.000000
0.000000

0.000000 0.000000 0.200752
0.041834 0.004655 0.701960 3.879685 178.023132
0.000000 0.006778 0.015773 0.000000 0.000000 0.000000
0.000000 0.000021 0.000006
7.264794 1.000000 0.000000
764.299377 0.000000
0.000000 0.000000 0.000000 0.000000
0.000000 0.892565
11 0.015000 1.185000 0.001000
0.487000 0.580000 0.780000 0.490000 1.250000 6.700000 0.650000 0.650000
187499.984375 75.360001 0.084000
1.073000 0.050000 0.116600
0.163099 0.092033 0.000513 0.000000
0.000000

0.000000 0.000000 0.201411
0.041846 0.004656 0.702188 3.880648 178.030396
0.000000 0.006143 0.015735 0.000000 0.000000 0.000000
0.000000 0.000020 0.000007
7.323744 1.000000 0.000000
764.299377 0.000000
0.000000 0.000000 0.000000 0.000000
0.000000 0.892133
11 0.015000 1.200000 0.001000
0.487000 0.580000 0.780000 0.490000 1.250000 6.700000 0.650000 0.650000
187499.984375 75.360001 0.084000
1.073000 0.050000 0.116600
0.163111 0.092209 0.000514 0.000000
0.000000

0.000000 0.000000 0.202068
0.041858 0.004658 0.702420 3.881637 178.036545
0.000000 0.005694 0.015731 0.000000 0.000000 0.000000
0.000000 0.000020 0.000007
7.381639 1.000000 0.000000
764.299377 0.000000
0.000000 0.000000 0.000000 0.000000
0.000000 0.891700
11 0.015000 1.215000 0.001000
0.487000 0.580000 0.780000 0.490000 1.250000 6.700000 0.650000 0.650000
187499.984375 75.360001 0.084000
1.073000 0.050000 0.116600
0.163124 0.092152 0.000513 0.000000
0.000000

0.000000 0.000000 0.202715
0.041870 0.004659 0.702651 3.882628 178.045471
0.000000 0.005372 0.015702 0.000000 0.000000 0.000000
0.000000 0.000019 0.000007
7.438495 1.000000 0.000000
764.299377 0.000000
0.000000 0.000000 0.000000 0.000000
0.000000 0.891284
11 0.015000 1.230000 0.001000
0.487000 0.580000 0.780000 0.490000 1.250000 6.700000 0.650000 0.650000
187499.984375 75.360001 0.084000
1.073000 0.050000 0.116600
0.163133 0.092218 0.000514 0.000000
0.000000

0.000000 0.000000 0.203360
0.041881 0.004660 0.702873 3.883569 178.052597
0.000000 0.005128 0.015621 0.000000 0.000000 0.000000
0.000000 0.000019 0.000008
7.494328 1.000000 0.000000
764.299377 0.000000
0.000000 0.000000 0.000000 0.000000
0.000000 0.890864
11 0.015000 1.245000 0.001000
0.487000 0.580000 0.780000 0.490000 1.250000 6.700000 0.650000 0.650000
187499.984375 75.360001 0.084000
1.073000 0.050000 0.116600
0.163143 0.092292 0.000514 0.000000
0.000000

0.000000 0.000000 0.203997
0.041893 0.004662 0.703093 3.884513 178.060181
0.000000 0.004950 0.015594 0.000000 0.000000 0.000000
0.000000 0.000019 0.000008
7.549157 1.000000 0.000000
764.299377 0.000000
0.000000 0.000000 0.000000 0.000000
0.000000 0.890455
11 0.015000 1.260000 0.001000
0.487000 0.580000 0.780000 0.490000 1.250000 6.700000 0.650000 0.650000
187499.984375 75.360001 0.084000
1.073000 0.050000 0.116600
0.163158 0.092594 0.000516 0.000000
0.000000

0.000000 0.000000 0.204648
0.041904 0.004663 0.703312 3.885443 178.067459
0.000000 0.004824 0.015572 0.000000 0.000000 0.000000
0.000000 0.000019 0.000008
7.602996 1.000000 0.000000
764.299377 0.000000
0.000000 0.000000 0.000000 0.000000
0.000000 0.890054
11 0.015000 1.275000 0.001000
0.487000 0.580000 0.780000 0.490000 1.250000 6.700000 0.650000 0.650000
187499.984375 75.360001 0.084000
1.073000 0.050000 0.116600
0.163169 0.092539 0.000515 0.000000
0.000000

0.000000 0.000000 0.205423
0.041918 0.004664 0.703568 3.886578 178.074875
0.000000 0.004727 0.015525 0.000000 0.000000 0.000000
0.000000 0.000018 0.000009
7.655860 1.000000 0.000000
764.299377 0.000000
0.000000 0.000000 0.000000 0.000000
0.000000 0.889667
11 0.015000 1.290000 0.001000
0.487000 0.580000 0.780000 0.490000 1.250000 6.700000 0.650000 0.650000
187499.984375 75.360001 0.084000
1.073000 0.050000 0.116600
0.163182 0.092541 0.000515 0.000000
0.000000

0.000000 0.000000 0.206219
0.041932 0.004666 0.703833 3.887773 178.082657
0.000000 0.004659 0.015497 0.000000 0.000000 0.000000
0.000000 0.000018 0.000009
7.707764 1.000000 0.000000
764.299377 0.000000
0.000000 0.000000 0.000000 0.000000
0.000000 0.889291
11 0.015000 1.305000 0.001000
0.487000 0.580000 0.780000 0.490000 1.250000 6.700000 0.650000 0.650000
187499.984375 75.360001 0.084000
1.073000 0.050000 0.116600
0.163196 0.092419 0.000515 0.000000
0.000000

0.000000 0.000000 0.206884
0.041944 0.004667 0.704057 3.888744 178.089249
0.000000 0.004606 0.015465 0.000000 0.000000 0.000000
0.000000 0.000018 0.000009
7.758722 1.000000 0.000000
764.299377 0.000000
0.000000 0.000000 0.000000 0.000000
0.000000 0.888909
11 0.015000 1.320000 0.001000
0.487000 0.580000 0.780000 0.490000 1.250000 6.700000 0.650000 0.650000
187499.984375 75.360001 0.084000
1.073000 0.050000 0.116600
0.163208 0.092525 0.000515 0.000000
0.000000

0.000000 0.000000 0.207508
0.041955 0.004669 0.704267 3.889648 178.096680
0.000000 0.004563 0.015416 0.000000 0.000000 0.000000
0.000000 0.000018 0.000009
7.808748 1.000000 0.000000
764.299377 0.000000
0.000000 0.000000 0.000000 0.000000
0.000000 0.888528
11 0.015000 1.335000 0.001000
0.487000 0.580000 0.780000 0.490000 1.250000 6.700000 0.650000 0.650000
187499.984375 75.360001 0.084000
1.073000 0.050000 0.116600
0.163221 0.092431 0.000515 0.000000
0.000000

0.000000 0.000000 0.208118
0.041966 0.004670 0.704471 3.890508 178.105087
0.000000 0.004532 0.015394 0.000000 0.000000 0.000000
0.000000 0.000018 0.000009
7.857855 1.000000 0.000000
764.299377 0.000000
0.000000 0.000000 0.000000 0.000000
0.000000 0.888154
11 0.015000 1.350000 0.001000
0.487000 0.580000 0.780000 0.490000 1.250000 6.700000 0.650000 0.650000
187499.984375 75.360001 0.084000
1.073000 0.050000 0.116600
0.163229 0.092519 0.000515 0.000000
0.000000

0.000000 0.000000 0.208727
0.041976 0.004671 0.704674 3.891365 178.112213
0.000000 0.004501 0.015333 0.000000 0.000000 0.000000
0.000000 0.000018 0.000009
7.906055 1.000000 0.000000
764.299377 0.000000
0.000000 0.000000 0.000000 0.000000
0.000000 0.887786
11 0.015000 1.365000 0.001000
0.487000 0.580000 0.780000 0.490000 1.250000 6.700000 0.650000 0.650000
187499.984375 75.360001 0.084000
1.073000 0.050000 0.116600
0.163240 0.092615 0.000516 0.000000
0.000000

0.000000 0.000000 0.209382
0.041988 0.004672 0.704895 3.892323 178.119766
0.000000 0.004476 0.015306 0.000000 0.000000 0.000000
0.000000 0.000018 0.000009
7.953362 1.000000 0.000000
764.299377 0.000000
0.000000 0.000000 0.000000 0.000000
0.000000 0.887425
11 0.015000 1.380000 0.001000
0.487000 0.580000 0.780000 0.490000 1.250000 6.700000 0.650000 0.650000
187499.984375 75.360001 0.084000
1.073000 0.050000 0.116600
0.163250 0.092798 0.000517 0.000000
0.000000

0.000000 0.000000 0.210480
0.042006 0.004674 0.705224 3.893895 178.128128
0.000000 0.004454 0.015274 0.000000 0.000000 0.000000
0.000000 0.000018 0.000009
7.999789 1.000000 0.000000
764.299377 0.000000
0.000000 0.000000 0.000000 0.000000
0.000000 0.887107
11 0.015000 1.395000 0.001000
0.487000 0.580000 0.780000 0.490000 1.250000 6.700000 0.650000 0.650000
187499.984375 75.360001 0.084000
1.073000 0.050000 0.116600
0.163272 0.092547 0.000515 0.000000
0.000000

0.000000 0.000000 0.211105
0.042017 0.004676 0.705431 3.894788 178.135193
0.000000 0.004439 0.015274 0.000000 0.000000 0.000000
0.000000 0.000018 0.000010
8.045346 1.000000 0.000000
764.299377 0.000000
0.000000 0.000000 0.000000 0.000000
0.000000 0.886759
11 0.015000 1.410000 0.001000
0.487000 0.580000 0.780000 0.490000 1.250000 6.700000 0.650000 0.650000
187499.984375 75.360001 0.084000
1.073000 0.050000 0.116600
0.163282 0.092781 0.000517 0.000000
0.000000

0.000000 0.000000 0.211818
0.042029 0.004677 0.705660 3.895803 178.142227
0.000000 0.004426 0.015244 0.000000 0.000000 0.000000
0.000000 0.000018 0.000010
8.090048 1.000000 0.000000
764.299377 0.000000
0.000000 0.000000 0.000000 0.000000
0.000000 0.886411
11 0.015000 1.425000 0.001000
0.487000 0.580000 0.780000 0.490000 1.250000 6.700000 0.650000 0.650000
187499.984375 75.360001 0.084000
1.073000 0.050000 0.116600
0.163291 0.092512 0.000515 0.000000
0.000000

0.000000 0.000000 0.212466
0.042040 0.004678 0.705863 3.896688 178.149246
0.000000 0.004406 0.015206 0.000000 0.000000 0.000000
0.000000 0.000018 0.000010
8.133904 1.000000 0.000000
764.299377 0.000000
0.000000 0.000000 0.000000 0.000000
0.000000 0.886071
11 0.015000 1.440000 0.001000
0.487000 0.580000 0.780000 0.490000 1.250000 6.700000 0.650000 0.650000
187499.984375 75.360001 0.084000
1.073000 0.050000 0.116600
0.163304 0.092547 0.000515 0.000000
0.000000

0.000000 0.000000 0.213047
0.042050 0.004679 0.706056 3.897503 178.155411
0.000000 0.004391 0.015185 0.000000 0.000000 0.000000
0.000000 0.000018 0.000010
8.176925 1.000000 0.000000
764.299377 0.000000
0.000000 0.000000 0.000000 0.000000
0.000000 0.885721
11 0.015000 1.455000 0.001000
0.487000 0.580000 0.780000 0.490000 1.250000 6.700000 0.650000 0.650000
187499.984375 75.360001 0.084000
1.073000 0.050000 0.116600
0.163318 0.092494 0.000515 0.000000
0.000000

0.000000 0.000000 0.213623
0.042060 0.004680 0.706245 3.898306 178.161575
0.000000 0.004379 0.015167 0.000000 0.000000 0.000000
0.000000 0.000018 0.000010
8.219122 1.000000 0.000000
764.299377 0.000000
0.000000 0.000000 0.000000 0.000000
0.000000 0.885372
11 0.015000 1.470000 0.001000
0.487000 0.580000 0.780000 0.490000 1.250000 6.700000 0.650000 0.650000
187499.984375 75.360001 0.084000
1.073000 0.050000 0.116600
0.163324 0.092561 0.000516 0.000000
0.000000

0.000000 0.000000 0.214196
0.042069 0.004681 0.706434 3.899108 178.168182
0.000000 0.004365 0.015122 0.000000 0.000000 0.000000
0.000000 0.000018 0.000010
8.260509 1.000000 0.000000
764.299377 0.000000
0.000000 0.000000 0.000000 0.000000
0.000000 0.885029
11 0.015000 1.485000 0.001000
0.487000 0.580000 0.780000 0.490000 1.250000 6.700000 0.650000 0.650000
187499.984375 75.360001 0.084000
1.073000 0.050000 0.116600
0.163334 0.092643 0.000516 0.000000
0.000000

0.000000 0.000000 0.214763
0.042079 0.004683 0.706622 3.899913 178.175613
0.000000 0.004350 0.015097 0.000000 0.000000 0.000000
0.000000 0.000018 0.000010
8.301094 1.000000 0.000000
764.299377 0.000000
0.000000 0.000000 0.000000 0.000000
0.000000 0.884684
11 0.015000 1.500000 0.001000
0.487000 0.580000 0.780000 0.490000 1.250000 6.700000 0.650000 0.650000
187499.984375 75.360001 0.084000
1.073000 0.050000 0.116600
0.163342 0.092967 0.000518 0.000000
0.000000

0.000000 0.000000 0.215372
0.042090 0.004684 0.706821 3.900782 178.182343
0.000000 0.004329 0.015039 0.000000 0.000000 0.000000
0.000000 0.000018 0.000010
8.340890 1.000000 0.000000
764.299377 0.000000
0.000000 0.000000 0.000000 0.000000
0.000000 0.884348
11 0.015000 1.515000 0.001000
0.487000 0.580000 0.780000 0.490000 1.250000 6.700000 0.650000 0.650000
187499.984375 75.360001 0.084000
1.073000 0.050000 0.116600
0.163352 0.092698 0.000516 0.000000
0.000000

0.000000 0.000000 0.215959
0.042099 0.004685 0.707004 3.901562 178.189087
0.000000 0.004312 0.015035 0.000000 0.000000 0.000000
0.000000 0.000018 0.000010
8.379905 1.000000 0.000000
764.299377 0.000000
0.000000 0.000000 0.000000 0.000000
0.000000 0.884009
11 0.015000 1.530000 0.001000
0.487000 0.580000 0.780000 0.490000 1.250000 6.700000 0.650000 0.650000
187499.984375 75.360001 0.084000
1.073000 0.050000 0.116600
0.163368 0.092792 0.000517 0.000000
0.000000

0.000000 0.000000 0.217837
0.042129 0.004688 0.707515 3.904155 178.202026
0.000000 0.004297 0.015004 0.000000 0.000000 0.000000
0.000000 0.000018 0.000011
8.418150 1.000000 0.000000
764.299377 0.000000
0.000000 0.000000 0.000000 0.000000
0.000000 0.883786
11 0.015000 1.545000 0.001000
0.487000 0.580000 0.780000 0.490000 1.250000 6.700000 0.650000 0.650000
187499.984375 75.360001 0.084000
1.073000 0.050000 0.116600
0.163395 0.092868 0.000517 0.000000
0.000000

0.000000 0.000000 0.223033
0.042209 0.004697 0.708844 3.911260 178.238007
0.000000 0.004272 0.014933 0.000000 0.000000 0.000000
0.000000 0.000018 0.000011
8.455636 1.000000 0.000000
764.299377 0.000000
0.000000 0.000000 0.000000 0.000000
0.000000 0.883850
11 0.015000 1.560000 0.001000
0.487000 0.580000 0.780000 0.490000 1.250000 6.700000 0.650000 0.650000
187499.984375 75.360001 0.084000
1.073000 0.050000 0.116600
0.163476 0.092566 0.000516 0.000000
0.000000

0.000000 0.000000 0.223600
0.042218 0.004698 0.709017 3.911993 178.244019
0.000000 0.004255 0.014907 0.000000 0.000000 0.000000
0.000000 0.000018 0.000011
8.492372 1.000000 0.000000
764.299377 0.000000
0.000000 0.000000 0.000000 0.000000
0.000000 0.883514
11 0.015000 1.575000 0.001000
0.487000 0.580000 0.780000 0.490000 1.250000 6.700000 0.650000 0.650000
187499.984375 75.360001 0.084000
1.073000 0.050000 0.116600
0.163494 0.092639 0.000516 0.000000
0.000000

0.000000 0.000000 0.224168
0.042228 0.004699 0.709200 3.912779 178.250626
0.000000 0.004237 0.014869 0.000000 0.000000 0.000000
0.000000 0.000018 0.000011
8.528369 1.000000 0.000000
764.299377 0.000000
0.000000 0.000000 0.000000 0.000000
0.000000 0.883190
11 0.015000 1.590000 0.001000
0.487000 0.580000 0.780000 0.490000 1.250000 6.700000 0.650000 0.650000
187499.984375 75.360001 0.084000
1.073000 0.050000 0.116600
0.163499 0.092726 0.000516 0.000000
0.000000

0.000000 0.000000 0.224733
0.042237 0.004700 0.709375 3.913530 178.257446
0.000000 0.004223 0.014860 0.000000 0.000000 0.000000
0.000000 0.000018 0.000011
8.563635 1.000000 0.000000
764.299377 0.000000
0.000000 0.000000 0.000000 0.000000
0.000000 0.882861
11 0.015000 1.605000 0.001000
0.487000 0.580000 0.780000 0.490000 1.250000 6.700000 0.650000 0.650000
187499.984375 75.360001 0.084000
1.073000 0.050000 0.116600
0.163508 0.092974 0.000518 0.000000
0.000000

0.000000 0.000000 0.225356
0.042247 0.004701 0.709561 3.914337 178.264404
0.000000 0.004208 0.014817 0.000000 0.000000 0.000000
0.000000 0.000018 0.000011
8.598181 1.000000 0.000000
764.299377 0.000000
0.000000 0.000000 0.000000 0.000000
0.000000 0.882544
11 0.015000 1.620000 0.001000
0.487000 0.580000 0.780000 0.490000 1.250000 6.700000 0.650000 0.650000
187499.984375 75.360001 0.084000
1.073000 0.050000 0.116600
0.163519 0.092795 0.000517 0.000000
0.000000

0.000000 0.000000 0.228898
0.042300 0.004707 0.710458 3.919066 178.293930
0.000000 0.004188 0.014773 0.000000 0.000000 0.000000
0.000000 0.000018 0.000011
8.632014 1.000000 0.000000
764.299377 0.000000
0.000000 0.000000 0.000000 0.000000
0.000000 0.882479
11 0.015000 1.635000 0.001000
0.487000 0.580000 0.780000 0.490000 1.250000 6.700000 0.650000 0.650000
187499.984375 75.360001 0.084000
1.073000 0.050000 0.116600
0.163575 0.092813 0.000517 0.000000
0.000000

0.000000 0.000000 0.229524
0.042310 0.004708 0.710644 3.919882 178.301727
0.000000 0.004166 0.014712 0.000000 0.000000 0.000000
0.000000 0.000018 0.000011
8.665146 1.000000 0.000000
764.299377 0.000000
0.000000 0.000000 0.000000 0.000000
0.000000 0.882171
11 0.015000 1.650000 0.001000
0.487000 0.580000 0.780000 0.490000 1.250000 6.700000 0.650000 0.650000
187499.984375 75.360001 0.084000
1.073000 0.050000 0.116600
0.163585 0.092682 0.000516 0.000000
0.000000

0.000000 0.000000 0.230091
0.042319 0.004709 0.710815 3.920619 178.308182
0.000000 0.004148 0.014683 0.000000 0.000000 0.000000
0.000000 0.000018 0.000011
8.697584 1.000000 0.000000
764.299377 0.000000
0.000000 0.000000 0.000000 0.000000
0.000000 0.881857
11 0.015000 1.665000 0.001000
0.487000 0.580000 0.780000 0.490000 1.250000 6.700000 0.650000 0.650000
187499.984375 75.360001 0.084000
1.073000 0.050000 0.116600
0.163594 0.092764 0.000517 0.000000
0.000000

0.000000 0.000000 0.230655
0.042328 0.004710 0.710989 3.921367 178.315247
0.000000 0.004133 0.014671 0.000000 0.000000 0.000000
0.000000 0.000018 0.000011
8.729337 1.000000 0.000000
764.299377 0.000000
0.000000 0.000000 0.000000 0.000000
0.000000 0.881546
11 0.015000 1.680000 0.001000
0.487000 0.580000 0.780000 0.490000 1.250000 6.700000 0.650000 0.650000
187499.984375 75.360001 0.084000
1.073000 0.050000 0.116600
0.163605 0.093088 0.000518 0.000000
0.000000

0.000000 0.000000 0.231286
0.042338 0.004711 0.711172 3.922165 178.322189
0.000000 0.004117 0.014644 0.000000 0.000000 0.000000
0.000000 0.000018 0.000012
8.760414 1.000000 0.000000
764.299377 0.000000
0.000000 0.000000 0.000000 0.000000
0.000000 0.881247
11 0.015000 1.695000 0.001000
0.487000 0.580000 0.780000 0.490000 1.250000 6.700000 0.650000 0.650000
187499.984375 75.360001 0.084000
1.073000 0.050000 0.116600
0.163611 0.092853 0.000517 0.000000
0.000000

0.000000 0.000000 0.232032
0.042349 0.004713 0.711388 3.923150 178.330597
0.000000 0.004099 0.014583 0.000000 0.000000 0.000000
0.000000 0.000018 0.000012
8.790823 1.000000 0.000000
764.299377 0.000000
0.000000 0.000000 0.000000 0.000000
0.000000 0.880954
11 0.015000 1.710000 0.001000
0.487000 0.580000 0.780000 0.490000 1.250000 6.700000 0.650000 0.650000
187499.984375 75.360001 0.084000
1.073000 0.050000 0.116600
0.163625 0.092894 0.000517 0.000000
0.000000

0.000000 0.000000 0.232588
0.042358 0.004714 0.711552 3.923857 178.337189
0.000000 0.004087 0.014596 0.000000 0.000000 0.000000
0.000000 0.000018 0.000012
8.820571 1.000000 0.000000
764.299377 0.000000
0.000000 0.000000 0.000000 0.000000
0.000000 0.880645
11 0.015000 1.725000 0.001000
0.487000 0.580000 0.780000 0.490000 1.250000 6.700000 0.650000 0.650000
187499.984375 75.360001 0.084000
1.073000 0.050000 0.116600
0.163633 0.092999 0.000518 0.000000
0.000000

0.000000 0.000000 0.233272
0.042368 0.004715 0.711744 3.924715 178.344879
0.000000 0.004072 0.014533 0.000000 0.000000 0.000000
0.000000 0.000018 0.000012
8.849666 1.000000 0.000000
764.299377 0.000000
0.000000 0.000000 0.000000 0.000000
0.000000 0.880353
11 0.015000 1.740000 0.001000
0.487000 0.580000 0.780000 0.490000 1.250000 6.700000 0.650000 0.650000
187499.984375 75.360001 0.084000
1.073000 0.050000 0.116600
0.163644 0.093081 0.000518 0.000000
0.000000

0.000000 0.000000 0.235780
0.042405 0.004719 0.712367 3.927953 178.363419
0.000000 0.004048 0.014451 0.000000 0.000000 0.000000
0.000000 0.000018 0.000012
8.878117 1.000000 0.000000
764.299377 0.000000
0.000000 0.000000 0.000000 0.000000
0.000000 0.880222
11 0.015000 1.755000 0.001000
0.487000 0.580000 0.780000 0.490000 1.250000 6.700000 0.650000 0.650000
187499.984375 75.360001 0.084000
1.073000 0.050000 0.116600
0.163682 0.092987 0.000518 0.000000
0.000000

0.000000 0.000000 0.239852
0.042464 0.004726 0.713343 3.933137 178.382355
0.000000 0.004030 0.014446 0.000000 0.000000 0.000000
0.000000 0.000018 0.000012
8.905930 1.000000 0.000000
764.299377 0.000000
0.000000 0.000000 0.000000 0.000000
0.000000 0.880217
11 0.015000 1.770000 0.001000
0.487000 0.580000 0.780000 0.490000 1.250000 6.700000 0.650000 0.650000
187499.984375 75.360001 0.084000
1.073000 0.050000 0.116600
0.163746 0.092897 0.000517 0.000000
0.000000

0.000000 0.000000 0.241178
0.042483 0.004728 0.713680 3.934800 178.391296
0.000000 0.004014 0.014413 0.000000 0.000000 0.000000
0.000000 0.000018 0.000012
8.933112 1.000000 0.000000
764.299377 0.000000
0.000000 0.000000 0.000000 0.000000
0.000000 0.879994
11 0.015000 1.785000 0.001000
0.487000 0.580000 0.780000 0.490000 1.250000 6.700000 0.650000 0.650000
187499.984375 75.360001 0.084000
1.073000 0.050000 0.116600
0.163764 0.093202 0.000519 0.000000
0.000000

0.000000 0.000000 0.243309
0.042514 0.004731 0.714198 3.937456 178.400497
0.000000 0.003997 0.014373 0.000000 0.000000 0.000000
0.000000 0.000018 0.000012
8.959673 1.000000 0.000000
764.299377 0.000000
0.000000 0.000000 0.000000 0.000000
0.000000 0.879832
11 0.015000 1.800000 0.001000
0.487000 0.580000 0.780000 0.490000 1.250000 6.700000 0.650000 0.650000
187499.984375 75.360001 0.084000
1.073000 0.050000 0.116600
0.163796 0.092973 0.000518 0.000000
0.000000

0.000000 0.000000 0.244049
0.042525 0.004732 0.714399 3.938371 178.408203
0.000000 0.003981 0.014352 0.000000 0.000000 0.000000
0.000000 0.000018 0.000012
8.985618 1.000000 0.000000
764.299377 0.000000
0.000000 0.000000 0.000000 0.000000
0.000000 0.879570
11 0.015000 1.815000 0.001000
0.487000 0.580000 0.780000 0.490000 1.250000 6.700000 0.650000 0.650000
187499.984375 75.360001 0.084000
1.073000 0.050000 0.116600
0.163808 0.093053 0.000518 0.000000
0.000000

0.000000 0.000000 0.245583
0.042547 0.004735 0.714775 3.940254 178.416275
0.000000 0.003964 0.014307 0.000000 0.000000 0.000000
0.000000 0.000018 0.000012
9.010954 1.000000 0.000000
764.299377 0.000000
0.000000 0.000000 0.000000 0.000000
0.000000 0.879373
11 0.015000 1.830000 0.001000
0.487000 0.580000 0.780000 0.490000 1.250000 6.700000 0.650000 0.650000
187499.984375 75.360001 0.084000
1.073000 0.050000 0.116600
0.163830 0.093026 0.000518 0.000000
0.000000

0.000000 0.000000 0.246164
0.042555 0.004736 0.714935 3.940947 178.422272
0.000000 0.003948 0.014273 0.000000 0.000000 0.000000
0.000000 0.000018 0.000012
9.035685 1.000000 0.000000
764.299377 0.000000
0.000000 0.000000 0.000000 0.000000
0.000000 0.879098
11 0.015000 1.845000 0.001000
0.487000 0.580000 0.780000 0.490000 1.250000 6.700000 0.650000 0.650000
187499.984375 75.360001 0.084000
1.073000 0.050000 0.116600
0.163839 0.093108 0.000519 0.000000
0.000000

0.000000 0.000000 0.246784
0.042564 0.004737 0.715105 3.941700 178.428329
0.000000 0.003931 0.014239 0.000000 0.000000 0.000000
0.000000 0.000018 0.000013
9.059820 1.000000 0.000000
764.299377 0.000000
0.000000 0.000000 0.000000 0.000000
0.000000 0.878834
11 0.015000 1.860000 0.001000
0.487000 0.580000 0.780000 0.490000 1.250000 6.700000 0.650000 0.650000
187499.984375 75.360001 0.084000
1.073000 0.050000 0.116600
0.163848 0.092970 0.000518 0.000000
0.000000

0.000000 0.000000 0.247503
0.042574 0.004738 0.715293 3.942543 178.435120
0.000000 0.003912 0.014183 0.000000 0.000000 0.000000
0.000000 0.000018 0.000013
9.083363 1.000000 0.000000
764.299377 0.000000
0.000000 0.000000 0.000000 0.000000
0.000000 0.878580
11 0.015000 1.875000 0.001000
0.487000 0.580000 0.780000 0.490000 1.250000 6.700000 0.650000 0.650000
187499.984375 75.360001 0.084000
1.073000 0.050000 0.116600
0.163861 0.093102 0.000519 0.000000
0.000000

0.000000 0.000000 0.248118
0.042583 0.004739 0.715462 3.943288 178.441910
0.000000 0.003898 0.014176 0.000000 0.000000 0.000000
0.000000 0.000018 0.000013
9.106319 1.000000 0.000000
764.299377 0.000000
0.000000 0.000000 0.000000 0.000000
0.000000 0.878320
11 0.015000 1.890000 0.001000
0.487000 0.580000 0.780000 0.490000 1.250000 6.700000 0.650000 0.650000
187499.984375 75.360001 0.084000
1.073000 0.050000 0.116600
0.163866 0.093293 0.000520 0.000000
0.000000

0.000000 0.000000 0.248772
0.042592 0.004740 0.715637 3.944072 178.449020
0.000000 0.003882 0.014122 0.000000 0.000000 0.000000
0.000000 0.000018 0.000013
9.128695 1.000000 0.000000
764.299377 0.000000
0.000000 0.000000 0.000000 0.000000
0.000000 0.878070
11 0.015000 1.905000 0.001000
0.487000 0.580000 0.780000 0.490000 1.250000 6.700000 0.650000 0.650000
187499.984375 75.360001 0.084000
1.073000 0.050000 0.116600
0.163878 0.092988 0.000518 0.000000
0.000000

0.000000 0.000000 0.249375
0.042601 0.004741 0.715805 3.944811 178.455612
0.000000 0.003868 0.014104 0.000000 0.000000 0.000000
0.000000 0.000018 0.000013
9.150496 1.000000 0.000000
764.299377 0.000000
0.000000 0.000000 0.000000 0.000000
0.000000 0.877823
11 0.015000 1.920000 0.001000
0.487000 0.580000 0.780000 0.490000 1.250000 6.700000 0.650000 0.650000
187499.984375 75.360001 0.084000
1.073000 0.050000 0.116600
0.163888 0.092974 0.000518 0.000000
0.000000

0.000000 0.000000 0.249932
0.042608 0.004742 0.715949 3.945428 178.462494
0.000000 0.003848 0.014034 0.000000 0.000000 0.000000
0.000000 0.000018 0.000013
9.171725 1.000000 0.000000
764.299377 0.000000
0.000000 0.000000 0.000000 0.000000
0.000000 0.877572
11 0.015000 1.935000 0.001000
0.487000 0.580000 0.780000 0.490000 1.250000 6.700000 0.650000 0.650000
187499.984375 75.360001 0.084000
1.073000 0.050000 0.116600
0.163894 0.093055 0.000518 0.000000
0.000000

0.000000 0.000000 0.250486
0.042617 0.004743 0.716105 3.946105 178.468857
0.000000 0.003833 0.014022 0.000000 0.000000 0.000000
0.000000 0.000018 0.000013
9.192389 1.000000 0.000000
764.299377 0.000000
0.000000 0.000000 0.000000 0.000000
0.000000 0.877326
11 0.015000 1.950000 0.001000
0.487000 0.580000 0.780000 0.490000 1.250000 6.700000 0.650000 0.650000
187499.984375 75.360001 0.084000
1.073000 0.050000 0.116600
0.163901 0.093362 0.000520 0.000000
0.000000

0.000000 0.000000 0.251145
0.042625 0.004744 0.716272 3.946848 178.476379
0.000000 0.003818 0.013988 0.000000 0.000000 0.000000
0.000000 0.000018 0.000013
9.212489 1.000000 0.000000
764.299377 0.000000
0.000000 0.000000 0.000000 0.000000
0.000000 0.877091
11 0.015000 1.965000 0.001000
0.487000 0.580000 0.780000 0.490000 1.250000 6.700000 0.650000 0.650000
187499.984375 75.360001 0.084000
1.073000 0.050000 0.116600
0.163913 0.093248 0.000519 0.000000
0.000000

0.000000 0.000000 0.252643
0.042646 0.004746 0.716626 3.948622 178.484787
0.000000 0.003797 0.013939 0.000000 0.000000 0.000000
0.000000 0.000018 0.000013
9.232033 1.000000 0.000000
764.299377 0.000000
0.000000 0.000000 0.000000 0.000000
0.000000 0.876931
11 0.015000 1.980000 0.001000
0.487000 0.580000 0.780000 0.490000 1.250000 6.700000 0.650000 0.650000
187499.984375 75.360001 0.084000
1.073000 0.050000 0.116600
0.163931 0.093274 0.000520 0.000000
0.000000

0.000000 0.000000 0.253463
0.042657 0.004747 0.716831 3.949581 178.491638
0.000000 0.010508 0.014143 0.000000 0.000000 0.000000
0.000000 0.000028 0.000006
9.251019 1.000000 0.000000
764.299377 0.000000
0.000000 0.000000 0.000000 0.000000
0.000000 0.876679
11 0.015000 1.995000 0.001000
0.487000 0.580000 0.780000 0.490000 1.250000 6.700000 0.650000 0.650000
187499.984375 75.360001 0.084000
1.073000 0.050000 0.116600
0.163945 0.093374 0.000520 0.000000
0.000000
1.000000
2.000000
0.321000 0.000000
0.000000
0
-0.750000
0 0
0.000000
1
0.000000
1.000000
1.000000
1.000000
0.000000 0.000000 0.000000
0.000000 0.000000
0.000000 0.000000 0.000000 0.000000 0.000000 0.000000 0.000000
0.000000 0.000000 0.000000 0.000000 0.000000 0.000000 0.000000
605
2.000000
1
C:\Kingsite\dnd\Ohio1.spf
-1.000000 -1.000000
0.000000
50
50
10.000000
100
