11
Clay
0.580000 0.612000 0.084000 0.780000 0.530000 1.000000 0.000000 0.000000
1.020000 6.700000 1 0.028600 0.500000 0.050000 0.010000 0.027000 0.963000
0.000000 0.015000 2.000000 152999.984375 75.360001 133
0.103800 3.528000 4.728100 0.000000 1
8.234000 8.234000 10.000000 5.000000 25.000000 100.000000
0.000000 0.000000 0.000000 0.000000 104.331581 154.363449
500.000000 0.000000 0.000000

0.285587 291.352997 697.706604
10.219721 1.201314 138.117676 841.037354 3481.916504
0.000000 0.004933 0.017569 0.903288 0.000000 0.000000
0.000005 0.000017 0.000329
0.397281 0.766929 0.000000
764.299377 0.000000
1.690357 0.000000 0.000000 0.000000
0.000000 0.280047
11 0.015000 0.015000 0.028600
0.612000 0.580000 0.780000 0.530000 1.020000 6.700000 0.780000 0.780000
152999.984375 75.360001 0.084000
1.073000 0.050000 0.116600
2.285504 3.120512 0.021132 0.000000
0.000000

0.279583 32.437180 36.861031
6.883311 0.765530 105.149994 631.829468 3673.487305
0.000000 0.008090 0.010660 0.499431 0.000000 0.000000
0.000004 0.000012 0.000125
0.503605 0.766929 0.000000
764.299377 0.000000
0.000000 0.000000 0.000000 0.000000
0.000000 0.167063
11 0.015000 0.030000 0.028600
0.612000 0.580000 0.780000 0.530000 1.020000 6.700000 0.780000 0.780000
152999.984375 75.360001 0.084000
1.073000 0.050000 0.116600
2.417846 4.516174 0.031002 0.000000
0.000000

0.261345 27.843124 22.738300
6.813056 0.757672 105.222496 627.872559 3673.482178
0.000000 0.010290 0.012152 0.249715 0.000000 0.000000
0.000004 0.000015 0.000119
0.609685 0.766929 0.000000
764.299377 0.000000
0.000000 0.000000 0.000000 0.000000
0.000000 0.138231
11 0.015000 0.045000 0.028600
0.612000 0.580000 0.780000 0.530000 1.020000 6.700000 0.780000 0.780000
152999.984375 75.360001 0.084000
1.073000 0.050000 0.116600
2.420875 5.596024 0.038825 0.000000
0.000000

0.244924 25.776134 21.859909
6.804566 0.756695 105.714233 627.955505 3673.520508
0.000000 0.010732 0.011737 0.124858 0.000000 0.000000
0.000004 0.000021 0.000119
0.715399 0.766929 0.000000
764.299377 0.000000
0.000000 0.000000 0.000000 0.000000
0.000000 0.129422
11 0.015000 0.060000 0.028600
0.612000 0.580000 0.780000 0.530000 1.020000 6.700000 0.780000 0.780000
152999.984375 75.360001 0.084000
1.073000 0.050000 0.116600
2.422894 6.235870 0.043540 0.000000
0.000000

0.228772 23.846424 20.996880
6.795093 0.755617 106.063416 627.869507 3673.560303
0.000000 0.011024 0.011499 0.062429 0.000000 0.000000
0.000003 0.000023 0.000116
0.820629 0.766929 0.000000
764.299377 0.000000
0.000000 0.000000 0.000000 0.000000
0.000000 0.123825
11 0.015000 0.075000 0.028600
0.612000 0.580000 0.780000 0.530000 1.020000 6.700000 0.780000 0.780000
152999.984375 75.360001 0.084000
1.073000 0.050000 0.116600
2.424391 6.744828 0.047334 0.000000
0.000000

0.213057 22.026955 20.141464
6.787691 0.754786 106.323853 627.725464 3673.565430
0.000000 0.011127 0.011198 0.031214 0.000000 0.000000
0.000003 0.000026 0.000113
0.925256 0.766929 0.000000
764.299377 0.000000
0.000000 0.000000 0.000000 0.000000
0.000000 0.122345
11 0.015000 0.090000 0.028600
0.612000 0.580000 0.780000 0.530000 1.020000 6.700000 0.780000 0.780000
152999.984375 75.360001 0.084000
1.073000 0.050000 0.116600
2.425590 6.970725 0.049030 0.000000
0.000000

0.198785 20.420019 107.970924
7.047853 0.783709 110.364311 650.153015 3667.970459
0.000000 0.007077 0.007601 0.015607 0.000000 0.000000
0.000002 0.000018 0.000122
1.029166 0.766929 0.000000
764.299377 0.000000
0.000000 0.000000 0.000000 0.000000
0.000000 0.173268
11 0.015000 0.105000 0.028600
0.612000 0.580000 0.780000 0.530000 1.020000 6.700000 0.780000 0.780000
152999.984375 75.360001 0.084000
1.073000 0.050000 0.116600
2.456056 6.975038 0.049062 0.000000
0.000000

0.181982 18.443409 94.177383
3.100389 0.344770 47.521282 279.755005 2878.476318
0.000000 0.002841 0.003402 0.007804 0.000000 0.000000
0.000001 0.000003 0.000045
1.139464 0.635566 0.000000
764.299377 0.000000
0.000000 0.000000 0.000000 0.000000
0.000000 0.145666
11 0.015000 0.120000 0.018000
0.547000 0.580000 0.780000 0.490000 1.150000 6.700000 0.650000 0.650000
172500.000000 75.360001 0.084000
1.073000 0.050000 0.116600
2.450487 9.051948 0.042282 0.000000
0.000000

0.168655 16.976271 88.359268
2.920681 0.324785 44.852512 263.633148 2878.743408
0.000000 0.002497 0.003098 0.003902 0.000000 0.000000
0.000001 0.000001 0.000048
1.257159 0.635566 0.000000
764.299377 0.000000
0.000000 0.000000 0.000000 0.000000
0.000000 0.140578
11 0.015000 0.135000 0.018000
0.547000 0.580000 0.780000 0.490000 1.150000 6.700000 0.650000 0.650000
172500.000000 75.360001 0.084000
1.073000 0.050000 0.116600
2.456135 9.049331 0.042270 0.000000
0.000000

0.156186 15.619654 82.880768
2.752941 0.306131 42.343258 248.595825 2878.993164
0.000000 0.002084 0.002724 0.001951 0.000000 0.000000
0.000001 0.000000 0.000050
1.373829 0.635566 0.000000
764.299377 0.000000
0.000000 0.000000 0.000000 0.000000
0.000000 0.135768
11 0.015000 0.150000 0.018000
0.547000 0.580000 0.780000 0.490000 1.150000 6.700000 0.650000 0.650000
172500.000000 75.360001 0.084000
1.073000 0.050000 0.116600
2.461254 8.657681 0.040298 0.000000
0.000000

0.144813 29.621075 78.009163
2.690952 0.299239 42.021664 246.381393 2880.385498
0.000000 0.001143 0.001986 0.000975 0.000000 0.000000
0.000000 0.000000 0.000052
1.489364 0.635566 0.000000
764.299377 0.000000
0.000000 0.000000 0.000000 0.000000
0.000000 0.165326
11 0.015000 0.165000 0.018000
0.547000 0.580000 0.780000 0.490000 1.150000 6.700000 0.650000 0.650000
172500.000000 75.360001 0.084000
1.073000 0.050000 0.116600
2.466210 9.108055 0.042566 0.000000
0.000000

0.133952 27.607626 73.019920
2.538307 0.282264 39.675968 232.447479 2880.624268
0.000000 0.000808 0.001705 0.000488 0.000000 0.000000
0.000000 0.000000 0.000053
1.603655 0.635566 0.000000
764.299377 0.000000
0.000000 0.000000 0.000000 0.000000
0.000000 0.159368
11 0.015000 0.180000 0.018000
0.547000 0.580000 0.780000 0.490000 1.150000 6.700000 0.650000 0.650000
172500.000000 75.360001 0.084000
1.073000 0.050000 0.116600
2.470537 8.951134 0.041774 0.000000
0.000000

0.124029 25.730301 68.349670
2.395999 0.266439 37.491772 219.449829 2880.910156
0.000000 0.000615 0.001552 0.000244 0.000000 0.000000
0.000000 0.000000 0.000054
1.716598 0.635566 0.000000
764.299377 0.000000
0.000000 0.000000 0.000000 0.000000
0.000000 0.154231
11 0.015000 0.195000 0.018000
0.547000 0.580000 0.780000 0.490000 1.150000 6.700000 0.650000 0.650000
172500.000000 75.360001 0.084000
1.073000 0.050000 0.116600
2.474402 9.248418 0.043277 0.000000
0.000000

0.114324 23.711115 62.213646
2.241787 0.249290 35.094872 205.424133 2877.066406
0.000000 0.000483 0.001442 0.000122 0.000000 0.000000
0.000000 0.000000 0.000057
1.827689 0.650000 0.000000
764.299377 0.000000
0.000000 0.000000 0.000000 0.000000
0.000000 0.148284
11 0.015000 0.210000 0.018000
0.547000 0.580000 0.780000 0.490000 1.150000 6.700000 0.650000 0.650000
172500.000000 75.360001 0.084000
1.073000 0.050000 0.116600
2.465297 7.955983 0.037619 0.000000
0.000000

0.105759 22.042583 58.530056
1.891057 0.210289 29.544443 172.807343 1508.660278
0.000000 0.000102 0.000806 0.000061 0.000000 0.000000
0.000000 0.000000 0.000031
1.937767 0.650000 0.000000
764.299377 0.000000
0.000000 0.000000 0.000000 0.000000
0.000000 0.143867
11 0.015000 0.225000 0.009000
0.527000 0.580000 0.780000 0.490000 1.200000 6.700000 0.650000 0.650000
180000.015625 75.360001 0.084000
1.073000 0.050000 0.116600
1.287418 8.435557 0.036869 0.000000
0.000000

0.097790 20.490450 54.532455
1.774511 0.197329 27.743082 162.175995 1508.039307
0.000000 0.000027 0.000534 0.000030 0.000000 0.000000
0.000000 0.000000 0.000029
2.047112 0.650000 0.000000
764.299377 0.000000
0.000000 0.000000 0.000000 0.000000
0.000000 0.140814
11 0.015000 0.240000 0.009000
0.527000 0.580000 0.780000 0.490000 1.200000 6.700000 0.650000 0.650000
180000.015625 75.360001 0.084000
1.073000 0.050000 0.116600
1.288528 8.215756 0.035841 0.000000
0.000000

0.090417 19.054523 50.952477
1.665903 0.185251 26.061590 152.263062 1507.478882
0.000000 0.000007 0.000375 0.000015 0.000000 0.000000
0.000000 0.000000 0.000018
2.154693 0.650000 0.000000
764.299377 0.000000
0.000000 0.000000 0.000000 0.000000
0.000000 0.138245
11 0.015000 0.255000 0.009000
0.527000 0.580000 0.780000 0.490000 1.200000 6.700000 0.650000 0.650000
180000.015625 75.360001 0.084000
1.073000 0.050000 0.116600
1.289555 7.908416 0.034410 0.000000
0.000000

0.083595 17.703096 47.373840
1.564328 0.173956 24.507999 143.116516 1506.976074
0.000000 0.000006 0.000365 0.000008 0.000000 0.000000
0.000000 0.000000 0.000016
2.260433 0.650000 0.000000
764.299377 0.000000
0.000000 0.000000 0.000000 0.000000
0.000000 0.133680
11 0.015000 0.270000 0.009000
0.527000 0.580000 0.780000 0.490000 1.200000 6.700000 0.650000 0.650000
180000.015625 75.360001 0.084000
1.073000 0.050000 0.116600
1.290462 7.405400 0.032085 0.000000
0.000000

0.077284 16.444849 44.058529
1.470270 0.163497 23.060259 134.609161 1506.527954
0.000000 0.000004 0.000338 0.000004 0.000000 0.000000
0.000000 0.000000 0.000010
2.364264 0.650000 0.000000
764.299377 0.000000
0.000000 0.000000 0.000000 0.000000
0.000000 0.130079
11 0.015000 0.285000 0.009000
0.527000 0.580000 0.780000 0.490000 1.200000 6.700000 0.650000 0.650000
180000.015625 75.360001 0.084000
1.073000 0.050000 0.116600
1.291271 7.119831 0.030774 0.000000
0.000000

0.071449 15.272277 40.945011
1.383572 0.153856 21.717434 126.719818 1506.150757
0.000000 0.000005 0.000350 0.000002 0.000000 0.000000
0.000000 0.000000 0.000010
2.466125 0.650000 0.000000
764.299377 0.000000
0.000000 0.000000 0.000000 0.000000
0.000000 0.127477
11 0.015000 0.300000 0.009000
0.527000 0.580000 0.780000 0.490000 1.200000 6.700000 0.650000 0.650000
180000.015625 75.360001 0.084000
1.073000 0.050000 0.116600
1.292060 6.809079 0.029354 0.000000
0.000000

0.066058 14.174841 38.020164
1.305047 0.145125 20.467884 119.394363 1505.726074
0.000000 0.000002 0.000320 0.000001 0.000000 0.000000
0.000000 0.000000 0.000011
2.565960 0.650000 0.000000
764.299377 0.000000
0.000000 0.000000 0.000000 0.000000
0.000000 0.128207
11 0.015000 0.315000 0.009000
0.527000 0.580000 0.780000 0.490000 1.200000 6.700000 0.650000 0.650000
180000.015625 75.360001 0.084000
1.073000 0.050000 0.116600
1.292774 6.484101 0.027877 0.000000
0.000000

0.061069 13.156438 35.585773
1.170535 0.130167 18.342897 106.967033 1152.187012
0.000000 0.000000 0.000247 0.000000 0.000000 0.000000
0.000000 0.000000 0.000007
2.665031 0.650000 0.000000
764.299377 0.000000
0.000000 0.000000 0.000000 0.000000
0.000000 0.125669
11 0.015000 0.330000 0.006600
0.497000 0.580000 0.780000 0.490000 1.250000 6.700000 0.650000 0.650000
187499.984375 75.360001 0.084000
1.073000 0.050000 0.116600
0.988050 6.726746 0.026177 0.000000
0.000000

0.056451 12.205636 33.018982
1.101072 0.122443 17.261774 100.638611 1151.748901
0.000000 0.000014 0.000445 0.000000 0.000000 0.000000
0.000000 0.000000 0.000013
2.763281 0.650000 0.000000
764.299377 0.000000
0.000000 0.000000 0.000000 0.000000
0.000000 0.123237
11 0.015000 0.345000 0.006600
0.497000 0.580000 0.780000 0.490000 1.250000 6.700000 0.650000 0.650000
187499.984375 75.360001 0.084000
1.073000 0.050000 0.116600
0.988526 6.506974 0.025277 0.000000
0.000000

0.052187 11.330989 30.641581
1.036521 0.115265 16.258289 94.761414 1151.448608
0.000000 0.000038 0.000657 0.000000 0.000000 0.000000
0.000000 0.000000 0.000020
2.859340 0.650000 0.000000
764.299377 0.000000
0.000000 0.000000 0.000000 0.000000
0.000000 0.120662
11 0.015000 0.360000 0.006600
0.497000 0.580000 0.780000 0.490000 1.250000 6.700000 0.650000 0.650000
187499.984375 75.360001 0.084000
1.073000 0.050000 0.116600
0.989014 6.107360 0.023649 0.000000
0.000000

0.048248 10.510653 28.347458
0.976593 0.108601 15.326809 89.309814 1151.110474
0.000000 0.000072 0.000902 0.000000 0.000000 0.000000
0.000000 0.000000 0.000024
2.953186 0.650000 0.000000
764.299377 0.000000
0.000000 0.000000 0.000000 0.000000
0.000000 0.117927
11 0.015000 0.375000 0.006600
0.497000 0.580000 0.780000 0.490000 1.250000 6.700000 0.650000 0.650000
187499.984375 75.360001 0.084000
1.073000 0.050000 0.116600
0.989369 5.656172 0.021823 0.000000
0.000000

0.044606 9.752621 26.294512
0.920807 0.102398 14.458322 84.232620 1150.808472
0.000000 0.000114 0.001135 0.000000 0.000000 0.000000
0.000000 0.000000 0.000025
3.044802 0.650000 0.000000
764.299377 0.000000
0.000000 0.000000 0.000000 0.000000
0.000000 0.115134
11 0.015000 0.390000 0.006600
0.497000 0.580000 0.780000 0.490000 1.250000 6.700000 0.650000 0.650000
187499.984375 75.360001 0.084000
1.073000 0.050000 0.116600
0.989732 5.211048 0.020035 0.000000
0.000000

0.041242 9.048178 24.399561
0.868946 0.096631 13.650577 79.512642 1150.600098
0.000000 0.000153 0.001341 0.000000 0.000000 0.000000
0.000000 0.000000 0.000026
3.134185 0.650000 0.000000
764.299377 0.000000
0.000000 0.000000 0.000000 0.000000
0.000000 0.112208
11 0.015000 0.405000 0.006600
0.497000 0.580000 0.780000 0.490000 1.250000 6.700000 0.650000 0.650000
187499.984375 75.360001 0.084000
1.073000 0.050000 0.116600
0.990058 4.884820 0.018732 0.000000
0.000000

0.038133 8.394442 23.563402
0.722654 0.080363 11.314385 65.892075 577.989441
0.000000 0.000068 0.001051 0.000000 0.000000 0.000000
0.000000 0.000000 0.000014
3.221735 0.650000 0.000000
764.299377 0.000000
0.000000 0.000000 0.000000 0.000000
0.000000 0.109126
11 0.015000 0.420000 0.003300
0.487000 0.580000 0.780000 0.490000 1.250000 6.700000 0.650000 0.650000
187499.984375 75.360001 0.084000
1.073000 0.050000 0.116600
0.495168 4.659064 0.017476 0.000000
0.000000

0.035258 7.787531 21.722250
0.678053 0.075403 10.620283 61.841240 577.660095
0.000000 0.000126 0.001584 0.000000 0.000000 0.000000
0.000000 0.000000 0.000014
3.307482 0.650000 0.000000
764.299377 0.000000
0.000000 0.000000 0.000000 0.000000
0.000000 0.105785
11 0.015000 0.435000 0.003300
0.487000 0.580000 0.780000 0.490000 1.250000 6.700000 0.650000 0.650000
187499.984375 75.360001 0.084000
1.073000 0.050000 0.116600
0.495310 4.382776 0.016403 0.000000
0.000000

0.032601 7.225200 20.040480
0.636623 0.070796 9.975460 58.077358 577.410583
0.000000 0.000188 0.002106 0.000000 0.000000 0.000000
0.000000 0.000000 0.000014
3.391040 0.650000 0.000000
764.299377 0.000000
0.000000 0.000000 0.000000 0.000000
0.000000 0.102325
11 0.015000 0.450000 0.003300
0.487000 0.580000 0.780000 0.490000 1.250000 6.700000 0.650000 0.650000
187499.984375 75.360001 0.084000
1.073000 0.050000 0.116600
0.495446 4.133053 0.015438 0.000000
0.000000

0.030148 6.702767 18.503235
0.598116 0.066514 9.375834 54.578686 577.151550
0.000000 0.000256 0.002671 0.000000 0.000000 0.000000
0.000000 0.000000 0.000014
3.472434 0.650000 0.000000
764.299377 0.000000
0.000000 0.000000 0.000000 0.000000
0.000000 0.098756
11 0.015000 0.465000 0.003300
0.487000 0.580000 0.780000 0.490000 1.250000 6.700000 0.650000 0.650000
187499.984375 75.360001 0.084000
1.073000 0.050000 0.116600
0.495563 3.845556 0.014332 0.000000
0.000000

0.027884 6.217969 17.108391
0.562363 0.062538 8.818486 51.329769 576.907532
0.000000 0.000316 0.003151 0.000000 0.000000 0.000000
0.000000 0.000000 0.000014
3.551695 0.650000 0.000000
764.299377 0.000000
0.000000 0.000000 0.000000 0.000000
0.000000 0.095105
11 0.015000 0.480000 0.003300
0.487000 0.580000 0.780000 0.490000 1.250000 6.700000 0.650000 0.650000
187499.984375 75.360001 0.084000
1.073000 0.050000 0.116600
0.495701 3.539622 0.013160 0.000000
0.000000

0.025791 5.767118 15.813519
0.529170 0.058847 8.300772 48.314220 576.704041
0.000000 0.000374 0.003600 0.000000 0.000000 0.000000
0.000000 0.000000 0.000015
3.628864 0.650000 0.000000
764.299377 0.000000
0.000000 0.000000 0.000000 0.000000
0.000000 0.091373
11 0.015000 0.495000 0.003300
0.487000 0.580000 0.780000 0.490000 1.250000 6.700000 0.650000 0.650000
187499.984375 75.360001 0.084000
1.073000 0.050000 0.116600
0.495817 3.279445 0.012168 0.000000
0.000000

0.023855 5.349431 14.630936
0.498328 0.055418 7.819993 45.511269 576.511536
0.000000 0.000434 0.004058 0.000000 0.000000 0.000000
0.000000 0.000000 0.000015
3.703984 0.650000 0.000000
764.299377 0.000000
0.000000 0.000000 0.000000 0.000000
0.000000 0.087605
11 0.015000 0.510000 0.003300
0.487000 0.580000 0.780000 0.490000 1.250000 6.700000 0.650000 0.650000
187499.984375 75.360001 0.084000
1.073000 0.050000 0.116600
0.495930 2.981383 0.011037 0.000000
0.000000

0.022067 4.962390 20.679777
0.382431 0.042529 5.994074 34.881618 176.707733
0.000000 0.000000 0.000100 0.000000 0.000000 0.000000
0.000000 0.000000 0.000001
3.777107 0.650000 0.000000
764.299377 0.000000
0.000000 0.000000 0.000000 0.000000
0.000000 0.080390
11 0.015000 0.525000 0.001000
0.487000 0.580000 0.780000 0.490000 1.250000 6.700000 0.650000 0.650000
187499.984375 75.360001 0.084000
1.073000 0.050000 0.116600
0.150311 2.758661 0.010195 0.000000
0.000000

0.020415 4.602837 18.487606
0.359098 0.039935 5.627935 32.748138 176.528122
0.000000 0.000000 0.000093 0.000000 0.000000 0.000000
0.000000 0.000000 0.000001
3.848293 0.650000 0.000000
764.299377 0.000000
0.000000 0.000000 0.000000 0.000000
0.000000 0.077006
11 0.015000 0.540000 0.001000
0.487000 0.580000 0.780000 0.490000 1.250000 6.700000 0.650000 0.650000
187499.984375 75.360001 0.084000
1.073000 0.050000 0.116600
0.150339 2.577536 0.009512 0.000000
0.000000

0.018888 4.269093 16.548143
0.340323 0.037847 5.284450 30.746998 176.363297
0.000000 0.000029 0.000415 0.000000 0.000000 0.000000
0.000000 0.000000 0.000005
3.917603 0.650000 0.000000
764.299377 0.000000
0.000000 0.000000 0.000000 0.000000
0.000000 0.078755
11 0.015000 0.555000 0.001000
0.487000 0.580000 0.780000 0.490000 1.250000 6.700000 0.650000 0.650000
187499.984375 75.360001 0.084000
1.073000 0.050000 0.116600
0.150368 2.392237 0.008815 0.000000
0.000000

0.017477 3.959518 15.032123
0.318441 0.035414 4.947531 28.784670 176.208633
0.000000 0.000102 0.001524 0.000000 0.000000 0.000000
0.000000 0.000000 0.000005
3.985103 0.650000 0.000000
764.299377 0.000000
0.000000 0.000000 0.000000 0.000000
0.000000 0.074628
11 0.015000 0.570000 0.001000
0.487000 0.580000 0.780000 0.490000 1.250000 6.700000 0.650000 0.650000
187499.984375 75.360001 0.084000
1.073000 0.050000 0.116600
0.150395 2.219004 0.008166 0.000000
0.000000

0.016172 3.672263 13.534848
0.298784 0.033228 4.645945 27.028252 176.064728
0.000000 0.000150 0.002709 0.000000 0.000000 0.000000
0.000000 0.000000 0.000005
4.050864 0.650000 0.000000
764.299377 0.000000
0.000000 0.000000 0.000000 0.000000
0.000000 0.070599
11 0.015000 0.585000 0.001000
0.487000 0.580000 0.780000 0.490000 1.250000 6.700000 0.650000 0.650000
187499.984375 75.360001 0.084000
1.073000 0.050000 0.116600
0.150422 2.047287 0.007524 0.000000
0.000000

0.014965 3.405970 12.331430
0.280246 0.031166 4.360140 25.364124 175.923599
0.000000 0.000174 0.003520 0.000000 0.000000 0.000000
0.000000 0.000000 0.000005
4.114961 0.650000 0.000000
764.299377 0.000000
0.000000 0.000000 0.000000 0.000000
0.000000 0.066882
11 0.015000 0.600000 0.001000
0.487000 0.580000 0.780000 0.490000 1.250000 6.700000 0.650000 0.650000
187499.984375 75.360001 0.084000
1.073000 0.050000 0.116600
0.150448 1.860386 0.006827 0.000000
0.000000

0.013848 3.158821 10.751342
0.263851 0.029343 4.110936 23.913124 175.799911
0.000000 0.000033 0.000510 0.000000 0.000000 0.000000
0.000000 0.000000 0.000005
4.177471 0.650000 0.000000
764.299377 0.000000
0.000000 0.000000 0.000000 0.000000
0.000000 0.063066
11 0.015000 0.615000 0.001000
0.487000 0.580000 0.780000 0.490000 1.250000 6.700000 0.650000 0.650000
187499.984375 75.360001 0.084000
1.073000 0.050000 0.116600
0.150476 1.718352 0.006299 0.000000
0.000000

0.012815 2.929581 9.074896
0.249045 0.027697 3.887689 22.613214 175.707184
0.000000 0.000095 0.001893 0.000000 0.000000 0.000000
0.000000 0.000000 0.000005
4.238475 0.650000 0.000000
764.299377 0.000000
0.000000 0.000000 0.000000 0.000000
0.000000 0.059312
11 0.015000 0.630000 0.001000
0.487000 0.580000 0.780000 0.490000 1.250000 6.700000 0.650000 0.650000
187499.984375 75.360001 0.084000
1.073000 0.050000 0.116600
0.150494 1.578977 0.005782 0.000000
0.000000

0.011861 2.717239 7.762197
0.234433 0.026072 3.665007 21.316698 175.623352
0.000000 0.000197 0.004912 0.000000 0.000000 0.000000
0.000000 0.000000 0.000005
4.298056 0.650000 0.000000
764.299377 0.000000
0.000000 0.000000 0.000000 0.000000
0.000000 0.055881
11 0.015000 0.645000 0.001000
0.487000 0.580000 0.780000 0.490000 1.250000 6.700000 0.650000 0.650000
187499.984375 75.360001 0.084000
1.073000 0.050000 0.116600
0.150518 2.178962 0.008016 0.000000
0.000000

0.011034 2.526016 6.987116
0.220042 0.024472 3.442683 20.018024 175.533966
0.000000 0.000368 0.010072 0.000000 0.000000 0.000000
0.000000 0.000000 0.000005
4.356296 0.650000 0.000000
764.299377 0.000000
0.000000 0.000000 0.000000 0.000000
0.000000 0.052877
11 0.015000 0.660000 0.001000
0.487000 0.580000 0.780000 0.490000 1.250000 6.700000 0.650000 0.650000
187499.984375 75.360001 0.084000
1.073000 0.050000 0.116600
0.150592 2.506512 0.009244 0.000000
0.000000

0.010314 2.353220 6.462703
0.206482 0.022964 3.232599 18.784983 175.443008
0.000000 0.000567 0.015830 0.000000 0.000000 0.000000
0.000000 0.000000 0.000005
4.413282 0.650000 0.000000
764.299377 0.000000
0.000000 0.000000 0.000000 0.000000
0.000000 0.050104
11 0.015000 0.675000 0.001000
0.487000 0.580000 0.780000 0.490000 1.250000 6.700000 0.650000 0.650000
187499.984375 75.360001 0.084000
1.073000 0.050000 0.116600
0.150675 2.980915 0.011035 0.000000
0.000000

0.009626 2.196244 6.034700
0.193931 0.021568 3.038917 17.640099 175.359558
0.000000 0.006227 0.017840 0.000000 0.000000 0.000000
0.000000 0.000005 0.000001
4.469099 0.650000 0.000000
764.299377 0.000000
0.000000 0.000000 0.000000 0.000000
0.000000 0.047531
11 0.015000 0.690000 0.001000
0.487000 0.580000 0.780000 0.490000 1.250000 6.700000 0.650000 0.650000
187499.984375 75.360001 0.084000
1.073000 0.050000 0.116600
0.150781 2.970640 0.010996 0.000000
0.000000

0.008957 2.044739 5.630067
0.182315 0.020276 2.858526 16.583204 175.288437
0.000000 0.017638 0.019486 0.000000 0.000000 0.000000
0.000001 0.000004 0.000000
4.523834 0.650000 0.000000
764.299377 0.000000
0.000000 0.000000 0.000000 0.000000
0.000000 0.138997
11 0.015000 0.705000 0.001000
0.487000 0.580000 0.780000 0.490000 1.250000 6.700000 0.650000 0.650000
187499.984375 75.360001 0.084000
1.073000 0.050000 0.116600
0.150881 3.442773 0.012791 0.000000
0.000000

0.008371 1.909672 5.278038
0.171585 0.019082 2.694617 15.619328 175.231888
0.000000 0.040513 0.021330 0.000000 0.000000 0.000000
0.000001 0.000002 0.000000
4.577572 0.650000 0.000000
764.299377 0.000000
0.000000 0.000000 0.000000 0.000000
0.000000 0.206518
11 0.015000 0.720000 0.001000
0.487000 0.580000 0.780000 0.490000 1.250000 6.700000 0.650000 0.650000
187499.984375 75.360001 0.084000
1.073000 0.050000 0.116600
0.151085 4.522774 0.016946 0.000000
0.000000

0.008037 1.843802 5.161479
0.162170 0.018034 2.570547 14.786254 175.277710
0.000000 1.465556 0.027163 0.000000 0.000000 0.000000
0.000001 0.000000 0.000000
4.630400 0.650000 0.000000
764.299377 0.000000
0.000000 0.000000 0.000000 0.000000
0.000000 16.746752
11 0.015000 0.735000 0.001000
0.487000 0.580000 0.780000 0.490000 1.250000 6.700000 0.650000 0.650000
187499.984375 75.360001 0.084000
1.073000 0.050000 0.116600
0.151894 5.348936 0.020175 0.000000
0.000000

0.000000 0.336079 7.144080
0.101849 0.011321 1.690652 9.356994 176.284515
0.000000 1.838500 0.022467 0.000000 0.000000 0.000000
0.000000 0.000000 0.000000
4.677199 0.998697 0.000000
764.299377 0.000000
0.000000 0.000000 0.000000 0.000000
0.000000 0.881127
11 0.015000 0.750000 0.001000
0.487000 0.580000 0.780000 0.490000 1.250000 6.700000 0.650000 0.650000
187499.984375 75.360001 0.084000
1.073000 0.050000 0.116600
0.157847 0.406763 0.002268 0.000000
0.000000

0.000000 0.333775 7.001264
0.097314 0.010817 1.619850 8.932108 176.542526
0.000000 1.457645 0.019172 0.000000 0.000000 0.000000
0.000000 0.000000 0.000000
4.718874 1.000000 0.000000
764.299377 0.000000
0.000000 0.000000 0.000000 0.000000
0.000000 0.824509
11 0.015000 0.765000 0.001000
0.487000 0.580000 0.780000 0.490000 1.250000 6.700000 0.650000 0.650000
187499.984375 75.360001 0.084000
1.073000 0.050000 0.116600
0.158618 0.322116 0.001797 0.000000
0.000000

0.000000 0.313190 6.576007
0.093034 0.010341 1.549011 8.540607 176.584747
0.000000 0.829633 0.017223 0.000000 0.000000 0.000000
0.000000 0.000000 0.000000
4.759754 1.000000 0.000000
764.299377 0.000000
0.000000 0.000000 0.000000 0.000000
0.000000 0.788751
11 0.015000 0.780000 0.001000
0.487000 0.580000 0.780000 0.490000 1.250000 6.700000 0.650000 0.650000
187499.984375 75.360001 0.084000
1.073000 0.050000 0.116600
0.158782 0.267939 0.001494 0.000000
0.000000

0.000000 0.291809 6.175825
0.089363 0.009933 1.488397 8.205596 176.715988
0.000000 0.372552 0.015194 0.000000 0.000000 0.000000
0.000000 0.000001 0.000000
4.799923 1.000000 0.000000
764.299377 0.000000
0.000000 0.000000 0.000000 0.000000
0.000000 0.841789
11 0.015000 0.795000 0.001000
0.487000 0.580000 0.780000 0.490000 1.250000 6.700000 0.650000 0.650000
187499.984375 75.360001 0.084000
1.073000 0.050000 0.116600
0.159190 0.237362 0.001323 0.000000
0.000000

0.000000 0.271447 5.754019
0.085664 0.009522 1.427352 7.868296 176.720306
0.000000 0.142225 0.014098 0.000000 0.000000 0.000000
0.000000 0.000002 0.000000
4.839452 1.000000 0.000000
764.299377 0.000000
0.000000 0.000000 0.000000 0.000000
0.000000 0.938632
11 0.015000 0.810000 0.001000
0.487000 0.580000 0.780000 0.490000 1.250000 6.700000 0.650000 0.650000
187499.984375 75.360001 0.084000
1.073000 0.050000 0.116600
0.159241 0.198699 0.001108 0.000000
0.000000

0.000000 0.252591 5.361319
0.082244 0.009142 1.370927 7.556550 176.727280
0.000000 0.053047 0.016167 0.000000 0.000000 0.000000
0.000000 0.000005 0.000000
4.878407 1.000000 0.000000
764.299377 0.000000
0.000000 0.000000 0.000000 0.000000
0.000000 1.268434
11 0.015000 0.825000 0.001000
0.487000 0.580000 0.780000 0.490000 1.250000 6.700000 0.650000 0.650000
187499.984375 75.360001 0.084000
1.073000 0.050000 0.116600
0.159291 0.175981 0.000981 0.000000
0.000000

0.000000 0.235194 5.003437
0.079088 0.008791 1.318851 7.268820 176.741501
0.000000 0.044056 0.018539 0.000000 0.000000 0.000000
0.000000 0.000005 0.000000
4.916851 1.000000 0.000000
764.299377 0.000000
0.000000 0.000000 0.000000 0.000000
0.000000 1.823174
11 0.015000 0.840000 0.001000
0.487000 0.580000 0.780000 0.490000 1.250000 6.700000 0.650000 0.650000
187499.984375 75.360001 0.084000
1.073000 0.050000 0.116600
0.159366 0.153607 0.000856 0.000000
0.000000

0.000000 0.219917 4.668362
0.076130 0.008462 1.270033 6.999124 176.744461
0.000000 0.145942 0.023842 0.000000 0.000000 0.000000
0.000000 0.000002 0.000000
4.954844 1.000000 0.000000
764.299377 0.000000
0.000000 0.000000 0.000000 0.000000
0.000000 2.484078
11 0.015000 0.855000 0.001000
0.487000 0.580000 0.780000 0.490000 1.250000 6.700000 0.650000 0.650000
187499.984375 75.360001 0.084000
1.073000 0.050000 0.116600
0.159416 0.169185 0.000943 0.000000
0.000000

0.000000 0.000000 0.108451
0.039527 0.004394 0.667287 3.677054 177.200073
0.000000 0.379665 0.017906 0.000000 0.000000 0.000000
0.000000 0.000001 0.000000
4.992442 1.000000 0.000000
764.299377 0.000000
0.000000 0.000000 0.000000 0.000000
0.000000 1.017163
11 0.015000 0.870000 0.001000
0.487000 0.580000 0.780000 0.490000 1.250000 6.700000 0.650000 0.650000
187499.984375 75.360001 0.084000
1.073000 0.050000 0.116600
0.160882 0.093993 0.000524 0.000000
0.000000

0.000000 0.000000 0.109263
0.039554 0.004397 0.667773 3.679410 177.211945
0.000000 0.643847 0.017752 0.000000 0.000000 0.000000
0.000000 0.000000 0.000000
5.029696 1.000000 0.000000
764.299377 0.000000
0.000000 0.000000 0.000000 0.000000
0.000000 1.017178
11 0.015000 0.885000 0.001000
0.487000 0.580000 0.780000 0.490000 1.250000 6.700000 0.650000 0.650000
187499.984375 75.360001 0.084000
1.073000 0.050000 0.116600
0.160909 0.094137 0.000524 0.000000
0.000000

0.000000 0.000000 0.109891
0.039574 0.004399 0.668162 3.681240 177.224258
0.000000 0.786427 0.017481 0.000000 0.000000 0.000000
0.000000 0.000000 0.000000
5.066657 1.000000 0.000000
764.299377 0.000000
0.000000 0.000000 0.000000 0.000000
0.000000 1.017849
11 0.015000 0.900000 0.001000
0.487000 0.580000 0.780000 0.490000 1.250000 6.700000 0.650000 0.650000
187499.984375 75.360001 0.084000
1.073000 0.050000 0.116600
0.160932 0.093989 0.000523 0.000000
0.000000

0.000000 0.000000 0.110472
0.039593 0.004401 0.668525 3.682926 177.238739
0.000000 0.745118 0.017230 0.000000 0.000000 0.000000
0.000000 0.000000 0.000000
5.103366 1.000000 0.000000
764.299377 0.000000
0.000000 0.000000 0.000000 0.000000
0.000000 1.018422
11 0.015000 0.915000 0.001000
0.487000 0.580000 0.780000 0.490000 1.250000 6.700000 0.650000 0.650000
187499.984375 75.360001 0.084000
1.073000 0.050000 0.116600
0.160948 0.094027 0.000524 0.000000
0.000000

0.000000 0.000000 0.111040
0.039611 0.004403 0.668874 3.684538 177.249298
0.000000 0.575499 0.017080 0.000000 0.000000 0.000000
0.000000 0.000000 0.000000
5.139866 1.000000 0.000000
764.299377 0.000000
0.000000 0.000000 0.000000 0.000000
0.000000 1.018568
11 0.015000 0.930000 0.001000
0.487000 0.580000 0.780000 0.490000 1.250000 6.700000 0.650000 0.650000
187499.984375 75.360001 0.084000
1.073000 0.050000 0.116600
0.160969 0.093896 0.000523 0.000000
0.000000

0.000000 0.000000 0.111610
0.039629 0.004405 0.669217 3.686130 177.260178
0.000000 0.375367 0.016990 0.000000 0.000000 0.000000
0.000000 0.000001 0.000000
5.176193 1.000000 0.000000
764.299377 0.000000
0.000000 0.000000 0.000000 0.000000
0.000000 1.018314
11 0.015000 0.945000 0.001000
0.487000 0.580000 0.780000 0.490000 1.250000 6.700000 0.650000 0.650000
187499.984375 75.360001 0.084000
1.073000 0.050000 0.116600
0.160986 0.094075 0.000524 0.000000
0.000000

0.000000 0.000000 0.112184
0.039647 0.004407 0.669568 3.687758 177.270767
0.000000 0.212574 0.016889 0.000000 0.000000 0.000000
0.000000 0.000001 0.000000
5.212379 1.000000 0.000000
764.299377 0.000000
0.000000 0.000000 0.000000 0.000000
0.000000 1.017838
11 0.015000 0.960000 0.001000
0.487000 0.580000 0.780000 0.490000 1.250000 6.700000 0.650000 0.650000
187499.984375 75.360001 0.084000
1.073000 0.050000 0.116600
0.161006 0.094026 0.000524 0.000000
0.000000

0.000000 0.000000 0.112964
0.039672 0.004410 0.670026 3.689988 177.281250
0.000000 0.107302 0.016780 0.000000 0.000000 0.000000
0.000000 0.000003 0.000000
5.248454 1.000000 0.000000
764.299377 0.000000
0.000000 0.000000 0.000000 0.000000
0.000000 1.017270
11 0.015000 0.975000 0.001000
0.487000 0.580000 0.780000 0.490000 1.250000 6.700000 0.650000 0.650000
187499.984375 75.360001 0.084000
1.073000 0.050000 0.116600
0.161031 0.093981 0.000523 0.000000
0.000000

0.000000 0.000000 0.113624
0.039693 0.004412 0.670412 3.691833 177.293060
0.000000 0.049980 0.016710 0.000000 0.000000 0.000000
0.000000 0.000005 0.000000
5.284442 1.000000 0.000000
764.299377 0.000000
0.000000 0.000000 0.000000 0.000000
0.000000 1.016676
11 0.015000 0.990000 0.001000
0.487000 0.580000 0.780000 0.490000 1.250000 6.700000 0.650000 0.650000
187499.984375 75.360001 0.084000
1.073000 0.050000 0.116600
0.161049 0.093945 0.000523 0.000000
0.000000

0.000000 0.000000 0.114168
0.039710 0.004414 0.670740 3.693345 177.305023
0.000000 0.022864 0.016668 0.000000 0.000000 0.000000
0.000000 0.000011 0.000001
5.320367 1.000000 0.000000
764.299377 0.000000
0.000000 0.000000 0.000000 0.000000
0.000000 1.016061
11 0.015000 1.005000 0.001000
0.487000 0.580000 0.780000 0.490000 1.250000 6.700000 0.650000 0.650000
187499.984375 75.360001 0.084000
1.073000 0.050000 0.116600
0.161068 0.094110 0.000524 0.000000
0.000000

0.000000 0.000000 0.114865
0.039731 0.004416 0.671140 3.695267 177.314819
0.000000 0.011520 0.016611 0.000000 0.000000 0.000000
0.000000 0.000017 0.000002
5.356246 1.000000 0.000000
764.299377 0.000000
0.000000 0.000000 0.000000 0.000000
0.000000 1.015462
11 0.015000 1.020000 0.001000
0.487000 0.580000 0.780000 0.490000 1.250000 6.700000 0.650000 0.650000
187499.984375 75.360001 0.084000
1.073000 0.050000 0.116600
0.161088 0.093959 0.000523 0.000000
0.000000

0.000000 0.000000 0.115400
0.039748 0.004418 0.671463 3.696774 177.324905
0.000000 0.007299 0.016570 0.000000 0.000000 0.000000
0.000000 0.000016 0.000002
5.392096 1.000000 0.000000
764.299377 0.000000
0.000000 0.000000 0.000000 0.000000
0.000000 1.014844
11 0.015000 1.035000 0.001000
0.487000 0.580000 0.780000 0.490000 1.250000 6.700000 0.650000 0.650000
187499.984375 75.360001 0.084000
1.073000 0.050000 0.116600
0.161106 0.094190 0.000525 0.000000
0.000000

0.000000 0.000000 0.115960
0.039765 0.004420 0.671789 3.698296 177.335220
0.000000 0.005898 0.016534 0.000000 0.000000 0.000000
0.000000 0.000016 0.000003
5.427927 1.000000 0.000000
764.299377 0.000000
0.000000 0.000000 0.000000 0.000000
0.000000 1.014251
11 0.015000 1.050000 0.001000
0.487000 0.580000 0.780000 0.490000 1.250000 6.700000 0.650000 0.650000
187499.984375 75.360001 0.084000
1.073000 0.050000 0.116600
0.161122 0.094002 0.000524 0.000000
0.000000

0.000000 0.000000 0.116485
0.039781 0.004422 0.672093 3.699703 177.345779
0.000000 0.005488 0.016491 0.000000 0.000000 0.000000
0.000000 0.000016 0.000003
5.463749 1.000000 0.000000
764.299377 0.000000
0.000000 0.000000 0.000000 0.000000
0.000000 1.013658
11 0.015000 1.065000 0.001000
0.487000 0.580000 0.780000 0.490000 1.250000 6.700000 0.650000 0.650000
187499.984375 75.360001 0.084000
1.073000 0.050000 0.116600
0.161139 0.094195 0.000525 0.000000
0.000000

0.000000 0.000000 0.117022
0.039797 0.004424 0.672406 3.701164 177.355530
0.000000 0.005369 0.016431 0.000000 0.000000 0.000000
0.000000 0.000016 0.000003
5.499569 1.000000 0.000000
764.299377 0.000000
0.000000 0.000000 0.000000 0.000000
0.000000 1.013087
11 0.015000 1.080000 0.001000
0.487000 0.580000 0.780000 0.490000 1.250000 6.700000 0.650000 0.650000
187499.984375 75.360001 0.084000
1.073000 0.050000 0.116600
0.161154 0.093949 0.000523 0.000000
0.000000

0.000000 0.000000 0.117813
0.039821 0.004426 0.672844 3.703313 177.366394
0.000000 0.005310 0.016404 0.000000 0.000000 0.000000
0.000000 0.000016 0.000003
5.535392 1.000000 0.000000
764.299377 0.000000
0.000000 0.000000 0.000000 0.000000
0.000000 1.012538
11 0.015000 1.095000 0.001000
0.487000 0.580000 0.780000 0.490000 1.250000 6.700000 0.650000 0.650000
187499.984375 75.360001 0.084000
1.073000 0.050000 0.116600
0.161179 0.094296 0.000525 0.000000
0.000000

0.000000 0.000000 0.118688
0.039847 0.004429 0.673317 3.705657 177.378662
0.000000 0.005238 0.016376 0.000000 0.000000 0.000000
0.000000 0.000016 0.000003
5.571218 1.000000 0.000000
764.299377 0.000000
0.000000 0.000000 0.000000 0.000000
0.000000 1.012006
11 0.015000 1.110000 0.001000
0.487000 0.580000 0.780000 0.490000 1.250000 6.700000 0.650000 0.650000
187499.984375 75.360001 0.084000
1.073000 0.050000 0.116600
0.161206 0.093828 0.000523 0.000000
0.000000

0.000000 0.000000 0.119205
0.039862 0.004431 0.673609 3.707009 177.387497
0.000000 0.005140 0.016292 0.000000 0.000000 0.000000
0.000000 0.000016 0.000004
5.607049 1.000000 0.000000
764.299377 0.000000
0.000000 0.000000 0.000000 0.000000
0.000000 1.011454
11 0.015000 1.125000 0.001000
0.487000 0.580000 0.780000 0.490000 1.250000 6.700000 0.650000 0.650000
187499.984375 75.360001 0.084000
1.073000 0.050000 0.116600
0.161221 0.094120 0.000524 0.000000
0.000000

0.000000 0.000000 0.119715
0.039878 0.004433 0.673905 3.708388 177.397583
0.000000 0.005028 0.016302 0.000000 0.000000 0.000000
0.000000 0.000016 0.000004
5.642880 1.000000 0.000000
764.299377 0.000000
0.000000 0.000000 0.000000 0.000000
0.000000 1.010916
11 0.015000 1.140000 0.001000
0.487000 0.580000 0.780000 0.490000 1.250000 6.700000 0.650000 0.650000
187499.984375 75.360001 0.084000
1.073000 0.050000 0.116600
0.161238 0.094047 0.000524 0.000000
0.000000

0.000000 0.000000 0.120223
0.039893 0.004435 0.674195 3.709738 177.407181
0.000000 0.004907 0.016208 0.000000 0.000000 0.000000
0.000000 0.000016 0.000004
5.678708 1.000000 0.000000
764.299377 0.000000
0.000000 0.000000 0.000000 0.000000
0.000000 1.010375
11 0.015000 1.155000 0.001000
0.487000 0.580000 0.780000 0.490000 1.250000 6.700000 0.650000 0.650000
187499.984375 75.360001 0.084000
1.073000 0.050000 0.116600
0.161254 0.094134 0.000524 0.000000
0.000000

0.000000 0.000000 0.120771
0.039909 0.004436 0.674500 3.711174 177.417191
0.000000 0.004790 0.016163 0.000000 0.000000 0.000000
0.000000 0.000016 0.000004
5.714526 1.000000 0.000000
764.299377 0.000000
0.000000 0.000000 0.000000 0.000000
0.000000 1.009846
11 0.015000 1.170000 0.001000
0.487000 0.580000 0.780000 0.490000 1.250000 6.700000 0.650000 0.650000
187499.984375 75.360001 0.084000
1.073000 0.050000 0.116600
0.161267 0.094098 0.000524 0.000000
0.000000

0.000000 0.000000 0.121375
0.039927 0.004438 0.674831 3.712754 177.426956
0.000000 0.004687 0.016139 0.000000 0.000000 0.000000
0.000000 0.000016 0.000004
5.750327 1.000000 0.000000
764.299377 0.000000
0.000000 0.000000 0.000000 0.000000
0.000000 1.009343
11 0.015000 1.185000 0.001000
0.487000 0.580000 0.780000 0.490000 1.250000 6.700000 0.650000 0.650000
187499.984375 75.360001 0.084000
1.073000 0.050000 0.116600
0.161286 0.093836 0.000523 0.000000
0.000000

0.000000 0.000000 0.121870
0.039941 0.004440 0.675106 3.714026 177.436005
0.000000 0.004603 0.016156 0.000000 0.000000 0.000000
0.000000 0.000016 0.000004
5.786104 1.000000 0.000000
764.299377 0.000000
0.000000 0.000000 0.000000 0.000000
0.000000 1.008822
11 0.015000 1.200000 0.001000
0.487000 0.580000 0.780000 0.490000 1.250000 6.700000 0.650000 0.650000
187499.984375 75.360001 0.084000
1.073000 0.050000 0.116600
0.161301 0.094009 0.000524 0.000000
0.000000

0.000000 0.000000 0.122362
0.039956 0.004441 0.675382 3.715308 177.444092
0.000000 0.004530 0.016068 0.000000 0.000000 0.000000
0.000000 0.000016 0.000004
5.821845 1.000000 0.000000
764.299377 0.000000
0.000000 0.000000 0.000000 0.000000
0.000000 1.008312
11 0.015000 1.215000 0.001000
0.487000 0.580000 0.780000 0.490000 1.250000 6.700000 0.650000 0.650000
187499.984375 75.360001 0.084000
1.073000 0.050000 0.116600
0.161316 0.093950 0.000523 0.000000
0.000000

0.000000 0.000000 0.122848
0.039970 0.004443 0.675657 3.716582 177.454727
0.000000 0.004472 0.016045 0.000000 0.000000 0.000000
0.000000 0.000016 0.000004
5.857542 1.000000 0.000000
764.299377 0.000000
0.000000 0.000000 0.000000 0.000000
0.000000 1.007808
11 0.015000 1.230000 0.001000
0.487000 0.580000 0.780000 0.490000 1.250000 6.700000 0.650000 0.650000
187499.984375 75.360001 0.084000
1.073000 0.050000 0.116600
0.161329 0.094012 0.000524 0.000000
0.000000

0.000000 0.000000 0.123332
0.039984 0.004445 0.675922 3.717816 177.463669
0.000000 0.004427 0.016017 0.000000 0.000000 0.000000
0.000000 0.000016 0.000004
5.893181 1.000000 0.000000
764.299377 0.000000
0.000000 0.000000 0.000000 0.000000
0.000000 1.007306
11 0.015000 1.245000 0.001000
0.487000 0.580000 0.780000 0.490000 1.250000 6.700000 0.650000 0.650000
187499.984375 75.360001 0.084000
1.073000 0.050000 0.116600
0.161340 0.094084 0.000524 0.000000
0.000000

0.000000 0.000000 0.123812
0.039998 0.004446 0.676187 3.719047 177.473328
0.000000 0.004390 0.015947 0.000000 0.000000 0.000000
0.000000 0.000016 0.000005
5.928752 1.000000 0.000000
764.299377 0.000000
0.000000 0.000000 0.000000 0.000000
0.000000 1.006817
11 0.015000 1.260000 0.001000
0.487000 0.580000 0.780000 0.490000 1.250000 6.700000 0.650000 0.650000
187499.984375 75.360001 0.084000
1.073000 0.050000 0.116600
0.161360 0.094384 0.000526 0.000000
0.000000

0.000000 0.000000 0.124299
0.040012 0.004448 0.676450 3.720265 177.482803
0.000000 0.004359 0.015925 0.000000 0.000000 0.000000
0.000000 0.000016 0.000005
5.964241 1.000000 0.000000
764.299377 0.000000
0.000000 0.000000 0.000000 0.000000
0.000000 1.006334
11 0.015000 1.275000 0.001000
0.487000 0.580000 0.780000 0.490000 1.250000 6.700000 0.650000 0.650000
187499.984375 75.360001 0.084000
1.073000 0.050000 0.116600
0.161371 0.094327 0.000525 0.000000
0.000000

0.000000 0.000000 0.124861
0.040027 0.004450 0.676747 3.721682 177.492157
0.000000 0.004331 0.015864 0.000000 0.000000 0.000000
0.000000 0.000016 0.000005
5.999635 1.000000 0.000000
764.299377 0.000000
0.000000 0.000000 0.000000 0.000000
0.000000 1.005864
11 0.015000 1.290000 0.001000
0.487000 0.580000 0.780000 0.490000 1.250000 6.700000 0.650000 0.650000
187499.984375 75.360001 0.084000
1.073000 0.050000 0.116600
0.161388 0.094326 0.000525 0.000000
0.000000

0.000000 0.000000 0.125436
0.040044 0.004451 0.677058 3.723170 177.501968
0.000000 0.004303 0.015809 0.000000 0.000000 0.000000
0.000000 0.000016 0.000005
6.034922 1.000000 0.000000
764.299377 0.000000
0.000000 0.000000 0.000000 0.000000
0.000000 1.005416
11 0.015000 1.305000 0.001000
0.487000 0.580000 0.780000 0.490000 1.250000 6.700000 0.650000 0.650000
187499.984375 75.360001 0.084000
1.073000 0.050000 0.116600
0.161404 0.094202 0.000525 0.000000
0.000000

0.000000 0.000000 0.125930
0.040058 0.004453 0.677325 3.724418 177.510773
0.000000 0.004281 0.015797 0.000000 0.000000 0.000000
0.000000 0.000016 0.000005
6.070087 1.000000 0.000000
764.299377 0.000000
0.000000 0.000000 0.000000 0.000000
0.000000 1.004949
11 0.015000 1.320000 0.001000
0.487000 0.580000 0.780000 0.490000 1.250000 6.700000 0.650000 0.650000
187499.984375 75.360001 0.084000
1.073000 0.050000 0.116600
0.161419 0.094305 0.000525 0.000000
0.000000

0.000000 0.000000 0.126402
0.040071 0.004454 0.677578 3.725594 177.519943
0.000000 0.004259 0.015743 0.000000 0.000000 0.000000
0.000000 0.000016 0.000005
6.105119 1.000000 0.000000
764.299377 0.000000
0.000000 0.000000 0.000000 0.000000
0.000000 1.004494
11 0.015000 1.335000 0.001000
0.487000 0.580000 0.780000 0.490000 1.250000 6.700000 0.650000 0.650000
187499.984375 75.360001 0.084000
1.073000 0.050000 0.116600
0.161434 0.094208 0.000525 0.000000
0.000000

0.000000 0.000000 0.126863
0.040084 0.004456 0.677824 3.726727 177.530106
0.000000 0.004239 0.015699 0.000000 0.000000 0.000000
0.000000 0.000016 0.000005
6.140001 1.000000 0.000000
764.299377 0.000000
0.000000 0.000000 0.000000 0.000000
0.000000 1.004058
11 0.015000 1.350000 0.001000
0.487000 0.580000 0.780000 0.490000 1.250000 6.700000 0.650000 0.650000
187499.984375 75.360001 0.084000
1.073000 0.050000 0.116600
0.161444 0.094293 0.000525 0.000000
0.000000

0.000000 0.000000 0.127322
0.040097 0.004457 0.678065 3.727845 177.539093
0.000000 0.004220 0.015663 0.000000 0.000000 0.000000
0.000000 0.000016 0.000005
6.174722 1.000000 0.000000
764.299377 0.000000
0.000000 0.000000 0.000000 0.000000
0.000000 1.003620
11 0.015000 1.365000 0.001000
0.487000 0.580000 0.780000 0.490000 1.250000 6.700000 0.650000 0.650000
187499.984375 75.360001 0.084000
1.073000 0.050000 0.116600
0.161456 0.094386 0.000526 0.000000
0.000000

0.000000 0.000000 0.127810
0.040111 0.004459 0.678326 3.729069 177.548691
0.000000 0.004203 0.015638 0.000000 0.000000 0.000000
0.000000 0.000016 0.000005
6.209267 1.000000 0.000000
764.299377 0.000000
0.000000 0.000000 0.000000 0.000000
0.000000 1.003189
11 0.015000 1.380000 0.001000
0.487000 0.580000 0.780000 0.490000 1.250000 6.700000 0.650000 0.650000
187499.984375 75.360001 0.084000
1.073000 0.050000 0.116600
0.161470 0.094568 0.000527 0.000000
0.000000

0.000000 0.000000 0.128569
0.040131 0.004461 0.678704 3.730935 177.558868
0.000000 0.004184 0.015571 0.000000 0.000000 0.000000
0.000000 0.000016 0.000005
6.243625 1.000000 0.000000
764.299377 0.000000
0.000000 0.000000 0.000000 0.000000
0.000000 1.002787
11 0.015000 1.395000 0.001000
0.487000 0.580000 0.780000 0.490000 1.250000 6.700000 0.650000 0.650000
187499.984375 75.360001 0.084000
1.073000 0.050000 0.116600
0.161494 0.094315 0.000525 0.000000
0.000000

0.000000 0.000000 0.129038
0.040144 0.004463 0.678950 3.732087 177.567795
0.000000 0.004166 0.015558 0.000000 0.000000 0.000000
0.000000 0.000016 0.000005
6.277781 1.000000 0.000000
764.299377 0.000000
0.000000 0.000000 0.000000 0.000000
0.000000 1.002367
11 0.015000 1.410000 0.001000
0.487000 0.580000 0.780000 0.490000 1.250000 6.700000 0.650000 0.650000
187499.984375 75.360001 0.084000
1.073000 0.050000 0.116600
0.161506 0.094546 0.000527 0.000000
0.000000

0.000000 0.000000 0.129561
0.040159 0.004464 0.679219 3.733355 177.576447
0.000000 0.004149 0.015515 0.000000 0.000000 0.000000
0.000000 0.000016 0.000005
6.311724 1.000000 0.000000
764.299377 0.000000
0.000000 0.000000 0.000000 0.000000
0.000000 1.001968
11 0.015000 1.425000 0.001000
0.487000 0.580000 0.780000 0.490000 1.250000 6.700000 0.650000 0.650000
187499.984375 75.360001 0.084000
1.073000 0.050000 0.116600
0.161519 0.094277 0.000525 0.000000
0.000000

0.000000 0.000000 0.130044
0.040171 0.004466 0.679465 3.734507 177.585449
0.000000 0.004131 0.015468 0.000000 0.000000 0.000000
0.000000 0.000016 0.000005
6.345440 1.000000 0.000000
764.299377 0.000000
0.000000 0.000000 0.000000 0.000000
0.000000 1.001564
11 0.015000 1.440000 0.001000
0.487000 0.580000 0.780000 0.490000 1.250000 6.700000 0.650000 0.650000
187499.984375 75.360001 0.084000
1.073000 0.050000 0.116600
0.161533 0.094308 0.000525 0.000000
0.000000

0.000000 0.000000 0.130485
0.040184 0.004467 0.679696 3.735572 177.593399
0.000000 0.004113 0.015421 0.000000 0.000000 0.000000
0.000000 0.000016 0.000006
6.378921 1.000000 0.000000
764.299377 0.000000
0.000000 0.000000 0.000000 0.000000
0.000000 1.001161
11 0.015000 1.455000 0.001000
0.487000 0.580000 0.780000 0.490000 1.250000 6.700000 0.650000 0.650000
187499.984375 75.360001 0.084000
1.073000 0.050000 0.116600
0.161551 0.094253 0.000525 0.000000
0.000000

0.000000 0.000000 0.130925
0.040196 0.004468 0.679927 3.736641 177.601501
0.000000 0.004096 0.015385 0.000000 0.000000 0.000000
0.000000 0.000016 0.000006
6.412152 1.000000 0.000000
764.299377 0.000000
0.000000 0.000000 0.000000 0.000000
0.000000 1.000778
11 0.015000 1.470000 0.001000
0.487000 0.580000 0.780000 0.490000 1.250000 6.700000 0.650000 0.650000
187499.984375 75.360001 0.084000
1.073000 0.050000 0.116600
0.161557 0.094318 0.000525 0.000000
0.000000

0.000000 0.000000 0.131360
0.040207 0.004470 0.680153 3.737682 177.609543
0.000000 0.004079 0.015344 0.000000 0.000000 0.000000
0.000000 0.000016 0.000006
6.445125 1.000000 0.000000
764.299377 0.000000
0.000000 0.000000 0.000000 0.000000
0.000000 1.000391
11 0.015000 1.485000 0.001000
0.487000 0.580000 0.780000 0.490000 1.250000 6.700000 0.650000 0.650000
187499.984375 75.360001 0.084000
1.073000 0.050000 0.116600
0.161569 0.094398 0.000526 0.000000
0.000000

0.000000 0.000000 0.131793
0.040219 0.004471 0.680378 3.738726 177.618744
0.000000 0.004063 0.015301 0.000000 0.000000 0.000000
0.000000 0.000016 0.000006
6.477827 1.000000 0.000000
764.299377 0.000000
0.000000 0.000000 0.000000 0.000000
0.000000 1.000017
11 0.015000 1.500000 0.001000
0.487000 0.580000 0.780000 0.490000 1.250000 6.700000 0.650000 0.650000
187499.984375 75.360001 0.084000
1.073000 0.050000 0.116600
0.161580 0.094719 0.000528 0.000000
0.000000

0.000000 0.000000 0.132252
0.040232 0.004472 0.680617 3.739845 177.626877
0.000000 0.004048 0.015276 0.000000 0.000000 0.000000
0.000000 0.000016 0.000006
6.510251 1.000000 0.000000
764.299377 0.000000
0.000000 0.000000 0.000000 0.000000
0.000000 0.999656
11 0.015000 1.515000 0.001000
0.487000 0.580000 0.780000 0.490000 1.250000 6.700000 0.650000 0.650000
187499.984375 75.360001 0.084000
1.073000 0.050000 0.116600
0.161591 0.094448 0.000526 0.000000
0.000000

0.000000 0.000000 0.132696
0.040243 0.004474 0.680839 3.740874 177.635452
0.000000 0.004032 0.015217 0.000000 0.000000 0.000000
0.000000 0.000016 0.000006
6.542386 1.000000 0.000000
764.299377 0.000000
0.000000 0.000000 0.000000 0.000000
0.000000 0.999291
11 0.015000 1.530000 0.001000
0.487000 0.580000 0.780000 0.490000 1.250000 6.700000 0.650000 0.650000
187499.984375 75.360001 0.084000
1.073000 0.050000 0.116600
0.161610 0.094541 0.000527 0.000000
0.000000

0.000000 0.000000 0.133934
0.040275 0.004477 0.681404 3.743790 177.650177
0.000000 0.004014 0.015161 0.000000 0.000000 0.000000
0.000000 0.000016 0.000006
6.574224 1.000000 0.000000
764.299377 0.000000
0.000000 0.000000 0.000000 0.000000
0.000000 0.999005
11 0.015000 1.545000 0.001000
0.487000 0.580000 0.780000 0.490000 1.250000 6.700000 0.650000 0.650000
187499.984375 75.360001 0.084000
1.073000 0.050000 0.116600
0.161640 0.094613 0.000527 0.000000
0.000000

0.000000 0.000000 0.137213
0.040358 0.004486 0.682825 3.751414 177.688080
0.000000 0.003999 0.015150 0.000000 0.000000 0.000000
0.000000 0.000016 0.000006
6.605755 1.000000 0.000000
764.299377 0.000000
0.000000 0.000000 0.000000 0.000000
0.000000 0.998901
11 0.015000 1.560000 0.001000
0.487000 0.580000 0.780000 0.490000 1.250000 6.700000 0.650000 0.650000
187499.984375 75.360001 0.084000
1.073000 0.050000 0.116600
0.161721 0.094311 0.000525 0.000000
0.000000

0.000000 0.000000 0.137647
0.040369 0.004488 0.683038 3.752391 177.695724
0.000000 0.003986 0.015121 0.000000 0.000000 0.000000
0.000000 0.000016 0.000006
6.636974 1.000000 0.000000
764.299377 0.000000
0.000000 0.000000 0.000000 0.000000
0.000000 0.998565
11 0.015000 1.575000 0.001000
0.487000 0.580000 0.780000 0.490000 1.250000 6.700000 0.650000 0.650000
187499.984375 75.360001 0.084000
1.073000 0.050000 0.116600
0.161742 0.094383 0.000526 0.000000
0.000000

0.000000 0.000000 0.138081
0.040381 0.004489 0.683257 3.753412 177.704346
0.000000 0.003969 0.015053 0.000000 0.000000 0.000000
0.000000 0.000016 0.000006
6.667872 1.000000 0.000000
764.299377 0.000000
0.000000 0.000000 0.000000 0.000000
0.000000 0.998235
11 0.015000 1.590000 0.001000
0.487000 0.580000 0.780000 0.490000 1.250000 6.700000 0.650000 0.650000
187499.984375 75.360001 0.084000
1.073000 0.050000 0.116600
0.161748 0.094467 0.000526 0.000000
0.000000

0.000000 0.000000 0.138513
0.040392 0.004490 0.683470 3.754399 177.712814
0.000000 0.003952 0.015030 0.000000 0.000000 0.000000
0.000000 0.000017 0.000006
6.698443 1.000000 0.000000
764.299377 0.000000
0.000000 0.000000 0.000000 0.000000
0.000000 0.997897
11 0.015000 1.605000 0.001000
0.487000 0.580000 0.780000 0.490000 1.250000 6.700000 0.650000 0.650000
187499.984375 75.360001 0.084000
1.073000 0.050000 0.116600
0.161762 0.094712 0.000528 0.000000
0.000000

0.000000 0.000000 0.138981
0.040404 0.004492 0.683697 3.755452 177.721481
0.000000 0.003937 0.015000 0.000000 0.000000 0.000000
0.000000 0.000017 0.000006
6.728680 1.000000 0.000000
764.299377 0.000000
0.000000 0.000000 0.000000 0.000000
0.000000 0.997584
11 0.015000 1.620000 0.001000
0.487000 0.580000 0.780000 0.490000 1.250000 6.700000 0.650000 0.650000
187499.984375 75.360001 0.084000
1.073000 0.050000 0.116600
0.161773 0.094532 0.000527 0.000000
0.000000

0.000000 0.000000 0.141250
0.040460 0.004498 0.684666 3.760602 177.752701
0.000000 0.003922 0.014944 0.000000 0.000000 0.000000
0.000000 0.000017 0.000006
6.758578 1.000000 0.000000
764.299377 0.000000
0.000000 0.000000 0.000000 0.000000
0.000000 0.997413
11 0.015000 1.635000 0.001000
0.487000 0.580000 0.780000 0.490000 1.250000 6.700000 0.650000 0.650000
187499.984375 75.360001 0.084000
1.073000 0.050000 0.116600
0.161829 0.094548 0.000527 0.000000
0.000000

0.000000 0.000000 0.141720
0.040472 0.004499 0.684891 3.761660 177.762405
0.000000 0.003906 0.014898 0.000000 0.000000 0.000000
0.000000 0.000017 0.000007
6.788131 1.000000 0.000000
764.299377 0.000000
0.000000 0.000000 0.000000 0.000000
0.000000 0.997100
11 0.015000 1.650000 0.001000
0.487000 0.580000 0.780000 0.490000 1.250000 6.700000 0.650000 0.650000
187499.984375 75.360001 0.084000
1.073000 0.050000 0.116600
0.161843 0.094416 0.000526 0.000000
0.000000

0.000000 0.000000 0.142154
0.040483 0.004500 0.685097 3.762607 177.770996
0.000000 0.003890 0.014875 0.000000 0.000000 0.000000
0.000000 0.000017 0.000007
6.817334 1.000000 0.000000
764.299377 0.000000
0.000000 0.000000 0.000000 0.000000
0.000000 0.996791
11 0.015000 1.665000 0.001000
0.487000 0.580000 0.780000 0.490000 1.250000 6.700000 0.650000 0.650000
187499.984375 75.360001 0.084000
1.073000 0.050000 0.116600
0.161854 0.094495 0.000526 0.000000
0.000000

0.000000 0.000000 0.142586
0.040494 0.004502 0.685309 3.763596 177.780090
0.000000 0.003873 0.014819 0.000000 0.000000 0.000000
0.000000 0.000017 0.000007
6.846184 1.000000 0.000000
764.299377 0.000000
0.000000 0.000000 0.000000 0.000000
0.000000 0.996487
11 0.015000 1.680000 0.001000
0.487000 0.580000 0.780000 0.490000 1.250000 6.700000 0.650000 0.650000
187499.984375 75.360001 0.084000
1.073000 0.050000 0.116600
0.161865 0.094818 0.000528 0.000000
0.000000

0.000000 0.000000 0.143059
0.040506 0.004503 0.685529 3.764631 177.788467
0.000000 0.003858 0.014802 0.000000 0.000000 0.000000
0.000000 0.000017 0.000007
6.874676 1.000000 0.000000
764.299377 0.000000
0.000000 0.000000 0.000000 0.000000
0.000000 0.996195
11 0.015000 1.695000 0.001000
0.487000 0.580000 0.780000 0.490000 1.250000 6.700000 0.650000 0.650000
187499.984375 75.360001 0.084000
1.073000 0.050000 0.116600
0.161875 0.094581 0.000527 0.000000
0.000000

0.000000 0.000000 0.143603
0.040519 0.004504 0.685783 3.765850 177.798569
0.000000 0.003843 0.014741 0.000000 0.000000 0.000000
0.000000 0.000017 0.000007
6.902807 1.000000 0.000000
764.299377 0.000000
0.000000 0.000000 0.000000 0.000000
0.000000 0.995911
11 0.015000 1.710000 0.001000
0.487000 0.580000 0.780000 0.490000 1.250000 6.700000 0.650000 0.650000
187499.984375 75.360001 0.084000
1.073000 0.050000 0.116600
0.161891 0.094617 0.000527 0.000000
0.000000

0.000000 0.000000 0.144030
0.040530 0.004506 0.685983 3.766774 177.806946
0.000000 0.003830 0.014719 0.000000 0.000000 0.000000
0.000000 0.000017 0.000007
6.930573 1.000000 0.000000
764.299377 0.000000
0.000000 0.000000 0.000000 0.000000
0.000000 0.995622
11 0.015000 1.725000 0.001000
0.487000 0.580000 0.780000 0.490000 1.250000 6.700000 0.650000 0.650000
187499.984375 75.360001 0.084000
1.073000 0.050000 0.116600
0.161900 0.094722 0.000528 0.000000
0.000000

0.000000 0.000000 0.144535
0.040542 0.004507 0.686215 3.767877 177.816864
0.000000 0.003812 0.014649 0.000000 0.000000 0.000000
0.000000 0.000017 0.000007
6.957973 1.000000 0.000000
764.299377 0.000000
0.000000 0.000000 0.000000 0.000000
0.000000 0.995334
11 0.015000 1.740000 0.001000
0.487000 0.580000 0.780000 0.490000 1.250000 6.700000 0.650000 0.650000
187499.984375 75.360001 0.084000
1.073000 0.050000 0.116600
0.161913 0.094801 0.000528 0.000000
0.000000

0.000000 0.000000 0.146171
0.040581 0.004511 0.686899 3.771451 177.837341
0.000000 0.003797 0.014637 0.000000 0.000000 0.000000
0.000000 0.000017 0.000007
6.985003 1.000000 0.000000
764.299377 0.000000
0.000000 0.000000 0.000000 0.000000
0.000000 0.995157
11 0.015000 1.755000 0.001000
0.487000 0.580000 0.780000 0.490000 1.250000 6.700000 0.650000 0.650000
187499.984375 75.360001 0.084000
1.073000 0.050000 0.116600
0.161954 0.094708 0.000528 0.000000
0.000000

0.000000 0.000000 0.148778
0.040643 0.004518 0.687956 3.777087 177.857849
0.000000 0.003778 0.014551 0.000000 0.000000 0.000000
0.000000 0.000017 0.000007
7.011662 1.000000 0.000000
764.299377 0.000000
0.000000 0.000000 0.000000 0.000000
0.000000 0.995055
11 0.015000 1.770000 0.001000
0.487000 0.580000 0.780000 0.490000 1.250000 6.700000 0.650000 0.650000
187499.984375 75.360001 0.084000
1.073000 0.050000 0.116600
0.162019 0.094614 0.000527 0.000000
0.000000

0.000000 0.000000 0.149684
0.040664 0.004520 0.688339 3.779021 177.868225
0.000000 0.003762 0.014547 0.000000 0.000000 0.000000
0.000000 0.000017 0.000007
7.037947 1.000000 0.000000
764.299377 0.000000
0.000000 0.000000 0.000000 0.000000
0.000000 0.994821
11 0.015000 1.785000 0.001000
0.487000 0.580000 0.780000 0.490000 1.250000 6.700000 0.650000 0.650000
187499.984375 75.360001 0.084000
1.073000 0.050000 0.116600
0.162038 0.094918 0.000529 0.000000
0.000000

0.000000 0.000000 0.151091
0.040697 0.004524 0.688912 3.782002 177.879181
0.000000 0.003747 0.014497 0.000000 0.000000 0.000000
0.000000 0.000017 0.000007
7.063859 1.000000 0.000000
764.299377 0.000000
0.000000 0.000000 0.000000 0.000000
0.000000 0.994639
11 0.015000 1.800000 0.001000
0.487000 0.580000 0.780000 0.490000 1.250000 6.700000 0.650000 0.650000
187499.984375 75.360001 0.084000
1.073000 0.050000 0.116600
0.162071 0.094687 0.000527 0.000000
0.000000

0.000000 0.000000 0.151634
0.040710 0.004526 0.689151 3.783143 177.888794
0.000000 0.003731 0.014444 0.000000 0.000000 0.000000
0.000000 0.000017 0.000007
7.089394 1.000000 0.000000
764.299377 0.000000
0.000000 0.000000 0.000000 0.000000
0.000000 0.994386
11 0.015000 1.815000 0.001000
0.487000 0.580000 0.780000 0.490000 1.250000 6.700000 0.650000 0.650000
187499.984375 75.360001 0.084000
1.073000 0.050000 0.116600
0.162086 0.094766 0.000528 0.000000
0.000000

0.000000 0.000000 0.152670
0.040733 0.004528 0.689573 3.785292 177.898788
0.000000 0.003713 0.014398 0.000000 0.000000 0.000000
0.000000 0.000017 0.000007
7.114554 1.000000 0.000000
764.299377 0.000000
0.000000 0.000000 0.000000 0.000000
0.000000 0.994177
11 0.015000 1.830000 0.001000
0.487000 0.580000 0.780000 0.490000 1.250000 6.700000 0.650000 0.650000
187499.984375 75.360001 0.084000
1.073000 0.050000 0.116600
0.162109 0.094738 0.000528 0.000000
0.000000

0.000000 0.000000 0.153114
0.040743 0.004529 0.689768 3.786191 177.906525
0.000000 0.003696 0.014373 0.000000 0.000000 0.000000
0.000000 0.000017 0.000007
7.139338 1.000000 0.000000
764.299377 0.000000
0.000000 0.000000 0.000000 0.000000
0.000000 0.993933
11 0.015000 1.845000 0.001000
0.487000 0.580000 0.780000 0.490000 1.250000 6.700000 0.650000 0.650000
187499.984375 75.360001 0.084000
1.073000 0.050000 0.116600
0.162121 0.094818 0.000528 0.000000
0.000000

0.000000 0.000000 0.153582
0.040754 0.004531 0.689974 3.787157 177.913986
0.000000 0.003679 0.014320 0.000000 0.000000 0.000000
0.000000 0.000017 0.000008
7.163743 1.000000 0.000000
764.299377 0.000000
0.000000 0.000000 0.000000 0.000000
0.000000 0.993693
11 0.015000 1.860000 0.001000
0.487000 0.580000 0.780000 0.490000 1.250000 6.700000 0.650000 0.650000
187499.984375 75.360001 0.084000
1.073000 0.050000 0.116600
0.162131 0.094678 0.000527 0.000000
0.000000

0.000000 0.000000 0.154112
0.040766 0.004532 0.690198 3.788227 177.922302
0.000000 0.003665 0.014299 0.000000 0.000000 0.000000
0.000000 0.000017 0.000008
7.187771 1.000000 0.000000
764.299377 0.000000
0.000000 0.000000 0.000000 0.000000
0.000000 0.993463
11 0.015000 1.875000 0.001000
0.487000 0.580000 0.780000 0.490000 1.250000 6.700000 0.650000 0.650000
187499.984375 75.360001 0.084000
1.073000 0.050000 0.116600
0.162146 0.094810 0.000528 0.000000
0.000000

0.000000 0.000000 0.154578
0.040777 0.004533 0.690404 3.789189 177.930832
0.000000 0.003653 0.014295 0.000000 0.000000 0.000000
0.000000 0.000017 0.000008
7.211423 1.000000 0.000000
764.299377 0.000000
0.000000 0.000000 0.000000 0.000000
0.000000 0.993239
11 0.015000 1.890000 0.001000
0.487000 0.580000 0.780000 0.490000 1.250000 6.700000 0.650000 0.650000
187499.984375 75.360001 0.084000
1.073000 0.050000 0.116600
0.162153 0.094997 0.000529 0.000000
0.000000

0.000000 0.000000 0.155066
0.040788 0.004534 0.690615 3.790193 177.939774
0.000000 0.003641 0.014245 0.000000 0.000000 0.000000
0.000000 0.000017 0.000008
7.234700 1.000000 0.000000
764.299377 0.000000
0.000000 0.000000 0.000000 0.000000
0.000000 0.993017
11 0.015000 1.905000 0.001000
0.487000 0.580000 0.780000 0.490000 1.250000 6.700000 0.650000 0.650000
187499.984375 75.360001 0.084000
1.073000 0.050000 0.116600
0.162166 0.094690 0.000527 0.000000
0.000000

0.000000 0.000000 0.155524
0.040799 0.004536 0.690818 3.791148 177.947937
0.000000 0.003628 0.014213 0.000000 0.000000 0.000000
0.000000 0.000017 0.000008
7.257602 1.000000 0.000000
764.299377 0.000000
0.000000 0.000000 0.000000 0.000000
0.000000 0.992804
11 0.015000 1.920000 0.001000
0.487000 0.580000 0.780000 0.490000 1.250000 6.700000 0.650000 0.650000
187499.984375 75.360001 0.084000
1.073000 0.050000 0.116600
0.162179 0.094674 0.000527 0.000000
0.000000

0.000000 0.000000 0.155954
0.040808 0.004537 0.690998 3.791969 177.956207
0.000000 0.003615 0.014181 0.000000 0.000000 0.000000
0.000000 0.000017 0.000008
7.280129 1.000000 0.000000
764.299377 0.000000
0.000000 0.000000 0.000000 0.000000
0.000000 0.992585
11 0.015000 1.935000 0.001000
0.487000 0.580000 0.780000 0.490000 1.250000 6.700000 0.650000 0.650000
187499.984375 75.360001 0.084000
1.073000 0.050000 0.116600
0.162185 0.094753 0.000528 0.000000
0.000000

0.000000 0.000000 0.156380
0.040818 0.004538 0.691188 3.792850 177.964188
0.000000 0.003603 0.014150 0.000000 0.000000 0.000000
0.000000 0.000017 0.000008
7.302284 1.000000 0.000000
764.299377 0.000000
0.000000 0.000000 0.000000 0.000000
0.000000 0.992388
11 0.015000 1.950000 0.001000
0.487000 0.580000 0.780000 0.490000 1.250000 6.700000 0.650000 0.650000
187499.984375 75.360001 0.084000
1.073000 0.050000 0.116600
0.162194 0.095059 0.000529 0.000000
0.000000

0.000000 0.000000 0.156872
0.040829 0.004539 0.691393 3.793813 177.973083
0.000000 0.003590 0.014096 0.000000 0.000000 0.000000
0.000000 0.000017 0.000008
7.324068 1.000000 0.000000
764.299377 0.000000
0.000000 0.000000 0.000000 0.000000
0.000000 0.992187
11 0.015000 1.965000 0.001000
0.487000 0.580000 0.780000 0.490000 1.250000 6.700000 0.650000 0.650000
187499.984375 75.360001 0.084000
1.073000 0.050000 0.116600
0.162209 0.094942 0.000529 0.000000
0.000000

0.000000 0.000000 0.157888
0.040851 0.004541 0.691792 3.795843 177.983063
0.000000 0.003574 0.014034 0.000000 0.000000 0.000000
0.000000 0.000017 0.000008
7.345481 1.000000 0.000000
764.299377 0.000000
0.000000 0.000000 0.000000 0.000000
0.000000 0.992043
11 0.015000 1.980000 0.001000
0.487000 0.580000 0.780000 0.490000 1.250000 6.700000 0.650000 0.650000
187499.984375 75.360001 0.084000
1.073000 0.050000 0.116600
0.162228 0.094967 0.000529 0.000000
0.000000

0.000000 0.000000 0.158481
0.040865 0.004543 0.692036 3.797022 177.991486
0.000000 0.013024 0.014152 0.000000 0.000000 0.000000
0.000000 0.000024 0.000003
7.366526 1.000000 0.000000
764.299377 0.000000
0.000000 0.000000 0.000000 0.000000
0.000000 0.991824
11 0.015000 1.995000 0.001000
0.487000 0.580000 0.780000 0.490000 1.250000 6.700000 0.650000 0.650000
187499.984375 75.360001 0.084000
1.073000 0.050000 0.116600
0.162243 0.095066 0.000529 0.000000
0.000000
1.000000
2.000000
0.321000 0.000000
0.000000
0
-0.750000
0 0
0.000000
1
0.000000
1.000000
1.000000
1.000000
0.000000 0.000000 0.000000
0.000000 0.000000
0.000000 0.000000 0.000000 0.000000 0.000000 0.000000 0.000000
0.000000 0.000000 0.000000 0.000000 0.000000 0.000000 0.000000
605
2.000000
1
C:\Kingsite\dnd\Ohio1.spf
-1.000000 -1.000000
0.000000
50
50
10.000000
100
