1
2 75 0.740329 0.740329 1.425526 0.025097
5.507792 5.507792 0.000000 3.685005 230.399979
0.000327 33.816624
2 Winter_wheat 1 187 2633.549561 1
291 262 0.650000 201.926804 191.004028
0.000000 0 0.127474 0.000000 0.000000
0
0
0.410000 0.220000 0.220000 0.150000
22.189301 42.274399 78.523300 46.111599
1807.424683 111.828697 15.953400 0.000000 1.987900
0.000000 0
0.000000 1.000000 0.000000 0.000000
0
75
1608.756104
0.240150
117
86.780640
125
125.000000
1.279500
0
0
0.000000
1.000000
5
0.500000
6.000000
0.000000
0.000000
0.000000
0.000000
0.000000
0.000000
0.000000
0.000000
0.000000
0.000000
0.000000
0.000000
43 2 0 0 0 0 0 0 0 0
