1
2 75 2.927634 2.927634 180.451691 0.099245
21.780598 21.780602 0.000000 14.737619 248.050018
0.000059 33.816624
2 Winter_wheat 1 187 2633.549561 1
291 262 0.650000 201.926804 191.004028
0.000000 0 0.137239 0.000000 0.000000
0
0
0.410000 0.220000 0.220000 0.150000
22.189301 42.274399 78.523300 46.111599
1807.424683 111.828697 15.953400 0.000000 1.987900
0.400000 0
0.000000 1.000000 0.000000 0.000000
0
75
38.885582
0.331200
665
618.428833
922
749.828369
1.000000
1
0
-11.750159
0.914357
5
0.500000
6.000000
0.000000
0.000000
0.000000
0.000000
0.000000
635.531677
0.000000
0.000000
0.000000
0.000000
0.000000
0.000000
43 2 10 47 0 0 0 0 0 0
