2
43  Silage_corn  0  0  4023.781982  1
141  124  0.650000  260.618347  111
0.000000  0  0.000000  0.000000  0.000000
0
0
0.370000 0.240000 0.240000 0.150000
30.806299 45.451302 53.800800 67.783997
2786.262207 196.669907 26.412100 0.000000 1.279500
0.000000 0.000000 0.000000 0.000000
5 0.500000
6.000000 -2.000000
0.000000 0.000000 0.000000 0.000000
2  Winter_wheat  0  0  2633.549561  2
291  262  0.650000  191.004028  999
0.000000  0  0.000000  0.000000  0.000000
0
0
0.410000 0.220000 0.220000 0.150000
22.189301 42.274399 78.523300 46.111599
1807.424683 111.828697 15.953400 0.000000 1.987900
0.000000 0.000000 0.000000 0.000000
5 0.500000
6.000000 0.000000
0.000000 0.000000 0.000000 0.000000
