1
10 60 45.338593 59.806423 59.806427 0.261234
108.847336 108.847336 0.000000 833.768860 718.099854
0.023034 14.078073
10 Alfalfa 1 247 50.000000 0
239 307 1.000000 377.566437 357.142822
0.000000 0 0.398944 0.000000 0.000000
1
1
0.010000 0.295000 0.295000 0.400000
10.000000 10.000000 10.000000 35.000000
1800.000000 100.000000 21.000000 1.000000 1.200000
0.400000 0
0.000000 1.000000 0.000000 0.000000
0
61
0.000000
1.200000
247
216.069046
289
214.191284
1.987900
0
0
0.000000
1.000000
5
0.500000
3.000000
-2.000000
0.284000
0.820000
-25.000000
0.008000
0.000000
0.000000
0.000000
0.000000
0.000000
0.000000
0.000000
43 2 10 47 0 0 0 0 0 0
