1
10 31 67.008682 874.835388 874.835388 0.109546
50.979012 50.979012 0.000000 2001.529907 645.649902
0.402912 14.078073
10 Alfalfa 1 276 50.000000 0
239 307 1.000000 377.566437 357.142822
0.000000 0 0.358694 0.000000 0.000000
1
1
0.010000 0.295000 0.295000 0.400000
10.000000 10.000000 10.000000 35.000000
1800.000000 200.000000 21.000000 1.000000 2.000000
0.400000 0
0.000000 2.000000 0.000000 0.000000
0
32
0.000000
2.000000
492
461.778717
664
591.676575
2.000000
1
60
-17.537762
0.933913
5
0.500000
3.000000
-2.000000
0.284000
0.820000
-25.000000
0.008000
650.805664
0.000000
0.000000
0.000000
0.000000
0.000000
0.000000
43 2 10 0 0 0 0 0 0 0
