1
47 2 0.000000 0.000000 0.000000 0.000000
0.000000 0.000000 0.000000 0.000000 0.000000
0.000000 11.621964
47 Cover_crop 1 212 25.000000 1
364 214 1.000000 228.679428 216.309525
0.000000 0 0.000000 0.000000 0.000000
0
0
0.010000 0.400000 0.400000 0.190000
12.000000 10.500000 10.500000 20.000000
1300.000000 250.000000 14.000100 1.000000 2.000000
0.400000 0
0.000000 1.000000 0.000000 0.000000
0
2
0.000000
0.000000
212
192.258011
307
192.970764
1.987900
0
0
0.000000
1.000000
5
0.600000
3.000000
0.000000
0.000000
0.000000
0.000000
0.000000
0.000000
0.000000
0.000000
0.000000
0.000000
0.000000
0.000000
43 2 10 47 0 0 0 0 0 0
