1
10 44 16.746603 36.836922 36.836922 0.022156
12.678793 12.678793 0.000000 500.648224 601.550049
0.030609 14.078073
10 Alfalfa 1 263 50.000000 0
239 307 1.000000 377.566437 357.142822
0.000000 0 0.334194 0.000000 0.000000
1
1
0.010000 0.295000 0.295000 0.400000
10.000000 10.000000 10.000000 35.000000
1800.000000 200.000000 21.000000 1.000000 2.000000
0.400000 0
0.000000 1.000000 0.000000 0.000000
0
45
0.000000
2.000000
223
192.778717
299
226.676575
1.987900
0
0
0.000000
1.000000
5
0.500000
3.000000
-2.000000
0.284000
0.820000
-25.000000
0.008000
0.000000
0.000000
0.000000
0.000000
0.000000
0.000000
0.000000
43 2 10 0 0 0 0 0 0 0
