1
2 113 12.332746 12.332746 16.562305 0.230668
87.375694 87.375725 0.000000 69.521500 681.000000
0.011442 33.737400
2 Winter_wheat 1 110 2633.549561 1
253 223 0.900000 202.400986 191.452560
0.000000 0 0.376779 0.000000 0.000000
1
0
0.410000 0.210000 0.210000 0.170000
22.189301 42.274399 78.523300 46.111599
1807.424683 111.828697 15.953400 0.000000 1.000000
0.400000 0
0.000000 1.000000 0.000000 0.000000
0
113
2554.774170
1.000000
605
558.428833
811
736.191284
1.200000
1
0
-11.750159
0.914357
5
0.500000
3.500000
-2.000000
0.000000
0.000000
0.000000
0.000000
635.531677
0.000000
0.000000
0.000000
0.000000
0.000000
0.000000
43 2 10 47 0 0 0 0 0 0
