1
10 60 72.759628 911.080322 911.080322 0.184131
79.241745 79.241745 0.000000 2006.095825 673.550049
0.303044 14.078073
10 Alfalfa 1 247 50.000000 0
239 307 1.000000 377.566437 357.142822
0.000000 0 0.374194 0.000000 0.000000
1
1
0.010000 0.295000 0.295000 0.400000
10.000000 10.000000 10.000000 35.000000
1800.000000 100.000000 21.000000 1.000000 1.200000
0.400000 0
0.000000 2.000000 0.000000 0.000000
0
61
0.000000
1.200000
516
469.428833
654
579.191284
1.200000
1
60
-22.142097
0.914357
5
0.500000
3.000000
-2.000000
0.284000
0.820000
-25.000000
0.008000
635.531677
0.000000
0.000000
0.000000
0.000000
0.000000
0.000000
43 2 10 47 0 0 0 0 0 0
