1
2 75 1.424118 1.424118 2.608345 0.048277
10.594952 10.594953 0.000000 7.120209 247.700012
0.001026 33.816624
2 Winter_wheat 1 187 2633.549561 1
291 262 0.650000 201.926804 191.004028
0.000000 0 0.137046 0.000000 0.000000
0
0
0.410000 0.220000 0.220000 0.150000
22.189301 42.274399 78.523300 46.111599
1807.424683 111.828697 15.953400 0.000000 1.987900
0.000000 0
0.000000 1.000000 0.000000 0.000000
0
75
1918.704956
0.358360
113
82.069046
122
122.000000
1.279500
0
0
0.000000
1.000000
5
0.500000
6.000000
0.000000
0.000000
0.000000
0.000000
0.000000
0.000000
0.000000
0.000000
0.000000
0.000000
0.000000
0.000000
43 2 10 47 0 0 0 0 0 0
