1.000000 1.000000 0.000000 0.000000 0.000000 0.000000 0.000000 0.000000 0.000000 0.000000
148.345276 212.996078 0.000000 0.000000 0.000000 0.000000 0.000000 0.000000 0.000000 0.000000
1.000000
180.670685
0.595250 0.758116 0.967474 0.000000 0.000000 0.000000 0.000000 0.000000 0.000000 0.000000
0.306157 110.188644 0.474321 0.000000 0.000000 0.000000 0.000000 0.000000 0.000000 0.000000
0.773613
36.989708
1.000000 0.890915 0.000000 0.000000 0.000000 0.000000 0.000000 0.000000 0.000000 0.000000
35.184246 37.661892 0.000000 0.000000 0.000000 0.000000 0.000000 0.000000 0.000000 0.000000
0.945457
36.423069
