1.000000 0.000000 0.000000 0.000000 0.000000 0.000000 0.000000 0.000000 0.000000 0.000000
148.345276 0.000000 0.000000 0.000000 0.000000 0.000000 0.000000 0.000000 0.000000 0.000000
1.000000
148.345276
0.595250 0.758116 0.000000 0.000000 0.000000 0.000000 0.000000 0.000000 0.000000 0.000000
0.306157 110.188644 0.000000 0.000000 0.000000 0.000000 0.000000 0.000000 0.000000 0.000000
0.676683
55.247402
1.000000 0.890915 0.000000 0.000000 0.000000 0.000000 0.000000 0.000000 0.000000 0.000000
35.184246 37.661892 0.000000 0.000000 0.000000 0.000000 0.000000 0.000000 0.000000 0.000000
0.945457
36.423069
