1.000000 1.000000 1.000000 0.000000 0.000000 0.000000 0.000000 0.000000 0.000000 0.000000
148.345276 212.996078 173.669434 0.000000 0.000000 0.000000 0.000000 0.000000 0.000000 0.000000
1.000000
178.336929
0.595250 0.758116 0.967474 0.628569 0.608416 0.000000 0.000000 0.000000 0.000000 0.000000
0.306157 110.188644 0.474321 95.448418 0.929880 0.000000 0.000000 0.000000 0.000000 0.000000
0.711565
41.469486
1.000000 0.890915 0.000000 0.000000 0.000000 0.000000 0.000000 0.000000 0.000000 0.000000
35.184246 37.661892 0.000000 0.000000 0.000000 0.000000 0.000000 0.000000 0.000000 0.000000
0.945457
36.423069
1.000000 0.759432 0.000000 0.000000 0.000000 0.000000 0.000000 0.000000 0.000000 0.000000
0.000000 0.000000 0.000000 0.000000 0.000000 0.000000 0.000000 0.000000 0.000000 0.000000
0.879716
0.000000
