1.000000 1.000000 1.000000 0.000000 0.000000 0.000000 0.000000 0.000000 0.000000 0.000000
148.345276 212.996078 173.669434 0.000000 0.000000 0.000000 0.000000 0.000000 0.000000 0.000000
1.000000
178.336929
0.595250 0.758116 0.967474 0.628569 0.608416 0.741146 0.000000 0.000000 0.000000 0.000000
0.306157 110.188644 0.474321 95.448418 0.929880 143.013763 0.000000 0.000000 0.000000 0.000000
0.716495
58.393536
1.000000 0.890915 1.000000 0.885438 0.000000 0.000000 0.000000 0.000000 0.000000 0.000000
35.184246 37.661892 56.309689 42.518772 0.000000 0.000000 0.000000 0.000000 0.000000 0.000000
0.944088
42.918648
1.000000 0.759432 0.000000 0.000000 0.000000 0.000000 0.000000 0.000000 0.000000 0.000000
0.000000 0.000000 0.000000 0.000000 0.000000 0.000000 0.000000 0.000000 0.000000 0.000000
0.879716
0.000000
