11
Clay
0.580000 0.612000 0.084000 0.780000 0.530000 1.000000 0.000000 0.000000
1.020000 5.968800 1 0.028600 0.500000 0.050000 0.010000 0.027000 0.963000
0.000000 0.018443 2.000000 188118.593750 100.000000 108
0.173500 2.523000 3.647700 0.000000 1
5.212900 5.212900 6.915800 5.000000 25.000000 100.000000
0.000000 0.000000 0.000000 0.000000 0.000000 0.000000
500.000000 0.000000 0.000000

0.320270 0.218373 57.837936
5.217313 0.581723 30.295370 461.319641 4425.322754
0.000000 0.067770 0.106151 1.228134 0.000000 0.000000
0.000090 0.000084 0.000318
-1.264557 0.000010 87.106270
764.299377 0.000000
0.228320 0.000000 0.000000 0.000000
0.000000 0.276725
11 0.018443 0.018443 0.028600
0.612000 0.580000 0.780000 0.530000 1.020000 5.968800 0.780000 0.780000
188118.593750 100.000000 0.084000
1.073000 0.050000 0.116600
6.249270 19.523813 0.021914 0.000000
579.182922

0.424182 0.316919 59.116833
4.864164 0.542253 30.555403 440.578186 4424.925293
0.000000 0.060988 0.083448 0.614067 0.000000 0.000000
0.000068 0.000078 0.000304
-0.961281 0.000010 87.106270
764.299377 0.000000
0.160349 0.000000 0.000000 0.000000
0.000000 0.317457
11 0.018443 0.036886 0.028600
0.612000 0.580000 0.780000 0.530000 1.020000 5.968800 0.780000 0.780000
188118.593750 100.000000 0.084000
1.073000 0.050000 0.116600
6.262363 20.256289 0.023819 0.000000
438.998810

0.490744 0.384199 59.801144
4.982847 0.555437 31.568613 442.434265 4424.860840
0.000000 0.072899 0.078044 0.307034 0.000000 0.000000
0.000072 0.000085 0.000304
-0.659269 0.000010 87.106270
764.299377 0.000000
0.111611 0.000000 0.000000 0.000000
0.000000 0.366361
11 0.018443 0.055329 0.028600
0.612000 0.580000 0.780000 0.530000 1.020000 5.968800 0.780000 0.780000
188118.593750 100.000000 0.084000
1.073000 0.050000 0.116600
6.269217 20.614426 0.024843 0.000000
486.253967

0.529676 0.422513 60.089546
3.981638 0.443871 28.701263 396.279175 4424.381836
0.000000 0.048848 0.035214 0.153517 0.000000 0.000000
0.000032 0.000077 0.000247
-0.359126 0.000010 87.106270
764.299377 0.000000
0.048185 0.000000 0.000000 0.000000
0.000000 0.390601
11 0.018443 0.073772 0.028600
0.612000 0.580000 0.780000 0.530000 1.020000 5.968800 0.780000 0.780000
188118.593750 100.000000 0.084000
1.073000 0.050000 0.116600
6.272765 20.892069 0.025658 0.000000
0.000000

0.559315 0.451858 60.302765
4.029372 0.449192 29.002489 396.235931 4424.364746
0.000000 0.059224 0.026914 0.076758 0.000000 0.000000
0.000033 0.000087 0.000220
-0.061472 0.000010 87.106270
764.299377 0.000000
0.000000 0.000000 0.000000 0.000000
0.000000 0.422030
11 0.018443 0.092215 0.028600
0.612000 0.580000 0.780000 0.530000 1.020000 5.968800 0.780000 0.780000
188118.593750 100.000000 0.084000
1.073000 0.050000 0.116600
6.275314 20.929079 0.025810 0.000000
0.000000

0.582628 0.475453 75.052742
4.046861 0.451232 29.222874 396.002472 4424.354980
0.000000 0.077847 0.018449 0.038379 0.000000 0.000000
0.000039 0.000888 0.000568
0.218727 0.771732 0.000000
764.299377 0.000000
0.000000 0.000000 0.000000 0.000000
0.000000 0.497401
11 0.018443 0.110658 0.028600
0.612000 0.580000 0.780000 0.530000 1.020000 5.968800 0.780000 0.780000
188118.593750 100.000000 0.084000
1.073000 0.050000 0.116600
6.277281 20.899429 0.164223 0.000000
0.000000

0.750767 0.709005 76.533661
4.085468 0.455646 30.806440 395.737030 4424.187988
0.000000 0.089314 0.020845 0.019190 0.000000 0.000000
0.000045 0.000320 0.000133
0.530045 0.640808 0.000000
764.299377 0.000000
0.000000 0.000000 0.000000 0.000000
0.000000 0.570331
11 0.018443 0.129101 0.018000
0.547000 0.580000 0.780000 0.490000 1.150000 5.968800 0.650000 0.650000
212094.484375 100.000000 0.084000
1.073000 0.050000 0.116600
6.290234 21.467411 0.109365 0.000000
0.000000

0.765779 0.724228 76.649086
4.089833 0.456152 30.921373 395.705933 4424.187012
0.000000 0.096442 0.021720 0.009595 0.000000 0.000000
0.000049 0.000348 0.000123
0.860744 0.640808 0.000000
764.299377 0.000000
0.000000 0.000000 0.000000 0.000000
0.000000 0.617739
11 0.018443 0.147544 0.018000
0.547000 0.580000 0.780000 0.490000 1.150000 5.968800 0.650000 0.650000
212094.484375 100.000000 0.084000
1.073000 0.050000 0.116600
6.291152 21.523636 0.109678 0.000000
0.000000

0.827984 1.311271 77.111603
4.115232 0.459031 31.414072 395.868835 4424.121094
0.000000 0.102729 0.023566 0.004797 0.000000 0.000000
0.000053 0.000375 0.000114
1.186849 0.640808 0.000000
764.299377 0.000000
0.000000 0.000000 0.000000 0.000000
0.000000 0.693517
11 0.018443 0.165987 0.018000
0.547000 0.580000 0.780000 0.490000 1.150000 5.968800 0.650000 0.650000
212094.484375 100.000000 0.084000
1.073000 0.050000 0.116600
6.294892 21.476652 0.109379 0.000000
0.000000

1.228576 2.223316 79.512711
4.175296 0.465774 33.920952 395.137177 4423.824707
0.000000 0.112209 0.027177 0.002399 0.000000 0.000000
0.000062 0.000400 0.000105
1.507831 0.640808 0.000000
764.299377 0.000000
0.000000 0.000000 0.000000 0.000000
0.000000 0.805318
11 0.018443 0.184430 0.018000
0.547000 0.580000 0.780000 0.490000 1.150000 5.968800 0.650000 0.650000
212094.484375 100.000000 0.084000
1.073000 0.050000 0.116600
6.314055 21.349522 0.108616 0.000000
0.000000

4.275560 18.566162 87.713158
4.058225 0.451473 45.940685 387.711456 4420.940918
0.000000 0.098251 0.007395 0.001199 0.000000 0.000000
0.000019 0.000412 0.000100
1.822165 0.650000 0.000000
764.299377 0.000000
0.000000 0.000000 0.000000 0.000000
0.000000 0.556094
11 0.018443 0.202873 0.018000
0.547000 0.580000 0.780000 0.490000 1.150000 5.968800 0.650000 0.650000
212094.484375 100.000000 0.084000
1.073000 0.050000 0.116600
6.393527 21.100569 0.108618 0.000000
0.000000

0.368167 20.156075 89.994347
0.878538 0.097736 12.484275 73.752533 1896.873535
0.000000 0.101879 0.003187 0.000600 0.000000 0.000000
0.000009 0.000140 0.000013
2.132004 0.650000 0.000000
764.299377 0.000000
0.000000 0.000000 0.000000 0.000000
0.000000 0.541072
11 0.018443 0.221316 0.009000
0.527000 0.580000 0.780000 0.490000 1.200000 5.968800 0.650000 0.650000
221316.000000 100.000000 0.084000
1.073000 0.050000 0.116600
1.432685 7.425111 0.031810 0.000000
0.000000

0.338752 18.465876 81.870705
0.846412 0.094165 12.081800 71.299576 1897.064941
0.000000 0.123185 0.003312 0.000300 0.000000 0.000000
0.000011 0.000134 0.000011
2.437812 0.650000 0.000000
764.299377 0.000000
0.000000 0.000000 0.000000 0.000000
0.000000 0.571707
11 0.018443 0.239759 0.009000
0.527000 0.580000 0.780000 0.490000 1.200000 5.968800 0.650000 0.650000
221316.000000 100.000000 0.084000
1.073000 0.050000 0.116600
1.432751 5.486629 0.023198 0.000000
0.000000

0.311406 16.982857 76.966103
0.809323 0.090041 11.570688 68.205811 1897.242676
0.000000 0.155840 0.003491 0.000150 0.000000 0.000000
0.000013 0.000116 0.000007
2.736529 0.650000 0.000000
764.299377 0.000000
0.000000 0.000000 0.000000 0.000000
0.000000 0.633644
11 0.018443 0.258202 0.009000
0.527000 0.580000 0.780000 0.490000 1.200000 5.968800 0.650000 0.650000
221316.000000 100.000000 0.084000
1.073000 0.050000 0.116600
1.432813 4.061144 0.017008 0.000000
0.000000

0.286077 15.520191 71.089348
0.779641 0.086741 11.187552 65.892395 1897.440552
0.000000 0.207757 0.003639 0.000075 0.000000 0.000000
0.000015 0.000099 0.000005
3.027813 0.650000 0.000000
764.299377 0.000000
0.000000 0.000000 0.000000 0.000000
0.000000 0.733145
11 0.018443 0.276645 0.009000
0.527000 0.580000 0.780000 0.490000 1.200000 5.968800 0.650000 0.650000
221316.000000 100.000000 0.084000
1.073000 0.050000 0.116600
1.432872 3.037245 0.012634 0.000000
0.000000

0.262625 14.190013 64.591209
0.755780 0.084089 10.901919 64.166275 1897.595459
0.000000 0.289629 0.003712 0.000037 0.000000 0.000000
0.000016 0.000083 0.000003
3.311367 0.650000 0.000000
764.299377 0.000000
0.000000 0.000000 0.000000 0.000000
0.000000 0.878145
11 0.018443 0.295088 0.009000
0.527000 0.580000 0.780000 0.490000 1.200000 5.968800 0.650000 0.650000
221316.000000 100.000000 0.084000
1.073000 0.050000 0.116600
1.432906 2.284761 0.009457 0.000000
0.000000

0.240951 12.980452 58.789536
0.733515 0.081614 10.635817 62.553783 1897.731934
0.000000 0.414264 0.003877 0.000019 0.000000 0.000000
0.000016 0.000067 0.000002
3.586942 0.650000 0.000000
764.299377 0.000000
0.000000 0.000000 0.000000 0.000000
0.000000 1.077308
11 0.018443 0.313531 0.009000
0.527000 0.580000 0.780000 0.490000 1.200000 5.968800 0.650000 0.650000
221316.000000 100.000000 0.084000
1.073000 0.050000 0.116600
1.432921 1.753944 0.007235 0.000000
0.000000

0.219975 11.868259 55.500286
0.593484 0.066034 8.462396 49.742779 1449.802246
0.000000 0.593444 0.004157 0.000009 0.000000 0.000000
0.000011 0.000024 0.000000
3.857904 0.650000 0.000000
764.299377 0.000000
0.000000 0.000000 0.000000 0.000000
0.000000 1.335164
11 0.018443 0.331974 0.006600
0.497000 0.580000 0.780000 0.490000 1.250000 5.968800 0.650000 0.650000
230537.500000 100.000000 0.084000
1.073000 0.050000 0.116600
1.095136 1.358317 0.005058 0.000000
0.000000

0.195134 10.751719 49.848267
0.576974 0.064199 8.278617 48.703056 1449.883423
0.000000 0.836490 0.004149 0.000005 0.000000 0.000000
0.000011 0.000021 0.000000
4.123987 0.650000 0.000000
764.299377 0.000000
0.000000 0.000000 0.000000 0.000000
0.000000 1.650063
11 0.018443 0.350417 0.006600
0.497000 0.580000 0.780000 0.490000 1.250000 5.968800 0.650000 0.650000
230537.500000 100.000000 0.084000
1.073000 0.050000 0.116600
1.095053 1.076542 0.004001 0.000000
0.000000

0.178855 9.835979 45.017380
0.560903 0.062412 8.098809 47.616768 1449.982056
0.000000 1.142347 0.004129 0.000002 0.000000 0.000000
0.000011 0.000019 0.000000
4.381408 0.650000 0.000000
764.299377 0.000000
0.000000 0.000000 0.000000 0.000000
0.000000 2.010811
11 0.018443 0.368860 0.006600
0.497000 0.580000 0.780000 0.490000 1.250000 5.968800 0.650000 0.650000
230537.500000 100.000000 0.084000
1.073000 0.050000 0.116600
1.095008 0.889718 0.003303 0.000000
0.000000

0.163875 8.993574 40.327438
0.546920 0.060857 7.950611 46.719841 1450.060669
0.000000 1.498945 0.004065 0.000001 0.000000 0.000000
0.000010 0.000019 0.000000
4.630095 0.650000 0.000000
764.299377 0.000000
0.000000 0.000000 0.000000 0.000000
0.000000 2.393360
11 0.018443 0.387303 0.006600
0.497000 0.580000 0.780000 0.490000 1.250000 5.968800 0.650000 0.650000
230537.500000 100.000000 0.084000
1.073000 0.050000 0.116600
1.094972 0.767029 0.002845 0.000000
0.000000

0.150143 8.223769 36.333755
0.533268 0.059340 7.800061 45.810116 1450.143066
0.000000 1.881774 0.003916 0.000001 0.000000 0.000000
0.000010 0.000018 0.000000
4.870020 0.650000 0.000000
764.299377 0.000000
0.000000 0.000000 0.000000 0.000000
0.000000 2.766394
11 0.018443 0.405746 0.006600
0.497000 0.580000 0.780000 0.490000 1.250000 5.968800 0.650000 0.650000
230537.500000 100.000000 0.084000
1.073000 0.050000 0.116600
1.094951 0.688849 0.002554 0.000000
0.000000

0.137555 7.583697 36.626598
0.324990 0.036163 4.488364 26.348076 725.195557
0.000000 2.255365 0.003440 0.000000 0.000000 0.000000
0.000004 0.000005 0.000000
5.102256 0.650000 0.000000
764.299377 0.000000
0.000000 0.000000 0.000000 0.000000
0.000000 3.093792
11 0.018443 0.424189 0.003300
0.487000 0.580000 0.780000 0.490000 1.250000 5.968800 0.650000 0.650000
230537.500000 100.000000 0.084000
1.073000 0.050000 0.116600
0.548165 0.499734 0.001814 0.000000
0.000000

0.125983 6.913985 32.690639
0.315177 0.035072 4.396042 25.795343 725.227539
0.000000 2.583913 0.003238 0.000000 0.000000 0.000000
0.000004 0.000006 0.000000
5.326928 0.650000 0.000000
764.299377 0.000000
0.000000 0.000000 0.000000 0.000000
0.000000 3.344310
11 0.018443 0.442632 0.003300
0.487000 0.580000 0.780000 0.490000 1.250000 5.968800 0.650000 0.650000
230537.500000 100.000000 0.084000
1.073000 0.050000 0.116600
0.548107 0.431943 0.001567 0.000000
0.000000

0.115365 6.307263 29.355984
0.305443 0.033989 4.297438 25.207714 725.264221
0.000000 2.830610 0.003009 0.000000 0.000000 0.000000
0.000004 0.000006 0.000001
5.543048 0.650000 0.000000
764.299377 0.000000
0.000000 0.000000 0.000000 0.000000
0.000000 3.494760
11 0.018443 0.461075 0.003300
0.487000 0.580000 0.780000 0.490000 1.250000 5.968800 0.650000 0.650000
230537.500000 100.000000 0.084000
1.073000 0.050000 0.116600
0.548042 0.384593 0.001395 0.000000
0.000000

0.105616 5.758270 26.359261
0.296380 0.032981 4.205063 24.656090 725.283630
0.000000 2.969293 0.002726 0.000000 0.000000 0.000000
0.000004 0.000008 0.000001
5.750738 0.650000 0.000000
764.299377 0.000000
0.000000 0.000000 0.000000 0.000000
0.000000 3.534065
11 0.018443 0.479518 0.003300
0.487000 0.580000 0.780000 0.490000 1.250000 5.968800 0.650000 0.650000
230537.500000 100.000000 0.084000
1.073000 0.050000 0.116600
0.548000 0.351400 0.001274 0.000000
0.000000

0.096677 5.251735 23.729704
0.287788 0.032026 4.115733 24.121647 725.315002
0.000000 2.987726 0.002753 0.000000 0.000000 0.000000
0.000004 0.000009 0.000000
5.950147 0.650000 0.000000
764.299377 0.000000
0.000000 0.000000 0.000000 0.000000
0.000000 3.464709
11 0.018443 0.497961 0.003300
0.487000 0.580000 0.780000 0.490000 1.250000 5.968800 0.650000 0.650000
230537.500000 100.000000 0.084000
1.073000 0.050000 0.116600
0.547953 0.327893 0.001189 0.000000
0.000000

0.088479 4.790399 21.325857
0.279930 0.031152 4.033889 23.637373 725.350891
0.000000 2.888669 0.002647 0.000000 0.000000 0.000000
0.000004 0.000011 0.000000
6.141452 0.650000 0.000000
764.299377 0.000000
0.000000 0.000000 0.000000 0.000000
0.000000 3.300826
11 0.018443 0.516404 0.003300
0.487000 0.580000 0.780000 0.490000 1.250000 5.968800 0.650000 0.650000
230537.500000 100.000000 0.084000
1.073000 0.050000 0.116600
0.547909 0.311056 0.001128 0.000000
0.000000

0.080970 4.703279 22.925236
0.133030 0.014803 1.665596 9.757207 219.861465
0.000000 2.687713 0.001659 0.000000 0.000000 0.000000
0.000001 0.000002 0.000000
6.324856 0.650000 0.000000
764.299377 0.000000
0.000000 0.000000 0.000000 0.000000
0.000000 3.065717
11 0.018443 0.534847 0.001000
0.487000 0.580000 0.780000 0.490000 1.250000 5.968800 0.650000 0.650000
230537.500000 100.000000 0.084000
1.073000 0.050000 0.116600
0.166576 0.196684 0.000712 0.000000
0.000000

0.074087 4.196876 20.844673
0.126728 0.014102 1.608042 9.415959 219.865158
0.000000 2.412492 0.001533 0.000000 0.000000 0.000000
0.000001 0.000002 0.000000
6.500586 0.650000 0.000000
764.299377 0.000000
0.000000 0.000000 0.000000 0.000000
0.000000 2.783336
11 0.018443 0.553290 0.001000
0.487000 0.580000 0.780000 0.490000 1.250000 5.968800 0.650000 0.650000
230537.500000 100.000000 0.084000
1.073000 0.050000 0.116600
0.166518 0.167127 0.000605 0.000000
0.000000

0.067778 3.780281 18.923265
0.120983 0.013463 1.554441 9.098265 219.871201
0.000000 2.092494 0.001175 0.000000 0.000000 0.000000
0.000001 0.000003 0.000000
6.668885 0.650000 0.000000
764.299377 0.000000
0.000000 0.000000 0.000000 0.000000
0.000000 2.480814
11 0.018443 0.571733 0.001000
0.487000 0.580000 0.780000 0.490000 1.250000 5.968800 0.650000 0.650000
230537.500000 100.000000 0.084000
1.073000 0.050000 0.116600
0.166467 0.143909 0.000521 0.000000
0.000000

0.062001 3.418440 17.086506
0.115929 0.012901 1.509085 8.829482 219.876221
0.000000 1.757579 0.001128 0.000000 0.000000 0.000000
0.000001 0.000003 0.000000
6.830009 0.650000 0.000000
764.299377 0.000000
0.000000 0.000000 0.000000 0.000000
0.000000 2.179943
11 0.018443 0.590176 0.001000
0.487000 0.580000 0.780000 0.490000 1.250000 5.968800 0.650000 0.650000
230537.500000 100.000000 0.084000
1.073000 0.050000 0.116600
0.166422 0.126135 0.000457 0.000000
0.000000

0.056712 3.101630 15.399035
0.111336 0.012390 1.467924 8.585315 219.881653
0.000000 2.567370 0.001103 0.000000 0.000000 0.000000
0.000001 0.000004 0.000000
6.984227 0.650000 0.000000
764.299377 0.000000
0.000000 0.000000 0.000000 0.000000
0.000000 1.897080
11 0.018443 0.608619 0.001000
0.487000 0.580000 0.780000 0.490000 1.250000 5.968800 0.650000 0.650000
230537.500000 100.000000 0.084000
1.073000 0.050000 0.116600
0.166380 0.113526 0.000411 0.000000
0.000000

0.051869 2.816655 13.812350
0.107255 0.011936 1.432735 8.376687 219.884323
0.000000 4.519686 0.001071 0.000000 0.000000 0.000000
0.000001 0.000006 0.000000
7.131818 0.650000 0.000000
764.299377 0.000000
0.000000 0.000000 0.000000 0.000000
0.000000 2.780038
11 0.018443 0.627062 0.001000
0.487000 0.580000 0.780000 0.490000 1.250000 5.968800 0.650000 0.650000
230537.500000 100.000000 0.084000
1.073000 0.050000 0.116600
0.166341 0.104690 0.000379 0.000000
0.000000

0.047444 2.562730 12.300076
0.103593 0.011528 1.403826 8.204679 219.892944
0.000000 6.415822 0.001054 0.000000 0.000000 0.000000
0.000001 0.000008 0.000001
7.273073 0.650000 0.000000
764.299377 0.000000
0.000000 0.000000 0.000000 0.000000
0.000000 3.540180
11 0.018443 0.645505 0.001000
0.487000 0.580000 0.780000 0.490000 1.250000 5.968800 0.650000 0.650000
230537.500000 100.000000 0.084000
1.073000 0.050000 0.116600
0.166310 0.099744 0.000361 0.000000
0.000000

0.043592 2.335122 10.959980
0.097536 0.010851 1.375957 8.037585 219.899155
0.000000 5.907659 0.000921 0.000000 0.000000 0.000000
0.000001 0.000011 0.000002
7.408284 0.650000 0.000000
764.299377 0.000000
0.000000 0.000000 0.000000 0.000000
0.000000 2.920294
11 0.018443 0.663948 0.001000
0.487000 0.580000 0.780000 0.490000 1.250000 5.968800 0.650000 0.650000
230537.500000 100.000000 0.084000
1.073000 0.050000 0.116600
0.166281 0.095556 0.000346 0.000000
0.000000

0.039991 2.128017 9.782649
0.092935 0.010338 1.347901 7.870225 219.907654
0.000000 5.444340 0.000828 0.000000 0.000000 0.000000
0.000000 0.000005 0.000003
7.537748 0.650000 0.000000
764.299377 0.000000
0.000000 0.000000 0.000000 0.000000
0.000000 2.341209
11 0.018443 0.682391 0.001000
0.487000 0.580000 0.780000 0.490000 1.250000 5.968800 0.650000 0.650000
230537.500000 100.000000 0.084000
1.073000 0.050000 0.116600
0.166254 0.093759 0.000339 0.000000
0.000000

0.036568 1.941181 8.671634
0.090544 0.010072 1.323999 7.728696 219.912445
0.000000 5.474613 0.000850 0.000000 0.000000 0.000000
0.000000 0.000002 0.000004
7.661767 0.650000 0.000000
764.299377 0.000000
0.000000 0.000000 0.000000 0.000000
0.000000 2.085178
11 0.018443 0.700834 0.001000
0.487000 0.580000 0.780000 0.490000 1.250000 5.968800 0.650000 0.650000
230537.500000 100.000000 0.084000
1.073000 0.050000 0.116600
0.166232 0.091695 0.000332 0.000000
0.000000

0.033654 1.776504 7.682677
0.086771 0.009650 1.301357 7.592171 219.919128
0.000000 4.904953 0.001164 0.000000 0.000000 0.000000
0.000000 0.000011 0.000002
7.771583 0.903388 0.000000
764.299377 0.000000
0.000000 0.000000 0.000000 0.000000
0.000000 1.738532
11 0.018443 0.719277 0.001000
0.487000 0.580000 0.780000 0.490000 1.250000 5.968800 0.650000 0.650000
230537.500000 100.000000 0.084000
1.073000 0.050000 0.116600
0.166219 0.093076 0.000468 0.000000
0.000000

0.030921 1.625960 6.704746
0.083660 0.009302 1.285672 7.495565 219.928772
0.000000 4.976659 0.001022 0.000000 0.000000 0.000000
0.000001 0.000008 0.000000
7.865898 1.000000 0.000000
764.299377 0.000000
0.000000 0.000000 0.000000 0.000000
0.000000 1.515735
11 0.018443 0.737720 0.001000
0.487000 0.580000 0.780000 0.490000 1.250000 5.968800 0.650000 0.650000
230537.500000 100.000000 0.084000
1.073000 0.050000 0.116600
0.166218 0.095644 0.000533 0.000000
0.000000

0.028269 1.482322 5.969289
0.081804 0.009095 1.262392 7.355633 219.937057
0.000000 5.739394 0.004801 0.000000 0.000000 0.000000
0.000001 0.000007 0.000001
7.952697 1.000000 0.000000
764.299377 0.000000
0.000000 0.000000 0.000000 0.000000
0.000000 1.700279
11 0.018443 0.756163 0.001000
0.487000 0.580000 0.780000 0.490000 1.250000 5.968800 0.650000 0.650000
230537.500000 100.000000 0.084000
1.073000 0.050000 0.116600
0.166222 0.096036 0.000535 0.000000
0.000000

0.025843 1.357434 5.397103
0.079797 0.008872 1.235684 7.195199 219.947189
0.000000 5.719208 0.006203 0.000000 0.000000 0.000000
0.000001 0.000004 0.000000
8.034492 1.000000 0.000000
764.299377 0.000000
0.000000 0.000000 0.000000 0.000000
0.000000 1.679658
11 0.018443 0.774606 0.001000
0.487000 0.580000 0.780000 0.490000 1.250000 5.968800 0.650000 0.650000
230537.500000 100.000000 0.084000
1.073000 0.050000 0.116600
0.166239 0.098018 0.000546 0.000000
0.000000

0.023638 1.244690 4.929962
0.077839 0.008655 1.209147 7.035348 219.960403
0.000000 6.086627 0.006948 0.000000 0.000000 0.000000
0.000001 0.000003 0.000000
8.111548 1.000000 0.000000
764.299377 0.000000
0.000000 0.000000 0.000000 0.000000
0.000000 1.962187
11 0.018443 0.793049 0.001000
0.487000 0.580000 0.780000 0.490000 1.250000 5.968800 0.650000 0.650000
230537.500000 100.000000 0.084000
1.073000 0.050000 0.116600
0.166288 0.102049 0.000568 0.000000
0.000000

0.021680 1.146338 4.566520
0.075892 0.008438 1.183016 6.871132 219.980179
0.000000 7.106545 0.007126 0.000000 0.000000 0.000000
0.000001 0.000002 0.000000
8.184122 1.000000 0.000000
764.299377 0.000000
0.000000 0.000000 0.000000 0.000000
0.000000 2.545573
11 0.018443 0.811492 0.001000
0.487000 0.580000 0.780000 0.490000 1.250000 5.968800 0.650000 0.650000
230537.500000 100.000000 0.084000
1.073000 0.050000 0.116600
0.166361 0.102341 0.000570 0.000000
0.000000

0.019817 1.058383 4.259634
0.074086 0.008237 1.159307 6.717080 220.009171
0.000000 6.522120 0.007556 0.000000 0.000000 0.000000
0.000001 0.000002 0.000000
8.252462 1.000000 0.000000
764.299377 0.000000
0.000000 0.000000 0.000000 0.000000
0.000000 4.040703
11 0.018443 0.829935 0.001000
0.487000 0.580000 0.780000 0.490000 1.250000 5.968800 0.650000 0.650000
230537.500000 100.000000 0.084000
1.073000 0.050000 0.116600
0.166462 0.103483 0.000576 0.000000
0.000000

0.027556 1.115214 4.168627
0.071855 0.007989 1.143518 6.480477 220.118484
0.000000 0.636412 0.012686 0.000000 0.000000 0.000000
0.000002 0.000015 0.000000
8.316813 1.000000 0.000000
764.299377 0.000000
0.000000 0.000000 0.000000 0.000000
0.000000 0.981627
11 0.018443 0.848378 0.001000
0.487000 0.580000 0.780000 0.490000 1.250000 5.968800 0.650000 0.650000
230537.500000 100.000000 0.084000
1.073000 0.050000 0.116600
0.166781 0.098690 0.000550 0.000000
0.000000

0.029805 1.145615 4.380787
0.069963 0.007779 1.126926 6.277718 220.491425
0.000000 1.068153 0.012163 0.000000 0.000000 0.000000
0.000002 0.000009 0.000000
8.377404 1.000000 0.000000
764.299377 0.000000
0.000000 0.000000 0.000000 0.000000
0.000000 2.736985
11 0.018443 0.866821 0.001000
0.487000 0.580000 0.780000 0.490000 1.250000 5.968800 0.650000 0.650000
230537.500000 100.000000 0.084000
1.073000 0.050000 0.116600
0.167765 0.090445 0.000504 0.000000
0.000000

0.027299 1.105767 4.305633
0.068402 0.007605 1.104287 6.136852 220.645615
0.000000 0.390195 0.010793 0.000000 0.000000 0.000000
0.000002 0.000022 0.000000
8.434461 1.000000 0.000000
764.299377 0.000000
0.000000 0.000000 0.000000 0.000000
0.000000 1.897477
11 0.018443 0.885264 0.001000
0.487000 0.580000 0.780000 0.490000 1.250000 5.968800 0.650000 0.650000
230537.500000 100.000000 0.084000
1.073000 0.050000 0.116600
0.168098 0.089208 0.000497 0.000000
0.000000

0.024933 1.012741 4.065784
0.067228 0.007475 1.087937 6.043770 220.662537
0.000000 0.548986 0.010414 0.000000 0.000000 0.000000
0.000002 0.000016 0.000000
8.488196 1.000000 0.000000
764.299377 0.000000
0.000000 0.000000 0.000000 0.000000
0.000000 2.196260
11 0.018443 0.903707 0.001000
0.487000 0.580000 0.780000 0.490000 1.250000 5.968800 0.650000 0.650000
230537.500000 100.000000 0.084000
1.073000 0.050000 0.116600
0.168122 0.089082 0.000496 0.000000
0.000000

0.022772 0.926788 3.789775
0.066336 0.007376 1.076244 5.977229 220.671600
0.000000 0.554805 0.010240 0.000000 0.000000 0.000000
0.000002 0.000016 0.000000
8.538818 1.000000 0.000000
764.299377 0.000000
0.000000 0.000000 0.000000 0.000000
0.000000 2.199316
11 0.018443 0.922150 0.001000
0.487000 0.580000 0.780000 0.490000 1.250000 5.968800 0.650000 0.650000
230537.500000 100.000000 0.084000
1.073000 0.050000 0.116600
0.168138 0.089052 0.000496 0.000000
0.000000

0.020798 0.849361 3.536824
0.065520 0.007285 1.065920 5.915854 220.683868
0.000000 0.242735 0.009616 0.000000 0.000000 0.000000
0.000002 0.000034 0.000001
8.586520 1.000000 0.000000
764.299377 0.000000
0.000000 0.000000 0.000000 0.000000
0.000000 1.983840
11 0.018443 0.940593 0.001000
0.487000 0.580000 0.780000 0.490000 1.250000 5.968800 0.650000 0.650000
230537.500000 100.000000 0.084000
1.073000 0.050000 0.116600
0.168149 0.088928 0.000495 0.000000
0.000000

0.018995 0.798877 3.415528
0.064656 0.007189 1.058031 5.839337 220.785706
0.000000 0.020777 0.006853 0.000000 0.000000 0.000000
0.000000 0.000073 0.000026
8.631487 1.000000 0.000000
764.299377 0.000000
0.000000 0.000000 0.000000 0.000000
0.000000 1.201322
11 0.018443 0.959036 0.001000
0.487000 0.580000 0.780000 0.490000 1.250000 5.968800 0.650000 0.650000
230537.500000 100.000000 0.084000
1.073000 0.050000 0.116600
0.168345 0.088201 0.000491 0.000000
0.000000

0.017348 0.731457 3.201240
0.063987 0.007114 1.049371 5.789974 220.792282
0.000000 0.001564 0.002792 0.000000 0.000000 0.000000
0.000000 0.000023 0.000067
8.673898 1.000000 0.000000
764.299377 0.000000
0.000000 0.000000 0.000000 0.000000
0.000000 1.185460
11 0.018443 0.977479 0.001000
0.487000 0.580000 0.780000 0.490000 1.250000 5.968800 0.650000 0.650000
230537.500000 100.000000 0.084000
1.073000 0.050000 0.116600
0.168347 0.088257 0.000491 0.000000
0.000000

0.015843 0.669649 3.014617
0.063350 0.007044 1.040870 5.742357 220.798737
0.000000 0.001783 0.003403 0.000000 0.000000 0.000000
0.000000 0.000023 0.000067
8.713919 1.000000 0.000000
764.299377 0.000000
0.000000 0.000000 0.000000 0.000000
0.000000 1.170894
11 0.018443 0.995922 0.001000
0.487000 0.580000 0.780000 0.490000 1.250000 5.968800 0.650000 0.650000
230537.500000 100.000000 0.084000
1.073000 0.050000 0.116600
0.168353 0.088255 0.000491 0.000000
0.000000

0.014469 0.613120 2.843483
0.062770 0.006979 1.033137 5.698970 220.805466
0.000000 0.002539 0.004062 0.000000 0.000000 0.000000
0.000000 0.000023 0.000067
8.751711 1.000000 0.000000
764.299377 0.000000
0.000000 0.000000 0.000000 0.000000
0.000000 1.161272
11 0.018443 1.014365 0.001000
0.487000 0.580000 0.780000 0.490000 1.250000 5.968800 0.650000 0.650000
230537.500000 100.000000 0.084000
1.073000 0.050000 0.116600
0.168353 0.088342 0.000492 0.000000
0.000000

0.013214 0.561481 2.687631
0.062239 0.006920 1.026075 5.659333 220.810608
0.000000 0.003375 0.004679 0.000000 0.000000 0.000000
0.000000 0.000029 0.000063
8.787422 1.000000 0.000000
764.299377 0.000000
0.000000 0.000000 0.000000 0.000000
0.000000 1.158178
11 0.018443 1.032808 0.001000
0.487000 0.580000 0.780000 0.490000 1.250000 5.968800 0.650000 0.650000
230537.500000 100.000000 0.084000
1.073000 0.050000 0.116600
0.168356 0.088432 0.000492 0.000000
0.000000

0.012068 0.514604 2.548737
0.061754 0.006866 1.019599 5.622940 220.817902
0.000000 0.004103 0.005161 0.000000 0.000000 0.000000
0.000000 0.000034 0.000058
8.821195 1.000000 0.000000
764.299377 0.000000
0.000000 0.000000 0.000000 0.000000
0.000000 1.166070
11 0.018443 1.051251 0.001000
0.487000 0.580000 0.780000 0.490000 1.250000 5.968800 0.650000 0.650000
230537.500000 100.000000 0.084000
1.073000 0.050000 0.116600
0.168364 0.088254 0.000491 0.000000
0.000000

0.011021 0.471740 2.422870
0.061313 0.006817 1.013721 5.589879 220.826492
0.000000 0.004776 0.005544 0.000000 0.000000 0.000000
0.000000 0.000038 0.000055
8.853161 1.000000 0.000000
764.299377 0.000000
0.000000 0.000000 0.000000 0.000000
0.000000 1.183981
11 0.018443 1.069694 0.001000
0.487000 0.580000 0.780000 0.490000 1.250000 5.968800 0.650000 0.650000
230537.500000 100.000000 0.084000
1.073000 0.050000 0.116600
0.168373 0.088527 0.000493 0.000000
0.000000

0.010064 0.432818 2.311357
0.060914 0.006773 1.008392 5.559855 220.837814
0.000000 0.005456 0.005928 0.000000 0.000000 0.000000
0.000000 0.000041 0.000052
8.883448 1.000000 0.000000
764.299377 0.000000
0.000000 0.000000 0.000000 0.000000
0.000000 1.210891
11 0.018443 1.088137 0.001000
0.487000 0.580000 0.780000 0.490000 1.250000 5.968800 0.650000 0.650000
230537.500000 100.000000 0.084000
1.073000 0.050000 0.116600
0.168392 0.088473 0.000493 0.000000
0.000000

0.009191 0.397200 2.208062
0.060549 0.006732 1.003546 5.532520 220.848938
0.000000 0.006016 0.006206 0.000000 0.000000 0.000000
0.000000 0.000043 0.000051
8.912170 1.000000 0.000000
764.299377 0.000000
0.000000 0.000000 0.000000 0.000000
0.000000 1.242615
11 0.018443 1.106580 0.001000
0.487000 0.580000 0.780000 0.490000 1.250000 5.968800 0.650000 0.650000
230537.500000 100.000000 0.084000
1.073000 0.050000 0.116600
0.168402 0.088554 0.000493 0.000000
0.000000

0.008393 0.364614 2.112616
0.060217 0.006695 0.999139 5.507618 220.856567
0.000000 0.006561 0.006475 0.000000 0.000000 0.000000
0.000000 0.000045 0.000049
8.939441 1.000000 0.000000
764.299377 0.000000
0.000000 0.000000 0.000000 0.000000
0.000000 1.275037
11 0.018443 1.125023 0.001000
0.487000 0.580000 0.780000 0.490000 1.250000 5.968800 0.650000 0.650000
230537.500000 100.000000 0.084000
1.073000 0.050000 0.116600
0.168412 0.088742 0.000494 0.000000
0.000000

0.007665 0.336497 2.048086
0.059928 0.006663 0.995233 5.485489 220.889862
0.000000 0.006981 0.006682 0.000000 0.000000 0.000000
0.000000 0.000047 0.000048
8.965361 1.000000 0.000000
764.299377 0.000000
0.000000 0.000000 0.000000 0.000000
0.000000 1.306705
11 0.018443 1.143466 0.001000
0.487000 0.580000 0.780000 0.490000 1.250000 5.968800 0.650000 0.650000
230537.500000 100.000000 0.084000
1.073000 0.050000 0.116600
0.168482 0.088284 0.000492 0.000000
0.000000

0.007000 0.309728 1.976336
0.059660 0.006633 0.991685 5.465352 220.906158
0.000000 0.007371 0.006852 0.000000 0.000000 0.000000
0.000000 0.000048 0.000047
8.990027 1.000000 0.000000
764.299377 0.000000
0.000000 0.000000 0.000000 0.000000
0.000000 1.336173
11 0.018443 1.161909 0.001000
0.487000 0.580000 0.780000 0.490000 1.250000 5.968800 0.650000 0.650000
230537.500000 100.000000 0.084000
1.073000 0.050000 0.116600
0.168512 0.088273 0.000492 0.000000
0.000000

0.006392 0.284559 1.902072
0.059413 0.006606 0.988452 5.446965 220.910919
0.000000 0.007801 0.007056 0.000000 0.000000 0.000000
0.000000 0.000049 0.000047
9.013531 1.000000 0.000000
764.299377 0.000000
0.000000 0.000000 0.000000 0.000000
0.000000 1.364166
11 0.018443 1.180352 0.001000
0.487000 0.580000 0.780000 0.490000 1.250000 5.968800 0.650000 0.650000
230537.500000 100.000000 0.084000
1.073000 0.050000 0.116600
0.168518 0.088308 0.000492 0.000000
0.000000

0.005837 0.261593 1.833934
0.059186 0.006581 0.985501 5.430142 220.915634
0.000000 0.008162 0.007220 0.000000 0.000000 0.000000
0.000000 0.000050 0.000046
9.035955 1.000000 0.000000
764.299377 0.000000
0.000000 0.000000 0.000000 0.000000
0.000000 1.392330
11 0.018443 1.198795 0.001000
0.487000 0.580000 0.780000 0.490000 1.250000 5.968800 0.650000 0.650000
230537.500000 100.000000 0.084000
1.073000 0.050000 0.116600
0.168520 0.088386 0.000492 0.000000
0.000000

0.005330 0.240642 1.772047
0.058980 0.006558 0.982824 5.414838 220.919769
0.000000 0.008588 0.007417 0.000000 0.000000 0.000000
0.000000 0.000051 0.000045
9.057377 1.000000 0.000000
764.299377 0.000000
0.000000 0.000000 0.000000 0.000000
0.000000 1.417713
11 0.018443 1.217238 0.001000
0.487000 0.580000 0.780000 0.490000 1.250000 5.968800 0.650000 0.650000
230537.500000 100.000000 0.084000
1.073000 0.050000 0.116600
0.168523 0.088347 0.000492 0.000000
0.000000

0.004868 0.221504 1.716092
0.058793 0.006537 0.980403 5.400957 220.923660
0.000000 0.008921 0.007541 0.000000 0.000000 0.000000
0.000000 0.000052 0.000045
9.077870 1.000000 0.000000
764.299377 0.000000
0.000000 0.000000 0.000000 0.000000
0.000000 1.448239
11 0.018443 1.235681 0.001000
0.487000 0.580000 0.780000 0.490000 1.250000 5.968800 0.650000 0.650000
230537.500000 100.000000 0.084000
1.073000 0.050000 0.116600
0.168530 0.088447 0.000493 0.000000
0.000000

0.004445 0.204903 1.672313
0.058625 0.006518 0.978185 5.388199 220.930893
0.000000 0.009147 0.007626 0.000000 0.000000 0.000000
0.000000 0.000053 0.000044
9.097502 1.000000 0.000000
764.299377 0.000000
0.000000 0.000000 0.000000 0.000000
0.000000 1.467511
11 0.018443 1.254124 0.001000
0.487000 0.580000 0.780000 0.490000 1.250000 5.968800 0.650000 0.650000
230537.500000 100.000000 0.084000
1.073000 0.050000 0.116600
0.168552 0.088460 0.000493 0.000000
0.000000

0.004059 0.189848 1.635004
0.058475 0.006501 0.976207 5.376801 220.938293
0.000000 0.009411 0.007726 0.000000 0.000000 0.000000
0.000000 0.000053 0.000044
9.116336 1.000000 0.000000
764.299377 0.000000
0.000000 0.000000 0.000000 0.000000
0.000000 1.506254
11 0.018443 1.272567 0.001000
0.487000 0.580000 0.780000 0.490000 1.250000 5.968800 0.650000 0.650000
230537.500000 100.000000 0.084000
1.073000 0.050000 0.116600
0.168582 0.088640 0.000494 0.000000
0.000000

0.003707 0.149004 1.324361
0.057607 0.006405 0.963889 5.308450 221.032928
0.000000 0.011139 0.008418 0.000000 0.000000 0.000000
0.000000 0.000059 0.000040
9.134428 1.000000 0.000000
764.299377 0.000000
0.000000 0.000000 0.000000 0.000000
0.000000 1.291636
11 0.018443 1.291010 0.001000
0.487000 0.580000 0.780000 0.490000 1.250000 5.968800 0.650000 0.650000
230537.500000 100.000000 0.084000
1.073000 0.050000 0.116600
0.168830 0.087565 0.000488 0.000000
0.000000

0.003385 0.138088 1.314856
0.057553 0.006399 0.963316 5.304816 221.036469
0.000000 0.011224 0.008410 0.000000 0.000000 0.000000
0.000000 0.000059 0.000040
9.151834 1.000000 0.000000
764.299377 0.000000
0.000000 0.000000 0.000000 0.000000
0.000000 1.289390
11 0.018443 1.309453 0.001000
0.487000 0.580000 0.780000 0.490000 1.250000 5.968800 0.650000 0.650000
230537.500000 100.000000 0.084000
1.073000 0.050000 0.116600
0.168830 0.087580 0.000488 0.000000
0.000000

0.003091 0.128129 1.306277
0.057504 0.006394 0.962801 5.301478 221.039688
0.000000 0.011226 0.008412 0.000000 0.000000 0.000000
0.000000 0.000059 0.000040
9.168601 1.000000 0.000000
764.299377 0.000000
0.000000 0.000000 0.000000 0.000000
0.000000 1.287239
11 0.018443 1.327896 0.001000
0.487000 0.580000 0.780000 0.490000 1.250000 5.968800 0.650000 0.650000
230537.500000 100.000000 0.084000
1.073000 0.050000 0.116600
0.168833 0.087599 0.000488 0.000000
0.000000

0.002823 0.119045 1.298542
0.057459 0.006389 0.962337 5.298459 221.043701
0.000000 0.011258 0.008433 0.000000 0.000000 0.000000
0.000000 0.000059 0.000040
9.184775 1.000000 0.000000
764.299377 0.000000
0.000000 0.000000 0.000000 0.000000
0.000000 1.285255
11 0.018443 1.346339 0.001000
0.487000 0.580000 0.780000 0.490000 1.250000 5.968800 0.650000 0.650000
230537.500000 100.000000 0.084000
1.073000 0.050000 0.116600
0.168837 0.087645 0.000488 0.000000
0.000000

0.002578 0.110760 1.291687
0.057418 0.006384 0.961928 5.295732 221.047363
0.000000 0.011272 0.008426 0.000000 0.000000 0.000000
0.000000 0.000059 0.000040
9.200399 1.000000 0.000000
764.299377 0.000000
0.000000 0.000000 0.000000 0.000000
0.000000 1.283408
11 0.018443 1.364782 0.001000
0.487000 0.580000 0.780000 0.490000 1.250000 5.968800 0.650000 0.650000
230537.500000 100.000000 0.084000
1.073000 0.050000 0.116600
0.168839 0.087607 0.000488 0.000000
0.000000

0.002354 0.103202 1.285412
0.057381 0.006380 0.961553 5.293221 221.050659
0.000000 0.011292 0.008411 0.000000 0.000000 0.000000
0.000000 0.000059 0.000040
9.215512 1.000000 0.000000
764.299377 0.000000
0.000000 0.000000 0.000000 0.000000
0.000000 1.281697
11 0.018443 1.383225 0.001000
0.487000 0.580000 0.780000 0.490000 1.250000 5.968800 0.650000 0.650000
230537.500000 100.000000 0.084000
1.073000 0.050000 0.116600
0.168840 0.087626 0.000488 0.000000
0.000000

0.002149 0.096308 1.280048
0.057348 0.006376 0.961228 5.290978 221.054352
0.000000 0.011288 0.008404 0.000000 0.000000 0.000000
0.000000 0.000059 0.000041
9.230149 1.000000 0.000000
764.299377 0.000000
0.000000 0.000000 0.000000 0.000000
0.000000 1.280109
11 0.018443 1.401668 0.001000
0.487000 0.580000 0.780000 0.490000 1.250000 5.968800 0.650000 0.650000
230537.500000 100.000000 0.084000
1.073000 0.050000 0.116600
0.168845 0.087634 0.000488 0.000000
0.000000

0.001963 0.090021 1.277892
0.057321 0.006373 0.960984 5.289186 221.058044
0.000000 0.011232 0.008380 0.000000 0.000000 0.000000
0.000000 0.000059 0.000041
9.244343 1.000000 0.000000
764.299377 0.000000
0.000000 0.000000 0.000000 0.000000
0.000000 1.278756
11 0.018443 1.420111 0.001000
0.487000 0.580000 0.780000 0.490000 1.250000 5.968800 0.650000 0.650000
230537.500000 100.000000 0.084000
1.073000 0.050000 0.116600
0.168856 0.087635 0.000488 0.000000
0.000000

0.001792 0.084288 1.273484
0.057293 0.006370 0.960723 5.287314 221.061523
0.000000 0.011253 0.008385 0.000000 0.000000 0.000000
0.000000 0.000059 0.000041
9.258124 1.000000 0.000000
764.299377 0.000000
0.000000 0.000000 0.000000 0.000000
0.000000 1.277382
11 0.018443 1.438554 0.001000
0.487000 0.580000 0.780000 0.490000 1.250000 5.968800 0.650000 0.650000
230537.500000 100.000000 0.084000
1.073000 0.050000 0.116600
0.168859 0.087626 0.000488 0.000000
0.000000

0.001637 0.079059 1.269599
0.057268 0.006367 0.960492 5.285610 221.064896
0.000000 0.011253 0.008361 0.000000 0.000000 0.000000
0.000000 0.000059 0.000041
9.271520 1.000000 0.000000
764.299377 0.000000
0.000000 0.000000 0.000000 0.000000
0.000000 1.276103
11 0.018443 1.456997 0.001000
0.487000 0.580000 0.780000 0.490000 1.250000 5.968800 0.650000 0.650000
230537.500000 100.000000 0.084000
1.073000 0.050000 0.116600
0.168863 0.087614 0.000488 0.000000
0.000000

0.001494 0.074293 1.266049
0.057245 0.006365 0.960287 5.284052 221.068085
0.000000 0.011235 0.008350 0.000000 0.000000 0.000000
0.000000 0.000059 0.000041
9.284556 1.000000 0.000000
764.299377 0.000000
0.000000 0.000000 0.000000 0.000000
0.000000 1.274909
11 0.018443 1.475440 0.001000
0.487000 0.580000 0.780000 0.490000 1.250000 5.968800 0.650000 0.650000
230537.500000 100.000000 0.084000
1.073000 0.050000 0.116600
0.168866 0.087630 0.000488 0.000000
0.000000

0.001365 0.069945 1.262905
0.057225 0.006362 0.960108 5.282659 221.071106
0.000000 0.011168 0.008326 0.000000 0.000000 0.000000
0.000000 0.000059 0.000041
9.297257 1.000000 0.000000
764.299377 0.000000
0.000000 0.000000 0.000000 0.000000
0.000000 1.273791
11 0.018443 1.493883 0.001000
0.487000 0.580000 0.780000 0.490000 1.250000 5.968800 0.650000 0.650000
230537.500000 100.000000 0.084000
1.073000 0.050000 0.116600
0.168868 0.087644 0.000488 0.000000
0.000000

0.001246 0.065982 1.260119
0.057206 0.006360 0.959948 5.281369 221.074768
0.000000 0.011127 0.008303 0.000000 0.000000 0.000000
0.000000 0.000059 0.000042
9.309642 1.000000 0.000000
764.299377 0.000000
0.000000 0.000000 0.000000 0.000000
0.000000 1.272748
11 0.018443 1.512326 0.001000
0.487000 0.580000 0.780000 0.490000 1.250000 5.968800 0.650000 0.650000
230537.500000 100.000000 0.084000
1.073000 0.050000 0.116600
0.168872 0.087662 0.000488 0.000000
0.000000

0.001138 0.062370 1.257666
0.057189 0.006358 0.959807 5.280177 221.078629
0.000000 0.011152 0.008297 0.000000 0.000000 0.000000
0.000000 0.000059 0.000042
9.321730 1.000000 0.000000
764.299377 0.000000
0.000000 0.000000 0.000000 0.000000
0.000000 1.271775
11 0.018443 1.530769 0.001000
0.487000 0.580000 0.780000 0.490000 1.250000 5.968800 0.650000 0.650000
230537.500000 100.000000 0.084000
1.073000 0.050000 0.116600
0.168875 0.087680 0.000488 0.000000
0.000000

0.001039 0.059077 1.255689
0.057173 0.006357 0.959687 5.279118 221.081757
0.000000 0.011080 0.008252 0.000000 0.000000 0.000000
0.000000 0.000059 0.000042
9.333539 1.000000 0.000000
764.299377 0.000000
0.000000 0.000000 0.000000 0.000000
0.000000 1.270871
11 0.018443 1.549212 0.001000
0.487000 0.580000 0.780000 0.490000 1.250000 5.968800 0.650000 0.650000
230537.500000 100.000000 0.084000
1.073000 0.050000 0.116600
0.168878 0.087669 0.000488 0.000000
0.000000

0.000949 0.056076 1.254056
0.057160 0.006355 0.959589 5.278195 221.085220
0.000000 0.011070 0.008265 0.000000 0.000000 0.000000
0.000000 0.000059 0.000042
9.345087 1.000000 0.000000
764.299377 0.000000
0.000000 0.000000 0.000000 0.000000
0.000000 1.270024
11 0.018443 1.567655 0.001000
0.487000 0.580000 0.780000 0.490000 1.250000 5.968800 0.650000 0.650000
230537.500000 100.000000 0.084000
1.073000 0.050000 0.116600
0.168881 0.087658 0.000488 0.000000
0.000000

0.000867 0.053340 1.252502
0.057147 0.006354 0.959499 5.277298 221.088928
0.000000 0.011008 0.008222 0.000000 0.000000 0.000000
0.000000 0.000059 0.000042
9.356388 1.000000 0.000000
764.299377 0.000000
0.000000 0.000000 0.000000 0.000000
0.000000 1.269223
11 0.018443 1.586098 0.001000
0.487000 0.580000 0.780000 0.490000 1.250000 5.968800 0.650000 0.650000
230537.500000 100.000000 0.084000
1.073000 0.050000 0.116600
0.168886 0.087674 0.000488 0.000000
0.000000

0.000791 0.050847 1.251180
0.057136 0.006353 0.959424 5.276507 221.092270
0.000000 0.010934 0.008194 0.000000 0.000000 0.000000
0.000000 0.000059 0.000043
9.367453 1.000000 0.000000
764.299377 0.000000
0.000000 0.000000 0.000000 0.000000
0.000000 1.268473
11 0.018443 1.604541 0.001000
0.487000 0.580000 0.780000 0.490000 1.250000 5.968800 0.650000 0.650000
230537.500000 100.000000 0.084000
1.073000 0.050000 0.116600
0.168889 0.087690 0.000488 0.000000
0.000000

0.000723 0.048577 1.250068
0.057125 0.006351 0.959363 5.275794 221.095947
0.000000 0.010894 0.008153 0.000000 0.000000 0.000000
0.000000 0.000059 0.000043
9.378296 1.000000 0.000000
764.299377 0.000000
0.000000 0.000000 0.000000 0.000000
0.000000 1.267757
11 0.018443 1.622984 0.001000
0.487000 0.580000 0.780000 0.490000 1.250000 5.968800 0.650000 0.650000
230537.500000 100.000000 0.084000
1.073000 0.050000 0.116600
0.168890 0.087708 0.000488 0.000000
0.000000

0.000660 0.046508 1.249143
0.057116 0.006350 0.959313 5.275150 221.099884
0.000000 0.010823 0.008126 0.000000 0.000000 0.000000
0.000000 0.000059 0.000043
9.388927 1.000000 0.000000
764.299377 0.000000
0.000000 0.000000 0.000000 0.000000
0.000000 1.267093
11 0.018443 1.641427 0.001000
0.487000 0.580000 0.780000 0.490000 1.250000 5.968800 0.650000 0.650000
230537.500000 100.000000 0.084000
1.073000 0.050000 0.116600
0.168895 0.087726 0.000489 0.000000
0.000000

0.000603 0.044624 1.248485
0.057108 0.006349 0.959273 5.274566 221.103333
0.000000 0.010839 0.008116 0.000000 0.000000 0.000000
0.000000 0.000059 0.000043
9.399358 1.000000 0.000000
764.299377 0.000000
0.000000 0.000000 0.000000 0.000000
0.000000 1.266474
11 0.018443 1.659870 0.001000
0.487000 0.580000 0.780000 0.490000 1.250000 5.968800 0.650000 0.650000
230537.500000 100.000000 0.084000
1.073000 0.050000 0.116600
0.168898 0.087719 0.000488 0.000000
0.000000

0.000550 0.042909 1.248003
0.057100 0.006349 0.959239 5.274031 221.107208
0.000000 0.010741 0.008079 0.000000 0.000000 0.000000
0.000000 0.000058 0.000044
9.409597 1.000000 0.000000
764.299377 0.000000
0.000000 0.000000 0.000000 0.000000
0.000000 1.265889
11 0.018443 1.678313 0.001000
0.487000 0.580000 0.780000 0.490000 1.250000 5.968800 0.650000 0.650000
230537.500000 100.000000 0.084000
1.073000 0.050000 0.116600
0.168902 0.087709 0.000488 0.000000
0.000000

0.000502 0.041347 1.247559
0.057094 0.006348 0.959220 5.273574 221.110886
0.000000 0.010637 0.008042 0.000000 0.000000 0.000000
0.000000 0.000058 0.000044
9.419653 1.000000 0.000000
764.299377 0.000000
0.000000 0.000000 0.000000 0.000000
0.000000 1.265334
11 0.018443 1.696756 0.001000
0.487000 0.580000 0.780000 0.490000 1.250000 5.968800 0.650000 0.650000
230537.500000 100.000000 0.084000
1.073000 0.050000 0.116600
0.168905 0.087724 0.000489 0.000000
0.000000

0.000459 0.039925 1.247243
0.057088 0.006347 0.959202 5.273132 221.114212
0.000000 0.010604 0.008019 0.000000 0.000000 0.000000
0.000000 0.000058 0.000044
9.429532 1.000000 0.000000
764.299377 0.000000
0.000000 0.000000 0.000000 0.000000
0.000000 1.264812
11 0.018443 1.715199 0.001000
0.487000 0.580000 0.780000 0.490000 1.250000 5.968800 0.650000 0.650000
230537.500000 100.000000 0.084000
1.073000 0.050000 0.116600
0.168908 0.087797 0.000489 0.000000
0.000000

0.000419 0.038631 1.247046
0.057082 0.006347 0.959190 5.272723 221.117599
0.000000 0.010576 0.007991 0.000000 0.000000 0.000000
0.000000 0.000058 0.000044
9.439241 1.000000 0.000000
764.299377 0.000000
0.000000 0.000000 0.000000 0.000000
0.000000 1.264324
11 0.018443 1.733642 0.001000
0.487000 0.580000 0.780000 0.490000 1.250000 5.968800 0.650000 0.650000
230537.500000 100.000000 0.084000
1.073000 0.050000 0.116600
0.168910 0.087764 0.000489 0.000000
0.000000

0.000383 0.037454 1.246960
0.057077 0.006346 0.959187 5.272370 221.121277
0.000000 0.010541 0.007971 0.000000 0.000000 0.000000
0.000000 0.000058 0.000044
9.448788 1.000000 0.000000
764.299377 0.000000
0.000000 0.000000 0.000000 0.000000
0.000000 1.263863
11 0.018443 1.752085 0.001000
0.487000 0.580000 0.780000 0.490000 1.250000 5.968800 0.650000 0.650000
230537.500000 100.000000 0.084000
1.073000 0.050000 0.116600
0.168915 0.087763 0.000489 0.000000
0.000000

0.000349 0.036383 1.254151
0.057082 0.006347 0.959320 5.272766 221.128906
0.000000 0.010372 0.007890 0.000000 0.000000 0.000000
0.000000 0.000057 0.000045
9.458176 1.000000 0.000000
764.299377 0.000000
0.000000 0.000000 0.000000 0.000000
0.000000 1.263741
11 0.018443 1.770528 0.001000
0.487000 0.580000 0.780000 0.490000 1.250000 5.968800 0.650000 0.650000
230537.500000 100.000000 0.084000
1.073000 0.050000 0.116600
0.168940 0.087704 0.000488 0.000000
0.000000

0.000319 0.035409 1.255056
0.057079 0.006346 0.959341 5.272544 221.133087
0.000000 0.010336 0.007875 0.000000 0.000000 0.000000
0.000000 0.000057 0.000045
9.467412 1.000000 0.000000
764.299377 0.000000
0.000000 0.000000 0.000000 0.000000
0.000000 1.263368
11 0.018443 1.788971 0.001000
0.487000 0.580000 0.780000 0.490000 1.250000 5.968800 0.650000 0.650000
230537.500000 100.000000 0.084000
1.073000 0.050000 0.116600
0.168945 0.087734 0.000489 0.000000
0.000000

0.000291 0.034524 1.255272
0.057076 0.006346 0.959347 5.272272 221.136627
0.000000 0.010256 0.007842 0.000000 0.000000 0.000000
0.000000 0.000057 0.000045
9.476499 1.000000 0.000000
764.299377 0.000000
0.000000 0.000000 0.000000 0.000000
0.000000 1.262981
11 0.018443 1.807414 0.001000
0.487000 0.580000 0.780000 0.490000 1.250000 5.968800 0.650000 0.650000
230537.500000 100.000000 0.084000
1.073000 0.050000 0.116600
0.168949 0.087807 0.000489 0.000000
0.000000

0.000266 0.033721 1.255551
0.057073 0.006346 0.959363 5.272032 221.140396
0.000000 0.010203 0.007802 0.000000 0.000000 0.000000
0.000000 0.000057 0.000046
9.485442 1.000000 0.000000
764.299377 0.000000
0.000000 0.000000 0.000000 0.000000
0.000000 1.262619
11 0.018443 1.825857 0.001000
0.487000 0.580000 0.780000 0.490000 1.250000 5.968800 0.650000 0.650000
230537.500000 100.000000 0.084000
1.073000 0.050000 0.116600
0.168951 0.087773 0.000489 0.000000
0.000000

0.000243 0.032990 1.255895
0.057070 0.006345 0.959383 5.271820 221.143845
0.000000 0.010165 0.007772 0.000000 0.000000 0.000000
0.000000 0.000057 0.000046
9.494245 1.000000 0.000000
764.299377 0.000000
0.000000 0.000000 0.000000 0.000000
0.000000 1.262279
11 0.018443 1.844300 0.001000
0.487000 0.580000 0.780000 0.490000 1.250000 5.968800 0.650000 0.650000
230537.500000 100.000000 0.084000
1.073000 0.050000 0.116600
0.168955 0.087790 0.000489 0.000000
0.000000

0.000222 0.032327 1.256390
0.057068 0.006345 0.959405 5.271634 221.147278
0.000000 0.010107 0.007755 0.000000 0.000000 0.000000
0.000000 0.000057 0.000046
9.502910 1.000000 0.000000
764.299377 0.000000
0.000000 0.000000 0.000000 0.000000
0.000000 1.261958
11 0.018443 1.862743 0.001000
0.487000 0.580000 0.780000 0.490000 1.250000 5.968800 0.650000 0.650000
230537.500000 100.000000 0.084000
1.073000 0.050000 0.116600
0.168959 0.087783 0.000489 0.000000
0.000000

0.000203 0.031726 1.257137
0.057066 0.006345 0.959434 5.271484 221.150681
0.000000 0.010074 0.007726 0.000000 0.000000 0.000000
0.000000 0.000057 0.000046
9.511440 1.000000 0.000000
764.299377 0.000000
0.000000 0.000000 0.000000 0.000000
0.000000 1.261662
11 0.018443 1.881186 0.001000
0.487000 0.580000 0.780000 0.490000 1.250000 5.968800 0.650000 0.650000
230537.500000 100.000000 0.084000
1.073000 0.050000 0.116600
0.168961 0.087773 0.000489 0.000000
0.000000

0.000185 0.031180 1.257643
0.057064 0.006345 0.959464 5.271349 221.153946
0.000000 0.010026 0.007688 0.000000 0.000000 0.000000
0.000000 0.000057 0.000046
9.519841 1.000000 0.000000
764.299377 0.000000
0.000000 0.000000 0.000000 0.000000
0.000000 1.261380
11 0.018443 1.899629 0.001000
0.487000 0.580000 0.780000 0.490000 1.250000 5.968800 0.650000 0.650000
230537.500000 100.000000 0.084000
1.073000 0.050000 0.116600
0.168967 0.087789 0.000489 0.000000
0.000000

0.000169 0.030686 1.258195
0.057062 0.006344 0.959493 5.271214 221.157516
0.000000 0.009991 0.007662 0.000000 0.000000 0.000000
0.000000 0.000057 0.000046
9.528111 1.000000 0.000000
764.299377 0.000000
0.000000 0.000000 0.000000 0.000000
0.000000 1.261112
11 0.018443 1.918072 0.001000
0.487000 0.580000 0.780000 0.490000 1.250000 5.968800 0.650000 0.650000
230537.500000 100.000000 0.084000
1.073000 0.050000 0.116600
0.168968 0.087806 0.000489 0.000000
0.000000

0.000154 0.030237 1.258783
0.057061 0.006344 0.959524 5.271082 221.160873
0.000000 0.009920 0.007623 0.000000 0.000000 0.000000
0.000000 0.000057 0.000046
9.536251 1.000000 0.000000
764.299377 0.000000
0.000000 0.000000 0.000000 0.000000
0.000000 1.260856
11 0.018443 1.936515 0.001000
0.487000 0.580000 0.780000 0.490000 1.250000 5.968800 0.650000 0.650000
230537.500000 100.000000 0.084000
1.073000 0.050000 0.116600
0.168972 0.087822 0.000489 0.000000
0.000000

0.000141 0.029833 1.259412
0.057060 0.006344 0.959557 5.270976 221.163773
0.000000 0.009873 0.007591 0.000000 0.000000 0.000000
0.000000 0.000057 0.000047
9.544266 1.000000 0.000000
764.299377 0.000000
0.000000 0.000000 0.000000 0.000000
0.000000 1.260621
11 0.018443 1.954958 0.001000
0.487000 0.580000 0.780000 0.490000 1.250000 5.968800 0.650000 0.650000
230537.500000 100.000000 0.084000
1.073000 0.050000 0.116600
0.168975 0.087857 0.000489 0.000000
0.000000

0.000129 0.029466 1.260877
0.057060 0.006344 0.959608 5.270965 221.167786
0.000000 0.009817 0.007578 0.000000 0.000000 0.000000
0.000000 0.000056 0.000047
9.552157 1.000000 0.000000
764.299377 0.000000
0.000000 0.000000 0.000000 0.000000
0.000000 1.260432
11 0.018443 1.973401 0.001000
0.487000 0.580000 0.780000 0.490000 1.250000 5.968800 0.650000 0.650000
230537.500000 100.000000 0.084000
1.073000 0.050000 0.116600
0.168982 0.087816 0.000489 0.000000
0.000000

0.000118 0.027889 1.258221
0.057046 0.006343 0.959472 5.269928 221.171844
0.000000 0.057595 0.010470 0.000000 0.000000 0.000000
0.000001 0.000088 0.000010
9.559926 1.000000 0.000000
764.299377 0.000000
0.000000 0.000000 0.000000 0.000000
0.000000 1.259724
11 0.018443 1.991844 0.001000
0.487000 0.580000 0.780000 0.490000 1.250000 5.968800 0.650000 0.650000
230537.500000 100.000000 0.084000
1.073000 0.050000 0.116600
0.168985 0.087888 0.000489 0.000000
0.000000
1.000000
2.000000
0.321000 0.000000
0.000000
0
-0.719277
0 0
0.000000
1
0.000000
1.000000
1.000000
1.000000
0.000000 0.000000 0.000000
0.000000 0.000000
0.000000 0.000000 0.000000 0.000000 0.000000 0.000000 0.000000
0.000000 0.000000 0.000000 0.000000 0.000000 0.000000 0.000000
962
2.000000
1
C:\Input\Ohio1.spf
-1.000000 -1.000000
0.000000
39
39
8.533802
