11
Clay
0.580000 0.612000 0.084000 0.780000 0.530000 1.000000 0.000000 0.000000
1.020000 5.968800 1 0.028600 0.500000 0.050000 0.010000 0.027000 0.963000
0.000000 0.018443 2.000000 188118.593750 100.000000 108
0.173500 2.523000 3.647700 0.000000 1
5.212900 5.212900 6.915800 5.000000 25.000000 100.000000
0.000000 0.000000 0.003121 0.000000 0.000000 0.000000
500.000000 0.000000 0.000000

42.944229 79.868858 168.545670
3.843807 0.514625 67.941574 560.261963 4410.244629
0.000000 0.000000 0.489706 1.228134 0.000000 0.000000
0.000001 0.000000 0.000000
-1.302798 0.000010 87.366867
764.299377 0.000000
2.830549 0.000000 0.000000 0.000000
0.000000 5.135984
11 0.018443 0.018443 0.028600
0.612000 0.580000 0.780000 0.530000 1.020000 5.968800 0.780000 0.780000
188118.593750 100.000000 0.084000
1.073000 0.050000 0.116600
6.128566 22.633583 0.000006 0.000000
1218.953125

0.220097 8.401052 171.583542
3.360033 0.391293 63.441914 510.495758 4410.057129
0.000000 0.000000 0.396556 0.614067 0.000000 0.000000
0.000001 0.000000 0.000000
-1.205707 0.000010 81.126373
764.299377 0.000000
2.806244 0.000000 0.000000 0.000000
0.000000 3.031948
11 0.018443 0.036886 0.028600
0.612000 0.580000 0.780000 0.530000 1.020000 5.968800 0.780000 0.780000
188118.593750 100.000000 0.084000
1.073000 0.050000 0.116600
6.134336 23.924776 0.000008 0.000000
337.468414

0.000723 26.349998 191.217987
3.321816 0.382632 73.616341 482.959351 4409.040039
0.000000 0.000000 0.382782 0.307034 0.000000 0.000000
0.000001 0.000000 0.000000
-1.137578 0.000010 80.313950
764.299377 0.000000
2.542632 0.000000 0.000000 0.000000
0.000000 2.878754
11 0.018443 0.055329 0.028600
0.612000 0.580000 0.780000 0.530000 1.020000 5.968800 0.780000 0.780000
188118.593750 100.000000 0.084000
1.073000 0.050000 0.116600
6.183086 24.667919 0.000010 0.000000
412.667572

0.000758 27.533428 197.192368
3.269976 0.370453 72.472000 472.834290 4409.058105
0.000000 0.000000 0.365683 0.153517 0.000000 0.000000
0.000001 0.000000 0.000000
-1.067520 0.000010 78.730049
764.299377 0.000000
2.239654 0.000000 0.000000 0.000000
0.000000 1.922163
11 0.018443 0.073772 0.028600
0.612000 0.580000 0.780000 0.530000 1.020000 5.968800 0.780000 0.780000
188118.593750 100.000000 0.084000
1.073000 0.050000 0.116600
6.184383 25.304028 0.000011 0.000000
0.000000

0.000785 28.379921 197.865616
3.319212 0.371192 72.545082 472.212494 4409.095215
0.000000 0.000000 0.358390 0.076758 0.000000 0.000000
0.000000 0.000000 0.000000
-0.994031 0.000010 71.431686
764.299377 0.000000
2.174290 0.000000 0.000000 0.000000
0.000000 1.451894
11 0.018443 0.092215 0.028600
0.612000 0.580000 0.780000 0.530000 1.020000 5.968800 0.780000 0.780000
188118.593750 100.000000 0.084000
1.073000 0.050000 0.116600
6.184947 25.391760 0.000011 0.000000
0.000000

0.000921 33.490490 294.607025
3.334511 0.371810 73.897224 465.867401 4408.804688
0.000000 0.000000 0.347854 0.038379 0.000000 0.000000
0.000000 0.000000 0.000000
-0.917445 0.000010 71.546890
764.299377 0.000000
2.084266 0.000000 0.000000 0.000000
0.000000 1.520306
11 0.018443 0.110658 0.028600
0.612000 0.580000 0.780000 0.530000 1.020000 5.968800 0.780000 0.780000
188118.593750 100.000000 0.084000
1.073000 0.050000 0.116600
6.192613 25.759180 0.000011 0.000000
0.000000

0.002965 4.395218 146.154404
2.712555 0.303022 62.542255 372.819641 4414.411621
0.000000 0.000000 0.269464 0.019190 0.000000 0.000000
0.000000 0.000000 0.000000
-0.831346 0.000010 50.604656
764.299377 0.000000
1.572643 0.000000 0.000000 0.000000
0.000000 1.225036
11 0.018443 0.129101 0.018000
0.547000 0.580000 0.780000 0.490000 1.150000 5.968800 0.650000 0.650000
212094.484375 100.000000 0.084000
1.073000 0.050000 0.116600
6.230965 26.280542 0.000006 0.000000
0.000000

0.003319 3.999746 137.859192
2.758618 0.308280 62.516006 371.836639 4414.680176
0.000000 0.000000 0.257599 0.009595 0.000000 0.000000
0.000000 0.000000 0.000000
-0.733943 0.000010 50.695068
764.299377 0.000000
1.467847 0.000000 0.000000 0.000000
0.000000 1.251839
11 0.018443 0.147544 0.018000
0.547000 0.580000 0.780000 0.490000 1.150000 5.968800 0.650000 0.650000
212094.484375 100.000000 0.084000
1.073000 0.050000 0.116600
6.232749 25.209175 0.000004 0.000000
0.000000

0.003986 18.322256 132.264526
2.798136 0.312577 62.337460 369.774139 4414.856934
0.000000 0.000000 0.244523 0.004797 0.000000 0.000000
0.000000 0.000000 0.000000
-0.635354 0.000010 50.777435
764.299377 0.000000
1.356425 0.000000 0.000000 0.000000
0.000000 1.369305
11 0.018443 0.165987 0.018000
0.547000 0.580000 0.780000 0.490000 1.150000 5.968800 0.650000 0.650000
212094.484375 100.000000 0.084000
1.073000 0.050000 0.116600
6.237439 24.190739 0.000004 0.000000
0.000000

0.006920 17.331739 127.571548
2.863733 0.321779 62.808598 370.852905 4414.869141
0.000000 0.000000 0.233067 0.002399 0.000000 0.000000
0.000000 0.000000 0.000000
-0.535580 0.000010 50.852482
764.299377 0.000000
1.249564 0.000000 0.000000 0.000000
0.000000 1.377757
11 0.018443 0.184430 0.018000
0.547000 0.580000 0.780000 0.490000 1.150000 5.968800 0.650000 0.650000
212094.484375 100.000000 0.084000
1.073000 0.050000 0.116600
6.257999 23.365086 0.000004 0.000000
0.000000

0.019188 18.884733 125.696808
3.003153 0.333840 64.010323 379.993927 4411.696289
0.000000 0.000000 0.226993 0.001199 0.000000 0.000000
0.000000 0.000000 0.000000
-0.440029 0.000010 64.569809
764.299377 0.000000
1.179269 0.000000 0.000000 0.000000
0.000000 1.493874
11 0.018443 0.202873 0.018000
0.547000 0.580000 0.780000 0.490000 1.150000 5.968800 0.650000 0.650000
212094.484375 100.000000 0.084000
1.073000 0.050000 0.116600
6.334077 21.899052 0.000002 0.000000
0.000000

0.001727 18.166100 139.612885
0.717199 0.080007 14.730948 87.367546 1891.763794
0.000000 0.000000 0.046583 0.000600 0.000000 0.000000
0.000000 0.000000 0.000000
-0.346492 0.000010 62.260689
764.299377 0.000000
0.244277 0.000000 0.000000 0.000000
0.000000 0.904598
11 0.018443 0.221316 0.009000
0.527000 0.580000 0.780000 0.490000 1.200000 5.968800 0.650000 0.650000
221316.000000 100.000000 0.084000
1.073000 0.050000 0.116600
1.420430 11.704515 0.000001 0.000000
0.000000

0.001653 16.534575 126.518814
0.715199 0.079506 14.143449 83.816391 1891.943848
0.000000 0.000000 0.039690 0.000300 0.000000 0.000000
0.000000 0.000000 0.000000
-0.250055 0.000010 62.341362
764.299377 0.000000
0.208077 0.000000 0.000000 0.000000
0.000000 0.908779
11 0.018443 0.239759 0.009000
0.527000 0.580000 0.780000 0.490000 1.200000 5.968800 0.650000 0.650000
221316.000000 100.000000 0.084000
1.073000 0.050000 0.116600
1.420482 8.840711 0.000001 0.000000
0.000000

0.001575 15.152466 118.015862
0.701561 0.077991 13.413724 79.436211 1892.112061
0.000000 0.000000 0.032557 0.000150 0.000000 0.000000
0.000000 0.000000 0.000000
-0.152362 0.000010 62.414928
764.299377 0.000000
0.170832 0.000000 0.000000 0.000000
0.000000 0.899875
11 0.018443 0.258202 0.009000
0.527000 0.580000 0.780000 0.490000 1.200000 5.968800 0.650000 0.650000
221316.000000 100.000000 0.084000
1.073000 0.050000 0.116600
1.420535 6.644980 0.000001 0.000000
0.000000

0.001499 13.842319 107.646835
0.698460 0.077647 12.894950 76.301880 1892.337402
0.000000 0.000000 0.026161 0.000075 0.000000 0.000000
0.000000 0.000000 0.000000
-0.053428 0.000010 62.482018
764.299377 0.000000
0.136949 0.000000 0.000000 0.000000
0.000000 0.895340
11 0.018443 0.276645 0.009000
0.527000 0.580000 0.780000 0.490000 1.200000 5.968800 0.650000 0.650000
221316.000000 100.000000 0.084000
1.073000 0.050000 0.116600
1.420588 4.977212 0.000000 0.000000
0.000000

0.001418 12.641460 97.395233
0.696192 0.077396 12.463098 73.696503 1892.497437
0.000000 0.000000 0.020784 0.000037 0.000000 0.000000
0.000000 0.000000 0.000000
0.000000 0.120871 50.795231
764.299377 0.000000
0.108968 0.000000 0.000000 0.000000
0.000000 0.897738
11 0.018443 0.295088 0.009000
0.527000 0.580000 0.780000 0.490000 1.200000 5.968800 0.650000 0.650000
221316.000000 100.000000 0.084000
1.073000 0.050000 0.116600
1.420607 3.705544 0.002810 0.000000
0.000000

0.001339 11.537189 88.031319
0.698963 0.077708 12.071462 71.334946 1892.670288
0.000000 0.000000 0.015155 0.000019 0.000000 0.000000
0.000000 0.000000 0.000000
0.000000 0.383296 25.344704
764.299377 0.000000
0.080363 0.000000 0.000000 0.000000
0.000000 0.907897
11 0.018443 0.313531 0.009000
0.527000 0.580000 0.780000 0.490000 1.200000 5.968800 0.650000 0.650000
221316.000000 100.000000 0.084000
1.073000 0.050000 0.116600
1.420619 2.767428 0.006655 0.000000
0.000000

0.001254 10.611621 84.154198
0.579248 0.064400 9.713292 57.365002 1445.988770
0.000000 0.000000 0.008671 0.000009 0.000000 0.000000
0.000000 0.000000 0.000000
0.241784 0.644255 0.000000
764.299377 0.000000
0.047570 0.000000 0.000000 0.000000
0.000000 0.872089
11 0.018443 0.331974 0.006600
0.497000 0.580000 0.780000 0.490000 1.250000 5.968800 0.650000 0.650000
230537.500000 100.000000 0.084000
1.073000 0.050000 0.116600
1.085902 2.102505 0.007700 0.000000
0.000000

0.001138 9.650241 75.552567
0.580104 0.064498 9.427056 55.648422 1446.079468
0.000000 0.000000 0.004724 0.000005 0.000000 0.000000
0.000000 0.000000 0.000000
0.355730 0.644761 0.000000
764.299377 0.000000
0.027744 0.000000 0.000000 0.000000
0.000000 0.908751
11 0.018443 0.350417 0.006600
0.497000 0.580000 0.780000 0.490000 1.250000 5.968800 0.650000 0.650000
230537.500000 100.000000 0.084000
1.073000 0.050000 0.116600
1.085801 1.591082 0.005858 0.000000
0.000000

0.001064 8.775826 67.904800
0.574740 0.063907 9.158019 54.036671 1446.193237
0.000000 0.000000 0.002331 0.000002 0.000000 0.000000
0.000000 0.000000 0.000000
0.468335 0.645222 0.000000
764.299377 0.000000
0.015995 0.000000 0.000000 0.000000
0.000000 0.962223
11 0.018443 0.368860 0.006600
0.497000 0.580000 0.780000 0.490000 1.250000 5.968800 0.650000 0.650000
230537.500000 100.000000 0.084000
1.073000 0.050000 0.116600
1.085733 1.243132 0.004591 0.000000
0.000000

0.000992 7.992142 60.567810
0.567880 0.063147 8.930813 52.675659 1446.278564
0.000000 0.000000 0.000782 0.000001 0.000000 0.000000
0.000000 0.000000 0.000000
0.575666 0.645643 0.000000
764.299377 0.000000
0.008173 0.000000 0.000000 0.000000
0.000000 1.029300
11 0.018443 0.387303 0.006600
0.497000 0.580000 0.780000 0.490000 1.250000 5.968800 0.650000 0.650000
230537.500000 100.000000 0.084000
1.073000 0.050000 0.116600
1.085678 1.006683 0.003715 0.000000
0.000000

0.000924 7.280476 54.131203
0.556663 0.061903 8.710814 51.358887 1446.395752
0.000000 0.000000 0.000060 0.000001 0.000000 0.000000
0.000000 0.000000 0.000000
0.684077 0.646027 0.000000
764.299377 0.000000
0.000000 0.000000 0.000000 0.000000
0.000000 1.097150
11 0.018443 0.405746 0.006600
0.497000 0.580000 0.780000 0.490000 1.250000 5.968800 0.650000 0.650000
230537.500000 100.000000 0.084000
1.073000 0.050000 0.116600
1.085640 0.848979 0.003132 0.000000
0.000000

0.000860 6.816350 56.530190
0.335019 0.037260 5.217937 30.754789 723.376587
0.000000 0.000000 0.000036 0.000000 0.000000 0.000000
0.000000 0.000000 0.000000
0.794033 0.646302 0.000000
764.299377 0.000000
0.000000 0.000000 0.000000 0.000000
0.000000 1.099272
11 0.018443 0.424189 0.003300
0.487000 0.580000 0.780000 0.490000 1.250000 5.968800 0.650000 0.650000
230537.500000 100.000000 0.084000
1.073000 0.050000 0.116600
0.543725 0.630058 0.002275 0.000000
0.000000

0.000799 6.186907 50.705357
0.325038 0.036151 5.058380 29.804314 723.415833
0.000000 0.000000 0.000046 0.000000 0.000000 0.000000
0.000000 0.000000 0.000000
0.905487 0.646628 0.000000
764.299377 0.000000
0.000000 0.000000 0.000000 0.000000
0.000000 1.202509
11 0.018443 0.442632 0.003300
0.487000 0.580000 0.780000 0.490000 1.250000 5.968800 0.650000 0.650000
230537.500000 100.000000 0.084000
1.073000 0.050000 0.116600
0.543642 0.523035 0.001889 0.000000
0.000000

0.000741 5.626343 45.449650
0.315335 0.035073 4.909820 28.919712 723.444275
0.000000 0.000000 0.000056 0.000000 0.000000 0.000000
0.000000 0.000000 0.000000
1.017880 0.646925 0.000000
764.299377 0.000000
0.000000 0.000000 0.000000 0.000000
0.000000 1.307860
11 0.018443 0.461075 0.003300
0.487000 0.580000 0.780000 0.490000 1.250000 5.968800 0.650000 0.650000
230537.500000 100.000000 0.084000
1.073000 0.050000 0.116600
0.543551 0.447711 0.001617 0.000000
0.000000

0.000686 5.118672 40.666756
0.306901 0.034136 4.773454 28.109045 723.476624
0.000000 0.000000 0.000052 0.000000 0.000000 0.000000
0.000000 0.000000 0.000000
1.131163 0.647196 0.000000
764.299377 0.000000
0.000000 0.000000 0.000000 0.000000
0.000000 1.411440
11 0.018443 0.479518 0.003300
0.487000 0.580000 0.780000 0.490000 1.250000 5.968800 0.650000 0.650000
230537.500000 100.000000 0.084000
1.073000 0.050000 0.116600
0.543485 0.394891 0.001426 0.000000
0.000000

0.000635 4.657127 36.401066
0.298987 0.033258 4.643905 27.339798 723.499695
0.000000 0.000000 0.000063 0.000000 0.000000 0.000000
0.000000 0.000000 0.000000
1.245282 0.647443 0.000000
764.299377 0.000000
0.000000 0.000000 0.000000 0.000000
0.000000 1.503832
11 0.018443 0.497961 0.003300
0.487000 0.580000 0.780000 0.490000 1.250000 5.968800 0.650000 0.650000
230537.500000 100.000000 0.084000
1.073000 0.050000 0.116600
0.543420 0.357810 0.001292 0.000000
0.000000

0.000587 4.239141 32.608768
0.291555 0.032433 4.520154 26.604761 723.541565
0.000000 0.000000 0.000058 0.000000 0.000000 0.000000
0.000000 0.000000 0.000000
1.360182 0.647668 0.000000
764.299377 0.000000
0.000000 0.000000 0.000000 0.000000
0.000000 1.582490
11 0.018443 0.516404 0.003300
0.487000 0.580000 0.780000 0.490000 1.250000 5.968800 0.650000 0.650000
230537.500000 100.000000 0.084000
1.073000 0.050000 0.116600
0.543359 0.331469 0.001197 0.000000
0.000000

0.000542 4.840463 36.024055
0.129027 0.014354 1.999928 11.768776 219.357941
0.000000 0.000000 0.000026 0.000000 0.000000 0.000000
0.000000 0.000000 0.000000
1.475806 0.647874 0.000000
764.299377 0.000000
0.000000 0.000000 0.000000 0.000000
0.000000 1.592239
11 0.018443 0.534847 0.001000
0.487000 0.580000 0.780000 0.490000 1.250000 5.968800 0.650000 0.650000
230537.500000 100.000000 0.084000
1.073000 0.050000 0.116600
0.165373 0.226643 0.000818 0.000000
0.000000

0.000500 4.210391 32.761169
0.123931 0.013788 1.917020 11.278465 219.354080
0.000000 0.000000 0.000023 0.000000 0.000000 0.000000
0.000000 0.000000 0.000000
1.592093 0.648061 0.000000
764.299377 0.000000
0.000000 0.000000 0.000000 0.000000
0.000000 1.631190
11 0.018443 0.553290 0.001000
0.487000 0.580000 0.780000 0.490000 1.250000 5.968800 0.650000 0.650000
230537.500000 100.000000 0.084000
1.073000 0.050000 0.116600
0.165294 0.190880 0.000689 0.000000
0.000000

0.000461 3.669157 29.731264
0.119292 0.013273 1.842744 10.839351 219.361038
0.000000 0.000000 0.000026 0.000000 0.000000 0.000000
0.000000 0.000000 0.000000
1.708982 0.648232 0.000000
764.299377 0.000000
0.000000 0.000000 0.000000 0.000000
0.000000 1.647681
11 0.018443 0.571733 0.001000
0.487000 0.580000 0.780000 0.490000 1.250000 5.968800 0.650000 0.650000
230537.500000 100.000000 0.084000
1.073000 0.050000 0.116600
0.165224 0.162755 0.000588 0.000000
0.000000

0.000425 3.192792 26.480526
0.116722 0.012988 1.801293 10.593708 219.361557
0.000000 0.000000 0.000025 0.000000 0.000000 0.000000
0.000000 0.000000 0.000000
1.826409 0.648388 0.000000
764.299377 0.000000
0.000000 0.000000 0.000000 0.000000
0.000000 1.635291
11 0.018443 0.590176 0.001000
0.487000 0.580000 0.780000 0.490000 1.250000 5.968800 0.650000 0.650000
230537.500000 100.000000 0.084000
1.073000 0.050000 0.116600
0.165162 0.140841 0.000509 0.000000
0.000000

0.000392 2.820716 23.844532
0.113031 0.012578 1.741477 10.240158 219.366943
0.000000 0.000000 0.000028 0.000000 0.000000 0.000000
0.000000 0.000000 0.000000
1.944311 0.648530 0.000000
764.299377 0.000000
0.000000 0.000000 0.000000 0.000000
0.000000 1.598694
11 0.018443 0.608619 0.001000
0.487000 0.580000 0.780000 0.490000 1.250000 5.968800 0.650000 0.650000
230537.500000 100.000000 0.084000
1.073000 0.050000 0.116600
0.165105 0.124729 0.000451 0.000000
0.000000

0.000361 2.518970 21.357279
0.109881 0.012228 1.689323 9.931867 219.370895
0.000000 0.000000 0.000029 0.000000 0.000000 0.000000
0.000000 0.000000 0.000000
2.062620 0.648659 0.000000
764.299377 0.000000
0.000000 0.000000 0.000000 0.000000
0.000000 1.559487
11 0.018443 0.627062 0.001000
0.487000 0.580000 0.780000 0.490000 1.250000 5.968800 0.650000 0.650000
230537.500000 100.000000 0.084000
1.073000 0.050000 0.116600
0.165053 0.112980 0.000408 0.000000
0.000000

0.000333 2.279492 18.978056
0.107186 0.011928 1.645666 9.673716 219.373138
0.000000 0.000000 0.000026 0.000000 0.000000 0.000000
0.000000 0.000000 0.000000
2.181272 0.648777 0.000000
764.299377 0.000000
0.000000 0.000000 0.000000 0.000000
0.000000 2.801103
11 0.018443 0.645505 0.001000
0.487000 0.580000 0.780000 0.490000 1.250000 5.968800 0.650000 0.650000
230537.500000 100.000000 0.084000
1.073000 0.050000 0.116600
0.165009 0.106052 0.000383 0.000000
0.000000

0.000309 2.067624 16.898584
0.104466 0.011626 1.601042 9.408293 219.380524
0.000000 0.000000 0.000031 0.000000 0.000000 0.000000
0.000000 0.000000 0.000000
2.300196 0.648885 0.000000
764.299377 0.000000
0.000000 0.000000 0.000000 0.000000
0.000000 2.887323
11 0.018443 0.663948 0.001000
0.487000 0.580000 0.780000 0.490000 1.250000 5.968800 0.650000 0.650000
230537.500000 100.000000 0.084000
1.073000 0.050000 0.116600
0.164969 0.100217 0.000362 0.000000
0.000000

0.000285 1.880329 15.011571
0.101840 0.011335 1.559586 9.162733 219.388046
0.000000 0.000000 0.000032 0.000000 0.000000 0.000000
0.000000 0.000000 0.000000
2.419327 0.648983 0.000000
764.299377 0.000000
0.000000 0.000000 0.000000 0.000000
0.000000 2.593752
11 0.018443 0.682391 0.001000
0.487000 0.580000 0.780000 0.490000 1.250000 5.968800 0.650000 0.650000
230537.500000 100.000000 0.084000
1.073000 0.050000 0.116600
0.164933 0.096692 0.000349 0.000000
0.000000

0.000263 1.711904 13.055045
0.101213 0.011265 1.535033 9.016276 219.390060
0.000000 0.000000 0.000033 0.000000 0.000000 0.000000
0.000000 0.000000 0.000000
2.538595 0.649073 0.000000
764.299377 0.000000
0.000000 0.000000 0.000000 0.000000
0.000000 2.433348
11 0.018443 0.700834 0.001000
0.487000 0.580000 0.780000 0.490000 1.250000 5.968800 0.650000 0.650000
230537.500000 100.000000 0.084000
1.073000 0.050000 0.116600
0.164902 0.093995 0.000340 0.000000
0.000000

0.000245 1.563473 10.934735
0.104308 0.011610 1.531711 8.992405 219.398529
0.000000 0.000000 0.000038 0.000000 0.000000 0.000000
0.000000 0.000000 0.000000
2.657930 0.649183 0.000000
764.299377 0.000000
0.000000 0.000000 0.000000 0.000000
0.000000 2.042523
11 0.018443 0.719277 0.001000
0.487000 0.580000 0.780000 0.490000 1.250000 5.968800 0.650000 0.650000
230537.500000 100.000000 0.084000
1.073000 0.050000 0.116600
0.164882 0.096446 0.000349 0.000000
0.000000

0.000232 1.434537 9.624277
0.105419 0.011734 1.493927 8.762082 219.407913
0.000000 0.000220 0.000186 0.000000 0.000000 0.000000
0.000000 0.000000 0.000004
2.777265 0.649255 0.000000
764.299377 0.000000
0.000000 0.000000 0.000000 0.000000
0.000000 2.136900
11 0.018443 0.737720 0.001000
0.487000 0.580000 0.780000 0.490000 1.250000 5.968800 0.650000 0.650000
230537.500000 100.000000 0.084000
1.073000 0.050000 0.116600
0.164881 0.100295 0.000363 0.000000
0.000000

0.000219 1.315077 8.528889
0.101948 0.011348 1.455039 8.525405 219.418365
0.000000 0.001935 0.000439 0.000000 0.000000 0.000000
0.000000 0.000002 0.000002
2.896530 0.649349 0.000000
764.299377 0.000000
0.000000 0.000000 0.000000 0.000000
0.000000 1.851442
11 0.018443 0.756163 0.001000
0.487000 0.580000 0.780000 0.490000 1.250000 5.968800 0.650000 0.650000
230537.500000 100.000000 0.084000
1.073000 0.050000 0.116600
0.164886 0.100326 0.000363 0.000000
0.000000

0.000213 1.210450 7.731122
0.098247 0.010937 1.408915 8.245494 219.430557
0.000000 0.014545 0.000621 0.000000 0.000000 0.000000
0.000000 0.000002 0.000000
3.015661 0.649406 0.000000
764.299377 0.000000
0.000000 0.000000 0.000000 0.000000
0.000000 2.382543
11 0.018443 0.774606 0.001000
0.487000 0.580000 0.780000 0.490000 1.250000 5.968800 0.650000 0.650000
230537.500000 100.000000 0.084000
1.073000 0.050000 0.116600
0.164914 0.103471 0.000374 0.000000
0.000000

0.000215 1.120469 7.056396
0.094783 0.010552 1.365865 7.977512 219.448029
0.000000 1.729196 0.004061 0.000000 0.000000 0.000000
0.000000 0.000000 0.000000
3.134587 0.649504 0.000000
764.299377 0.000000
0.000000 0.000000 0.000000 0.000000
0.000000 3.504993
11 0.018443 0.793049 0.001000
0.487000 0.580000 0.780000 0.490000 1.250000 5.968800 0.650000 0.650000
230537.500000 100.000000 0.084000
1.073000 0.050000 0.116600
0.164983 0.109062 0.000395 0.000000
0.000000

0.000219 1.041586 6.469764
0.091590 0.010197 1.326608 7.727684 219.472351
0.000000 7.037472 0.015070 0.000000 0.000000 0.000000
0.000000 0.000000 0.000000
3.253244 0.649582 0.000000
764.299377 0.000000
0.000000 0.000000 0.000000 0.000000
0.000000 3.996856
11 0.018443 0.811492 0.001000
0.487000 0.580000 0.780000 0.490000 1.250000 5.968800 0.650000 0.650000
230537.500000 100.000000 0.084000
1.073000 0.050000 0.116600
0.165080 0.108687 0.000393 0.000000
0.000000

0.000231 0.974829 5.958441
0.088678 0.009873 1.291853 7.496409 219.511353
0.000000 7.900318 0.016734 0.000000 0.000000 0.000000
0.000000 0.000000 0.000000
3.371566 0.649655 0.000000
764.299377 0.000000
0.000000 0.000000 0.000000 0.000000
0.000000 6.157551
11 0.018443 0.829935 0.001000
0.487000 0.580000 0.780000 0.490000 1.250000 5.968800 0.650000 0.650000
230537.500000 100.000000 0.084000
1.073000 0.050000 0.116600
0.165215 0.109007 0.000394 0.000000
0.000000

0.000372 0.952815 5.618441
0.086073 0.009583 1.257915 7.267322 219.626709
0.000000 1.584733 0.011746 0.000000 0.000000 0.000000
0.000000 0.000000 0.000000
3.489487 0.649784 0.000000
764.299377 0.000000
0.000000 0.000000 0.000000 0.000000
0.000000 4.914070
11 0.018443 0.848378 0.001000
0.487000 0.580000 0.780000 0.490000 1.250000 5.968800 0.650000 0.650000
230537.500000 100.000000 0.084000
1.073000 0.050000 0.116600
0.165570 0.102992 0.000373 0.000000
0.000000

0.001165 1.131173 6.038200
0.077610 0.008631 1.230153 6.866533 220.108353
0.000000 0.116264 0.002531 0.000000 0.000000 0.000000
0.000000 0.000001 0.000000
3.595280 0.995589 0.000000
764.299377 0.000000
0.000000 0.000000 0.000000 0.000000
0.000000 1.719917
11 0.018443 0.866821 0.001000
0.487000 0.580000 0.780000 0.490000 1.250000 5.968800 0.650000 0.650000
230537.500000 100.000000 0.084000
1.073000 0.050000 0.116600
0.166855 0.091743 0.000509 0.000000
0.000000

0.001396 1.105678 5.858417
0.075194 0.008362 1.202343 6.652213 220.293060
0.000000 0.001056 0.000776 0.000000 0.000000 0.000000
0.000000 0.000000 0.000012
3.690831 1.000000 0.000000
764.299377 0.000000
0.000000 0.000000 0.000000 0.000000
0.000000 1.629637
11 0.018443 0.885264 0.001000
0.487000 0.580000 0.780000 0.490000 1.250000 5.968800 0.650000 0.650000
230537.500000 100.000000 0.084000
1.073000 0.050000 0.116600
0.167261 0.090322 0.000503 0.000000
0.000000

0.001292 1.012806 5.470650
0.071722 0.007976 1.176679 6.509438 220.311111
0.000000 0.000000 0.000021 0.000000 0.000000 0.000000
0.000000 0.000000 0.000000
3.785644 1.000000 0.000000
764.299377 0.000000
0.000000 0.000000 0.000000 0.000000
0.000000 1.602521
11 0.018443 0.903707 0.001000
0.487000 0.580000 0.780000 0.490000 1.250000 5.968800 0.650000 0.650000
230537.500000 100.000000 0.084000
1.073000 0.050000 0.116600
0.167285 0.090117 0.000502 0.000000
0.000000

0.001188 0.926809 5.030169
0.070567 0.007848 1.157980 6.405234 220.322174
0.000000 0.000000 0.000022 0.000000 0.000000 0.000000
0.000000 0.000000 0.000000
3.879768 1.000000 0.000000
764.299377 0.000000
0.000000 0.000000 0.000000 0.000000
0.000000 1.599723
11 0.018443 0.922150 0.001000
0.487000 0.580000 0.780000 0.490000 1.250000 5.968800 0.650000 0.650000
230537.500000 100.000000 0.084000
1.073000 0.050000 0.116600
0.167299 0.090040 0.000501 0.000000
0.000000

0.001098 0.849172 4.629002
0.069529 0.007732 1.140818 6.309594 220.336151
0.000000 0.000000 0.000020 0.000000 0.000000 0.000000
0.000000 0.000000 0.000000
3.973154 1.000000 0.000000
764.299377 0.000000
0.000000 0.000000 0.000000 0.000000
0.000000 1.598767
11 0.018443 0.940593 0.001000
0.487000 0.580000 0.780000 0.490000 1.250000 5.968800 0.650000 0.650000
230537.500000 100.000000 0.084000
1.073000 0.050000 0.116600
0.167310 0.089905 0.000501 0.000000
0.000000

0.001011 0.786469 4.358184
0.068513 0.007619 1.123965 6.215228 220.438812
0.000000 0.000000 0.000020 0.000000 0.000000 0.000000
0.000000 0.000000 0.000000
4.065753 1.000000 0.000000
764.299377 0.000000
0.000000 0.000000 0.000000 0.000000
0.000000 1.610950
11 0.018443 0.959036 0.001000
0.487000 0.580000 0.780000 0.490000 1.250000 5.968800 0.650000 0.650000
230537.500000 100.000000 0.084000
1.073000 0.050000 0.116600
0.167504 0.089164 0.000497 0.000000
0.000000

0.000929 0.720063 4.026775
0.068151 0.007579 1.109411 6.133907 220.446075
0.000000 0.000000 0.000017 0.000000 0.000000 0.000000
0.000000 0.000000 0.000000
4.157520 1.000000 0.000000
764.299377 0.000000
0.000000 0.000000 0.000000 0.000000
0.000000 1.604305
11 0.018443 0.977479 0.001000
0.487000 0.580000 0.780000 0.490000 1.250000 5.968800 0.650000 0.650000
230537.500000 100.000000 0.084000
1.073000 0.050000 0.116600
0.167505 0.089183 0.000497 0.000000
0.000000

0.000858 0.659666 3.747996
0.067533 0.007511 1.094798 6.052434 220.455154
0.000000 0.000002 0.000955 0.000000 0.000000 0.000000
0.000000 0.000000 0.000004
4.248412 1.000000 0.000000
764.299377 0.000000
0.000000 0.000000 0.000000 0.000000
0.000000 1.602843
11 0.018443 0.995922 0.001000
0.487000 0.580000 0.780000 0.490000 1.250000 5.968800 0.650000 0.650000
230537.500000 100.000000 0.084000
1.073000 0.050000 0.116600
0.167513 0.089209 0.000497 0.000000
0.000000

0.000790 0.604179 3.493684
0.066577 0.007404 1.081493 5.978232 220.462769
0.000000 0.000005 0.001912 0.000000 0.000000 0.000000
0.000000 0.000000 0.000008
4.338388 1.000000 0.000000
764.299377 0.000000
0.000000 0.000000 0.000000 0.000000
0.000000 1.607483
11 0.018443 1.014365 0.001000
0.487000 0.580000 0.780000 0.490000 1.250000 5.968800 0.650000 0.650000
230537.500000 100.000000 0.084000
1.073000 0.050000 0.116600
0.167511 0.089325 0.000497 0.000000
0.000000

0.000736 0.554650 3.265014
0.065697 0.007307 1.069397 5.909478 220.468903
0.000000 0.000013 0.002793 0.000000 0.000000 0.000000
0.000000 0.000000 0.000014
4.427411 1.000000 0.000000
764.299377 0.000000
0.000000 0.000000 0.000000 0.000000
0.000000 1.617320
11 0.018443 1.032808 0.001000
0.487000 0.580000 0.780000 0.490000 1.250000 5.968800 0.650000 0.650000
230537.500000 100.000000 0.084000
1.073000 0.050000 0.116600
0.167518 0.089420 0.000498 0.000000
0.000000

0.000680 0.508757 3.057695
0.064896 0.007218 1.058276 5.847408 220.477005
0.000000 0.000077 0.003632 0.000000 0.000000 0.000000
0.000000 0.000000 0.000015
4.515444 1.000000 0.000000
764.299377 0.000000
0.000000 0.000000 0.000000 0.000000
0.000000 1.641757
11 0.018443 1.051251 0.001000
0.487000 0.580000 0.780000 0.490000 1.250000 5.968800 0.650000 0.650000
230537.500000 100.000000 0.084000
1.073000 0.050000 0.116600
0.167529 0.089187 0.000497 0.000000
0.000000

0.000626 0.466400 2.868591
0.064168 0.007137 1.048209 5.791187 220.487061
0.000000 0.000144 0.004356 0.000000 0.000000 0.000000
0.000000 0.000000 0.000015
4.602455 1.000000 0.000000
764.299377 0.000000
0.000000 0.000000 0.000000 0.000000
0.000000 1.679963
11 0.018443 1.069694 0.001000
0.487000 0.580000 0.780000 0.490000 1.250000 5.968800 0.650000 0.650000
230537.500000 100.000000 0.084000
1.073000 0.050000 0.116600
0.167537 0.089478 0.000498 0.000000
0.000000

0.000576 0.427797 2.698701
0.063509 0.007063 1.039112 5.740342 220.498352
0.000000 0.000216 0.005043 0.000000 0.000000 0.000000
0.000000 0.000000 0.000015
4.688414 1.000000 0.000000
764.299377 0.000000
0.000000 0.000000 0.000000 0.000000
0.000000 1.728182
11 0.018443 1.088137 0.001000
0.487000 0.580000 0.780000 0.490000 1.250000 5.968800 0.650000 0.650000
230537.500000 100.000000 0.084000
1.073000 0.050000 0.116600
0.167558 0.089466 0.000498 0.000000
0.000000

0.000530 0.392499 2.542492
0.062905 0.006996 1.030814 5.693926 220.510040
0.000000 0.000328 0.005690 0.000000 0.000000 0.000000
0.000000 0.000000 0.000015
4.773292 1.000000 0.000000
764.299377 0.000000
0.000000 0.000000 0.000000 0.000000
0.000000 1.780975
11 0.018443 1.106580 0.001000
0.487000 0.580000 0.780000 0.490000 1.250000 5.968800 0.650000 0.650000
230537.500000 100.000000 0.084000
1.073000 0.050000 0.116600
0.167568 0.089583 0.000499 0.000000
0.000000

0.000487 0.360225 2.399023
0.062352 0.006935 1.023246 5.651565 220.518494
0.000000 0.000463 0.006270 0.000000 0.000000 0.000000
0.000000 0.000000 0.000016
4.857064 1.000000 0.000000
764.299377 0.000000
0.000000 0.000000 0.000000 0.000000
0.000000 1.833354
11 0.018443 1.125023 0.001000
0.487000 0.580000 0.780000 0.490000 1.250000 5.968800 0.650000 0.650000
230537.500000 100.000000 0.084000
1.073000 0.050000 0.116600
0.167578 0.089803 0.000500 0.000000
0.000000

0.000449 0.331490 2.286236
0.061882 0.006883 1.016785 5.615334 220.552551
0.000000 0.000598 0.006768 0.000000 0.000000 0.000000
0.000000 0.000000 0.000016
4.939706 1.000000 0.000000
764.299377 0.000000
0.000000 0.000000 0.000000 0.000000
0.000000 1.847046
11 0.018443 1.143466 0.001000
0.487000 0.580000 0.780000 0.490000 1.250000 5.968800 0.650000 0.650000
230537.500000 100.000000 0.084000
1.073000 0.050000 0.116600
0.167649 0.089326 0.000497 0.000000
0.000000

0.000414 0.304886 2.173456
0.061436 0.006833 1.010707 5.581226 220.570953
0.000000 0.000750 0.007254 0.000000 0.000000 0.000000
0.000000 0.000000 0.000016
5.021198 1.000000 0.000000
764.299377 0.000000
0.000000 0.000000 0.000000 0.000000
0.000000 1.965221
11 0.018443 1.161909 0.001000
0.487000 0.580000 0.780000 0.490000 1.250000 5.968800 0.650000 0.650000
230537.500000 100.000000 0.084000
1.073000 0.050000 0.116600
0.167681 0.089407 0.000498 0.000000
0.000000

0.000392 0.281630 2.067645
0.061015 0.006786 1.004913 5.548723 220.578049
0.000000 0.000897 0.007678 0.000000 0.000000 0.000000
0.000000 0.000000 0.000016
5.101521 1.000000 0.000000
764.299377 0.000000
0.000000 0.000000 0.000000 0.000000
0.000000 1.977239
11 0.018443 1.180352 0.001000
0.487000 0.580000 0.780000 0.490000 1.250000 5.968800 0.650000 0.650000
230537.500000 100.000000 0.084000
1.073000 0.050000 0.116600
0.167697 0.089396 0.000498 0.000000
0.000000

0.000384 0.261726 1.975321
0.060628 0.006743 0.999539 5.518540 220.588287
0.000000 0.001027 0.008019 0.000000 0.000000 0.000000
0.000000 0.000000 0.000016
5.180658 1.000000 0.000000
764.299377 0.000000
0.000000 0.000000 0.000000 0.000000
0.000000 2.020195
11 0.018443 1.198795 0.001000
0.487000 0.580000 0.780000 0.490000 1.250000 5.968800 0.650000 0.650000
230537.500000 100.000000 0.084000
1.073000 0.050000 0.116600
0.167719 0.089439 0.000498 0.000000
0.000000

0.000356 0.241103 1.884107
0.060282 0.006705 0.994879 5.492313 220.593933
0.000000 0.001165 0.008398 0.000000 0.000000 0.000000
0.000000 0.000000 0.000017
5.258595 1.000000 0.000000
764.299377 0.000000
0.000000 0.000000 0.000000 0.000000
0.000000 2.097034
11 0.018443 1.217238 0.001000
0.487000 0.580000 0.780000 0.490000 1.250000 5.968800 0.650000 0.650000
230537.500000 100.000000 0.084000
1.073000 0.050000 0.116600
0.167726 0.089422 0.000498 0.000000
0.000000

0.000328 0.221945 1.800378
0.059967 0.006670 0.990683 5.468659 220.599426
0.000000 0.001386 0.008825 0.000000 0.000000 0.000000
0.000000 0.000000 0.000017
5.335319 1.000000 0.000000
764.299377 0.000000
0.000000 0.000000 0.000000 0.000000
0.000000 2.177380
11 0.018443 1.235681 0.001000
0.487000 0.580000 0.780000 0.490000 1.250000 5.968800 0.650000 0.650000
230537.500000 100.000000 0.084000
1.073000 0.050000 0.116600
0.167734 0.089542 0.000499 0.000000
0.000000

0.000304 0.205014 1.730528
0.059690 0.006639 0.986952 5.447583 220.609512
0.000000 0.002633 0.009854 0.000000 0.000000 0.000000
0.000000 0.000004 0.000014
5.410821 1.000000 0.000000
764.299377 0.000000
0.000000 0.000000 0.000000 0.000000
0.000000 2.262777
11 0.018443 1.254124 0.001000
0.487000 0.580000 0.780000 0.490000 1.250000 5.968800 0.650000 0.650000
230537.500000 100.000000 0.084000
1.073000 0.050000 0.116600
0.167759 0.089551 0.000499 0.000000
0.000000

0.000279 0.189389 1.668253
0.059442 0.006612 0.983647 5.428869 220.618149
0.000000 0.003212 0.010148 0.000000 0.000000 0.000000
0.000000 0.000006 0.000012
5.485092 1.000000 0.000000
764.299377 0.000000
0.000000 0.000000 0.000000 0.000000
0.000000 2.365584
11 0.018443 1.272567 0.001000
0.487000 0.580000 0.780000 0.490000 1.250000 5.968800 0.650000 0.650000
230537.500000 100.000000 0.084000
1.073000 0.050000 0.116600
0.167791 0.089824 0.000500 0.000000
0.000000

0.000390 0.145721 1.221546
0.057993 0.006451 0.963885 5.319333 220.771744
0.000000 0.002057 0.010276 0.000000 0.000000 0.000000
0.000000 0.000001 0.000016
5.558125 1.000000 0.000000
764.299377 0.000000
0.000000 0.000000 0.000000 0.000000
0.000000 1.829033
11 0.018443 1.291010 0.001000
0.487000 0.580000 0.780000 0.490000 1.250000 5.968800 0.650000 0.650000
230537.500000 100.000000 0.084000
1.073000 0.050000 0.116600
0.168162 0.088235 0.000491 0.000000
0.000000

0.000357 0.134970 1.204344
0.057903 0.006441 0.962792 5.312862 220.776230
0.000000 0.001895 0.010205 0.000000 0.000000 0.000000
0.000000 0.000000 0.000017
5.629915 1.000000 0.000000
764.299377 0.000000
0.000000 0.000000 0.000000 0.000000
0.000000 1.826211
11 0.018443 1.309453 0.001000
0.487000 0.580000 0.780000 0.490000 1.250000 5.968800 0.650000 0.650000
230537.500000 100.000000 0.084000
1.073000 0.050000 0.116600
0.168163 0.088249 0.000491 0.000000
0.000000

0.000328 0.125157 1.188750
0.057821 0.006431 0.961802 5.306952 220.780151
0.000000 0.001873 0.010220 0.000000 0.000000 0.000000
0.000000 0.000000 0.000018
5.700459 1.000000 0.000000
764.299377 0.000000
0.000000 0.000000 0.000000 0.000000
0.000000 1.823385
11 0.018443 1.327896 0.001000
0.487000 0.580000 0.780000 0.490000 1.250000 5.968800 0.650000 0.650000
230537.500000 100.000000 0.084000
1.073000 0.050000 0.116600
0.168166 0.088267 0.000492 0.000000
0.000000

0.000300 0.116201 1.174625
0.057746 0.006423 0.960911 5.301593 220.784927
0.000000 0.001889 0.010262 0.000000 0.000000 0.000000
0.000000 0.000000 0.000018
5.769755 1.000000 0.000000
764.299377 0.000000
0.000000 0.000000 0.000000 0.000000
0.000000 1.820757
11 0.018443 1.346339 0.001000
0.487000 0.580000 0.780000 0.490000 1.250000 5.968800 0.650000 0.650000
230537.500000 100.000000 0.084000
1.073000 0.050000 0.116600
0.168172 0.088311 0.000492 0.000000
0.000000

0.000275 0.108028 1.161932
0.057679 0.006416 0.960110 5.296756 220.789520
0.000000 0.001898 0.010307 0.000000 0.000000 0.000000
0.000000 0.000000 0.000018
5.837805 1.000000 0.000000
764.299377 0.000000
0.000000 0.000000 0.000000 0.000000
0.000000 1.818326
11 0.018443 1.364782 0.001000
0.487000 0.580000 0.780000 0.490000 1.250000 5.968800 0.650000 0.650000
230537.500000 100.000000 0.084000
1.073000 0.050000 0.116600
0.168175 0.088273 0.000492 0.000000
0.000000

0.000252 0.100568 1.150358
0.057618 0.006409 0.959382 5.292315 220.793518
0.000000 0.001894 0.010296 0.000000 0.000000 0.000000
0.000000 0.000000 0.000018
5.904608 1.000000 0.000000
764.299377 0.000000
0.000000 0.000000 0.000000 0.000000
0.000000 1.816059
11 0.018443 1.383225 0.001000
0.487000 0.580000 0.780000 0.490000 1.250000 5.968800 0.650000 0.650000
230537.500000 100.000000 0.084000
1.073000 0.050000 0.116600
0.168176 0.088290 0.000492 0.000000
0.000000

0.000231 0.093761 1.140119
0.057563 0.006403 0.958738 5.288339 220.797867
0.000000 0.001905 0.010335 0.000000 0.000000 0.000000
0.000000 0.000000 0.000018
5.970167 1.000000 0.000000
764.299377 0.000000
0.000000 0.000000 0.000000 0.000000
0.000000 1.813969
11 0.018443 1.401668 0.001000
0.487000 0.580000 0.780000 0.490000 1.250000 5.968800 0.650000 0.650000
230537.500000 100.000000 0.084000
1.073000 0.050000 0.116600
0.168182 0.088298 0.000492 0.000000
0.000000

0.000212 0.087549 1.133096
0.057518 0.006398 0.958228 5.285121 220.802292
0.000000 0.001896 0.010391 0.000000 0.000000 0.000000
0.000000 0.000000 0.000019
6.034486 1.000000 0.000000
764.299377 0.000000
0.000000 0.000000 0.000000 0.000000
0.000000 1.812129
11 0.018443 1.420111 0.001000
0.487000 0.580000 0.780000 0.490000 1.250000 5.968800 0.650000 0.650000
230537.500000 100.000000 0.084000
1.073000 0.050000 0.116600
0.168193 0.088297 0.000492 0.000000
0.000000

0.000194 0.081881 1.124668
0.057473 0.006393 0.957702 5.281817 220.806458
0.000000 0.001897 0.010350 0.000000 0.000000 0.000000
0.000000 0.000000 0.000019
6.097569 1.000000 0.000000
764.299377 0.000000
0.000000 0.000000 0.000000 0.000000
0.000000 1.810315
11 0.018443 1.438554 0.001000
0.487000 0.580000 0.780000 0.490000 1.250000 5.968800 0.650000 0.650000
230537.500000 100.000000 0.084000
1.073000 0.050000 0.116600
0.168197 0.088287 0.000492 0.000000
0.000000

0.000178 0.076709 1.117115
0.057432 0.006388 0.957232 5.278826 220.810486
0.000000 0.001892 0.010359 0.000000 0.000000 0.000000
0.000000 0.000000 0.000019
6.159424 1.000000 0.000000
764.299377 0.000000
0.000000 0.000000 0.000000 0.000000
0.000000 1.808630
11 0.018443 1.456997 0.001000
0.487000 0.580000 0.780000 0.490000 1.250000 5.968800 0.650000 0.650000
230537.500000 100.000000 0.084000
1.073000 0.050000 0.116600
0.168201 0.088274 0.000492 0.000000
0.000000

0.000163 0.071991 1.110240
0.057395 0.006384 0.956808 5.276095 220.814392
0.000000 0.001893 0.010412 0.000000 0.000000 0.000000
0.000000 0.000000 0.000019
6.220057 1.000000 0.000000
764.299377 0.000000
0.000000 0.000000 0.000000 0.000000
0.000000 1.807055
11 0.018443 1.475440 0.001000
0.487000 0.580000 0.780000 0.490000 1.250000 5.968800 0.650000 0.650000
230537.500000 100.000000 0.084000
1.073000 0.050000 0.116600
0.168206 0.088289 0.000492 0.000000
0.000000

0.000149 0.067686 1.104075
0.057362 0.006381 0.956434 5.273644 220.818237
0.000000 0.001887 0.010389 0.000000 0.000000 0.000000
0.000000 0.000000 0.000019
6.279475 1.000000 0.000000
764.299377 0.000000
0.000000 0.000000 0.000000 0.000000
0.000000 1.805592
11 0.018443 1.493883 0.001000
0.487000 0.580000 0.780000 0.490000 1.250000 5.968800 0.650000 0.650000
230537.500000 100.000000 0.084000
1.073000 0.050000 0.116600
0.168208 0.088302 0.000492 0.000000
0.000000

0.000137 0.063758 1.098538
0.057331 0.006377 0.956096 5.271405 220.822678
0.000000 0.001875 0.010383 0.000000 0.000000 0.000000
0.000000 0.000000 0.000020
6.337687 1.000000 0.000000
764.299377 0.000000
0.000000 0.000000 0.000000 0.000000
0.000000 1.804221
11 0.018443 1.512326 0.001000
0.487000 0.580000 0.780000 0.490000 1.250000 5.968800 0.650000 0.650000
230537.500000 100.000000 0.084000
1.073000 0.050000 0.116600
0.168213 0.088319 0.000492 0.000000
0.000000

0.000125 0.060177 1.093583
0.057304 0.006374 0.955792 5.269349 220.827271
0.000000 0.001869 0.010372 0.000000 0.000000 0.000000
0.000000 0.000000 0.000020
6.394701 1.000000 0.000000
764.299377 0.000000
0.000000 0.000000 0.000000 0.000000
0.000000 1.802946
11 0.018443 1.530769 0.001000
0.487000 0.580000 0.780000 0.490000 1.250000 5.968800 0.650000 0.650000
230537.500000 100.000000 0.084000
1.073000 0.050000 0.116600
0.168217 0.088336 0.000492 0.000000
0.000000

0.000115 0.056910 1.089303
0.057280 0.006372 0.955528 5.267533 220.831238
0.000000 0.001858 0.010370 0.000000 0.000000 0.000000
0.000000 0.000000 0.000020
6.450529 1.000000 0.000000
764.299377 0.000000
0.000000 0.000000 0.000000 0.000000
0.000000 1.801764
11 0.018443 1.549212 0.001000
0.487000 0.580000 0.780000 0.490000 1.250000 5.968800 0.650000 0.650000
230537.500000 100.000000 0.084000
1.073000 0.050000 0.116600
0.168221 0.088324 0.000492 0.000000
0.000000

0.000105 0.053930 1.085564
0.057258 0.006369 0.955303 5.265917 220.835541
0.000000 0.001844 0.010356 0.000000 0.000000 0.000000
0.000000 0.000000 0.000020
6.505180 1.000000 0.000000
764.299377 0.000000
0.000000 0.000000 0.000000 0.000000
0.000000 1.800657
11 0.018443 1.567655 0.001000
0.487000 0.580000 0.780000 0.490000 1.250000 5.968800 0.650000 0.650000
230537.500000 100.000000 0.084000
1.073000 0.050000 0.116600
0.168224 0.088312 0.000492 0.000000
0.000000

0.000096 0.051212 1.082119
0.057238 0.006367 0.955093 5.264394 220.840042
0.000000 0.001821 0.010302 0.000000 0.000000 0.000000
0.000000 0.000000 0.000020
6.558666 1.000000 0.000000
764.299377 0.000000
0.000000 0.000000 0.000000 0.000000
0.000000 1.799621
11 0.018443 1.586098 0.001000
0.487000 0.580000 0.780000 0.490000 1.250000 5.968800 0.650000 0.650000
230537.500000 100.000000 0.084000
1.073000 0.050000 0.116600
0.168231 0.088327 0.000492 0.000000
0.000000

0.000088 0.048734 1.079079
0.057221 0.006365 0.954913 5.263043 220.844131
0.000000 0.001824 0.010311 0.000000 0.000000 0.000000
0.000000 0.000000 0.000020
6.610996 1.000000 0.000000
764.299377 0.000000
0.000000 0.000000 0.000000 0.000000
0.000000 1.798650
11 0.018443 1.604541 0.001000
0.487000 0.580000 0.780000 0.490000 1.250000 5.968800 0.650000 0.650000
230537.500000 100.000000 0.084000
1.073000 0.050000 0.116600
0.168234 0.088342 0.000492 0.000000
0.000000

0.000081 0.046475 1.076403
0.057205 0.006364 0.954758 5.261833 220.848618
0.000000 0.001807 0.010272 0.000000 0.000000 0.000000
0.000000 0.000000 0.000020
6.662183 1.000000 0.000000
764.299377 0.000000
0.000000 0.000000 0.000000 0.000000
0.000000 1.797743
11 0.018443 1.622984 0.001000
0.487000 0.580000 0.780000 0.490000 1.250000 5.968800 0.650000 0.650000
230537.500000 100.000000 0.084000
1.073000 0.050000 0.116600
0.168236 0.088359 0.000492 0.000000
0.000000

0.000074 0.044416 1.074058
0.057192 0.006362 0.954621 5.260736 220.853439
0.000000 0.001788 0.010254 0.000000 0.000000 0.000000
0.000000 0.000000 0.000021
6.712238 1.000000 0.000000
764.299377 0.000000
0.000000 0.000000 0.000000 0.000000
0.000000 1.796890
11 0.018443 1.641427 0.001000
0.487000 0.580000 0.780000 0.490000 1.250000 5.968800 0.650000 0.650000
230537.500000 100.000000 0.084000
1.073000 0.050000 0.116600
0.168242 0.088376 0.000492 0.000000
0.000000

0.000068 0.042539 1.072100
0.057179 0.006361 0.954506 5.259744 220.857590
0.000000 0.001775 0.010237 0.000000 0.000000 0.000000
0.000000 0.000000 0.000021
6.761174 1.000000 0.000000
764.299377 0.000000
0.000000 0.000000 0.000000 0.000000
0.000000 1.796097
11 0.018443 1.659870 0.001000
0.487000 0.580000 0.780000 0.490000 1.250000 5.968800 0.650000 0.650000
230537.500000 100.000000 0.084000
1.073000 0.050000 0.116600
0.168246 0.088368 0.000492 0.000000
0.000000

0.000062 0.040828 1.070427
0.057169 0.006359 0.954407 5.258864 220.861954
0.000000 0.001758 0.010193 0.000000 0.000000 0.000000
0.000000 0.000000 0.000021
6.809004 1.000000 0.000000
764.299377 0.000000
0.000000 0.000000 0.000000 0.000000
0.000000 1.795359
11 0.018443 1.678313 0.001000
0.487000 0.580000 0.780000 0.490000 1.250000 5.968800 0.650000 0.650000
230537.500000 100.000000 0.084000
1.073000 0.050000 0.116600
0.168250 0.088358 0.000492 0.000000
0.000000

0.000057 0.039270 1.068922
0.057159 0.006358 0.954328 5.258092 220.866562
0.000000 0.001751 0.010182 0.000000 0.000000 0.000000
0.000000 0.000000 0.000021
6.855739 1.000000 0.000000
764.299377 0.000000
0.000000 0.000000 0.000000 0.000000
0.000000 1.794653
11 0.018443 1.696756 0.001000
0.487000 0.580000 0.780000 0.490000 1.250000 5.968800 0.650000 0.650000
230537.500000 100.000000 0.084000
1.073000 0.050000 0.116600
0.168255 0.088372 0.000492 0.000000
0.000000

0.000052 0.037849 1.067643
0.057151 0.006358 0.954256 5.257356 220.870773
0.000000 0.001729 0.010145 0.000000 0.000000 0.000000
0.000000 0.000000 0.000021
6.901392 1.000000 0.000000
764.299377 0.000000
0.000000 0.000000 0.000000 0.000000
0.000000 1.794002
11 0.018443 1.715199 0.001000
0.487000 0.580000 0.780000 0.490000 1.250000 5.968800 0.650000 0.650000
230537.500000 100.000000 0.084000
1.073000 0.050000 0.116600
0.168258 0.088444 0.000493 0.000000
0.000000

0.000048 0.036555 1.066573
0.057143 0.006357 0.954199 5.256703 220.874985
0.000000 0.001710 0.010103 0.000000 0.000000 0.000000
0.000000 0.000000 0.000021
6.945974 1.000000 0.000000
764.299377 0.000000
0.000000 0.000000 0.000000 0.000000
0.000000 1.793386
11 0.018443 1.733642 0.001000
0.487000 0.580000 0.780000 0.490000 1.250000 5.968800 0.650000 0.650000
230537.500000 100.000000 0.084000
1.073000 0.050000 0.116600
0.168261 0.088411 0.000492 0.000000
0.000000

0.000044 0.035377 1.065696
0.057137 0.006356 0.954155 5.256132 220.879211
0.000000 0.001703 0.010091 0.000000 0.000000 0.000000
0.000000 0.000000 0.000021
6.989499 1.000000 0.000000
764.299377 0.000000
0.000000 0.000000 0.000000 0.000000
0.000000 1.792808
11 0.018443 1.752085 0.001000
0.487000 0.580000 0.780000 0.490000 1.250000 5.968800 0.650000 0.650000
230537.500000 100.000000 0.084000
1.073000 0.050000 0.116600
0.168267 0.088409 0.000492 0.000000
0.000000

0.000040 0.034305 1.071030
0.057146 0.006357 0.954317 5.256692 220.887497
0.000000 0.001685 0.010068 0.000000 0.000000 0.000000
0.000000 0.000000 0.000022
7.031976 1.000000 0.000000
764.299377 0.000000
0.000000 0.000000 0.000000 0.000000
0.000000 1.792548
11 0.018443 1.770528 0.001000
0.487000 0.580000 0.780000 0.490000 1.250000 5.968800 0.650000 0.650000
230537.500000 100.000000 0.084000
1.073000 0.050000 0.116600
0.168292 0.088348 0.000492 0.000000
0.000000

0.000037 0.033328 1.071161
0.057143 0.006357 0.954310 5.256344 220.892410
0.000000 0.001657 0.009995 0.000000 0.000000 0.000000
0.000000 0.000000 0.000022
7.073419 1.000000 0.000000
764.299377 0.000000
0.000000 0.000000 0.000000 0.000000
0.000000 1.792072
11 0.018443 1.788971 0.001000
0.487000 0.580000 0.780000 0.490000 1.250000 5.968800 0.650000 0.650000
230537.500000 100.000000 0.084000
1.073000 0.050000 0.116600
0.168298 0.088378 0.000492 0.000000
0.000000

0.000034 0.032439 1.070787
0.057139 0.006356 0.954292 5.255927 220.896820
0.000000 0.001634 0.009962 0.000000 0.000000 0.000000
0.000000 0.000000 0.000022
7.113839 1.000000 0.000000
764.299377 0.000000
0.000000 0.000000 0.000000 0.000000
0.000000 1.791599
11 0.018443 1.807414 0.001000
0.487000 0.580000 0.780000 0.490000 1.250000 5.968800 0.650000 0.650000
230537.500000 100.000000 0.084000
1.073000 0.050000 0.116600
0.168303 0.088450 0.000493 0.000000
0.000000

0.000031 0.031632 1.070533
0.057135 0.006356 0.954285 5.255572 220.901260
0.000000 0.001625 0.009919 0.000000 0.000000 0.000000
0.000000 0.000000 0.000022
7.153246 1.000000 0.000000
764.299377 0.000000
0.000000 0.000000 0.000000 0.000000
0.000000 1.791156
11 0.018443 1.825857 0.001000
0.487000 0.580000 0.780000 0.490000 1.250000 5.968800 0.650000 0.650000
230537.500000 100.000000 0.084000
1.073000 0.050000 0.116600
0.168306 0.088416 0.000492 0.000000
0.000000

0.000028 0.030896 1.070401
0.057133 0.006356 0.954282 5.255250 220.905411
0.000000 0.001630 0.009954 0.000000 0.000000 0.000000
0.000000 0.000000 0.000022
7.191653 1.000000 0.000000
764.299377 0.000000
0.000000 0.000000 0.000000 0.000000
0.000000 1.790739
11 0.018443 1.844300 0.001000
0.487000 0.580000 0.780000 0.490000 1.250000 5.968800 0.650000 0.650000
230537.500000 100.000000 0.084000
1.073000 0.050000 0.116600
0.168310 0.088432 0.000492 0.000000
0.000000

0.000026 0.030228 1.070450
0.057130 0.006355 0.954291 5.254983 220.909607
0.000000 0.001597 0.009853 0.000000 0.000000 0.000000
0.000000 0.000000 0.000022
7.229068 1.000000 0.000000
764.299377 0.000000
0.000000 0.000000 0.000000 0.000000
0.000000 1.790355
11 0.018443 1.862743 0.001000
0.487000 0.580000 0.780000 0.490000 1.250000 5.968800 0.650000 0.650000
230537.500000 100.000000 0.084000
1.073000 0.050000 0.116600
0.168316 0.088424 0.000492 0.000000
0.000000

0.000024 0.029621 1.070763
0.057129 0.006355 0.954309 5.254779 220.913879
0.000000 0.001584 0.009852 0.000000 0.000000 0.000000
0.000000 0.000000 0.000022
7.265503 1.000000 0.000000
764.299377 0.000000
0.000000 0.000000 0.000000 0.000000
0.000000 1.790001
11 0.018443 1.881186 0.001000
0.487000 0.580000 0.780000 0.490000 1.250000 5.968800 0.650000 0.650000
230537.500000 100.000000 0.084000
1.073000 0.050000 0.116600
0.168318 0.088413 0.000492 0.000000
0.000000

0.000022 0.029069 1.070918
0.057128 0.006355 0.954328 5.254585 220.918030
0.000000 0.001554 0.009757 0.000000 0.000000 0.000000
0.000000 0.000000 0.000022
7.300968 1.000000 0.000000
764.299377 0.000000
0.000000 0.000000 0.000000 0.000000
0.000000 1.789659
11 0.018443 1.899629 0.001000
0.487000 0.580000 0.780000 0.490000 1.250000 5.968800 0.650000 0.650000
230537.500000 100.000000 0.084000
1.073000 0.050000 0.116600
0.168325 0.088429 0.000492 0.000000
0.000000

0.000020 0.028568 1.071157
0.057127 0.006355 0.954348 5.254389 220.922104
0.000000 0.001545 0.009768 0.000000 0.000000 0.000000
0.000000 0.000000 0.000022
7.335472 1.000000 0.000000
764.299377 0.000000
0.000000 0.000000 0.000000 0.000000
0.000000 1.789342
11 0.018443 1.918072 0.001000
0.487000 0.580000 0.780000 0.490000 1.250000 5.968800 0.650000 0.650000
230537.500000 100.000000 0.084000
1.073000 0.050000 0.116600
0.168327 0.088444 0.000493 0.000000
0.000000

0.000018 0.028114 1.071465
0.057126 0.006355 0.954372 5.254220 220.926147
0.000000 0.001540 0.009720 0.000000 0.000000 0.000000
0.000000 0.000000 0.000023
7.369023 1.000000 0.000000
764.299377 0.000000
0.000000 0.000000 0.000000 0.000000
0.000000 1.789048
11 0.018443 1.936515 0.001000
0.487000 0.580000 0.780000 0.490000 1.250000 5.968800 0.650000 0.650000
230537.500000 100.000000 0.084000
1.073000 0.050000 0.116600
0.168332 0.088460 0.000493 0.000000
0.000000

0.000017 0.027702 1.071845
0.057126 0.006355 0.954402 5.254097 220.929749
0.000000 0.001527 0.009685 0.000000 0.000000 0.000000
0.000000 0.000000 0.000023
7.401631 1.000000 0.000000
764.299377 0.000000
0.000000 0.000000 0.000000 0.000000
0.000000 1.788771
11 0.018443 1.954958 0.001000
0.487000 0.580000 0.780000 0.490000 1.250000 5.968800 0.650000 0.650000
230537.500000 100.000000 0.084000
1.073000 0.050000 0.116600
0.168335 0.088493 0.000493 0.000000
0.000000

0.000015 0.027328 1.072958
0.057128 0.006355 0.954457 5.254100 220.934616
0.000000 0.001499 0.009636 0.000000 0.000000 0.000000
0.000000 0.000000 0.000023
7.433304 1.000000 0.000000
764.299377 0.000000
0.000000 0.000000 0.000000 0.000000
0.000000 1.788548
11 0.018443 1.973401 0.001000
0.487000 0.580000 0.780000 0.490000 1.250000 5.968800 0.650000 0.650000
230537.500000 100.000000 0.084000
1.073000 0.050000 0.116600
0.168342 0.088452 0.000493 0.000000
0.000000

0.000014 0.024513 1.067339
0.057104 0.006353 0.954225 5.252538 220.939224
0.000000 0.046037 0.019908 0.000000 0.000000 0.000000
0.000000 0.000010 0.000001
7.464049 1.000000 0.000000
764.299377 0.000000
0.000000 0.000000 0.000000 0.000000
0.000000 1.787656
11 0.018443 1.991844 0.001000
0.487000 0.580000 0.780000 0.490000 1.250000 5.968800 0.650000 0.650000
230537.500000 100.000000 0.084000
1.073000 0.050000 0.116600
0.168347 0.088522 0.000493 0.000000
0.000000
1.000000
2.000000
0.321000 0.000000
0.000000
0
-0.866821
0 0
0.000000
1
0.000000
1.000000
1.000000
1.000000
0.000000 0.000000 0.000000
0.000000 0.000000
0.000000 0.000000 0.000000 0.000000 0.000000 0.000000 0.000000
0.000000 0.000000 0.000000 0.000000 0.000000 0.000000 0.000000
278
2.000000
1
C:\Input\Ohio1.spf
-1.000000 -1.000000
0.000000
47
47
6.000000
