 11
Clay

0.4205  0.5422  0.1250  0.7800  0.5300  1.0000
0.000000 0.000000 1.404500 5.968800 1  0.028600
0.5000  0.0500  0.0100  0.0270  0.9630  0.0000
0.01844338  2.0000  259037.2344  100.0000  108
0.1735  2.5230
3.6477  0.0000  1  10.0000  10.0000  10.0000  5.0000
25.0000  100.0000 0.0000  0.0000  0.0000  0.0000
0.0000  0.0000
500.0000  0.0000  0.0000

1.000000
2.000000
0.321000 0.000000
0.780000
0.530000
0.200000 2.000000
0.000000 0.000000 74.084648 200.028549 7134.351562 0.000000 0.129519 0.009066 0.003886
2.282661
0.000000
1
0.000000
1.000000
1.000000
1.000000
5.212900
6.915800
2.000000
1
C:\Input\Ohio1.spf
