11
Clay
0.580000 0.612000 0.084000 0.780000 0.530000 1.000000 0.000000 0.000000
1.020000 5.968800 1 0.028600 0.500000 0.050000 0.010000 0.027000 0.963000
0.000000 0.018443 2.000000 188118.593750 100.000000 108
0.173500 2.523000 3.647700 0.000000 1
5.212900 5.212900 6.915800 5.000000 25.000000 100.000000
0.000000 0.000000 0.000000 0.000000 0.000000 0.000000
500.000000 0.000000 0.000000

401.620209 689.080322 51.814415
12.352693 1.373779 112.788536 687.395020 4404.076172
0.000000 0.228259 0.322367 1.228134 0.000000 0.000000
0.000145 0.000074 0.000063
0.401728 0.762692 0.000000
764.299377 0.000000
0.000000 0.000000 0.000000 0.000000
0.000000 6.401023
11 0.018443 0.018443 0.028600
0.612000 0.580000 0.780000 0.530000 1.020000 5.968800 0.780000 0.780000
188118.593750 100.000000 0.084000
1.073000 0.050000 0.116600
20.511801 14.797020 0.109061 0.000000
1140.747559

2.245117 13.374784 54.106354
5.471182 0.608478 83.858879 504.338348 4405.534668
0.000000 0.034902 0.016069 0.614067 0.000000 0.000000
0.000006 0.000015 0.000121
0.511559 0.762894 0.000000
764.299377 0.000000
0.000000 0.000000 0.000000 0.000000
0.000000 1.254696
11 0.018443 0.036886 0.028600
0.612000 0.580000 0.780000 0.530000 1.020000 5.968800 0.780000 0.780000
188118.593750 100.000000 0.084000
1.073000 0.050000 0.116600
6.102114 18.392834 0.139912 0.000000
317.671448

0.000044 10.371182 60.585133
5.348063 0.594749 82.686211 493.806305 4404.728027
0.000000 0.031397 0.013804 0.307034 0.000000 0.000000
0.000005 0.000022 0.000120
0.621066 0.763078 0.000000
764.299377 0.000000
0.000000 0.000000 0.000000 0.000000
0.000000 1.641682
11 0.018443 0.055329 0.028600
0.612000 0.580000 0.780000 0.530000 1.020000 5.968800 0.780000 0.780000
188118.593750 100.000000 0.084000
1.073000 0.050000 0.116600
6.152286 20.609900 0.159954 0.000000
389.674866

0.000050 8.761419 62.194450
5.111153 0.568377 79.978729 475.403320 4404.768066
0.000000 0.020884 0.007693 0.153517 0.000000 0.000000
0.000003 0.000021 0.000111
0.730094 0.763247 0.000000
764.299377 0.000000
0.000000 0.000000 0.000000 0.000000
0.000000 1.930150
11 0.018443 0.073772 0.028600
0.612000 0.580000 0.780000 0.530000 1.020000 5.968800 0.780000 0.780000
188118.593750 100.000000 0.084000
1.073000 0.050000 0.116600
6.154683 22.423151 0.176966 0.000000
0.000000

0.000056 8.773105 62.323185
5.112569 0.568516 80.268860 475.442932 4405.000000
0.000000 0.018358 0.009715 0.076758 0.000000 0.000000
0.000004 0.000022 0.000113
0.838491 0.763400 0.000000
764.299377 0.000000
0.000000 0.000000 0.000000 0.000000
0.000000 2.129459
11 0.018443 0.092215 0.028600
0.612000 0.580000 0.780000 0.530000 1.020000 5.968800 0.780000 0.780000
188118.593750 100.000000 0.084000
1.073000 0.050000 0.116600
6.156090 23.737558 0.189672 0.000000
0.000000

0.000070 9.093781 257.064758
5.169765 0.574868 80.416122 475.012939 4404.776855
0.000000 0.003672 0.003917 0.038379 0.000000 0.000000
0.000002 0.000001 0.000135
0.946109 0.763539 0.000000
764.299377 0.000000
0.000000 0.000000 0.000000 0.000000
0.000000 2.332516
11 0.018443 0.110658 0.028600
0.612000 0.580000 0.780000 0.530000 1.020000 5.968800 0.780000 0.780000
188118.593750 100.000000 0.084000
1.073000 0.050000 0.116600
6.164375 24.911665 0.201294 0.000000
0.000000

0.000245 0.283459 122.186066
4.025039 0.447594 63.571743 373.985443 4409.866699
0.000000 0.005958 0.004934 0.019190 0.000000 0.000000
0.000001 0.000000 0.000064
1.060292 0.631940 0.000000
764.299377 0.000000
0.000000 0.000000 0.000000 0.000000
0.000000 2.198091
11 0.018443 0.129101 0.018000
0.547000 0.580000 0.780000 0.490000 1.150000 5.968800 0.650000 0.650000
212094.484375 100.000000 0.084000
1.073000 0.050000 0.116600
6.203525 27.554306 0.145561 0.000000
0.000000

0.000294 0.272142 115.864464
4.007199 0.445607 63.505894 372.384003 4410.304688
0.000000 0.003478 0.004239 0.009595 0.000000 0.000000
0.000001 0.000000 0.000066
1.182061 0.632069 0.000000
764.299377 0.000000
0.000000 0.000000 0.000000 0.000000
0.000000 2.044148
11 0.018443 0.147544 0.018000
0.547000 0.580000 0.780000 0.490000 1.150000 5.968800 0.650000 0.650000
212094.484375 100.000000 0.084000
1.073000 0.050000 0.116600
6.206114 26.469051 0.138599 0.000000
0.000000

0.000365 9.763412 111.598770
4.015414 0.446517 63.560062 372.144684 4410.558594
0.000000 0.000818 0.002528 0.004797 0.000000 0.000000
0.000001 0.000000 0.000069
1.302643 0.632186 0.000000
764.299377 0.000000
0.000000 0.000000 0.000000 0.000000
0.000000 1.860903
11 0.018443 0.165987 0.018000
0.547000 0.580000 0.780000 0.490000 1.150000 5.968800 0.650000 0.650000
212094.484375 100.000000 0.084000
1.073000 0.050000 0.116600
6.211135 25.451366 0.132179 0.000000
0.000000

0.000671 9.427778 108.367149
4.018622 0.446872 63.821411 372.715668 4410.692871
0.000000 0.000350 0.002074 0.002399 0.000000 0.000000
0.000001 0.000000 0.000069
1.421891 0.632292 0.000000
764.299377 0.000000
0.000000 0.000000 0.000000 0.000000
0.000000 1.656344
11 0.018443 0.184430 0.018000
0.547000 0.580000 0.780000 0.490000 1.150000 5.968800 0.650000 0.650000
212094.484375 100.000000 0.084000
1.073000 0.050000 0.116600
6.232223 24.305355 0.125069 0.000000
0.000000

0.001708 10.071481 106.185913
4.107282 0.456730 65.114098 381.758362 4407.471680
0.000000 0.000314 0.002009 0.001199 0.000000 0.000000
0.000001 0.000000 0.000070
1.539176 0.648937 0.000000
764.299377 0.000000
0.000000 0.000000 0.000000 0.000000
0.000000 1.484167
11 0.018443 0.202873 0.018000
0.547000 0.580000 0.780000 0.490000 1.150000 5.968800 0.650000 0.650000
212094.484375 100.000000 0.084000
1.073000 0.050000 0.116600
6.307035 22.312016 0.115805 0.000000
0.000000

0.000157 9.267784 124.663391
1.016355 0.113018 15.985107 93.639946 1889.471069
0.000000 0.000000 0.000200 0.000600 0.000000 0.000000
0.000000 0.000000 0.000010
1.655348 0.648994 0.000000
764.299377 0.000000
0.000000 0.000000 0.000000 0.000000
0.000000 1.298475
11 0.018443 0.221316 0.009000
0.527000 0.580000 0.780000 0.490000 1.200000 5.968800 0.650000 0.650000
221316.000000 100.000000 0.084000
1.073000 0.050000 0.116600
1.414414 13.279526 0.059145 0.000000
0.000000

0.000153 8.453080 111.496147
0.973197 0.108219 15.364626 89.929855 1889.664917
0.000000 0.000000 0.000234 0.000300 0.000000 0.000000
0.000000 0.000000 0.000009
1.770736 0.649083 0.000000
764.299377 0.000000
0.000000 0.000000 0.000000 0.000000
0.000000 1.197661
11 0.018443 0.239759 0.009000
0.527000 0.580000 0.780000 0.490000 1.200000 5.968800 0.650000 0.650000
221316.000000 100.000000 0.084000
1.073000 0.050000 0.116600
1.414507 10.149733 0.044232 0.000000
0.000000

0.000148 7.759267 104.176682
0.918431 0.102129 14.535236 85.019669 1889.827881
0.000000 0.000000 0.000238 0.000150 0.000000 0.000000
0.000000 0.000000 0.000008
1.884217 0.649163 0.000000
764.299377 0.000000
0.000000 0.000000 0.000000 0.000000
0.000000 1.127369
11 0.018443 0.258202 0.009000
0.527000 0.580000 0.780000 0.490000 1.200000 5.968800 0.650000 0.650000
221316.000000 100.000000 0.084000
1.073000 0.050000 0.116600
1.414598 7.693227 0.032971 0.000000
0.000000

0.000143 7.104606 94.876419
0.879047 0.097749 13.921341 81.378258 1890.036621
0.000000 0.000000 0.000272 0.000075 0.000000 0.000000
0.000000 0.000000 0.000006
1.995682 0.649237 0.000000
764.299377 0.000000
0.000000 0.000000 0.000000 0.000000
0.000000 1.081285
11 0.018443 0.276645 0.009000
0.527000 0.580000 0.780000 0.490000 1.200000 5.968800 0.650000 0.650000
221316.000000 100.000000 0.084000
1.073000 0.050000 0.116600
1.414683 5.818137 0.024624 0.000000
0.000000

0.000137 6.510991 85.800362
0.845048 0.093968 13.390924 78.234016 1890.209595
0.000000 0.000000 0.000245 0.000037 0.000000 0.000000
0.000000 0.000000 0.000005
2.105029 0.649304 0.000000
764.299377 0.000000
0.000000 0.000000 0.000000 0.000000
0.000000 1.048779
11 0.018443 0.295088 0.009000
0.527000 0.580000 0.780000 0.490000 1.200000 5.968800 0.650000 0.650000
221316.000000 100.000000 0.084000
1.073000 0.050000 0.116600
1.414732 4.359154 0.018272 0.000000
0.000000

0.000130 6.044001 77.360794
0.814269 0.090546 12.913324 75.404617 1890.379761
0.000000 0.000000 0.000251 0.000019 0.000000 0.000000
0.000000 0.000000 0.000005
2.212168 0.649366 0.000000
764.299377 0.000000
0.000000 0.000000 0.000000 0.000000
0.000000 1.023942
11 0.018443 0.313531 0.009000
0.527000 0.580000 0.780000 0.490000 1.200000 5.968800 0.650000 0.650000
221316.000000 100.000000 0.084000
1.073000 0.050000 0.116600
1.414779 3.260269 0.013568 0.000000
0.000000

0.000123 5.600995 74.857590
0.659712 0.073359 10.467598 61.094482 1444.273071
0.000000 0.000000 0.000223 0.000009 0.000000 0.000000
0.000000 0.000000 0.000003
2.318420 0.649387 0.000000
764.299377 0.000000
0.000000 0.000000 0.000000 0.000000
0.000000 1.000364
11 0.018443 0.331974 0.006600
0.497000 0.580000 0.780000 0.490000 1.250000 5.968800 0.650000 0.650000
230537.500000 100.000000 0.084000
1.073000 0.050000 0.116600
1.081452 2.479410 0.009288 0.000000
0.000000

0.000113 5.106460 66.778442
0.638276 0.070976 10.127540 59.083839 1444.362183
0.000000 0.000000 0.000244 0.000005 0.000000 0.000000
0.000000 0.000000 0.000003
2.423695 0.649441 0.000000
764.299377 0.000000
0.000000 0.000000 0.000000 0.000000
0.000000 0.983346
11 0.018443 0.350417 0.006600
0.497000 0.580000 0.780000 0.490000 1.250000 5.968800 0.650000 0.650000
230537.500000 100.000000 0.084000
1.073000 0.050000 0.116600
1.081366 1.854643 0.006921 0.000000
0.000000

0.000107 4.633482 60.333431
0.615307 0.068422 9.769232 56.970272 1444.491577
0.000000 0.000000 0.000245 0.000002 0.000000 0.000000
0.000000 0.000000 0.000003
2.526495 0.649490 0.000000
764.299377 0.000000
0.000000 0.000000 0.000000 0.000000
0.000000 0.967261
11 0.018443 0.368860 0.006600
0.497000 0.580000 0.780000 0.490000 1.250000 5.968800 0.650000 0.650000
230537.500000 100.000000 0.084000
1.073000 0.050000 0.116600
1.081317 1.423682 0.005299 0.000000
0.000000

0.000100 4.220271 54.066341
0.595806 0.066253 9.462092 55.156006 1444.576904
0.000000 0.000000 0.000233 0.000001 0.000000 0.000000
0.000000 0.000000 0.000003
2.626770 0.649535 0.000000
764.299377 0.000000
0.000000 0.000000 0.000000 0.000000
0.000000 0.953205
11 0.018443 0.387303 0.006600
0.497000 0.580000 0.780000 0.490000 1.250000 5.968800 0.650000 0.650000
230537.500000 100.000000 0.084000
1.073000 0.050000 0.116600
1.081280 1.127643 0.004190 0.000000
0.000000

0.000094 3.831948 48.033501
0.579145 0.064401 9.202052 53.618877 1444.695557
0.000000 0.000000 0.000251 0.000001 0.000000 0.000000
0.000000 0.000000 0.000003
2.724486 0.649576 0.000000
764.299377 0.000000
0.000000 0.000000 0.000000 0.000000
0.000000 0.940124
11 0.018443 0.405746 0.006600
0.497000 0.580000 0.780000 0.490000 1.250000 5.968800 0.650000 0.650000
230537.500000 100.000000 0.084000
1.073000 0.050000 0.116600
1.081257 0.930139 0.003452 0.000000
0.000000

0.000088 3.646027 53.015377
0.350947 0.039025 5.571468 32.456135 722.556396
0.000000 0.000000 0.000139 0.000000 0.000000 0.000000
0.000000 0.000000 0.000001
2.820055 0.649605 0.000000
764.299377 0.000000
0.000000 0.000000 0.000000 0.000000
0.000000 0.921150
11 0.018443 0.424189 0.003300
0.487000 0.580000 0.780000 0.490000 1.250000 5.968800 0.650000 0.650000
230537.500000 100.000000 0.084000
1.073000 0.050000 0.116600
0.541538 0.692371 0.002514 0.000000
0.000000

0.000082 3.305679 48.137115
0.336407 0.037408 5.341865 31.110006 722.601807
0.000000 0.000000 0.000147 0.000000 0.000000 0.000000
0.000000 0.000000 0.000001
2.913488 0.649640 0.000000
764.299377 0.000000
0.000000 0.000000 0.000000 0.000000
0.000000 0.907434
11 0.018443 0.442632 0.003300
0.487000 0.580000 0.780000 0.490000 1.250000 5.968800 0.650000 0.650000
230537.500000 100.000000 0.084000
1.073000 0.050000 0.116600
0.541463 0.566276 0.002055 0.000000
0.000000

0.000077 3.005529 42.869778
0.326008 0.036252 5.180046 30.160137 722.620544
0.000000 0.000000 0.000147 0.000000 0.000000 0.000000
0.000000 0.000000 0.000001
3.004340 0.649672 0.000000
764.299377 0.000000
0.000000 0.000000 0.000000 0.000000
0.000000 0.896144
11 0.018443 0.461075 0.003300
0.487000 0.580000 0.780000 0.490000 1.250000 5.968800 0.650000 0.650000
230537.500000 100.000000 0.084000
1.073000 0.050000 0.116600
0.541379 0.478396 0.001735 0.000000
0.000000

0.000071 2.735145 38.087627
0.316728 0.035220 5.030848 29.286268 722.658875
0.000000 0.000000 0.000148 0.000000 0.000000 0.000000
0.000000 0.000000 0.000001
3.092623 0.649701 0.000000
764.299377 0.000000
0.000000 0.000000 0.000000 0.000000
0.000000 0.889502
11 0.018443 0.479518 0.003300
0.487000 0.580000 0.780000 0.490000 1.250000 5.968800 0.650000 0.650000
230537.500000 100.000000 0.084000
1.073000 0.050000 0.116600
0.541314 0.416359 0.001509 0.000000
0.000000

0.000066 2.487835 33.814335
0.308675 0.034325 4.890313 28.462879 722.681458
0.000000 0.000000 0.000142 0.000000 0.000000 0.000000
0.000000 0.000000 0.000002
3.178357 0.649727 0.000000
764.299377 0.000000
0.000000 0.000000 0.000000 0.000000
0.000000 0.888406
11 0.018443 0.497961 0.003300
0.487000 0.580000 0.780000 0.490000 1.250000 5.968800 0.650000 0.650000
230537.500000 100.000000 0.084000
1.073000 0.050000 0.116600
0.541251 0.372574 0.001350 0.000000
0.000000

0.000062 2.268102 30.012583
0.306588 0.034093 4.755210 27.673786 722.725830
0.000000 0.000000 0.000135 0.000000 0.000000 0.000000
0.000000 0.000000 0.000008
3.261575 0.649751 0.000000
764.299377 0.000000
0.000000 0.000000 0.000000 0.000000
0.000000 0.899532
11 0.018443 0.516404 0.003300
0.487000 0.580000 0.780000 0.490000 1.250000 5.968800 0.650000 0.650000
230537.500000 100.000000 0.084000
1.073000 0.050000 0.116600
0.541194 0.341292 0.001237 0.000000
0.000000

0.000057 2.817420 35.331974
0.140905 0.015669 2.148353 12.500716 219.135147
0.000000 0.000000 0.000060 0.000000 0.000000 0.000000
0.000000 0.000000 0.000001
3.342318 0.649773 0.000000
764.299377 0.000000
0.000000 0.000000 0.000000 0.000000
0.000000 0.896355
11 0.018443 0.534847 0.001000
0.487000 0.580000 0.780000 0.490000 1.250000 5.968800 0.650000 0.650000
230537.500000 100.000000 0.084000
1.073000 0.050000 0.116600
0.164715 0.238082 0.000862 0.000000
0.000000

0.000053 2.406437 32.025753
0.141305 0.015713 2.054833 11.955229 219.128067
0.000000 0.000000 0.000058 0.000000 0.000000 0.000000
0.000000 0.000000 0.000005
3.420638 0.649793 0.000000
764.299377 0.000000
0.000000 0.000000 0.000000 0.000000
0.000000 0.914491
11 0.018443 0.553290 0.001000
0.487000 0.580000 0.780000 0.490000 1.250000 5.968800 0.650000 0.650000
230537.500000 100.000000 0.084000
1.073000 0.050000 0.116600
0.164637 0.200117 0.000725 0.000000
0.000000

0.000049 2.082909 28.970711
0.135282 0.015043 1.970098 11.460671 219.135437
0.000000 0.000612 0.000799 0.000000 0.000000 0.000000
0.000000 0.000000 0.000005
3.496596 0.649811 0.000000
764.299377 0.000000
0.000000 0.000000 0.000000 0.000000
0.000000 0.924643
11 0.018443 0.571733 0.001000
0.487000 0.580000 0.780000 0.490000 1.250000 5.968800 0.650000 0.650000
230537.500000 100.000000 0.084000
1.073000 0.050000 0.116600
0.164569 0.170207 0.000616 0.000000
0.000000

0.000045 1.801058 25.692675
0.130652 0.014529 1.919432 11.165070 219.131439
0.000000 0.001875 0.001394 0.000000 0.000000 0.000000
0.000000 0.000002 0.000003
3.570260 0.649828 0.000000
764.299377 0.000000
0.000000 0.000000 0.000000 0.000000
0.000000 0.937300
11 0.018443 0.590176 0.001000
0.487000 0.580000 0.780000 0.490000 1.250000 5.968800 0.650000 0.650000
230537.500000 100.000000 0.084000
1.073000 0.050000 0.116600
0.164507 0.146769 0.000531 0.000000
0.000000

0.000042 1.586387 23.054522
0.125240 0.013927 1.851236 10.767392 219.138336
0.000000 0.003752 0.001799 0.000000 0.000000 0.000000
0.000000 0.000003 0.000002
3.641704 0.649843 0.000000
764.299377 0.000000
0.000000 0.000000 0.000000 0.000000
0.000000 0.954150
11 0.018443 0.608619 0.001000
0.487000 0.580000 0.780000 0.490000 1.250000 5.968800 0.650000 0.650000
230537.500000 100.000000 0.084000
1.073000 0.050000 0.116600
0.164451 0.129322 0.000468 0.000000
0.000000

0.000038 1.415119 20.565035
0.120498 0.013400 1.792108 10.423106 219.139694
0.000000 0.006112 0.002053 0.000000 0.000000 0.000000
0.000000 0.000004 0.000001
3.711012 0.649857 0.000000
764.299377 0.000000
0.000000 0.000000 0.000000 0.000000
0.000000 0.974465
11 0.018443 0.627062 0.001000
0.487000 0.580000 0.780000 0.490000 1.250000 5.968800 0.650000 0.650000
230537.500000 100.000000 0.084000
1.073000 0.050000 0.116600
0.164399 0.116440 0.000421 0.000000
0.000000

0.000036 1.278938 18.196262
0.116414 0.012946 1.742605 10.132684 219.141571
0.000000 0.008720 0.002012 0.000000 0.000000 0.000000
0.000000 0.000004 0.000001
3.778271 0.649869 0.000000
764.299377 0.000000
0.000000 0.000000 0.000000 0.000000
0.000000 0.997466
11 0.018443 0.645505 0.001000
0.487000 0.580000 0.780000 0.490000 1.250000 5.968800 0.650000 0.650000
230537.500000 100.000000 0.084000
1.073000 0.050000 0.116600
0.164357 0.108502 0.000393 0.000000
0.000000

0.000033 1.162397 16.227070
0.112090 0.012465 1.686864 9.804270 219.150528
0.000000 0.011330 0.001500 0.000000 0.000000 0.000000
0.000000 0.000004 0.000001
3.843573 0.649881 0.000000
764.299377 0.000000
0.000000 0.000000 0.000000 0.000000
0.000000 1.022399
11 0.018443 0.663948 0.001000
0.487000 0.580000 0.780000 0.490000 1.250000 5.968800 0.650000 0.650000
230537.500000 100.000000 0.084000
1.073000 0.050000 0.116600
0.164321 0.102201 0.000370 0.000000
0.000000

0.000031 1.058184 14.302915
0.108562 0.012073 1.643050 9.548814 219.155487
0.000000 0.013899 0.001547 0.000000 0.000000 0.000000
0.000000 0.000003 0.000000
3.907017 0.649891 0.000000
764.299377 0.000000
0.000000 0.000000 0.000000 0.000000
0.000000 1.048077
11 0.018443 0.682391 0.001000
0.487000 0.580000 0.780000 0.490000 1.250000 5.968800 0.650000 0.650000
230537.500000 100.000000 0.084000
1.073000 0.050000 0.116600
0.164284 0.098466 0.000356 0.000000
0.000000

0.000029 0.966829 12.349196
0.105958 0.011783 1.614273 9.380204 219.159210
0.000000 0.016225 0.001589 0.000000 0.000000 0.000000
0.000000 0.000003 0.000000
3.968704 0.649901 0.000000
764.299377 0.000000
0.000000 0.000000 0.000000 0.000000
0.000000 1.073443
11 0.018443 0.700834 0.001000
0.487000 0.580000 0.780000 0.490000 1.250000 5.968800 0.650000 0.650000
230537.500000 100.000000 0.084000
1.073000 0.050000 0.116600
0.164254 0.096162 0.000348 0.000000
0.000000

0.000027 0.887278 10.192597
0.104764 0.011650 1.609472 9.350208 219.167877
0.000000 0.018235 0.001625 0.000000 0.000000 0.000000
0.000000 0.000003 0.000000
4.028738 0.649910 0.000000
764.299377 0.000000
0.000000 0.000000 0.000000 0.000000
0.000000 1.097359
11 0.018443 0.719277 0.001000
0.487000 0.580000 0.780000 0.490000 1.250000 5.968800 0.650000 0.650000
230537.500000 100.000000 0.084000
1.073000 0.050000 0.116600
0.164237 0.097604 0.000353 0.000000
0.000000

0.000025 0.819242 8.847208
0.101748 0.011315 1.570151 9.120400 219.177017
0.000000 0.019812 0.001671 0.000000 0.000000 0.000000
0.000000 0.000002 0.000000
4.087223 0.649918 0.000000
764.299377 0.000000
0.000000 0.000000 0.000000 0.000000
0.000000 1.119602
11 0.018443 0.737720 0.001000
0.487000 0.580000 0.780000 0.490000 1.250000 5.968800 0.650000 0.650000
230537.500000 100.000000 0.084000
1.073000 0.050000 0.116600
0.164236 0.101343 0.000367 0.000000
0.000000

0.000024 0.757253 7.735045
0.098662 0.010972 1.528514 8.875258 219.184830
0.000000 0.020960 0.001683 0.000000 0.000000 0.000000
0.000000 0.000002 0.000000
4.144268 0.649925 0.000000
764.299377 0.000000
0.000000 0.000000 0.000000 0.000000
0.000000 1.139179
11 0.018443 0.756163 0.001000
0.487000 0.580000 0.780000 0.490000 1.250000 5.968800 0.650000 0.650000
230537.500000 100.000000 0.084000
1.073000 0.050000 0.116600
0.164244 0.101017 0.000366 0.000000
0.000000

0.000024 0.701969 6.808605
0.095623 0.010634 1.486148 8.627928 219.195999
0.000000 0.021693 0.001682 0.000000 0.000000 0.000000
0.000000 0.000002 0.000000
4.199980 0.649932 0.000000
764.299377 0.000000
0.000000 0.000000 0.000000 0.000000
0.000000 1.155606
11 0.018443 0.774606 0.001000
0.487000 0.580000 0.780000 0.490000 1.250000 5.968800 0.650000 0.650000
230537.500000 100.000000 0.084000
1.073000 0.050000 0.116600
0.164272 0.104029 0.000377 0.000000
0.000000

0.000024 0.656643 6.122622
0.092422 0.010278 1.439874 8.355662 219.213394
0.000000 0.022032 0.001491 0.000000 0.000000 0.000000
0.000000 0.000002 0.000000
4.254467 0.649938 0.000000
764.299377 0.000000
0.000000 0.000000 0.000000 0.000000
0.000000 1.168723
11 0.018443 0.793049 0.001000
0.487000 0.580000 0.780000 0.490000 1.250000 5.968800 0.650000 0.650000
230537.500000 100.000000 0.084000
1.073000 0.050000 0.116600
0.164344 0.110504 0.000400 0.000000
0.000000

0.000025 0.618036 5.539213
0.089432 0.009946 1.396620 8.098500 219.237411
0.000000 0.022068 0.001484 0.000000 0.000000 0.000000
0.000000 0.000002 0.000000
4.307835 0.649943 0.000000
764.299377 0.000000
0.000000 0.000000 0.000000 0.000000
0.000000 1.178499
11 0.018443 0.811492 0.001000
0.487000 0.580000 0.780000 0.490000 1.250000 5.968800 0.650000 0.650000
230537.500000 100.000000 0.084000
1.073000 0.050000 0.116600
0.164445 0.110328 0.000399 0.000000
0.000000

0.000027 0.585725 5.067765
0.086588 0.009630 1.354974 7.850460 219.276611
0.000000 0.022247 0.008118 0.000000 0.000000 0.000000
0.000001 0.000002 0.000000
4.360190 0.649948 0.000000
764.299377 0.000000
0.000000 0.000000 0.000000 0.000000
0.000000 1.185260
11 0.018443 0.829935 0.001000
0.487000 0.580000 0.780000 0.490000 1.250000 5.968800 0.650000 0.650000
230537.500000 100.000000 0.084000
1.073000 0.050000 0.116600
0.164586 0.110679 0.000401 0.000000
0.000000

0.000045 0.580271 4.796835
0.083860 0.009326 1.314411 7.601345 219.392380
0.000000 0.022291 0.013581 0.000000 0.000000 0.000000
0.000001 0.000002 0.000000
4.411636 0.649953 0.000000
764.299377 0.000000
0.000000 0.000000 0.000000 0.000000
0.000000 1.189695
11 0.018443 0.848378 0.001000
0.487000 0.580000 0.780000 0.490000 1.250000 5.968800 0.650000 0.650000
230537.500000 100.000000 0.084000
1.073000 0.050000 0.116600
0.164951 0.104430 0.000378 0.000000
0.000000

0.000168 0.709635 5.225615
0.080610 0.008965 1.264373 7.251899 219.876419
0.000000 0.032228 0.019229 0.000000 0.000000 0.000000
0.000001 0.000002 0.000000
4.462274 0.649957 0.000000
764.299377 0.000000
0.000000 0.000000 0.000000 0.000000
0.000000 1.193344
11 0.018443 0.866821 0.001000
0.487000 0.580000 0.780000 0.490000 1.250000 5.968800 0.650000 0.650000
230537.500000 100.000000 0.084000
1.073000 0.050000 0.116600
0.166284 0.092608 0.000335 0.000000
0.000000

0.000221 0.712731 5.108480
0.078146 0.008691 1.228829 7.018563 220.069519
0.000000 0.034899 0.015291 0.000000 0.000000 0.000000
0.000001 0.000002 0.000000
4.512201 0.649961 0.000000
764.299377 0.000000
0.000000 0.000000 0.000000 0.000000
0.000000 1.195626
11 0.018443 0.885264 0.001000
0.487000 0.580000 0.780000 0.490000 1.250000 5.968800 0.650000 0.650000
230537.500000 100.000000 0.084000
1.073000 0.050000 0.116600
0.166716 0.091089 0.000330 0.000000
0.000000

0.000231 0.681281 4.907834
0.075691 0.008418 1.196009 6.792879 220.106537
0.000000 0.042842 0.002256 0.000000 0.000000 0.000000
0.000000 0.000002 0.000000
4.561514 0.649964 0.000000
764.299377 0.000000
0.000000 0.000000 0.000000 0.000000
0.000000 1.197866
11 0.018443 0.903707 0.001000
0.487000 0.580000 0.780000 0.490000 1.250000 5.968800 0.650000 0.650000
230537.500000 100.000000 0.084000
1.073000 0.050000 0.116600
0.166776 0.090782 0.000329 0.000000
0.000000

0.000223 0.637170 4.533535
0.073903 0.008219 1.174037 6.654117 220.123688
0.000000 0.070790 0.002296 0.000000 0.000000 0.000000
0.000000 0.000002 0.000000
4.608535 0.761575 0.000000
764.299377 0.000000
0.000000 0.000000 0.000000 0.000000
0.000000 1.453005
11 0.018443 0.922150 0.001000
0.487000 0.580000 0.780000 0.490000 1.250000 5.968800 0.650000 0.650000
230537.500000 100.000000 0.084000
1.073000 0.050000 0.116600
0.166804 0.090662 0.000385 0.000000
0.000000

0.000210 0.592862 4.158845
0.071016 0.007894 1.155072 6.541094 220.137772
0.000000 0.109162 0.003049 0.000000 0.000000 0.000000
0.000000 0.000002 0.000000
4.650562 1.000000 0.000000
764.299377 0.000000
0.000000 0.000000 0.000000 0.000000
0.000000 2.207088
11 0.018443 0.940593 0.001000
0.487000 0.580000 0.780000 0.490000 1.250000 5.968800 0.650000 0.650000
230537.500000 100.000000 0.084000
1.073000 0.050000 0.116600
0.166819 0.090564 0.000504 0.000000
0.000000

0.000194 0.555369 3.916389
0.069774 0.007756 1.135813 6.429883 220.239349
0.000000 0.123902 0.004279 0.000000 0.000000 0.000000
0.000000 0.000002 0.000000
4.689632 1.000000 0.000000
764.299377 0.000000
0.000000 0.000000 0.000000 0.000000
0.000000 2.420104
11 0.018443 0.959036 0.001000
0.487000 0.580000 0.780000 0.490000 1.250000 5.968800 0.650000 0.650000
230537.500000 100.000000 0.084000
1.073000 0.050000 0.116600
0.167016 0.089845 0.000500 0.000000
0.000000

0.000182 0.516999 3.623173
0.068626 0.007628 1.118656 6.327856 220.249084
0.000000 0.129805 0.005465 0.000000 0.000000 0.000000
0.000000 0.000002 0.000000
4.728355 1.000000 0.000000
764.299377 0.000000
0.000000 0.000000 0.000000 0.000000
0.000000 2.202003
11 0.018443 0.977479 0.001000
0.487000 0.580000 0.780000 0.490000 1.250000 5.968800 0.650000 0.650000
230537.500000 100.000000 0.084000
1.073000 0.050000 0.116600
0.167021 0.089710 0.000500 0.000000
0.000000

0.000170 0.481413 3.362703
0.067559 0.007509 1.102577 6.233094 220.259079
0.000000 0.214706 0.006512 0.000000 0.000000 0.000000
0.000000 0.000001 0.000000
4.766798 1.000000 0.000000
764.299377 0.000000
0.000000 0.000000 0.000000 0.000000
0.000000 3.179697
11 0.018443 0.995922 0.001000
0.487000 0.580000 0.780000 0.490000 1.250000 5.968800 0.650000 0.650000
230537.500000 100.000000 0.084000
1.073000 0.050000 0.116600
0.167033 0.089899 0.000501 0.000000
0.000000

0.000158 0.448349 3.126643
0.066577 0.007400 1.087751 6.145977 220.268173
0.000000 0.259772 0.007624 0.000000 0.000000 0.000000
0.000000 0.000001 0.000000
4.805020 1.000000 0.000000
764.299377 0.000000
0.000000 0.000000 0.000000 0.000000
0.000000 3.004519
11 0.018443 1.014365 0.001000
0.487000 0.580000 0.780000 0.490000 1.250000 5.968800 0.650000 0.650000
230537.500000 100.000000 0.084000
1.073000 0.050000 0.116600
0.167035 0.089910 0.000501 0.000000
0.000000

0.000150 0.419011 2.926781
0.065635 0.007296 1.073508 6.061697 220.276108
0.000000 0.406242 0.008791 0.000000 0.000000 0.000000
0.000000 0.000001 0.000000
4.843076 1.000000 0.000000
764.299377 0.000000
0.000000 0.000000 0.000000 0.000000
0.000000 3.589272
11 0.018443 1.032808 0.001000
0.487000 0.580000 0.780000 0.490000 1.250000 5.968800 0.650000 0.650000
230537.500000 100.000000 0.084000
1.073000 0.050000 0.116600
0.167046 0.090053 0.000501 0.000000
0.000000

0.000141 0.392437 2.748512
0.064771 0.007200 1.060725 5.984073 220.286621
0.000000 0.373739 0.009914 0.000000 0.000000 0.000000
0.000000 0.000001 0.000000
4.881013 1.000000 0.000000
764.299377 0.000000
0.000000 0.000000 0.000000 0.000000
0.000000 2.917726
11 0.018443 1.051251 0.001000
0.487000 0.580000 0.780000 0.490000 1.250000 5.968800 0.650000 0.650000
230537.500000 100.000000 0.084000
1.073000 0.050000 0.116600
0.167063 0.089658 0.000499 0.000000
0.000000

0.000133 0.368643 2.587385
0.063984 0.007112 1.049436 5.912908 220.298813
0.000000 0.698226 0.010865 0.000000 0.000000 0.000000
0.000000 0.000000 0.000000
4.918876 1.000000 0.000000
764.299377 0.000000
0.000000 0.000000 0.000000 0.000000
0.000000 4.376858
11 0.018443 1.069694 0.001000
0.487000 0.580000 0.780000 0.490000 1.250000 5.968800 0.650000 0.650000
230537.500000 100.000000 0.084000
1.073000 0.050000 0.116600
0.167079 0.090175 0.000502 0.000000
0.000000

0.000126 0.346973 2.442820
0.063273 0.007033 1.039384 5.848512 220.311966
0.000000 0.909299 0.011619 0.000000 0.000000 0.000000
0.000000 0.000000 0.000000
4.956701 1.000000 0.000000
764.299377 0.000000
0.000000 0.000000 0.000000 0.000000
0.000000 5.552449
11 0.018443 1.088137 0.001000
0.487000 0.580000 0.780000 0.490000 1.250000 5.968800 0.650000 0.650000
230537.500000 100.000000 0.084000
1.073000 0.050000 0.116600
0.167108 0.090260 0.000503 0.000000
0.000000

0.000119 0.326067 2.308130
0.062629 0.006962 1.030058 5.790600 220.326447
0.000000 0.850654 0.012390 0.000000 0.000000 0.000000
0.000000 0.000000 0.000000
4.994519 1.000000 0.000000
764.299377 0.000000
0.000000 0.000000 0.000000 0.000000
0.000000 5.387156
11 0.018443 1.106580 0.001000
0.487000 0.580000 0.780000 0.490000 1.250000 5.968800 0.650000 0.650000
230537.500000 100.000000 0.084000
1.073000 0.050000 0.116600
0.167125 0.090250 0.000503 0.000000
0.000000

0.000111 0.306812 2.184256
0.062042 0.006896 1.021608 5.737795 220.337692
0.000000 0.935523 0.013173 0.000000 0.000000 0.000000
0.000000 0.000000 0.000000
5.032358 1.000000 0.000000
764.299377 0.000000
0.000000 0.000000 0.000000 0.000000
0.000000 6.736934
11 0.018443 1.125023 0.001000
0.487000 0.580000 0.780000 0.490000 1.250000 5.968800 0.650000 0.650000
230537.500000 100.000000 0.084000
1.073000 0.050000 0.116600
0.167140 0.090539 0.000504 0.000000
0.000000

0.000105 0.289483 2.087032
0.061545 0.006841 1.014488 5.692974 220.374664
0.000000 0.884278 0.013809 0.000000 0.000000 0.000000
0.000000 0.000000 0.000000
5.070238 1.000000 0.000000
764.299377 0.000000
0.000000 0.000000 0.000000 0.000000
0.000000 7.261083
11 0.018443 1.143466 0.001000
0.487000 0.580000 0.780000 0.490000 1.250000 5.968800 0.650000 0.650000
230537.500000 100.000000 0.084000
1.073000 0.050000 0.116600
0.167216 0.090041 0.000501 0.000000
0.000000

0.000099 0.273902 1.990871
0.061074 0.006789 1.008098 5.650058 220.396820
0.000000 0.965512 0.014569 0.000000 0.000000 0.000000
0.000000 0.000000 0.000000
5.108177 1.000000 0.000000
764.299377 0.000000
0.000000 0.000000 0.000000 0.000000
0.000000 8.306269
11 0.018443 1.161909 0.001000
0.487000 0.580000 0.780000 0.490000 1.250000 5.968800 0.650000 0.650000
230537.500000 100.000000 0.084000
1.073000 0.050000 0.116600
0.167257 0.090146 0.000502 0.000000
0.000000

0.000098 0.261372 1.903245
0.060626 0.006739 1.002755 5.608386 220.411194
0.000000 1.126233 0.014909 0.000000 0.000000 0.000000
0.000000 0.000000 0.000000
5.146187 1.000000 0.000000
764.299377 0.000000
0.000000 0.000000 0.000000 0.000000
0.000000 9.481693
11 0.018443 1.180352 0.001000
0.487000 0.580000 0.780000 0.490000 1.250000 5.968800 0.650000 0.650000
230537.500000 100.000000 0.084000
1.073000 0.050000 0.116600
0.167286 0.090153 0.000502 0.000000
0.000000

0.000098 0.249308 1.823510
0.060223 0.006694 0.997147 5.571761 220.424484
0.000000 0.666443 0.015317 0.000000 0.000000 0.000000
0.000000 0.000001 0.000000
5.184276 1.000000 0.000000
764.299377 0.000000
0.000000 0.000000 0.000000 0.000000
0.000000 11.437148
11 0.018443 1.198795 0.001000
0.487000 0.580000 0.780000 0.490000 1.250000 5.968800 0.650000 0.650000
230537.500000 100.000000 0.084000
1.073000 0.050000 0.116600
0.167314 0.090252 0.000503 0.000000
0.000000

0.000122 0.252827 1.782222
0.059812 0.006648 1.001616 5.522264 220.467102
0.000000 0.002906 0.015640 0.000000 0.000000 0.000000
0.000000 0.000005 0.000014
5.222448 1.000000 0.000000
764.299377 0.000000
0.000000 0.000000 0.000000 0.000000
0.000000 5.094207
11 0.018443 1.217238 0.001000
0.487000 0.580000 0.780000 0.490000 1.250000 5.968800 0.650000 0.650000
230537.500000 100.000000 0.084000
1.073000 0.050000 0.116600
0.167408 0.089738 0.000500 0.000000
0.000000

0.000113 0.238950 1.705584
0.059497 0.006613 0.996703 5.494730 220.472946
0.000000 0.003372 0.016331 0.000000 0.000000 0.000000
0.000000 0.000006 0.000013
5.260705 1.000000 0.000000
764.299377 0.000000
0.000000 0.000000 0.000000 0.000000
0.000000 5.092745
11 0.018443 1.235681 0.001000
0.487000 0.580000 0.780000 0.490000 1.250000 5.968800 0.650000 0.650000
230537.500000 100.000000 0.084000
1.073000 0.050000 0.116600
0.167417 0.089858 0.000500 0.000000
0.000000

0.000105 0.226682 1.641669
0.059218 0.006583 0.992357 5.470324 220.483429
0.000000 0.004580 0.017395 0.000000 0.000000 0.000000
0.000000 0.000010 0.000011
5.299043 1.000000 0.000000
764.299377 0.000000
0.000000 0.000000 0.000000 0.000000
0.000000 5.091938
11 0.018443 1.254124 0.001000
0.487000 0.580000 0.780000 0.490000 1.250000 5.968800 0.650000 0.650000
230537.500000 100.000000 0.084000
1.073000 0.050000 0.116600
0.167442 0.089866 0.000500 0.000000
0.000000

0.000096 0.215353 1.584689
0.058971 0.006555 0.988496 5.448615 220.492554
0.000000 0.005291 0.017942 0.000000 0.000000 0.000000
0.000000 0.000011 0.000010
5.337458 1.000000 0.000000
764.299377 0.000000
0.000000 0.000000 0.000000 0.000000
0.000000 5.092243
11 0.018443 1.272567 0.001000
0.487000 0.580000 0.780000 0.490000 1.250000 5.968800 0.650000 0.650000
230537.500000 100.000000 0.084000
1.073000 0.050000 0.116600
0.167475 0.090139 0.000502 0.000000
0.000000

0.000135 0.183529 1.174539
0.057537 0.006396 0.965924 5.323766 220.645416
0.000000 0.005894 0.019395 0.000000 0.000000 0.000000
0.000000 0.000012 0.000009
5.375942 1.000000 0.000000
764.299377 0.000000
0.000000 0.000000 0.000000 0.000000
0.000000 5.052444
11 0.018443 1.291010 0.001000
0.487000 0.580000 0.780000 0.490000 1.250000 5.968800 0.650000 0.650000
230537.500000 100.000000 0.084000
1.073000 0.050000 0.116600
0.167845 0.088549 0.000493 0.000000
0.000000

0.000124 0.175727 1.158888
0.057447 0.006386 0.964570 5.315901 220.649933
0.000000 0.005769 0.019415 0.000000 0.000000 0.000000
0.000000 0.000012 0.000009
5.414485 1.000000 0.000000
764.299377 0.000000
0.000000 0.000000 0.000000 0.000000
0.000000 5.048594
11 0.018443 1.309453 0.001000
0.487000 0.580000 0.780000 0.490000 1.250000 5.968800 0.650000 0.650000
230537.500000 100.000000 0.084000
1.073000 0.050000 0.116600
0.167847 0.088563 0.000493 0.000000
0.000000

0.000114 0.168603 1.144706
0.057365 0.006377 0.963342 5.308722 220.654129
0.000000 0.005800 0.019507 0.000000 0.000000 0.000000
0.000000 0.000012 0.000009
5.453074 1.000000 0.000000
764.299377 0.000000
0.000000 0.000000 0.000000 0.000000
0.000000 5.044952
11 0.018443 1.327896 0.001000
0.487000 0.580000 0.780000 0.490000 1.250000 5.968800 0.650000 0.650000
230537.500000 100.000000 0.084000
1.073000 0.050000 0.116600
0.167850 0.088581 0.000493 0.000000
0.000000

0.000104 0.162099 1.131870
0.057291 0.006368 0.962235 5.302210 220.659164
0.000000 0.005881 0.019577 0.000000 0.000000 0.000000
0.000000 0.000012 0.000009
5.491697 1.000000 0.000000
764.299377 0.000000
0.000000 0.000000 0.000000 0.000000
0.000000 5.041497
11 0.018443 1.346339 0.001000
0.487000 0.580000 0.780000 0.490000 1.250000 5.968800 0.650000 0.650000
230537.500000 100.000000 0.084000
1.073000 0.050000 0.116600
0.167857 0.088625 0.000494 0.000000
0.000000

0.000096 0.156160 1.120345
0.057224 0.006361 0.961240 5.296336 220.664200
0.000000 0.005957 0.019641 0.000000 0.000000 0.000000
0.000000 0.000012 0.000009
5.530338 1.000000 0.000000
764.299377 0.000000
0.000000 0.000000 0.000000 0.000000
0.000000 5.038272
11 0.018443 1.364782 0.001000
0.487000 0.580000 0.780000 0.490000 1.250000 5.968800 0.650000 0.650000
230537.500000 100.000000 0.084000
1.073000 0.050000 0.116600
0.167860 0.088586 0.000493 0.000000
0.000000

0.000088 0.150738 1.109844
0.057163 0.006354 0.960333 5.290943 220.668579
0.000000 0.005974 0.019654 0.000000 0.000000 0.000000
0.000000 0.000012 0.000010
5.568980 1.000000 0.000000
764.299377 0.000000
0.000000 0.000000 0.000000 0.000000
0.000000 5.035203
11 0.018443 1.383225 0.001000
0.487000 0.580000 0.780000 0.490000 1.250000 5.968800 0.650000 0.650000
230537.500000 100.000000 0.084000
1.073000 0.050000 0.116600
0.167862 0.088603 0.000493 0.000000
0.000000

0.000081 0.145789 1.100565
0.057108 0.006348 0.959527 5.286117 220.673523
0.000000 0.006050 0.019694 0.000000 0.000000 0.000000
0.000000 0.000012 0.000010
5.607605 1.000000 0.000000
764.299377 0.000000
0.000000 0.000000 0.000000 0.000000
0.000000 5.032330
11 0.018443 1.401668 0.001000
0.487000 0.580000 0.780000 0.490000 1.250000 5.968800 0.650000 0.650000
230537.500000 100.000000 0.084000
1.073000 0.050000 0.116600
0.167868 0.088610 0.000493 0.000000
0.000000

0.000074 0.141271 1.094240
0.057064 0.006343 0.958882 5.282188 220.678284
0.000000 0.006072 0.019705 0.000000 0.000000 0.000000
0.000000 0.000012 0.000010
5.646197 1.000000 0.000000
764.299377 0.000000
0.000000 0.000000 0.000000 0.000000
0.000000 5.029657
11 0.018443 1.420111 0.001000
0.487000 0.580000 0.780000 0.490000 1.250000 5.968800 0.650000 0.650000
230537.500000 100.000000 0.084000
1.073000 0.050000 0.116600
0.167880 0.088609 0.000493 0.000000
0.000000

0.000068 0.137147 1.086621
0.057018 0.006338 0.958223 5.278183 220.682755
0.000000 0.006092 0.019718 0.000000 0.000000 0.000000
0.000000 0.000012 0.000010
5.684737 1.000000 0.000000
764.299377 0.000000
0.000000 0.000000 0.000000 0.000000
0.000000 5.027084
11 0.018443 1.438554 0.001000
0.487000 0.580000 0.780000 0.490000 1.250000 5.968800 0.650000 0.650000
230537.500000 100.000000 0.084000
1.073000 0.050000 0.116600
0.167884 0.088599 0.000493 0.000000
0.000000

0.000062 0.133383 1.079804
0.056978 0.006334 0.957632 5.274569 220.687271
0.000000 0.006112 0.019728 0.000000 0.000000 0.000000
0.000000 0.000012 0.000010
5.723205 1.000000 0.000000
764.299377 0.000000
0.000000 0.000000 0.000000 0.000000
0.000000 5.024731
11 0.018443 1.456997 0.001000
0.487000 0.580000 0.780000 0.490000 1.250000 5.968800 0.650000 0.650000
230537.500000 100.000000 0.084000
1.073000 0.050000 0.116600
0.167889 0.088585 0.000493 0.000000
0.000000

0.000057 0.129949 1.073603
0.056941 0.006330 0.957098 5.271261 220.691452
0.000000 0.006161 0.019752 0.000000 0.000000 0.000000
0.000000 0.000013 0.000010
5.761583 1.000000 0.000000
764.299377 0.000000
0.000000 0.000000 0.000000 0.000000
0.000000 5.022458
11 0.018443 1.475440 0.001000
0.487000 0.580000 0.780000 0.490000 1.250000 5.968800 0.650000 0.650000
230537.500000 100.000000 0.084000
1.073000 0.050000 0.116600
0.167894 0.088600 0.000493 0.000000
0.000000

0.000052 0.126815 1.068056
0.056907 0.006326 0.956625 5.268282 220.695724
0.000000 0.006159 0.019724 0.000000 0.000000 0.000000
0.000000 0.000013 0.000010
5.799851 1.000000 0.000000
764.299377 0.000000
0.000000 0.000000 0.000000 0.000000
0.000000 5.020389
11 0.018443 1.493883 0.001000
0.487000 0.580000 0.780000 0.490000 1.250000 5.968800 0.650000 0.650000
230537.500000 100.000000 0.084000
1.073000 0.050000 0.116600
0.167896 0.088612 0.000493 0.000000
0.000000

0.000048 0.123954 1.063083
0.056877 0.006323 0.956199 5.265577 220.700760
0.000000 0.006139 0.019665 0.000000 0.000000 0.000000
0.000000 0.000013 0.000010
5.837991 1.000000 0.000000
764.299377 0.000000
0.000000 0.000000 0.000000 0.000000
0.000000 5.018441
11 0.018443 1.512326 0.001000
0.487000 0.580000 0.780000 0.490000 1.250000 5.968800 0.650000 0.650000
230537.500000 100.000000 0.084000
1.073000 0.050000 0.116600
0.167902 0.088629 0.000494 0.000000
0.000000

0.000044 0.121347 1.058644
0.056850 0.006319 0.955812 5.263093 220.705750
0.000000 0.006172 0.019696 0.000000 0.000000 0.000000
0.000000 0.000013 0.000010
5.875984 1.000000 0.000000
764.299377 0.000000
0.000000 0.000000 0.000000 0.000000
0.000000 5.016639
11 0.018443 1.530769 0.001000
0.487000 0.580000 0.780000 0.490000 1.250000 5.968800 0.650000 0.650000
230537.500000 100.000000 0.084000
1.073000 0.050000 0.116600
0.167906 0.088645 0.000494 0.000000
0.000000

0.000041 0.118967 1.054824
0.056826 0.006317 0.955478 5.260903 220.710007
0.000000 0.006154 0.019667 0.000000 0.000000 0.000000
0.000000 0.000013 0.000010
5.913813 1.000000 0.000000
764.299377 0.000000
0.000000 0.000000 0.000000 0.000000
0.000000 5.014992
11 0.018443 1.549212 0.001000
0.487000 0.580000 0.780000 0.490000 1.250000 5.968800 0.650000 0.650000
230537.500000 100.000000 0.084000
1.073000 0.050000 0.116600
0.167911 0.088633 0.000494 0.000000
0.000000

0.000037 0.116797 1.051499
0.056805 0.006314 0.955186 5.258956 220.714645
0.000000 0.006167 0.019667 0.000000 0.000000 0.000000
0.000000 0.000013 0.000011
5.951459 1.000000 0.000000
764.299377 0.000000
0.000000 0.000000 0.000000 0.000000
0.000000 5.013459
11 0.018443 1.567655 0.001000
0.487000 0.580000 0.780000 0.490000 1.250000 5.968800 0.650000 0.650000
230537.500000 100.000000 0.084000
1.073000 0.050000 0.116600
0.167914 0.088620 0.000494 0.000000
0.000000

0.000034 0.114818 1.048441
0.056785 0.006312 0.954915 5.257123 220.719666
0.000000 0.006133 0.019624 0.000000 0.000000 0.000000
0.000000 0.000013 0.000011
5.988906 1.000000 0.000000
764.299377 0.000000
0.000000 0.000000 0.000000 0.000000
0.000000 5.012074
11 0.018443 1.586098 0.001000
0.487000 0.580000 0.780000 0.490000 1.250000 5.968800 0.650000 0.650000
230537.500000 100.000000 0.084000
1.073000 0.050000 0.116600
0.167922 0.088635 0.000494 0.000000
0.000000

0.000031 0.113013 1.045757
0.056767 0.006310 0.954682 5.255489 220.724197
0.000000 0.006118 0.019546 0.000000 0.000000 0.000000
0.000000 0.000013 0.000011
6.026137 1.000000 0.000000
764.299377 0.000000
0.000000 0.000000 0.000000 0.000000
0.000000 5.010831
11 0.018443 1.604541 0.001000
0.487000 0.580000 0.780000 0.490000 1.250000 5.968800 0.650000 0.650000
230537.500000 100.000000 0.084000
1.073000 0.050000 0.116600
0.167925 0.088649 0.000494 0.000000
0.000000

0.000029 0.111368 1.043407
0.056752 0.006309 0.954479 5.254035 220.729034
0.000000 0.006095 0.019544 0.000000 0.000000 0.000000
0.000000 0.000013 0.000011
6.063137 1.000000 0.000000
764.299377 0.000000
0.000000 0.000000 0.000000 0.000000
0.000000 5.009684
11 0.018443 1.622984 0.001000
0.487000 0.580000 0.780000 0.490000 1.250000 5.968800 0.650000 0.650000
230537.500000 100.000000 0.084000
1.073000 0.050000 0.116600
0.167927 0.088666 0.000494 0.000000
0.000000

0.000026 0.109870 1.041359
0.056738 0.006307 0.954299 5.252718 220.734161
0.000000 0.006081 0.019481 0.000000 0.000000 0.000000
0.000000 0.000013 0.000011
6.099890 1.000000 0.000000
764.299377 0.000000
0.000000 0.000000 0.000000 0.000000
0.000000 5.008662
11 0.018443 1.641427 0.001000
0.487000 0.580000 0.780000 0.490000 1.250000 5.968800 0.650000 0.650000
230537.500000 100.000000 0.084000
1.073000 0.050000 0.116600
0.167934 0.088682 0.000494 0.000000
0.000000

0.000024 0.108504 1.039666
0.056725 0.006306 0.954144 5.251525 220.738724
0.000000 0.006090 0.019478 0.000000 0.000000 0.000000
0.000000 0.000013 0.000011
6.136383 1.000000 0.000000
764.299377 0.000000
0.000000 0.000000 0.000000 0.000000
0.000000 5.007770
11 0.018443 1.659870 0.001000
0.487000 0.580000 0.780000 0.490000 1.250000 5.968800 0.650000 0.650000
230537.500000 100.000000 0.084000
1.073000 0.050000 0.116600
0.167938 0.088674 0.000494 0.000000
0.000000

0.000022 0.107259 1.038233
0.056714 0.006305 0.954012 5.250477 220.743439
0.000000 0.006061 0.019445 0.000000 0.000000 0.000000
0.000000 0.000013 0.000011
6.172602 1.000000 0.000000
764.299377 0.000000
0.000000 0.000000 0.000000 0.000000
0.000000 5.006981
11 0.018443 1.678313 0.001000
0.487000 0.580000 0.780000 0.490000 1.250000 5.968800 0.650000 0.650000
230537.500000 100.000000 0.084000
1.073000 0.050000 0.116600
0.167942 0.088664 0.000494 0.000000
0.000000

0.000020 0.106127 1.036955
0.056705 0.006303 0.953902 5.249541 220.748383
0.000000 0.006036 0.019396 0.000000 0.000000 0.000000
0.000000 0.000013 0.000012
6.208534 1.000000 0.000000
764.299377 0.000000
0.000000 0.000000 0.000000 0.000000
0.000000 5.006346
11 0.018443 1.696756 0.001000
0.487000 0.580000 0.780000 0.490000 1.250000 5.968800 0.650000 0.650000
230537.500000 100.000000 0.084000
1.073000 0.050000 0.116600
0.167948 0.088677 0.000494 0.000000
0.000000

0.000019 0.105094 1.035884
0.056696 0.006303 0.953802 5.248666 220.752899
0.000000 0.006003 0.019350 0.000000 0.000000 0.000000
0.000000 0.000012 0.000012
6.244169 1.000000 0.000000
764.299377 0.000000
0.000000 0.000000 0.000000 0.000000
0.000000 5.005800
11 0.018443 1.715199 0.001000
0.487000 0.580000 0.780000 0.490000 1.250000 5.968800 0.650000 0.650000
230537.500000 100.000000 0.084000
1.073000 0.050000 0.116600
0.167952 0.088749 0.000494 0.000000
0.000000

0.000017 0.104155 1.035003
0.056689 0.006302 0.953718 5.247877 220.757706
0.000000 0.005973 0.019256 0.000000 0.000000 0.000000
0.000000 0.000012 0.000012
6.279496 1.000000 0.000000
764.299377 0.000000
0.000000 0.000000 0.000000 0.000000
0.000000 5.005355
11 0.018443 1.733642 0.001000
0.487000 0.580000 0.780000 0.490000 1.250000 5.968800 0.650000 0.650000
230537.500000 100.000000 0.084000
1.073000 0.050000 0.116600
0.167955 0.088715 0.000494 0.000000
0.000000

0.000016 0.103300 1.034299
0.056682 0.006301 0.953652 5.247204 220.762436
0.000000 0.005943 0.019237 0.000000 0.000000 0.000000
0.000000 0.000012 0.000012
6.314504 1.000000 0.000000
764.299377 0.000000
0.000000 0.000000 0.000000 0.000000
0.000000 5.005029
11 0.018443 1.752085 0.001000
0.487000 0.580000 0.780000 0.490000 1.250000 5.968800 0.650000 0.650000
230537.500000 100.000000 0.084000
1.073000 0.050000 0.116600
0.167961 0.088713 0.000494 0.000000
0.000000

0.000014 0.102523 1.039318
0.056691 0.006302 0.953823 5.247820 220.770996
0.000000 0.005895 0.019151 0.000000 0.000000 0.000000
0.000000 0.000012 0.000012
6.349186 1.000000 0.000000
764.299377 0.000000
0.000000 0.000000 0.000000 0.000000
0.000000 5.004921
11 0.018443 1.770528 0.001000
0.487000 0.580000 0.780000 0.490000 1.250000 5.968800 0.650000 0.650000
230537.500000 100.000000 0.084000
1.073000 0.050000 0.116600
0.167987 0.088652 0.000494 0.000000
0.000000

0.000013 0.101816 1.039541
0.056687 0.006302 0.953803 5.247401 220.776276
0.000000 0.005842 0.019052 0.000000 0.000000 0.000000
0.000000 0.000012 0.000012
6.383533 1.000000 0.000000
764.299377 0.000000
0.000000 0.000000 0.000000 0.000000
0.000000 5.004801
11 0.018443 1.788971 0.001000
0.487000 0.580000 0.780000 0.490000 1.250000 5.968800 0.650000 0.650000
230537.500000 100.000000 0.084000
1.073000 0.050000 0.116600
0.167993 0.088681 0.000494 0.000000
0.000000

0.000012 0.101173 1.039301
0.056683 0.006301 0.953772 5.246920 220.781372
0.000000 0.005816 0.019004 0.000000 0.000000 0.000000
0.000000 0.000012 0.000013
6.417537 1.000000 0.000000
764.299377 0.000000
0.000000 0.000000 0.000000 0.000000
0.000000 5.004794
11 0.018443 1.807414 0.001000
0.487000 0.580000 0.780000 0.490000 1.250000 5.968800 0.650000 0.650000
230537.500000 100.000000 0.084000
1.073000 0.050000 0.116600
0.167998 0.088753 0.000494 0.000000
0.000000

0.000011 0.100591 1.039168
0.056680 0.006301 0.953752 5.246508 220.786316
0.000000 0.005770 0.018937 0.000000 0.000000 0.000000
0.000000 0.000012 0.000013
6.451193 1.000000 0.000000
764.299377 0.000000
0.000000 0.000000 0.000000 0.000000
0.000000 5.004860
11 0.018443 1.825857 0.001000
0.487000 0.580000 0.780000 0.490000 1.250000 5.968800 0.650000 0.650000
230537.500000 100.000000 0.084000
1.073000 0.050000 0.116600
0.168002 0.088718 0.000494 0.000000
0.000000

0.000010 0.100061 1.039147
0.056677 0.006300 0.953740 5.246123 220.790848
0.000000 0.005798 0.018920 0.000000 0.000000 0.000000
0.000000 0.000012 0.000013
6.484496 1.000000 0.000000
764.299377 0.000000
0.000000 0.000000 0.000000 0.000000
0.000000 5.005072
11 0.018443 1.844300 0.001000
0.487000 0.580000 0.780000 0.490000 1.250000 5.968800 0.650000 0.650000
230537.500000 100.000000 0.084000
1.073000 0.050000 0.116600
0.168006 0.088734 0.000494 0.000000
0.000000

0.000009 0.099580 1.039293
0.056674 0.006300 0.953738 5.245813 220.795685
0.000000 0.005690 0.018765 0.000000 0.000000 0.000000
0.000000 0.000012 0.000013
6.517440 1.000000 0.000000
764.299377 0.000000
0.000000 0.000000 0.000000 0.000000
0.000000 5.005357
11 0.018443 1.862743 0.001000
0.487000 0.580000 0.780000 0.490000 1.250000 5.968800 0.650000 0.650000
230537.500000 100.000000 0.084000
1.073000 0.050000 0.116600
0.168012 0.088726 0.000494 0.000000
0.000000

0.000009 0.099145 1.039682
0.056673 0.006300 0.953750 5.245586 220.800339
0.000000 0.005697 0.018752 0.000000 0.000000 0.000000
0.000000 0.000012 0.000013
6.550024 1.000000 0.000000
764.299377 0.000000
0.000000 0.000000 0.000000 0.000000
0.000000 5.005766
11 0.018443 1.881186 0.001000
0.487000 0.580000 0.780000 0.490000 1.250000 5.968800 0.650000 0.650000
230537.500000 100.000000 0.084000
1.073000 0.050000 0.116600
0.168015 0.088714 0.000494 0.000000
0.000000

0.000008 0.098750 1.039925
0.056672 0.006300 0.953765 5.245368 220.804977
0.000000 0.005626 0.018659 0.000000 0.000000 0.000000
0.000000 0.000012 0.000013
6.582242 1.000000 0.000000
764.299377 0.000000
0.000000 0.000000 0.000000 0.000000
0.000000 5.006252
11 0.018443 1.899629 0.001000
0.487000 0.580000 0.780000 0.490000 1.250000 5.968800 0.650000 0.650000
230537.500000 100.000000 0.084000
1.073000 0.050000 0.116600
0.168022 0.088730 0.000494 0.000000
0.000000

0.000007 0.098393 1.040244
0.056671 0.006300 0.953778 5.245143 220.809555
0.000000 0.005588 0.018548 0.000000 0.000000 0.000000
0.000000 0.000012 0.000014
6.614094 1.000000 0.000000
764.299377 0.000000
0.000000 0.000000 0.000000 0.000000
0.000000 5.006851
11 0.018443 1.918072 0.001000
0.487000 0.580000 0.780000 0.490000 1.250000 5.968800 0.650000 0.650000
230537.500000 100.000000 0.084000
1.073000 0.050000 0.116600
0.168025 0.088745 0.000494 0.000000
0.000000

0.000007 0.098070 1.040625
0.056670 0.006300 0.953798 5.244962 220.814316
0.000000 0.005556 0.018505 0.000000 0.000000 0.000000
0.000000 0.000012 0.000014
6.645578 1.000000 0.000000
764.299377 0.000000
0.000000 0.000000 0.000000 0.000000
0.000000 5.007548
11 0.018443 1.936515 0.001000
0.487000 0.580000 0.780000 0.490000 1.250000 5.968800 0.650000 0.650000
230537.500000 100.000000 0.084000
1.073000 0.050000 0.116600
0.168030 0.088761 0.000494 0.000000
0.000000

0.000006 0.097778 1.041073
0.056670 0.006300 0.953827 5.244831 220.818237
0.000000 0.005516 0.018410 0.000000 0.000000 0.000000
0.000000 0.000011 0.000014
6.676694 1.000000 0.000000
764.299377 0.000000
0.000000 0.000000 0.000000 0.000000
0.000000 5.008327
11 0.018443 1.954958 0.001000
0.487000 0.580000 0.780000 0.490000 1.250000 5.968800 0.650000 0.650000
230537.500000 100.000000 0.084000
1.073000 0.050000 0.116600
0.168033 0.088793 0.000494 0.000000
0.000000

0.000005 0.097514 1.042197
0.056671 0.006300 0.953882 5.244851 220.823563
0.000000 0.005475 0.018339 0.000000 0.000000 0.000000
0.000000 0.000011 0.000014
6.707443 1.000000 0.000000
764.299377 0.000000
0.000000 0.000000 0.000000 0.000000
0.000000 5.009243
11 0.018443 1.973401 0.001000
0.487000 0.580000 0.780000 0.490000 1.250000 5.968800 0.650000 0.650000
230537.500000 100.000000 0.084000
1.073000 0.050000 0.116600
0.168041 0.088752 0.000494 0.000000
0.000000

0.000005 0.095439 1.037109
0.056649 0.006297 0.953584 5.242920 220.828751
0.000000 0.048337 0.024563 0.000000 0.000000 0.000000
0.000001 0.000010 0.000001
6.737825 1.000000 0.000000
764.299377 0.000000
0.000000 0.000000 0.000000 0.000000
0.000000 5.009924
11 0.018443 1.991844 0.001000
0.487000 0.580000 0.780000 0.490000 1.250000 5.968800 0.650000 0.650000
230537.500000 100.000000 0.084000
1.073000 0.050000 0.116600
0.168046 0.088822 0.000495 0.000000
0.000000
1.000000
2.000000
0.321000 0.000000
0.000000
0
-0.940593
0 0
0.000000
1
0.000000
1.000000
1.000000
1.000000
0.000000 0.000000 0.000000
0.000000 0.000000
0.000000 0.000000 0.000000 0.000000 0.000000 0.000000 0.000000
0.000000 0.000000 0.000000 0.000000 0.000000 0.000000 0.000000
643
2.000000
1
C:\Input\Ohio1.spf
-1.000000 -1.000000
0.000000
51
51
6.000000
