11
Clay
0.580000 0.612000 0.084000 0.780000 0.530000 1.000000 0.000000 0.000000
1.020000 5.968800 1 0.028600 0.500000 0.050000 0.010000 0.027000 0.963000
0.000000 0.018443 2.000000 188118.593750 100.000000 108
0.173500 2.523000 3.647700 0.000000 1
5.212900 5.212900 6.915800 5.000000 25.000000 100.000000
0.000000 0.000000 0.000633 0.000000 163.071640 248.969330
500.000000 0.000000 0.000000

0.000741 432.179535 1511.248657
10.578691 1.537107 167.175247 1024.906738 4327.438477
0.000000 0.004953 0.168104 1.228134 0.000000 0.000000
0.000015 0.000000 0.000004
-2.236324 0.000010 87.493492
764.299377 0.000000
2.107563 0.000000 0.000000 0.000000
0.000000 2.223212
11 0.018443 0.018443 0.028600
0.612000 0.580000 0.780000 0.530000 1.020000 5.968800 0.780000 0.780000
188118.593750 100.000000 0.084000
1.073000 0.050000 0.116600
8.739310 11.352973 0.006769 0.000000
3636.206299

0.001775 11.423573 127.060623
4.887338 0.711282 87.437164 528.721497 4403.000977
0.000000 0.000000 0.067838 0.614067 0.000000 0.000000
0.000006 0.000000 0.000035
-1.947170 0.000010 87.493492
764.299377 0.000000
0.722250 0.000000 0.000000 0.000000
0.000000 1.474484
11 0.018443 0.036886 0.028600
0.612000 0.580000 0.780000 0.530000 1.020000 5.968800 0.780000 0.780000
188118.593750 100.000000 0.084000
1.073000 0.050000 0.116600
8.939049 14.540023 0.011470 0.000000
198.666580

0.002846 7.814378 90.489113
4.958652 0.741110 88.488960 531.268250 4403.463867
0.000000 0.000000 0.061802 0.307034 0.000000 0.000000
0.000006 0.000000 0.000037
-1.750771 0.000010 87.267700
764.299377 0.000000
0.701993 0.000000 0.000000 0.000000
0.000000 1.290030
11 0.018443 0.055329 0.028600
0.612000 0.580000 0.780000 0.530000 1.020000 5.968800 0.780000 0.780000
188118.593750 100.000000 0.084000
1.073000 0.050000 0.116600
8.957376 16.808861 0.015720 0.000000
249.857162

0.003912 7.233252 85.193245
4.564224 0.684019 81.565018 487.329742 4402.523926
0.000000 0.000000 0.050488 0.153517 0.000000 0.000000
0.000005 0.000000 0.000031
-1.555941 0.000010 85.985420
764.299377 0.000000
0.578976 0.000000 0.000000 0.000000
0.000000 1.058597
11 0.018443 0.073772 0.028600
0.612000 0.580000 0.780000 0.530000 1.020000 5.968800 0.780000 0.780000
188118.593750 100.000000 0.084000
1.073000 0.050000 0.116600
8.969748 18.570461 0.019398 0.000000
0.000000

0.004935 6.574891 79.106117
4.644384 0.676271 81.821030 487.190613 4402.721191
0.000000 0.000000 0.044638 0.076758 0.000000 0.000000
0.000005 0.000000 0.000026
-1.363129 0.000010 85.985809
764.299377 0.000000
0.458617 0.000000 0.000000 0.000000
0.000000 0.934217
11 0.018443 0.092215 0.028600
0.612000 0.580000 0.780000 0.530000 1.020000 5.968800 0.780000 0.780000
188118.593750 100.000000 0.084000
1.073000 0.050000 0.116600
8.978850 19.966066 0.022638 0.000000
0.000000

0.005918 5.923627 192.113449
4.751590 0.671901 82.603035 490.545654 4402.878418
0.000000 0.000000 0.038931 0.038379 0.000000 0.000000
0.000004 0.000000 0.000024
-1.173448 0.000010 85.986160
764.299377 0.000000
0.398551 0.000000 0.000000 0.000000
0.000000 0.895839
11 0.018443 0.110658 0.028600
0.612000 0.580000 0.780000 0.530000 1.020000 5.968800 0.780000 0.780000
188118.593750 100.000000 0.084000
1.073000 0.050000 0.116600
8.986033 20.962105 0.025120 0.000000
0.000000

0.006783 5.337700 183.674545
4.833560 0.661946 82.764099 490.597656 4403.025879
0.000000 0.000000 0.032809 0.019190 0.000000 0.000000
0.000004 0.000000 0.000018
-0.975697 0.000010 63.549652
764.299377 0.000000
0.332589 0.000000 0.000000 0.000000
0.000000 0.879734
11 0.018443 0.129101 0.018000
0.547000 0.580000 0.780000 0.490000 1.150000 5.968800 0.650000 0.650000
212094.484375 100.000000 0.084000
1.073000 0.050000 0.116600
8.992043 24.207573 0.019598 0.000000
0.000000

0.007857 4.855406 176.438446
4.917174 0.649135 82.959679 490.448517 4403.109863
0.000000 0.000000 0.026160 0.009595 0.000000 0.000000
0.000003 0.000000 0.000015
-0.764440 0.000010 63.054638
764.299377 0.000000
0.262985 0.000000 0.000000 0.000000
0.000000 0.881934
11 0.018443 0.147544 0.018000
0.547000 0.580000 0.780000 0.490000 1.150000 5.968800 0.650000 0.650000
212094.484375 100.000000 0.084000
1.073000 0.050000 0.116600
8.997372 23.613655 0.018436 0.000000
0.000000

0.009593 10.454081 172.635651
5.009992 0.637062 83.393173 491.769226 4403.203613
0.000000 0.000000 0.019566 0.004797 0.000000 0.000000
0.000002 0.000000 0.000012
-0.556735 0.000010 63.045559
764.299377 0.000000
0.194442 0.000000 0.000000 0.000000
0.000000 0.955208
11 0.018443 0.165987 0.018000
0.547000 0.580000 0.780000 0.490000 1.150000 5.968800 0.650000 0.650000
212094.484375 100.000000 0.084000
1.073000 0.050000 0.116600
9.005208 23.036985 0.017485 0.000000
0.000000

0.010647 9.675928 166.601425
5.092263 0.623145 83.504951 491.747070 4403.271973
0.000000 0.000000 0.012848 0.002399 0.000000 0.000000
0.000002 0.000000 0.000008
-0.353257 0.000010 63.045822
764.299377 0.000000
0.126489 0.000000 0.000000 0.000000
0.000000 1.047911
11 0.018443 0.184430 0.018000
0.547000 0.580000 0.780000 0.490000 1.150000 5.968800 0.650000 0.650000
212094.484375 100.000000 0.084000
1.073000 0.050000 0.116600
9.009312 23.113255 0.017609 0.000000
0.000000

0.188140 49.161560 200.120163
5.302597 0.622680 85.184135 502.679230 4398.264160
0.000000 0.000000 0.006432 0.001199 0.000000 0.000000
0.000001 0.000000 0.000006
-0.155917 0.000010 65.571533
764.299377 0.000000
0.064282 0.000000 0.000000 0.000000
0.000000 1.237915
11 0.018443 0.202873 0.018000
0.547000 0.580000 0.780000 0.490000 1.150000 5.968800 0.650000 0.650000
212094.484375 100.000000 0.084000
1.073000 0.050000 0.116600
9.224722 22.136841 0.016682 0.000000
0.000000

0.000001 9.720289 160.708359
1.101248 0.124064 17.393921 102.556976 1885.257324
0.000000 0.000000 0.000118 0.000600 0.000000 0.000000
0.000000 0.000000 0.000003
0.023636 0.649976 0.000000
764.299377 0.000000
0.006155 0.000000 0.000000 0.000000
0.000000 0.969460
11 0.018443 0.221316 0.009000
0.527000 0.580000 0.780000 0.490000 1.200000 5.968800 0.650000 0.650000
221316.000000 100.000000 0.084000
1.073000 0.050000 0.116600
1.403318 16.366695 0.074577 0.000000
0.000000

0.000001 8.874516 144.266403
1.056684 0.117506 16.625750 97.949547 1885.429932
0.000000 0.000000 0.000085 0.000300 0.000000 0.000000
0.000000 0.000000 0.000002
0.212653 0.649978 0.000000
764.299377 0.000000
0.000000 0.000000 0.000000 0.000000
0.000000 0.935702
11 0.018443 0.239759 0.009000
0.527000 0.580000 0.780000 0.490000 1.200000 5.968800 0.650000 0.650000
221316.000000 100.000000 0.084000
1.073000 0.050000 0.116600
1.403393 12.942096 0.057587 0.000000
0.000000

0.000001 8.111824 133.445877
0.996882 0.110856 15.706001 92.455917 1885.553467
0.000000 0.000000 0.000110 0.000150 0.000000 0.000000
0.000000 0.000000 0.000002
0.396544 0.649980 0.000000
764.299377 0.000000
0.000000 0.000000 0.000000 0.000000
0.000000 0.939335
11 0.018443 0.258202 0.009000
0.527000 0.580000 0.780000 0.490000 1.200000 5.968800 0.650000 0.650000
221316.000000 100.000000 0.084000
1.073000 0.050000 0.116600
1.403457 10.131824 0.044208 0.000000
0.000000

0.000001 7.418610 121.210442
0.951948 0.105860 14.986691 88.157974 1885.749878
0.000000 0.000000 0.000137 0.000075 0.000000 0.000000
0.000000 0.000000 0.000002
0.575234 0.649982 0.000000
764.299377 0.000000
0.000000 0.000000 0.000000 0.000000
0.000000 0.968045
11 0.018443 0.276645 0.009000
0.527000 0.580000 0.780000 0.490000 1.200000 5.968800 0.650000 0.650000
221316.000000 100.000000 0.084000
1.073000 0.050000 0.116600
1.403530 7.846095 0.033702 0.000000
0.000000

0.000001 6.787754 109.440651
0.911612 0.101376 14.359561 84.415199 1885.915161
0.000000 0.000000 0.000166 0.000037 0.000000 0.000000
0.000000 0.000000 0.000002
0.748688 0.649983 0.000000
764.299377 0.000000
0.000000 0.000000 0.000000 0.000000
0.000000 1.007101
11 0.018443 0.295088 0.009000
0.527000 0.580000 0.780000 0.490000 1.200000 5.968800 0.650000 0.650000
221316.000000 100.000000 0.084000
1.073000 0.050000 0.116600
1.403572 5.998185 0.025445 0.000000
0.000000

0.000001 6.223729 98.533264
0.875871 0.097404 13.796782 81.060791 1886.053223
0.000000 0.000000 0.000110 0.000019 0.000000 0.000000
0.000000 0.000000 0.000002
0.916912 0.649985 0.000000
764.299377 0.000000
0.000000 0.000000 0.000000 0.000000
0.000000 1.053857
11 0.018443 0.313531 0.009000
0.527000 0.580000 0.780000 0.490000 1.200000 5.968800 0.650000 0.650000
221316.000000 100.000000 0.084000
1.073000 0.050000 0.116600
1.403601 4.558016 0.019150 0.000000
0.000000

0.000001 5.707620 95.538544
0.716803 0.079718 11.256083 66.099915 1441.072144
0.000000 0.000000 0.000118 0.000009 0.000000 0.000000
0.000000 0.000000 0.000001
1.082122 0.650000 0.000000
764.299377 0.000000
0.000000 0.000000 0.000000 0.000000
0.000000 1.083827
11 0.018443 0.331974 0.006600
0.497000 0.580000 0.780000 0.490000 1.250000 5.968800 0.650000 0.650000
230537.500000 100.000000 0.084000
1.073000 0.050000 0.116600
1.073065 3.535399 0.013345 0.000000
0.000000

0.000001 5.212823 85.584518
0.689437 0.076677 10.826760 63.551346 1441.124634
0.000000 0.000000 0.000143 0.000005 0.000000 0.000000
0.000000 0.000000 0.000001
1.244327 0.650000 0.000000
764.299377 0.000000
0.000000 0.000000 0.000000 0.000000
0.000000 1.095665
11 0.018443 0.350417 0.006600
0.497000 0.580000 0.780000 0.490000 1.250000 5.968800 0.650000 0.650000
230537.500000 100.000000 0.084000
1.073000 0.050000 0.116600
1.072954 2.647363 0.009937 0.000000
0.000000

0.000001 4.755062 77.220757
0.662336 0.073666 10.399543 61.019611 1441.273193
0.000000 0.000000 0.000135 0.000002 0.000000 0.000000
0.000000 0.000000 0.000001
1.401405 0.650000 0.000000
764.299377 0.000000
0.000000 0.000000 0.000000 0.000000
0.000000 1.085346
11 0.018443 0.368860 0.006600
0.497000 0.580000 0.780000 0.490000 1.250000 5.968800 0.650000 0.650000
230537.500000 100.000000 0.084000
1.073000 0.050000 0.116600
1.072877 2.004915 0.007495 0.000000
0.000000

0.000001 4.341232 69.026535
0.639614 0.071142 10.039224 58.882839 1441.334595
0.000000 0.000000 0.000130 0.000001 0.000000 0.000000
0.000000 0.000000 0.000001
1.553496 0.650000 0.000000
764.299377 0.000000
0.000000 0.000000 0.000000 0.000000
0.000000 1.057982
11 0.018443 0.387303 0.006600
0.497000 0.580000 0.780000 0.490000 1.250000 5.968800 0.650000 0.650000
230537.500000 100.000000 0.084000
1.073000 0.050000 0.116600
1.072815 1.548535 0.005773 0.000000
0.000000

0.000001 3.959950 61.369072
0.619428 0.068899 9.721650 57.001564 1441.474976
0.000000 0.000000 0.000122 0.000001 0.000000 0.000000
0.000000 0.000000 0.000001
1.700763 0.650000 0.000000
764.299377 0.000000
0.000000 0.000000 0.000000 0.000000
0.000000 1.016353
11 0.018443 0.405746 0.006600
0.497000 0.580000 0.780000 0.490000 1.250000 5.968800 0.650000 0.650000
230537.500000 100.000000 0.084000
1.073000 0.050000 0.116600
1.072772 1.227807 0.004568 0.000000
0.000000

0.000001 3.655629 67.892540
0.384371 0.042755 6.015559 35.261002 721.042053
0.000000 0.000000 0.000096 0.000000 0.000000 0.000000
0.000000 0.000000 0.000000
1.844048 0.650000 0.000000
764.299377 0.000000
0.000000 0.000000 0.000000 0.000000
0.000000 0.932643
11 0.018443 0.424189 0.003300
0.487000 0.580000 0.780000 0.490000 1.250000 5.968800 0.650000 0.650000
230537.500000 100.000000 0.084000
1.073000 0.050000 0.116600
0.537514 0.921485 0.003353 0.000000
0.000000

0.000001 3.333580 61.561790
0.366970 0.040821 5.744009 33.658516 721.068176
0.000000 0.000000 0.000099 0.000000 0.000000 0.000000
0.000000 0.000000 0.000000
1.983591 0.650000 0.000000
764.299377 0.000000
0.000000 0.000000 0.000000 0.000000
0.000000 0.863149
11 0.018443 0.442632 0.003300
0.487000 0.580000 0.780000 0.490000 1.250000 5.968800 0.650000 0.650000
230537.500000 100.000000 0.084000
1.073000 0.050000 0.116600
0.537412 0.729744 0.002652 0.000000
0.000000

0.000001 3.040912 54.828114
0.354587 0.039445 5.550230 32.514099 721.078064
0.000000 0.000000 0.000103 0.000000 0.000000 0.000000
0.000000 0.000000 0.000000
2.118948 0.650000 0.000000
764.299377 0.000000
0.000000 0.000000 0.000000 0.000000
0.000000 0.798596
11 0.018443 0.461075 0.003300
0.487000 0.580000 0.780000 0.490000 1.250000 5.968800 0.650000 0.650000
230537.500000 100.000000 0.084000
1.073000 0.050000 0.116600
0.537303 0.593497 0.002155 0.000000
0.000000

0.000001 2.774359 48.695946
0.343515 0.038215 5.373149 31.468346 721.116272
0.000000 0.000000 0.000098 0.000000 0.000000 0.000000
0.000000 0.000000 0.000000
2.250345 0.650000 0.000000
764.299377 0.000000
0.000000 0.000000 0.000000 0.000000
0.000000 0.741946
11 0.018443 0.479518 0.003300
0.487000 0.580000 0.780000 0.490000 1.250000 5.968800 0.650000 0.650000
230537.500000 100.000000 0.084000
1.073000 0.050000 0.116600
0.537218 0.497242 0.001804 0.000000
0.000000

0.000001 2.531808 43.277031
0.332697 0.037012 5.202649 30.461496 721.128784
0.000000 0.000000 0.000101 0.000000 0.000000 0.000000
0.000000 0.000000 0.000000
2.378015 0.650000 0.000000
764.299377 0.000000
0.000000 0.000000 0.000000 0.000000
0.000000 0.695558
11 0.018443 0.497961 0.003300
0.487000 0.580000 0.780000 0.490000 1.250000 5.968800 0.650000 0.650000
230537.500000 100.000000 0.084000
1.073000 0.050000 0.116600
0.537135 0.428756 0.001555 0.000000
0.000000

0.000001 2.312113 38.450527
0.322473 0.035876 5.041470 29.505396 721.183594
0.000000 0.000000 0.000119 0.000000 0.000000 0.000000
0.000000 0.000000 0.000000
2.502192 0.650000 0.000000
764.299377 0.000000
0.000000 0.000000 0.000000 0.000000
0.000000 0.659706
11 0.018443 0.516404 0.003300
0.487000 0.580000 0.780000 0.490000 1.250000 5.968800 0.650000 0.650000
230537.500000 100.000000 0.084000
1.073000 0.050000 0.116600
0.537064 0.380167 0.001379 0.000000
0.000000

0.000001 2.336404 45.665932
0.152896 0.017011 2.377487 13.911638 218.727936
0.000000 0.000000 0.000051 0.000000 0.000000 0.000000
0.000000 0.000000 0.000000
2.623113 0.650000 0.000000
764.299377 0.000000
0.000000 0.000000 0.000000 0.000000
0.000000 0.605241
11 0.018443 0.534847 0.001000
0.487000 0.580000 0.780000 0.490000 1.250000 5.968800 0.650000 0.650000
230537.500000 100.000000 0.084000
1.073000 0.050000 0.116600
0.163638 0.277899 0.001007 0.000000
0.000000

0.000001 2.075460 41.789471
0.143791 0.015998 2.235801 13.079498 218.712326
0.000000 0.000000 0.000054 0.000000 0.000000 0.000000
0.000000 0.000000 0.000000
2.741013 0.650000 0.000000
764.299377 0.000000
0.000000 0.000000 0.000000 0.000000
0.000000 0.576972
11 0.018443 0.553290 0.001000
0.487000 0.580000 0.780000 0.490000 1.250000 5.968800 0.650000 0.650000
230537.500000 100.000000 0.084000
1.073000 0.050000 0.116600
0.163540 0.231053 0.000837 0.000000
0.000000

0.000000 1.856306 38.091808
0.136128 0.015146 2.114813 12.369493 218.716278
0.000000 0.000000 0.000052 0.000000 0.000000 0.000000
0.000000 0.000000 0.000000
2.856119 0.650000 0.000000
764.299377 0.000000
0.000000 0.000000 0.000000 0.000000
0.000000 0.558046
11 0.018443 0.571733 0.001000
0.487000 0.580000 0.780000 0.490000 1.250000 5.968800 0.650000 0.650000
230537.500000 100.000000 0.084000
1.073000 0.050000 0.116600
0.163453 0.194392 0.000704 0.000000
0.000000

0.000000 1.664140 34.117226
0.131094 0.014586 2.036628 11.910160 218.709229
0.000000 0.000000 0.000050 0.000000 0.000000 0.000000
0.000000 0.000000 0.000000
2.968652 0.650000 0.000000
764.299377 0.000000
0.000000 0.000000 0.000000 0.000000
0.000000 0.545981
11 0.018443 0.590176 0.001000
0.487000 0.580000 0.780000 0.490000 1.250000 5.968800 0.650000 0.650000
230537.500000 100.000000 0.084000
1.073000 0.050000 0.116600
0.163374 0.165633 0.000600 0.000000
0.000000

0.000000 1.502801 30.736742
0.125643 0.013980 1.951924 11.413029 218.713150
0.000000 0.000000 0.000053 0.000000 0.000000 0.000000
0.000000 0.000000 0.000000
3.078821 0.650000 0.000000
764.299377 0.000000
0.000000 0.000000 0.000000 0.000000
0.000000 0.537653
11 0.018443 0.608619 0.001000
0.487000 0.580000 0.780000 0.490000 1.250000 5.968800 0.650000 0.650000
230537.500000 100.000000 0.084000
1.073000 0.050000 0.116600
0.163303 0.143806 0.000521 0.000000
0.000000

0.000000 1.362117 27.493973
0.121227 0.013489 1.883041 11.008722 218.707565
0.000000 0.000000 0.000051 0.000000 0.000000 0.000000
0.000000 0.000000 0.000000
3.186827 0.650000 0.000000
764.299377 0.000000
0.000000 0.000000 0.000000 0.000000
0.000000 0.531272
11 0.018443 0.627062 0.001000
0.487000 0.580000 0.780000 0.490000 1.250000 5.968800 0.650000 0.650000
230537.500000 100.000000 0.084000
1.073000 0.050000 0.116600
0.163238 0.127371 0.000461 0.000000
0.000000

0.000000 1.239264 24.391670
0.117663 0.013093 1.827625 10.683305 218.710724
0.000000 0.000000 0.000052 0.000000 0.000000 0.000000
0.000000 0.000000 0.000000
3.292858 0.650000 0.000000
764.299377 0.000000
0.000000 0.000000 0.000000 0.000000
0.000000 0.524869
11 0.018443 0.645505 0.001000
0.487000 0.580000 0.780000 0.490000 1.250000 5.968800 0.650000 0.650000
230537.500000 100.000000 0.084000
1.073000 0.050000 0.116600
0.163183 0.116303 0.000421 0.000000
0.000000

0.000000 1.129307 20.976389
0.116556 0.012970 1.811403 10.587257 218.717529
0.000000 0.000000 0.000053 0.000000 0.000000 0.000000
0.000000 0.000000 0.000000
3.397089 0.650000 0.000000
764.299377 0.000000
0.000000 0.000000 0.000000 0.000000
0.000000 0.517573
11 0.018443 0.663948 0.001000
0.487000 0.580000 0.780000 0.490000 1.250000 5.968800 0.650000 0.650000
230537.500000 100.000000 0.084000
1.073000 0.050000 0.116600
0.163135 0.107748 0.000390 0.000000
0.000000

0.000000 1.029891 18.343014
0.113796 0.012663 1.769179 10.337661 218.720795
0.000000 0.000000 0.000058 0.000000 0.000000 0.000000
0.000000 0.000000 0.000000
3.499681 0.650000 0.000000
764.299377 0.000000
0.000000 0.000000 0.000000 0.000000
0.000000 0.508302
11 0.018443 0.682391 0.001000
0.487000 0.580000 0.780000 0.490000 1.250000 5.968800 0.650000 0.650000
230537.500000 100.000000 0.084000
1.073000 0.050000 0.116600
0.163089 0.102940 0.000373 0.000000
0.000000

0.000000 0.940289 15.917828
0.111385 0.012395 1.731555 10.115052 218.725784
0.000000 0.000000 0.000058 0.000000 0.000000 0.000000
0.000000 0.000000 0.000000
3.600781 0.650000 0.000000
764.299377 0.000000
0.000000 0.000000 0.000000 0.000000
0.000000 0.497324
11 0.018443 0.700834 0.001000
0.487000 0.580000 0.780000 0.490000 1.250000 5.968800 0.650000 0.650000
230537.500000 100.000000 0.084000
1.073000 0.050000 0.116600
0.163050 0.100202 0.000363 0.000000
0.000000

0.000000 0.859677 13.322794
0.110491 0.012296 1.718346 10.035430 218.735245
0.000000 0.000000 0.000055 0.000000 0.000000 0.000000
0.000000 0.000000 0.000000
3.700526 0.650000 0.000000
764.299377 0.000000
0.000000 0.000000 0.000000 0.000000
0.000000 0.484889
11 0.018443 0.719277 0.001000
0.487000 0.580000 0.780000 0.490000 1.250000 5.968800 0.650000 0.650000
230537.500000 100.000000 0.084000
1.073000 0.050000 0.116600
0.163025 0.100787 0.000365 0.000000
0.000000

0.000000 0.787754 11.516031
0.107868 0.012005 1.676938 9.789051 218.742065
0.000000 0.000000 0.000056 0.000000 0.000000 0.000000
0.000000 0.000000 0.000000
3.799034 0.650000 0.000000
764.299377 0.000000
0.000000 0.000000 0.000000 0.000000
0.000000 0.482835
11 0.018443 0.737720 0.001000
0.487000 0.580000 0.780000 0.490000 1.250000 5.968800 0.650000 0.650000
230537.500000 100.000000 0.084000
1.073000 0.050000 0.116600
0.163020 0.103845 0.000376 0.000000
0.000000

0.000000 0.724293 10.032220
0.104817 0.011665 1.631288 9.514482 218.752106
0.000000 0.000000 0.000058 0.000000 0.000000 0.000000
0.000000 0.000000 0.000000
3.896413 0.650000 0.000000
764.299377 0.000000
0.000000 0.000000 0.000000 0.000000
0.000000 0.516157
11 0.018443 0.756163 0.001000
0.487000 0.580000 0.780000 0.490000 1.250000 5.968800 0.650000 0.650000
230537.500000 100.000000 0.084000
1.073000 0.050000 0.116600
0.163031 0.105512 0.000382 0.000000
0.000000

0.000000 0.666276 8.714431
0.102083 0.011361 1.588879 9.258392 218.761063
0.000000 0.000000 0.000057 0.000000 0.000000 0.000000
0.000000 0.000000 0.000000
3.992756 0.650000 0.000000
764.299377 0.000000
0.000000 0.000000 0.000000 0.000000
0.000000 0.594723
11 0.018443 0.774606 0.001000
0.487000 0.580000 0.780000 0.490000 1.250000 5.968800 0.650000 0.650000
230537.500000 100.000000 0.084000
1.073000 0.050000 0.116600
0.163063 0.108657 0.000393 0.000000
0.000000

0.000000 0.616011 7.781617
0.102834 0.011445 1.537147 8.941407 218.773636
0.000000 0.000252 0.000672 0.000000 0.000000 0.000000
0.000000 0.000000 0.000005
4.088147 0.650000 0.000000
764.299377 0.000000
0.000000 0.000000 0.000000 0.000000
0.000000 0.772032
11 0.018443 0.793049 0.001000
0.487000 0.580000 0.780000 0.490000 1.250000 5.968800 0.650000 0.650000
230537.500000 100.000000 0.084000
1.073000 0.050000 0.116600
0.163145 0.116134 0.000420 0.000000
0.000000

0.000000 0.574541 7.046541
0.098943 0.011012 1.486043 8.626511 218.804962
0.000000 0.003538 0.001985 0.000000 0.000000 0.000000
0.000000 0.000003 0.000002
4.182655 0.650000 0.000000
764.299377 0.000000
0.000000 0.000000 0.000000 0.000000
0.000000 1.134043
11 0.018443 0.811492 0.001000
0.487000 0.580000 0.780000 0.490000 1.250000 5.968800 0.650000 0.650000
230537.500000 100.000000 0.084000
1.073000 0.050000 0.116600
0.163274 0.120080 0.000435 0.000000
0.000000

0.000000 0.540620 6.466141
0.095247 0.010601 1.437386 8.317573 218.850967
0.000000 0.006752 0.002411 0.000000 0.000000 0.000000
0.000000 0.000004 0.000001
4.276341 0.650000 0.000000
764.299377 0.000000
0.000000 0.000000 0.000000 0.000000
0.000000 1.959985
11 0.018443 0.829935 0.001000
0.487000 0.580000 0.780000 0.490000 1.250000 5.968800 0.650000 0.650000
230537.500000 100.000000 0.084000
1.073000 0.050000 0.116600
0.163455 0.119989 0.000434 0.000000
0.000000

0.000001 0.522704 6.111936
0.091837 0.010222 1.391716 8.014761 218.976639
0.000000 0.005371 0.002874 0.000000 0.000000 0.000000
0.000000 0.000004 0.000002
4.369256 0.650000 0.000000
764.299377 0.000000
0.000000 0.000000 0.000000 0.000000
0.000000 2.117018
11 0.018443 0.848378 0.001000
0.487000 0.580000 0.780000 0.490000 1.250000 5.968800 0.650000 0.650000
230537.500000 100.000000 0.084000
1.073000 0.050000 0.116600
0.163878 0.110145 0.000399 0.000000
0.000000

0.000011 0.634437 6.698172
0.084099 0.009351 1.338812 7.592916 219.565536
0.000000 0.003697 0.002633 0.000000 0.000000 0.000000
0.000000 0.000008 0.000008
4.452252 0.997280 0.000000
764.299377 0.000000
0.000000 0.000000 0.000000 0.000000
0.000000 1.129967
11 0.018443 0.866821 0.001000
0.487000 0.580000 0.780000 0.490000 1.250000 5.968800 0.650000 0.650000
230537.500000 100.000000 0.084000
1.073000 0.050000 0.116600
0.165522 0.094095 0.000523 0.000000
0.000000

0.000016 0.620428 6.473915
0.081163 0.009024 1.297703 7.326036 219.773224
0.000000 0.005370 0.003149 0.000000 0.000000 0.000000
0.000000 0.000010 0.000006
4.526882 1.000000 0.000000
764.299377 0.000000
0.000000 0.000000 0.000000 0.000000
0.000000 1.319399
11 0.018443 0.885264 0.001000
0.487000 0.580000 0.780000 0.490000 1.250000 5.968800 0.650000 0.650000
230537.500000 100.000000 0.084000
1.073000 0.050000 0.116600
0.165979 0.092461 0.000515 0.000000
0.000000

0.000017 0.581649 6.111102
0.078502 0.008729 1.256423 7.089341 219.810333
0.000000 0.007720 0.003580 0.000000 0.000000 0.000000
0.000000 0.000012 0.000005
4.600690 1.000000 0.000000
764.299377 0.000000
0.000000 0.000000 0.000000 0.000000
0.000000 1.290988
11 0.018443 0.903707 0.001000
0.487000 0.580000 0.780000 0.490000 1.250000 5.968800 0.650000 0.650000
230537.500000 100.000000 0.084000
1.073000 0.050000 0.116600
0.166039 0.091952 0.000512 0.000000
0.000000

0.000016 0.539062 5.585368
0.076654 0.008523 1.229456 6.934176 219.827728
0.000000 0.014920 0.004426 0.000000 0.000000 0.000000
0.000000 0.000011 0.000002
4.673742 1.000000 0.000000
764.299377 0.000000
0.000000 0.000000 0.000000 0.000000
0.000000 1.462998
11 0.018443 0.922150 0.001000
0.487000 0.580000 0.780000 0.490000 1.250000 5.968800 0.650000 0.650000
230537.500000 100.000000 0.084000
1.073000 0.050000 0.116600
0.166067 0.091808 0.000511 0.000000
0.000000

0.000016 0.500735 5.091558
0.075004 0.008340 1.206408 6.795785 219.844101
0.000000 0.022227 0.004693 0.000000 0.000000 0.000000
0.000000 0.000009 0.000001
4.746047 1.000000 0.000000
764.299377 0.000000
0.000000 0.000000 0.000000 0.000000
0.000000 1.693884
11 0.018443 0.940593 0.001000
0.487000 0.580000 0.780000 0.490000 1.250000 5.968800 0.650000 0.650000
230537.500000 100.000000 0.084000
1.073000 0.050000 0.116600
0.166086 0.091592 0.000510 0.000000
0.000000

0.000015 0.465437 4.729769
0.073495 0.008172 1.184376 6.667095 219.946716
0.000000 0.026679 0.004747 0.000000 0.000000 0.000000
0.000000 0.000008 0.000001
4.817609 1.000000 0.000000
764.299377 0.000000
0.000000 0.000000 0.000000 0.000000
0.000000 2.051412
11 0.018443 0.959036 0.001000
0.487000 0.580000 0.780000 0.490000 1.250000 5.968800 0.650000 0.650000
230537.500000 100.000000 0.084000
1.073000 0.050000 0.116600
0.166285 0.090879 0.000506 0.000000
0.000000

0.000014 0.430475 4.333932
0.072061 0.008013 1.163526 6.547043 219.956329
0.000000 0.030025 0.004935 0.000000 0.000000 0.000000
0.000000 0.000007 0.000001
4.888428 1.000000 0.000000
764.299377 0.000000
0.000000 0.000000 0.000000 0.000000
0.000000 2.573788
11 0.018443 0.977479 0.001000
0.487000 0.580000 0.780000 0.490000 1.250000 5.968800 0.650000 0.650000
230537.500000 100.000000 0.084000
1.073000 0.050000 0.116600
0.166291 0.090768 0.000505 0.000000
0.000000

0.000014 0.403016 4.001421
0.070675 0.007859 1.144872 6.427083 219.969482
0.000000 0.029160 0.005000 0.000000 0.000000 0.000000
0.000000 0.000007 0.000001
4.958500 1.000000 0.000000
764.299377 0.000000
0.000000 0.000000 0.000000 0.000000
0.000000 2.821891
11 0.018443 0.995922 0.001000
0.487000 0.580000 0.780000 0.490000 1.250000 5.968800 0.650000 0.650000
230537.500000 100.000000 0.084000
1.073000 0.050000 0.116600
0.166315 0.090925 0.000506 0.000000
0.000000

0.000013 0.349104 3.620934
0.069350 0.007711 1.127676 6.317997 219.982666
0.000000 0.040846 0.004934 0.000000 0.000000 0.000000
0.000000 0.000006 0.000000
5.027817 1.000000 0.000000
764.299377 0.000000
0.000000 0.000000 0.000000 0.000000
0.000000 3.450635
11 0.018443 1.014365 0.001000
0.487000 0.580000 0.780000 0.490000 1.250000 5.968800 0.650000 0.650000
230537.500000 100.000000 0.084000
1.073000 0.050000 0.116600
0.166305 0.090953 0.000506 0.000000
0.000000

0.000013 0.326420 3.373029
0.068133 0.007576 1.110483 6.212056 219.994553
0.000000 0.057165 0.004680 0.000000 0.000000 0.000000
0.000000 0.000004 0.000000
5.096371 1.000000 0.000000
764.299377 0.000000
0.000000 0.000000 0.000000 0.000000
0.000000 3.748447
11 0.018443 1.032808 0.001000
0.487000 0.580000 0.780000 0.490000 1.250000 5.968800 0.650000 0.650000
230537.500000 100.000000 0.084000
1.073000 0.050000 0.116600
0.166325 0.091072 0.000507 0.000000
0.000000

0.000012 0.303656 3.144453
0.067036 0.007454 1.094267 6.117839 220.007706
0.000000 0.053379 0.004847 0.000000 0.000000 0.000000
0.000000 0.000005 0.000000
5.164149 1.000000 0.000000
764.299377 0.000000
0.000000 0.000000 0.000000 0.000000
0.000000 5.432477
11 0.018443 1.051251 0.001000
0.487000 0.580000 0.780000 0.490000 1.250000 5.968800 0.650000 0.650000
230537.500000 100.000000 0.084000
1.073000 0.050000 0.116600
0.166347 0.090950 0.000506 0.000000
0.000000

0.000012 0.285158 2.944151
0.066028 0.007342 1.080887 6.029222 220.027863
0.000000 0.003093 0.002937 0.000000 0.000000 0.000000
0.000000 0.000006 0.000011
5.231140 1.000000 0.000000
764.299377 0.000000
0.000000 0.000000 0.000000 0.000000
0.000000 2.131872
11 0.018443 1.069694 0.001000
0.487000 0.580000 0.780000 0.490000 1.250000 5.968800 0.650000 0.650000
230537.500000 100.000000 0.084000
1.073000 0.050000 0.116600
0.166378 0.090872 0.000506 0.000000
0.000000

0.000015 0.284291 2.809378
0.065044 0.007233 1.076386 5.929501 220.079926
0.000000 0.000042 0.001565 0.000000 0.000000 0.000000
0.000000 0.000000 0.000016
5.297332 1.000000 0.000000
764.299377 0.000000
0.000000 0.000000 0.000000 0.000000
0.000000 2.058833
11 0.018443 1.088137 0.001000
0.487000 0.580000 0.780000 0.490000 1.250000 5.968800 0.650000 0.650000
230537.500000 100.000000 0.084000
1.073000 0.050000 0.116600
0.166488 0.090877 0.000506 0.000000
0.000000

0.000015 0.264650 2.630628
0.064239 0.007143 1.064161 5.861641 220.095123
0.000000 0.000015 0.001819 0.000000 0.000000 0.000000
0.000000 0.000000 0.000011
5.362712 1.000000 0.000000
764.299377 0.000000
0.000000 0.000000 0.000000 0.000000
0.000000 2.049500
11 0.018443 1.106580 0.001000
0.487000 0.580000 0.780000 0.490000 1.250000 5.968800 0.650000 0.650000
230537.500000 100.000000 0.084000
1.073000 0.050000 0.116600
0.166506 0.090865 0.000506 0.000000
0.000000

0.000014 0.246628 2.466712
0.063504 0.007062 1.053012 5.799723 220.107178
0.000000 0.000017 0.002104 0.000000 0.000000 0.000000
0.000000 0.000000 0.000013
5.427268 1.000000 0.000000
764.299377 0.000000
0.000000 0.000000 0.000000 0.000000
0.000000 2.054837
11 0.018443 1.125023 0.001000
0.487000 0.580000 0.780000 0.490000 1.250000 5.968800 0.650000 0.650000
230537.500000 100.000000 0.084000
1.073000 0.050000 0.116600
0.166522 0.091153 0.000508 0.000000
0.000000

0.000013 0.230310 2.330541
0.062882 0.006992 1.043596 5.747376 220.144608
0.000000 0.000020 0.002318 0.000000 0.000000 0.000000
0.000000 0.000000 0.000014
5.490986 1.000000 0.000000
764.299377 0.000000
0.000000 0.000000 0.000000 0.000000
0.000000 2.053004
11 0.018443 1.143466 0.001000
0.487000 0.580000 0.780000 0.490000 1.250000 5.968800 0.650000 0.650000
230537.500000 100.000000 0.084000
1.073000 0.050000 0.116600
0.166599 0.090653 0.000505 0.000000
0.000000

0.000012 0.215543 2.200004
0.062292 0.006927 1.034662 5.697715 220.167252
0.000000 0.000023 0.002553 0.000000 0.000000 0.000000
0.000000 0.000000 0.000016
5.553857 1.000000 0.000000
764.299377 0.000000
0.000000 0.000000 0.000000 0.000000
0.000000 2.054841
11 0.018443 1.161909 0.001000
0.487000 0.580000 0.780000 0.490000 1.250000 5.968800 0.650000 0.650000
230537.500000 100.000000 0.084000
1.073000 0.050000 0.116600
0.166641 0.090758 0.000505 0.000000
0.000000

0.000012 0.202981 2.081011
0.061739 0.006865 1.026257 5.650974 220.182281
0.000000 0.000028 0.002720 0.000000 0.000000 0.000000
0.000000 0.000000 0.000017
5.615870 1.000000 0.000000
764.299377 0.000000
0.000000 0.000000 0.000000 0.000000
0.000000 2.057121
11 0.018443 1.180352 0.001000
0.487000 0.580000 0.780000 0.490000 1.250000 5.968800 0.650000 0.650000
230537.500000 100.000000 0.084000
1.073000 0.050000 0.116600
0.166671 0.090765 0.000505 0.000000
0.000000

0.000012 0.191177 1.972640
0.061240 0.006810 1.018680 5.608814 220.196594
0.000000 0.000037 0.002939 0.000000 0.000000 0.000000
0.000000 0.000000 0.000017
5.677018 1.000000 0.000000
764.299377 0.000000
0.000000 0.000000 0.000000 0.000000
0.000000 2.062791
11 0.018443 1.198795 0.001000
0.487000 0.580000 0.780000 0.490000 1.250000 5.968800 0.650000 0.650000
230537.500000 100.000000 0.084000
1.073000 0.050000 0.116600
0.166700 0.090863 0.000506 0.000000
0.000000

0.000016 0.188288 1.900446
0.060786 0.006760 1.011482 5.568744 220.239563
0.000000 0.000044 0.003069 0.000000 0.000000 0.000000
0.000000 0.000000 0.000017
5.737291 1.000000 0.000000
764.299377 0.000000
0.000000 0.000000 0.000000 0.000000
0.000000 2.014833
11 0.018443 1.217238 0.001000
0.487000 0.580000 0.780000 0.490000 1.250000 5.968800 0.650000 0.650000
230537.500000 100.000000 0.084000
1.073000 0.050000 0.116600
0.166794 0.090347 0.000503 0.000000
0.000000

0.000014 0.176389 1.801566
0.060377 0.006714 1.005396 5.534800 220.245575
0.000000 0.000051 0.003216 0.000000 0.000000 0.000000
0.000000 0.000000 0.000017
5.796683 1.000000 0.000000
764.299377 0.000000
0.000000 0.000000 0.000000 0.000000
0.000000 2.010206
11 0.018443 1.235681 0.001000
0.487000 0.580000 0.780000 0.490000 1.250000 5.968800 0.650000 0.650000
230537.500000 100.000000 0.084000
1.073000 0.050000 0.116600
0.166805 0.090466 0.000504 0.000000
0.000000

0.000013 0.165744 1.716456
0.060017 0.006674 1.000041 5.504908 220.256592
0.000000 0.000060 0.003359 0.000000 0.000000 0.000000
0.000000 0.000000 0.000017
5.855190 1.000000 0.000000
764.299377 0.000000
0.000000 0.000000 0.000000 0.000000
0.000000 2.006134
11 0.018443 1.254124 0.001000
0.487000 0.580000 0.780000 0.490000 1.250000 5.968800 0.650000 0.650000
230537.500000 100.000000 0.084000
1.073000 0.050000 0.116600
0.166830 0.090474 0.000504 0.000000
0.000000

0.000012 0.155957 1.639948
0.059695 0.006638 0.995272 5.478234 220.266129
0.000000 0.000068 0.003479 0.000000 0.000000 0.000000
0.000000 0.000000 0.000017
5.912807 1.000000 0.000000
764.299377 0.000000
0.000000 0.000000 0.000000 0.000000
0.000000 2.002417
11 0.018443 1.272567 0.001000
0.487000 0.580000 0.780000 0.490000 1.250000 5.968800 0.650000 0.650000
230537.500000 100.000000 0.084000
1.073000 0.050000 0.116600
0.166865 0.090747 0.000505 0.000000
0.000000

0.000017 0.103788 1.083684
0.057803 0.006428 0.967861 5.326986 220.419235
0.000000 0.002776 0.015186 0.000000 0.000000 0.000000
0.000000 0.000004 0.000014
5.969532 1.000000 0.000000
764.299377 0.000000
0.000000 0.000000 0.000000 0.000000
0.000000 1.983982
11 0.018443 1.291010 0.001000
0.487000 0.580000 0.780000 0.490000 1.250000 5.968800 0.650000 0.650000
230537.500000 100.000000 0.084000
1.073000 0.050000 0.116600
0.167235 0.089157 0.000496 0.000000
0.000000

0.000016 0.099294 1.063005
0.057685 0.006415 0.966102 5.316919 220.424637
0.000000 0.002977 0.015274 0.000000 0.000000 0.000000
0.000000 0.000005 0.000014
6.025365 1.000000 0.000000
764.299377 0.000000
0.000000 0.000000 0.000000 0.000000
0.000000 1.982068
11 0.018443 1.309453 0.001000
0.487000 0.580000 0.780000 0.490000 1.250000 5.968800 0.650000 0.650000
230537.500000 100.000000 0.084000
1.073000 0.050000 0.116600
0.167237 0.089169 0.000497 0.000000
0.000000

0.000015 0.095190 1.044237
0.057577 0.006403 0.964505 5.307754 220.429535
0.000000 0.003022 0.015349 0.000000 0.000000 0.000000
0.000000 0.000005 0.000014
6.080305 1.000000 0.000000
764.299377 0.000000
0.000000 0.000000 0.000000 0.000000
0.000000 1.980291
11 0.018443 1.327896 0.001000
0.487000 0.580000 0.780000 0.490000 1.250000 5.968800 0.650000 0.650000
230537.500000 100.000000 0.084000
1.073000 0.050000 0.116600
0.167241 0.089187 0.000497 0.000000
0.000000

0.000014 0.091443 1.027213
0.057480 0.006392 0.963060 5.299439 220.435165
0.000000 0.003088 0.015457 0.000000 0.000000 0.000000
0.000000 0.000005 0.000014
6.134353 1.000000 0.000000
764.299377 0.000000
0.000000 0.000000 0.000000 0.000000
0.000000 1.978658
11 0.018443 1.346339 0.001000
0.487000 0.580000 0.780000 0.490000 1.250000 5.968800 0.650000 0.650000
230537.500000 100.000000 0.084000
1.073000 0.050000 0.116600
0.167249 0.089230 0.000497 0.000000
0.000000

0.000013 0.088022 1.011854
0.057392 0.006382 0.961762 5.291935 220.440948
0.000000 0.003116 0.015496 0.000000 0.000000 0.000000
0.000000 0.000005 0.000014
6.187512 1.000000 0.000000
764.299377 0.000000
0.000000 0.000000 0.000000 0.000000
0.000000 1.977129
11 0.018443 1.364782 0.001000
0.487000 0.580000 0.780000 0.490000 1.250000 5.968800 0.650000 0.650000
230537.500000 100.000000 0.084000
1.073000 0.050000 0.116600
0.167252 0.089190 0.000497 0.000000
0.000000

0.000011 0.084899 0.997868
0.057312 0.006373 0.960575 5.285051 220.445831
0.000000 0.003122 0.015501 0.000000 0.000000 0.000000
0.000000 0.000005 0.000014
6.239785 1.000000 0.000000
764.299377 0.000000
0.000000 0.000000 0.000000 0.000000
0.000000 1.975716
11 0.018443 1.383225 0.001000
0.487000 0.580000 0.780000 0.490000 1.250000 5.968800 0.650000 0.650000
230537.500000 100.000000 0.084000
1.073000 0.050000 0.116600
0.167256 0.089205 0.000497 0.000000
0.000000

0.000010 0.082050 0.985380
0.057240 0.006365 0.959518 5.278883 220.451874
0.000000 0.003148 0.015533 0.000000 0.000000 0.000000
0.000000 0.000005 0.000014
6.291177 1.000000 0.000000
764.299377 0.000000
0.000000 0.000000 0.000000 0.000000
0.000000 1.974404
11 0.018443 1.401668 0.001000
0.487000 0.580000 0.780000 0.490000 1.250000 5.968800 0.650000 0.650000
230537.500000 100.000000 0.084000
1.073000 0.050000 0.116600
0.167262 0.089212 0.000497 0.000000
0.000000

0.000010 0.079449 0.975821
0.057182 0.006359 0.958663 5.273842 220.457336
0.000000 0.003177 0.015574 0.000000 0.000000 0.000000
0.000000 0.000005 0.000014
6.341694 1.000000 0.000000
764.299377 0.000000
0.000000 0.000000 0.000000 0.000000
0.000000 1.973243
11 0.018443 1.420111 0.001000
0.487000 0.580000 0.780000 0.490000 1.250000 5.968800 0.650000 0.650000
230537.500000 100.000000 0.084000
1.073000 0.050000 0.116600
0.167276 0.089210 0.000497 0.000000
0.000000

0.000009 0.077077 0.965541
0.057122 0.006352 0.957798 5.268726 220.462509
0.000000 0.003189 0.015595 0.000000 0.000000 0.000000
0.000000 0.000005 0.000015
6.391341 1.000000 0.000000
764.299377 0.000000
0.000000 0.000000 0.000000 0.000000
0.000000 1.972114
11 0.018443 1.438554 0.001000
0.487000 0.580000 0.780000 0.490000 1.250000 5.968800 0.650000 0.650000
230537.500000 100.000000 0.084000
1.073000 0.050000 0.116600
0.167280 0.089199 0.000497 0.000000
0.000000

0.000008 0.074913 0.956295
0.057069 0.006347 0.957021 5.264127 220.467972
0.000000 0.003181 0.015548 0.000000 0.000000 0.000000
0.000000 0.000005 0.000015
6.440126 1.000000 0.000000
764.299377 0.000000
0.000000 0.000000 0.000000 0.000000
0.000000 1.971078
11 0.018443 1.456997 0.001000
0.487000 0.580000 0.780000 0.490000 1.250000 5.968800 0.650000 0.650000
230537.500000 100.000000 0.084000
1.073000 0.050000 0.116600
0.167287 0.089184 0.000497 0.000000
0.000000

0.000008 0.072940 0.947887
0.057020 0.006341 0.956316 5.259924 220.472931
0.000000 0.003213 0.015608 0.000000 0.000000 0.000000
0.000000 0.000005 0.000015
6.488055 1.000000 0.000000
764.299377 0.000000
0.000000 0.000000 0.000000 0.000000
0.000000 1.970101
11 0.018443 1.475440 0.001000
0.487000 0.580000 0.780000 0.490000 1.250000 5.968800 0.650000 0.650000
230537.500000 100.000000 0.084000
1.073000 0.050000 0.116600
0.167292 0.089198 0.000497 0.000000
0.000000

0.000007 0.071141 0.940322
0.056977 0.006336 0.955687 5.256131 220.478256
0.000000 0.003226 0.015606 0.000000 0.000000 0.000000
0.000000 0.000005 0.000015
6.535138 1.000000 0.000000
764.299377 0.000000
0.000000 0.000000 0.000000 0.000000
0.000000 1.969218
11 0.018443 1.493883 0.001000
0.487000 0.580000 0.780000 0.490000 1.250000 5.968800 0.650000 0.650000
230537.500000 100.000000 0.084000
1.073000 0.050000 0.116600
0.167294 0.089209 0.000497 0.000000
0.000000

0.000007 0.069500 0.933511
0.056937 0.006332 0.955120 5.252696 220.483963
0.000000 0.003206 0.015555 0.000000 0.000000 0.000000
0.000000 0.000005 0.000015
6.581382 1.000000 0.000000
764.299377 0.000000
0.000000 0.000000 0.000000 0.000000
0.000000 1.968383
11 0.018443 1.512326 0.001000
0.487000 0.580000 0.780000 0.490000 1.250000 5.968800 0.650000 0.650000
230537.500000 100.000000 0.084000
1.073000 0.050000 0.116600
0.167302 0.089227 0.000497 0.000000
0.000000

0.000006 0.068007 0.927397
0.056902 0.006328 0.954605 5.249557 220.489624
0.000000 0.003234 0.015602 0.000000 0.000000 0.000000
0.000000 0.000005 0.000015
6.626798 1.000000 0.000000
764.299377 0.000000
0.000000 0.000000 0.000000 0.000000
0.000000 1.967629
11 0.018443 1.530769 0.001000
0.487000 0.580000 0.780000 0.490000 1.250000 5.968800 0.650000 0.650000
230537.500000 100.000000 0.084000
1.073000 0.050000 0.116600
0.167306 0.089242 0.000497 0.000000
0.000000

0.000005 0.066647 0.922025
0.056870 0.006325 0.954156 5.246774 220.494522
0.000000 0.003238 0.015588 0.000000 0.000000 0.000000
0.000000 0.000005 0.000015
6.671394 1.000000 0.000000
764.299377 0.000000
0.000000 0.000000 0.000000 0.000000
0.000000 1.966921
11 0.018443 1.549212 0.001000
0.487000 0.580000 0.780000 0.490000 1.250000 5.968800 0.650000 0.650000
230537.500000 100.000000 0.084000
1.073000 0.050000 0.116600
0.167312 0.089229 0.000497 0.000000
0.000000

0.000005 0.065408 0.917276
0.056842 0.006321 0.953759 5.244295 220.499817
0.000000 0.003246 0.015589 0.000000 0.000000 0.000000
0.000000 0.000005 0.000016
6.715179 1.000000 0.000000
764.299377 0.000000
0.000000 0.000000 0.000000 0.000000
0.000000 1.966269
11 0.018443 1.567655 0.001000
0.487000 0.580000 0.780000 0.490000 1.250000 5.968800 0.650000 0.650000
230537.500000 100.000000 0.084000
1.073000 0.050000 0.116600
0.167316 0.089215 0.000497 0.000000
0.000000

0.000005 0.064280 0.912936
0.056816 0.006319 0.953396 5.242003 220.505707
0.000000 0.003234 0.015523 0.000000 0.000000 0.000000
0.000000 0.000005 0.000016
6.758166 1.000000 0.000000
764.299377 0.000000
0.000000 0.000000 0.000000 0.000000
0.000000 1.965677
11 0.018443 1.586098 0.001000
0.487000 0.580000 0.780000 0.490000 1.250000 5.968800 0.650000 0.650000
230537.500000 100.000000 0.084000
1.073000 0.050000 0.116600
0.167325 0.089229 0.000497 0.000000
0.000000

0.000004 0.063254 0.909080
0.056793 0.006316 0.953076 5.239950 220.511124
0.000000 0.003225 0.015517 0.000000 0.000000 0.000000
0.000000 0.000005 0.000016
6.800362 1.000000 0.000000
764.299377 0.000000
0.000000 0.000000 0.000000 0.000000
0.000000 1.965127
11 0.018443 1.604541 0.001000
0.487000 0.580000 0.780000 0.490000 1.250000 5.968800 0.650000 0.650000
230537.500000 100.000000 0.084000
1.073000 0.050000 0.116600
0.167328 0.089243 0.000497 0.000000
0.000000

0.000004 0.062320 0.905661
0.056773 0.006314 0.952795 5.238115 220.516678
0.000000 0.003226 0.015500 0.000000 0.000000 0.000000
0.000000 0.000005 0.000016
6.841777 1.000000 0.000000
764.299377 0.000000
0.000000 0.000000 0.000000 0.000000
0.000000 1.964630
11 0.018443 1.622984 0.001000
0.487000 0.580000 0.780000 0.490000 1.250000 5.968800 0.650000 0.650000
230537.500000 100.000000 0.084000
1.073000 0.050000 0.116600
0.167331 0.089258 0.000497 0.000000
0.000000

0.000004 0.061473 0.902637
0.056755 0.006312 0.952548 5.236465 220.522217
0.000000 0.003226 0.015485 0.000000 0.000000 0.000000
0.000000 0.000005 0.000016
6.882423 1.000000 0.000000
764.299377 0.000000
0.000000 0.000000 0.000000 0.000000
0.000000 1.964169
11 0.018443 1.641427 0.001000
0.487000 0.580000 0.780000 0.490000 1.250000 5.968800 0.650000 0.650000
230537.500000 100.000000 0.084000
1.073000 0.050000 0.116600
0.167339 0.089274 0.000497 0.000000
0.000000

0.000003 0.060702 0.900039
0.056739 0.006310 0.952326 5.234971 220.527466
0.000000 0.003211 0.015433 0.000000 0.000000 0.000000
0.000000 0.000005 0.000016
6.922309 1.000000 0.000000
764.299377 0.000000
0.000000 0.000000 0.000000 0.000000
0.000000 1.963752
11 0.018443 1.659870 0.001000
0.487000 0.580000 0.780000 0.490000 1.250000 5.968800 0.650000 0.650000
230537.500000 100.000000 0.084000
1.073000 0.050000 0.116600
0.167344 0.089265 0.000497 0.000000
0.000000

0.000003 0.060003 0.897779
0.056724 0.006308 0.952137 5.233650 220.532745
0.000000 0.003228 0.015469 0.000000 0.000000 0.000000
0.000000 0.000005 0.000017
6.961446 1.000000 0.000000
764.299377 0.000000
0.000000 0.000000 0.000000 0.000000
0.000000 1.963375
11 0.018443 1.678313 0.001000
0.487000 0.580000 0.780000 0.490000 1.250000 5.968800 0.650000 0.650000
230537.500000 100.000000 0.084000
1.073000 0.050000 0.116600
0.167348 0.089254 0.000497 0.000000
0.000000

0.000003 0.059369 0.895755
0.056712 0.006307 0.951973 5.232487 220.538467
0.000000 0.003201 0.015383 0.000000 0.000000 0.000000
0.000000 0.000005 0.000017
6.999844 1.000000 0.000000
764.299377 0.000000
0.000000 0.000000 0.000000 0.000000
0.000000 1.963025
11 0.018443 1.696756 0.001000
0.487000 0.580000 0.780000 0.490000 1.250000 5.968800 0.650000 0.650000
230537.500000 100.000000 0.084000
1.073000 0.050000 0.116600
0.167355 0.089267 0.000497 0.000000
0.000000

0.000003 0.058793 0.894002
0.056701 0.006306 0.951827 5.231425 220.543808
0.000000 0.003168 0.015340 0.000000 0.000000 0.000000
0.000000 0.000004 0.000017
7.037512 1.000000 0.000000
764.299377 0.000000
0.000000 0.000000 0.000000 0.000000
0.000000 1.962729
11 0.018443 1.715199 0.001000
0.487000 0.580000 0.780000 0.490000 1.250000 5.968800 0.650000 0.650000
230537.500000 100.000000 0.084000
1.073000 0.050000 0.116600
0.167359 0.089338 0.000498 0.000000
0.000000

0.000002 0.058272 0.892499
0.056691 0.006305 0.951700 5.230451 220.549438
0.000000 0.003153 0.015301 0.000000 0.000000 0.000000
0.000000 0.000004 0.000017
7.074461 1.000000 0.000000
764.299377 0.000000
0.000000 0.000000 0.000000 0.000000
0.000000 1.962455
11 0.018443 1.733642 0.001000
0.487000 0.580000 0.780000 0.490000 1.250000 5.968800 0.650000 0.650000
230537.500000 100.000000 0.084000
1.073000 0.050000 0.116600
0.167364 0.089304 0.000497 0.000000
0.000000

0.000002 0.057800 0.891225
0.056682 0.006304 0.951598 5.229625 220.554794
0.000000 0.003146 0.015250 0.000000 0.000000 0.000000
0.000000 0.000004 0.000017
7.110700 1.000000 0.000000
764.299377 0.000000
0.000000 0.000000 0.000000 0.000000
0.000000 1.962211
11 0.018443 1.752085 0.001000
0.487000 0.580000 0.780000 0.490000 1.250000 5.968800 0.650000 0.650000
230537.500000 100.000000 0.084000
1.073000 0.050000 0.116600
0.167370 0.089301 0.000497 0.000000
0.000000

0.000002 0.057373 0.894908
0.056693 0.006305 0.951779 5.230363 220.564056
0.000000 0.003151 0.015247 0.000000 0.000000 0.000000
0.000000 0.000004 0.000017
7.146236 1.000000 0.000000
764.299377 0.000000
0.000000 0.000000 0.000000 0.000000
0.000000 1.962146
11 0.018443 1.770528 0.001000
0.487000 0.580000 0.780000 0.490000 1.250000 5.968800 0.650000 0.650000
230537.500000 100.000000 0.084000
1.073000 0.050000 0.116600
0.167396 0.089239 0.000497 0.000000
0.000000

0.000002 0.056988 0.894563
0.056688 0.006305 0.951733 5.229857 220.570084
0.000000 0.003143 0.015246 0.000000 0.000000 0.000000
0.000000 0.000004 0.000018
7.181082 1.000000 0.000000
764.299377 0.000000
0.000000 0.000000 0.000000 0.000000
0.000000 1.961984
11 0.018443 1.788971 0.001000
0.487000 0.580000 0.780000 0.490000 1.250000 5.968800 0.650000 0.650000
230537.500000 100.000000 0.084000
1.073000 0.050000 0.116600
0.167404 0.089267 0.000497 0.000000
0.000000

0.000001 0.056640 0.893883
0.056683 0.006304 0.951675 5.229277 220.575943
0.000000 0.003100 0.015121 0.000000 0.000000 0.000000
0.000000 0.000004 0.000018
7.215243 1.000000 0.000000
764.299377 0.000000
0.000000 0.000000 0.000000 0.000000
0.000000 1.961830
11 0.018443 1.807414 0.001000
0.487000 0.580000 0.780000 0.490000 1.250000 5.968800 0.650000 0.650000
230537.500000 100.000000 0.084000
1.073000 0.050000 0.116600
0.167409 0.089339 0.000498 0.000000
0.000000

0.000001 0.056328 0.893350
0.056679 0.006303 0.951630 5.228788 220.581909
0.000000 0.003062 0.015045 0.000000 0.000000 0.000000
0.000000 0.000004 0.000018
7.248729 1.000000 0.000000
764.299377 0.000000
0.000000 0.000000 0.000000 0.000000
0.000000 1.961711
11 0.018443 1.825857 0.001000
0.487000 0.580000 0.780000 0.490000 1.250000 5.968800 0.650000 0.650000
230537.500000 100.000000 0.084000
1.073000 0.050000 0.116600
0.167413 0.089303 0.000497 0.000000
0.000000

0.000001 0.056046 0.892961
0.056675 0.006303 0.951593 5.228343 220.587082
0.000000 0.003060 0.015051 0.000000 0.000000 0.000000
0.000000 0.000004 0.000018
7.281549 1.000000 0.000000
764.299377 0.000000
0.000000 0.000000 0.000000 0.000000
0.000000 1.961606
11 0.018443 1.844300 0.001000
0.487000 0.580000 0.780000 0.490000 1.250000 5.968800 0.650000 0.650000
230537.500000 100.000000 0.084000
1.073000 0.050000 0.116600
0.167418 0.089319 0.000497 0.000000
0.000000

0.000001 0.055792 0.892758
0.056672 0.006303 0.951571 5.227978 220.592560
0.000000 0.003042 0.014968 0.000000 0.000000 0.000000
0.000000 0.000003 0.000018
7.313710 1.000000 0.000000
764.299377 0.000000
0.000000 0.000000 0.000000 0.000000
0.000000 1.961536
11 0.018443 1.862743 0.001000
0.487000 0.580000 0.780000 0.490000 1.250000 5.968800 0.650000 0.650000
230537.500000 100.000000 0.084000
1.073000 0.050000 0.116600
0.167425 0.089310 0.000497 0.000000
0.000000

0.000001 0.055566 0.892807
0.056670 0.006303 0.951567 5.227724 220.597931
0.000000 0.003021 0.014936 0.000000 0.000000 0.000000
0.000000 0.000003 0.000019
7.345220 1.000000 0.000000
764.299377 0.000000
0.000000 0.000000 0.000000 0.000000
0.000000 1.961488
11 0.018443 1.881186 0.001000
0.487000 0.580000 0.780000 0.490000 1.250000 5.968800 0.650000 0.650000
230537.500000 100.000000 0.084000
1.073000 0.050000 0.116600
0.167428 0.089298 0.000497 0.000000
0.000000

0.000001 0.055363 0.892766
0.056669 0.006302 0.951568 5.227479 220.603149
0.000000 0.003034 0.014962 0.000000 0.000000 0.000000
0.000000 0.000003 0.000019
7.376085 1.000000 0.000000
764.299377 0.000000
0.000000 0.000000 0.000000 0.000000
0.000000 1.961464
11 0.018443 1.899629 0.001000
0.487000 0.580000 0.780000 0.490000 1.250000 5.968800 0.650000 0.650000
230537.500000 100.000000 0.084000
1.073000 0.050000 0.116600
0.167436 0.089312 0.000497 0.000000
0.000000

0.000001 0.055182 0.892824
0.056667 0.006302 0.951565 5.227239 220.608490
0.000000 0.003018 0.014905 0.000000 0.000000 0.000000
0.000000 0.000003 0.000019
7.406312 1.000000 0.000000
764.299377 0.000000
0.000000 0.000000 0.000000 0.000000
0.000000 1.961463
11 0.018443 1.918072 0.001000
0.487000 0.580000 0.780000 0.490000 1.250000 5.968800 0.650000 0.650000
230537.500000 100.000000 0.084000
1.073000 0.050000 0.116600
0.167440 0.089327 0.000497 0.000000
0.000000

0.000001 0.055022 0.892966
0.056666 0.006302 0.951571 5.227049 220.614029
0.000000 0.002982 0.014810 0.000000 0.000000 0.000000
0.000000 0.000003 0.000019
7.435908 1.000000 0.000000
764.299377 0.000000
0.000000 0.000000 0.000000 0.000000
0.000000 1.961469
11 0.018443 1.936515 0.001000
0.487000 0.580000 0.780000 0.490000 1.250000 5.968800 0.650000 0.650000
230537.500000 100.000000 0.084000
1.073000 0.050000 0.116600
0.167445 0.089342 0.000498 0.000000
0.000000

0.000001 0.054879 0.893194
0.056666 0.006302 0.951590 5.226923 220.618530
0.000000 0.002946 0.014717 0.000000 0.000000 0.000000
0.000000 0.000003 0.000019
7.464879 1.000000 0.000000
764.299377 0.000000
0.000000 0.000000 0.000000 0.000000
0.000000 1.961520
11 0.018443 1.954958 0.001000
0.487000 0.580000 0.780000 0.490000 1.250000 5.968800 0.650000 0.650000
230537.500000 100.000000 0.084000
1.073000 0.050000 0.116600
0.167449 0.089373 0.000498 0.000000
0.000000

0.000001 0.054752 0.894028
0.056668 0.006302 0.951641 5.226974 220.624664
0.000000 0.002951 0.014720 0.000000 0.000000 0.000000
0.000000 0.000003 0.000020
7.493229 1.000000 0.000000
764.299377 0.000000
0.000000 0.000000 0.000000 0.000000
0.000000 1.961588
11 0.018443 1.973401 0.001000
0.487000 0.580000 0.780000 0.490000 1.250000 5.968800 0.650000 0.650000
230537.500000 100.000000 0.084000
1.073000 0.050000 0.116600
0.167457 0.089332 0.000497 0.000000
0.000000

0.000001 0.053611 0.889569
0.056639 0.006299 0.951238 5.224523 220.630539
0.000000 0.003208 0.014731 0.000000 0.000000 0.000000
0.000000 0.000004 0.000019
7.520965 1.000000 0.000000
764.299377 0.000000
0.000000 0.000000 0.000000 0.000000
0.000000 1.961388
11 0.018443 1.991844 0.001000
0.487000 0.580000 0.780000 0.490000 1.250000 5.968800 0.650000 0.650000
230537.500000 100.000000 0.084000
1.073000 0.050000 0.116600
0.167463 0.089401 0.000498 0.000000
0.000000
1.000000
2.000000
0.321000 0.000000
0.000000
0
-0.866821
0 0
0.000000
1
0.000000
1.000000
1.000000
1.000000
0.000000 0.000000 0.000000
0.000000 0.000000
0.000000 0.000000 0.000000 0.000000 0.000000 0.000000 0.000000
0.000000 0.000000 0.000000 0.000000 0.000000 0.000000 0.000000
200
2.000000
1
C:\Input\Ohio1.spf
-1.000000 -1.000000
0.000000
47
47
7.999954
