11
Clay
0.580000 0.612000 0.084000 0.780000 0.530000 1.000000 0.000000 0.000000
1.020000 5.968800 1 0.028600 0.500000 0.050000 0.010000 0.027000 0.963000
0.000000 0.018443 2.000000 188118.593750 100.000000 108
0.173500 2.523000 3.647700 0.000000 1
5.212900 5.212900 6.915800 5.000000 25.000000 100.000000
0.000000 0.000000 0.011353 0.000000 169.657547 258.786591
500.000000 0.000000 0.000000

0.000000 461.972382 919.694458
1.686444 0.187450 22.438032 137.846451 4440.842773
0.000000 0.023589 0.017103 0.904903 0.000000 0.000000
0.000001 0.000000 0.000000
-0.064871 0.000010 87.550591
764.299377 0.000000
0.823936 0.000000 0.000000 0.000000
0.000000 0.337647
11 0.018443 0.018443 0.028600
0.612000 0.580000 0.780000 0.530000 1.020000 5.968800 0.780000 0.780000
188118.593750 100.000000 0.084000
1.073000 0.050000 0.116600
3.316012 1.263379 0.000000 0.000000
0.000000

0.000000 11.931130 90.082054
0.996054 0.110712 17.660673 106.976761 4473.204102
0.000000 0.001158 0.009241 0.483956 0.000000 0.000000
0.000000 0.000000 0.000000
-0.031383 0.000010 87.550591
764.299377 0.000000
0.386808 0.000000 0.000000 0.000000
0.000000 0.203073
11 0.018443 0.036886 0.028600
0.612000 0.580000 0.780000 0.530000 1.020000 5.968800 0.780000 0.780000
188118.593750 100.000000 0.084000
1.073000 0.050000 0.116600
3.344833 1.436804 0.000000 0.000000
0.000000

0.000000 8.514308 77.539589
0.997371 0.110856 17.681187 106.307793 4473.683594
0.000000 0.000661 0.005792 0.295544 0.000000 0.000000
0.000000 0.000000 0.000000
-0.006297 0.000010 87.550591
764.299377 0.000000
0.421457 0.000000 0.000000 0.000000
0.000000 0.218429
11 0.018443 0.055329 0.028600
0.612000 0.580000 0.780000 0.530000 1.020000 5.968800 0.780000 0.780000
188118.593750 100.000000 0.084000
1.073000 0.050000 0.116600
3.347565 1.559508 0.000000 0.000000
0.000000

0.000000 7.772033 71.291229
1.004036 0.111595 17.713840 105.972404 4474.052734
0.000000 0.000353 0.027794 0.153517 0.000000 0.000000
0.000000 0.000000 0.000000
0.000000 0.062864 80.455109
764.299377 0.000000
0.361643 0.000000 0.000000 0.000000
0.000000 0.224922
11 0.018443 0.073772 0.028600
0.612000 0.580000 0.780000 0.530000 1.020000 5.968800 0.780000 0.780000
188118.593750 100.000000 0.084000
1.073000 0.050000 0.116600
3.349246 1.647754 0.000888 0.000000
0.000000

0.000000 7.077096 65.523674
1.012251 0.112508 17.733873 105.698746 4474.289551
0.000000 0.000143 0.025638 0.076758 0.000000 0.000000
0.000000 0.000000 0.000000
0.000000 0.151443 70.457001
764.299377 0.000000
0.261631 0.000000 0.000000 0.000000
0.000000 0.249032
11 0.018443 0.092215 0.028600
0.612000 0.580000 0.780000 0.530000 1.020000 5.968800 0.780000 0.780000
188118.593750 100.000000 0.084000
1.073000 0.050000 0.116600
3.350267 1.692234 0.002197 0.000000
0.000000

0.000000 6.471109 87.374474
1.017246 0.113064 17.676111 104.896812 4474.627441
0.000000 0.000017 0.023290 0.038379 0.000000 0.000000
0.000000 0.000000 0.000000
0.000000 0.246988 59.672752
764.299377 0.000000
0.205860 0.000000 0.000000 0.000000
0.000000 0.299258
11 0.018443 0.110658 0.028600
0.612000 0.580000 0.780000 0.530000 1.020000 5.968800 0.780000 0.780000
188118.593750 100.000000 0.084000
1.073000 0.050000 0.116600
3.351232 1.713760 0.003628 0.000000
0.000000

0.000000 6.127737 81.837044
1.025050 0.115372 17.808456 104.510231 4475.355957
0.000000 0.000000 0.020673 0.019190 0.000000 0.000000
0.000000 0.000000 0.000000
0.000000 0.306680 34.147987
764.299377 0.000000
0.156100 0.000000 0.000000 0.000000
0.000000 0.365831
11 0.018443 0.129101 0.018000
0.547000 0.580000 0.780000 0.490000 1.150000 5.968800 0.650000 0.650000
212094.484375 100.000000 0.084000
1.073000 0.050000 0.116600
3.353155 1.842743 0.003840 0.000000
0.000000

0.000000 5.575491 76.447098
1.036212 0.116573 17.892067 104.271767 4475.860352
0.000000 0.000000 0.018220 0.009595 0.000000 0.000000
0.000000 0.000000 0.000000
0.000000 0.418212 22.896240
764.299377 0.000000
0.119635 0.000000 0.000000 0.000000
0.000000 0.460646
11 0.018443 0.147544 0.018000
0.547000 0.580000 0.780000 0.490000 1.150000 5.968800 0.650000 0.650000
212094.484375 100.000000 0.084000
1.073000 0.050000 0.116600
3.353928 1.821332 0.005176 0.000000
0.000000

0.000000 9.160567 71.425049
1.038039 0.116735 17.805044 103.608109 4475.976562
0.000000 0.000000 0.015104 0.004797 0.000000 0.000000
0.000000 0.000000 0.000000
0.000000 0.535027 11.111584
764.299377 0.000000
0.093801 0.000000 0.000000 0.000000
0.000000 0.574706
11 0.018443 0.165987 0.018000
0.547000 0.580000 0.780000 0.490000 1.150000 5.968800 0.650000 0.650000
212094.484375 100.000000 0.084000
1.073000 0.050000 0.116600
3.354684 1.810771 0.006583 0.000000
0.000000

0.000000 8.544116 67.024162
1.054622 0.118288 17.859436 103.758492 4476.248535
0.000000 0.000000 0.011899 0.002399 0.000000 0.000000
0.000000 0.000000 0.000000
0.246333 0.645170 0.000000
764.299377 0.000000
0.069902 0.000000 0.000000 0.000000
0.000000 0.698133
11 0.018443 0.184430 0.018000
0.547000 0.580000 0.780000 0.490000 1.150000 5.968800 0.650000 0.650000
212094.484375 100.000000 0.084000
1.073000 0.050000 0.116600
3.359520 1.784545 0.007823 0.000000
0.000000

0.000000 10.445871 63.664448
1.081125 0.121203 17.897118 105.555977 4475.874512
0.000000 0.000000 0.009887 0.001199 0.000000 0.000000
0.000000 0.000000 0.000000
0.296315 0.650000 0.000000
764.299377 0.000000
0.066981 0.000000 0.000000 0.000000
0.000000 0.830273
11 0.018443 0.202873 0.018000
0.547000 0.580000 0.780000 0.490000 1.150000 5.968800 0.650000 0.650000
212094.484375 100.000000 0.084000
1.073000 0.050000 0.116600
3.392093 1.714975 0.007575 0.000000
0.000000

0.000000 6.418233 53.234436
0.495328 0.055056 7.971481 46.965130 1912.811279
0.000000 0.000183 0.003708 0.000600 0.000000 0.000000
0.000000 0.000000 0.000002
0.351517 0.650000 0.000000
764.299377 0.000000
0.018080 0.000000 0.000000 0.000000
0.000000 0.981031
11 0.018443 0.221316 0.009000
0.527000 0.580000 0.780000 0.490000 1.200000 5.968800 0.650000 0.650000
221316.000000 100.000000 0.084000
1.073000 0.050000 0.116600
1.467898 0.929594 0.003795 0.000000
0.000000

0.000000 5.847687 49.707851
0.498468 0.055407 7.966242 46.890751 1912.869751
0.000000 0.000000 0.002106 0.000300 0.000000 0.000000
0.000000 0.000000 0.000000
0.410490 0.650000 0.000000
764.299377 0.000000
0.012653 0.000000 0.000000 0.000000
0.000000 1.108459
11 0.018443 0.239759 0.009000
0.527000 0.580000 0.780000 0.490000 1.200000 5.968800 0.650000 0.650000
221316.000000 100.000000 0.084000
1.073000 0.050000 0.116600
1.467996 0.861576 0.003523 0.000000
0.000000

0.000000 5.332958 46.534645
0.500361 0.055618 7.958161 46.807655 1912.925293
0.000000 0.000000 0.001057 0.000150 0.000000 0.000000
0.000000 0.000000 0.000000
0.471171 0.650000 0.000000
764.299377 0.000000
0.007315 0.000000 0.000000 0.000000
0.000000 1.210068
11 0.018443 0.258202 0.009000
0.527000 0.580000 0.780000 0.490000 1.200000 5.968800 0.650000 0.650000
221316.000000 100.000000 0.084000
1.073000 0.050000 0.116600
1.468087 0.816378 0.003343 0.000000
0.000000

0.000000 4.866025 43.639767
0.504156 0.056040 7.952112 46.731342 1912.989624
0.000000 0.000000 0.000058 0.000075 0.000000 0.000000
0.000000 0.000000 0.000000
0.532752 0.650000 0.000000
764.299377 0.000000
0.000000 0.000000 0.000000 0.000000
0.000000 1.278977
11 0.018443 0.276645 0.009000
0.527000 0.580000 0.780000 0.490000 1.200000 5.968800 0.650000 0.650000
221316.000000 100.000000 0.084000
1.073000 0.050000 0.116600
1.468178 0.785328 0.003219 0.000000
0.000000

0.000000 4.433726 40.995113
0.502705 0.055885 7.946126 46.662407 1913.043091
0.000000 0.000000 0.000059 0.000037 0.000000 0.000000
0.000000 0.000000 0.000000
0.593022 0.650000 0.000000
764.299377 0.000000
0.000000 0.000000 0.000000 0.000000
0.000000 1.313936
11 0.018443 0.295088 0.009000
0.527000 0.580000 0.780000 0.490000 1.200000 5.968800 0.650000 0.650000
221316.000000 100.000000 0.084000
1.073000 0.050000 0.116600
1.468237 0.764729 0.003134 0.000000
0.000000

0.000000 4.043380 38.582306
0.502362 0.055847 7.940836 46.595810 1913.082886
0.000000 0.000000 0.000058 0.000019 0.000000 0.000000
0.000000 0.000000 0.000001
0.654956 0.650000 0.000000
764.299377 0.000000
0.000000 0.000000 0.000000 0.000000
0.000000 1.323862
11 0.018443 0.313531 0.009000
0.527000 0.580000 0.780000 0.490000 1.200000 5.968800 0.650000 0.650000
221316.000000 100.000000 0.084000
1.073000 0.050000 0.116600
1.468285 0.750357 0.003075 0.000000
0.000000

0.000000 3.691992 33.225826
0.388359 0.043173 6.085327 35.676987 1461.398438
0.000000 0.000000 0.000030 0.000009 0.000000 0.000000
0.000000 0.000000 0.000001
0.719325 0.650000 0.000000
764.299377 0.000000
0.000000 0.000000 0.000000 0.000000
0.000000 1.319227
11 0.018443 0.331974 0.006600
0.497000 0.580000 0.780000 0.490000 1.250000 5.968800 0.650000 0.650000
230537.500000 100.000000 0.084000
1.073000 0.050000 0.116600
1.121665 0.610238 0.002262 0.000000
0.000000

0.000000 3.364557 31.200577
0.389092 0.043255 6.080458 35.630276 1461.441406
0.000000 0.000108 0.000564 0.000005 0.000000 0.000000
0.000000 0.000000 0.000007
0.786110 0.650000 0.000000
764.299377 0.000000
0.000000 0.000000 0.000000 0.000000
0.000000 1.305425
11 0.018443 0.350417 0.006600
0.497000 0.580000 0.780000 0.490000 1.250000 5.968800 0.650000 0.650000
230537.500000 100.000000 0.084000
1.073000 0.050000 0.116600
1.121718 0.592620 0.002196 0.000000
0.000000

0.000000 3.067166 29.379593
0.387977 0.043131 6.073547 35.579502 1461.475098
0.000000 0.000385 0.001230 0.000002 0.000000 0.000000
0.000000 0.000000 0.000007
0.854355 0.650000 0.000000
764.299377 0.000000
0.000000 0.000000 0.000000 0.000000
0.000000 1.291755
11 0.018443 0.368860 0.006600
0.497000 0.580000 0.780000 0.490000 1.250000 5.968800 0.650000 0.650000
230537.500000 100.000000 0.084000
1.073000 0.050000 0.116600
1.121748 0.581005 0.002153 0.000000
0.000000

0.000000 2.795320 27.723270
0.387133 0.043038 6.068506 35.532551 1461.493896
0.000000 0.000819 0.001885 0.000001 0.000000 0.000000
0.000000 0.000000 0.000008
0.923975 0.650000 0.000000
764.299377 0.000000
0.000000 0.000000 0.000000 0.000000
0.000000 1.288072
11 0.018443 0.387303 0.006600
0.497000 0.580000 0.780000 0.490000 1.250000 5.968800 0.650000 0.650000
230537.500000 100.000000 0.084000
1.073000 0.050000 0.116600
1.121789 0.572820 0.002122 0.000000
0.000000

0.000000 2.547953 26.214088
0.386367 0.042953 6.063975 35.489140 1461.531128
0.000000 0.001394 0.002444 0.000001 0.000000 0.000000
0.000000 0.000000 0.000009
0.994880 0.650000 0.000000
764.299377 0.000000
0.000000 0.000000 0.000000 0.000000
0.000000 1.296189
11 0.018443 0.405746 0.006600
0.497000 0.580000 0.780000 0.490000 1.250000 5.968800 0.650000 0.650000
230537.500000 100.000000 0.084000
1.073000 0.050000 0.116600
1.121825 0.567161 0.002101 0.000000
0.000000

0.000000 2.322477 19.626766
0.197703 0.021979 3.062132 17.914509 730.770142
0.000000 0.001706 0.001904 0.000000 0.000000 0.000000
0.000000 0.000001 0.000003
1.067315 0.650000 0.000000
764.299377 0.000000
0.000000 0.000000 0.000000 0.000000
0.000000 1.312668
11 0.018443 0.424189 0.003300
0.487000 0.580000 0.780000 0.490000 1.250000 5.968800 0.650000 0.650000
230537.500000 100.000000 0.084000
1.073000 0.050000 0.116600
0.560927 0.329456 0.001194 0.000000
0.000000

0.000000 2.117460 18.350922
0.197175 0.021921 3.058202 17.883862 730.787598
0.000000 0.002115 0.002030 0.000000 0.000000 0.000000
0.000000 0.000002 0.000003
1.141186 0.650000 0.000000
764.299377 0.000000
0.000000 0.000000 0.000000 0.000000
0.000000 1.335511
11 0.018443 0.442632 0.003300
0.487000 0.580000 0.780000 0.490000 1.250000 5.968800 0.650000 0.650000
230537.500000 100.000000 0.084000
1.073000 0.050000 0.116600
0.560942 0.312140 0.001131 0.000000
0.000000

0.000000 1.929931 17.194605
0.196654 0.021864 3.054345 17.853752 730.791443
0.000000 0.002487 0.002305 0.000000 0.000000 0.000000
0.000000 0.000002 0.000003
1.216067 0.650000 0.000000
764.299377 0.000000
0.000000 0.000000 0.000000 0.000000
0.000000 1.357920
11 0.018443 0.461075 0.003300
0.487000 0.580000 0.780000 0.490000 1.250000 5.968800 0.650000 0.650000
230537.500000 100.000000 0.084000
1.073000 0.050000 0.116600
0.560956 0.301176 0.001092 0.000000
0.000000

0.000000 1.758917 16.144798
0.196143 0.021807 3.050382 17.824533 730.807129
0.000000 0.002794 0.002691 0.000000 0.000000 0.000000
0.000000 0.000003 0.000003
1.291872 0.650000 0.000000
764.299377 0.000000
0.000000 0.000000 0.000000 0.000000
0.000000 1.374625
11 0.018443 0.479518 0.003300
0.487000 0.580000 0.780000 0.490000 1.250000 5.968800 0.650000 0.650000
230537.500000 100.000000 0.084000
1.073000 0.050000 0.116600
0.560965 0.293867 0.001065 0.000000
0.000000

0.000000 1.603055 15.188788
0.195664 0.021755 3.046882 17.797815 730.809692
0.000000 0.003021 0.003253 0.000000 0.000000 0.000000
0.000000 0.000003 0.000003
1.368510 0.650000 0.000000
764.299377 0.000000
0.000000 0.000000 0.000000 0.000000
0.000000 1.381726
11 0.018443 0.497961 0.003300
0.487000 0.580000 0.780000 0.490000 1.250000 5.968800 0.650000 0.650000
230537.500000 100.000000 0.084000
1.073000 0.050000 0.116600
0.560977 0.288865 0.001047 0.000000
0.000000

0.000000 1.461861 14.319062
0.195206 0.021704 3.043728 17.772169 730.827271
0.000000 0.003111 0.003484 0.000000 0.000000 0.000000
0.000000 0.000003 0.000004
1.445894 0.650000 0.000000
764.299377 0.000000
0.000000 0.000000 0.000000 0.000000
0.000000 1.377245
11 0.018443 0.516404 0.003300
0.487000 0.580000 0.780000 0.490000 1.250000 5.968800 0.650000 0.650000
230537.500000 100.000000 0.084000
1.073000 0.050000 0.116600
0.560993 0.285384 0.001034 0.000000
0.000000

0.000000 1.336307 10.005527
0.063041 0.007009 0.940169 5.485894 221.464783
0.000000 0.002693 0.001214 0.000000 0.000000 0.000000
0.000000 0.000002 0.000001
1.523939 0.650000 0.000000
764.299377 0.000000
0.000000 0.000000 0.000000 0.000000
0.000000 1.358921
11 0.018443 0.534847 0.001000
0.487000 0.580000 0.780000 0.490000 1.250000 5.968800 0.650000 0.650000
230537.500000 100.000000 0.084000
1.073000 0.050000 0.116600
0.170003 0.118044 0.000427 0.000000
0.000000

0.000000 1.217924 9.255786
0.062684 0.006970 0.938286 5.473610 221.465652
0.000000 0.002451 0.001429 0.000000 0.000000 0.000000
0.000000 0.000002 0.000001
1.602558 0.650000 0.000000
764.299377 0.000000
0.000000 0.000000 0.000000 0.000000
0.000000 1.330871
11 0.018443 0.553290 0.001000
0.487000 0.580000 0.780000 0.490000 1.250000 5.968800 0.650000 0.650000
230537.500000 100.000000 0.084000
1.073000 0.050000 0.116600
0.170005 0.106922 0.000387 0.000000
0.000000

0.000000 1.110043 8.573109
0.062344 0.006932 0.936472 5.462075 221.469131
0.000000 0.002228 0.001717 0.000000 0.000000 0.000000
0.000000 0.000002 0.000001
1.681669 0.650000 0.000000
764.299377 0.000000
0.000000 0.000000 0.000000 0.000000
0.000000 1.293550
11 0.018443 0.571733 0.001000
0.487000 0.580000 0.780000 0.490000 1.250000 5.968800 0.650000 0.650000
230537.500000 100.000000 0.084000
1.073000 0.050000 0.116600
0.170008 0.099563 0.000360 0.000000
0.000000

0.000000 1.012401 7.952102
0.062018 0.006896 0.934826 5.450834 221.470688
0.000000 0.002073 0.001952 0.000000 0.000000 0.000000
0.000000 0.000002 0.000001
1.761191 0.650000 0.000000
764.299377 0.000000
0.000000 0.000000 0.000000 0.000000
0.000000 1.248820
11 0.018443 0.590176 0.001000
0.487000 0.580000 0.780000 0.490000 1.250000 5.968800 0.650000 0.650000
230537.500000 100.000000 0.084000
1.073000 0.050000 0.116600
0.170011 0.094550 0.000342 0.000000
0.000000

0.000000 0.923153 7.398223
0.061673 0.006858 0.932597 5.436444 221.473129
0.000000 0.002010 0.002110 0.000000 0.000000 0.000000
0.000000 0.000002 0.000001
1.841044 0.650000 0.000000
764.299377 0.000000
0.000000 0.000000 0.000000 0.000000
0.000000 1.198346
11 0.018443 0.608619 0.001000
0.487000 0.580000 0.780000 0.490000 1.250000 5.968800 0.650000 0.650000
230537.500000 100.000000 0.084000
1.073000 0.050000 0.116600
0.170014 0.091139 0.000330 0.000000
0.000000

0.000000 0.842073 6.889203
0.061363 0.006824 0.930839 5.424549 221.475876
0.000000 0.002070 0.002295 0.000000 0.000000 0.000000
0.000000 0.000002 0.000001
1.921153 0.650000 0.000000
764.299377 0.000000
0.000000 0.000000 0.000000 0.000000
0.000000 1.143598
11 0.018443 0.627062 0.001000
0.487000 0.580000 0.780000 0.490000 1.250000 5.968800 0.650000 0.650000
230537.500000 100.000000 0.084000
1.073000 0.050000 0.116600
0.170018 0.089117 0.000323 0.000000
0.000000

0.000000 0.767503 6.415507
0.061107 0.006795 0.930016 5.417064 221.476776
0.000000 0.002286 0.002560 0.000000 0.000000 0.000000
0.000000 0.000002 0.000001
2.001444 0.650000 0.000000
764.299377 0.000000
0.000000 0.000000 0.000000 0.000000
0.000000 1.086017
11 0.018443 0.645505 0.001000
0.487000 0.580000 0.780000 0.490000 1.250000 5.968800 0.650000 0.650000
230537.500000 100.000000 0.084000
1.073000 0.050000 0.116600
0.170020 0.088661 0.000321 0.000000
0.000000

0.000000 0.699542 5.982658
0.060869 0.006769 0.929149 5.410487 221.480835
0.000000 0.002683 0.002859 0.000000 0.000000 0.000000
0.000000 0.000002 0.000001
2.081845 0.650000 0.000000
764.299377 0.000000
0.000000 0.000000 0.000000 0.000000
0.000000 1.027248
11 0.018443 0.663948 0.001000
0.487000 0.580000 0.780000 0.490000 1.250000 5.968800 0.650000 0.650000
230537.500000 100.000000 0.084000
1.073000 0.050000 0.116600
0.170023 0.087317 0.000316 0.000000
0.000000

0.000000 0.637605 5.588492
0.060644 0.006744 0.928238 5.404340 221.481415
0.000000 0.003276 0.003112 0.000000 0.000000 0.000000
0.000000 0.000002 0.000001
2.162287 0.650000 0.000000
764.299377 0.000000
0.000000 0.000000 0.000000 0.000000
0.000000 0.969300
11 0.018443 0.682391 0.001000
0.487000 0.580000 0.780000 0.490000 1.250000 5.968800 0.650000 0.650000
230537.500000 100.000000 0.084000
1.073000 0.050000 0.116600
0.170024 0.087103 0.000315 0.000000
0.000000

0.000000 0.581162 5.231002
0.060433 0.006721 0.927809 5.398187 221.483429
0.000000 0.004071 0.003258 0.000000 0.000000 0.000000
0.000000 0.000002 0.000001
2.242706 0.650000 0.000000
764.299377 0.000000
0.000000 0.000000 0.000000 0.000000
0.000000 0.914533
11 0.018443 0.700834 0.001000
0.487000 0.580000 0.780000 0.490000 1.250000 5.968800 0.650000 0.650000
230537.500000 100.000000 0.084000
1.073000 0.050000 0.116600
0.170028 0.086207 0.000312 0.000000
0.000000

0.000000 0.529790 4.904130
0.060236 0.006699 0.927007 5.392805 221.486252
0.000000 0.005008 0.002813 0.000000 0.000000 0.000000
0.000000 0.000003 0.000001
2.323038 0.650000 0.000000
764.299377 0.000000
0.000000 0.000000 0.000000 0.000000
0.000000 0.865427
11 0.018443 0.719277 0.001000
0.487000 0.580000 0.780000 0.490000 1.250000 5.968800 0.650000 0.650000
230537.500000 100.000000 0.084000
1.073000 0.050000 0.116600
0.170031 0.086404 0.000313 0.000000
0.000000

0.000000 0.485888 4.639895
0.059950 0.006667 0.925242 5.375699 221.488754
0.000000 0.005967 0.001412 0.000000 0.000000 0.000000
0.000000 0.000003 0.000000
2.403224 0.650000 0.000000
764.299377 0.000000
0.000000 0.000000 0.000000 0.000000
0.000000 0.824251
11 0.018443 0.737720 0.001000
0.487000 0.580000 0.780000 0.490000 1.250000 5.968800 0.650000 0.650000
230537.500000 100.000000 0.084000
1.073000 0.050000 0.116600
0.170040 0.086933 0.000315 0.000000
0.000000

0.000000 0.442984 4.366343
0.059791 0.006650 0.925039 5.372115 221.491699
0.000000 0.006977 0.001293 0.000000 0.000000 0.000000
0.000000 0.000002 0.000000
2.483208 0.650000 0.000000
764.299377 0.000000
0.000000 0.000000 0.000000 0.000000
0.000000 0.792607
11 0.018443 0.756163 0.001000
0.487000 0.580000 0.780000 0.490000 1.250000 5.968800 0.650000 0.650000
230537.500000 100.000000 0.084000
1.073000 0.050000 0.116600
0.170045 0.086929 0.000315 0.000000
0.000000

0.000000 0.404163 4.121017
0.059634 0.006632 0.925144 5.367352 221.495010
0.000000 0.007790 0.001017 0.000000 0.000000 0.000000
0.000000 0.000002 0.000000
2.562937 0.650000 0.000000
764.299377 0.000000
0.000000 0.000000 0.000000 0.000000
0.000000 0.771491
11 0.018443 0.774606 0.001000
0.487000 0.580000 0.780000 0.490000 1.250000 5.968800 0.650000 0.650000
230537.500000 100.000000 0.084000
1.073000 0.050000 0.116600
0.170054 0.087551 0.000317 0.000000
0.000000

0.000000 0.368393 3.900498
0.059496 0.006617 0.926007 5.362920 221.497223
0.000000 0.008325 0.001258 0.000000 0.000000 0.000000
0.000000 0.000002 0.000000
2.642359 0.650000 0.000000
764.299377 0.000000
0.000000 0.000000 0.000000 0.000000
0.000000 0.761284
11 0.018443 0.793049 0.001000
0.487000 0.580000 0.780000 0.490000 1.250000 5.968800 0.650000 0.650000
230537.500000 100.000000 0.084000
1.073000 0.050000 0.116600
0.170072 0.088624 0.000321 0.000000
0.000000

0.000000 0.335792 3.706866
0.059343 0.006600 0.925827 5.356697 221.503464
0.000000 0.008570 0.002228 0.000000 0.000000 0.000000
0.000000 0.000002 0.000000
2.721430 0.650000 0.000000
764.299377 0.000000
0.000000 0.000000 0.000000 0.000000
0.000000 0.762156
11 0.018443 0.811492 0.001000
0.487000 0.580000 0.780000 0.490000 1.250000 5.968800 0.650000 0.650000
230537.500000 100.000000 0.084000
1.073000 0.050000 0.116600
0.170089 0.089258 0.000323 0.000000
0.000000

0.000000 0.306081 3.536172
0.059203 0.006585 0.926150 5.350354 221.513748
0.000000 0.009166 0.008969 0.000000 0.000000 0.000000
0.000000 0.000002 0.000000
2.800103 0.650000 0.000000
764.299377 0.000000
0.000000 0.000000 0.000000 0.000000
0.000000 0.777668
11 0.018443 0.829935 0.001000
0.487000 0.580000 0.780000 0.490000 1.250000 5.968800 0.650000 0.650000
230537.500000 100.000000 0.084000
1.073000 0.050000 0.116600
0.170117 0.089122 0.000323 0.000000
0.000000

0.000000 0.279001 3.392701
0.059075 0.006571 0.927590 5.342905 221.531998
0.000000 0.084169 0.021493 0.000000 0.000000 0.000000
0.000000 0.000000 0.000000
2.878340 0.650000 0.000000
764.299377 0.000000
0.000000 0.000000 0.000000 0.000000
0.000000 0.823320
11 0.018443 0.848378 0.001000
0.487000 0.580000 0.780000 0.490000 1.250000 5.968800 0.650000 0.650000
230537.500000 100.000000 0.084000
1.073000 0.050000 0.116600
0.170170 0.089309 0.000323 0.000000
0.000000

0.000000 0.254319 3.391357
0.058955 0.006557 0.937508 5.320514 221.664688
0.000000 0.370110 0.021476 0.000000 0.000000 0.000000
0.000000 0.000000 0.000000
2.956101 0.650000 0.000000
764.299377 0.000000
0.000000 0.000000 0.000000 0.000000
0.000000 0.913595
11 0.018443 0.866821 0.001000
0.487000 0.580000 0.780000 0.490000 1.250000 5.968800 0.650000 0.650000
230537.500000 100.000000 0.084000
1.073000 0.050000 0.116600
0.170498 0.085880 0.000311 0.000000
0.000000

0.000000 0.231824 3.269634
0.058843 0.006545 0.939599 5.312990 221.683365
0.000000 0.904013 0.019580 0.000000 0.000000 0.000000
0.000000 0.000000 0.000000
3.033353 0.650000 0.000000
764.299377 0.000000
0.000000 0.000000 0.000000 0.000000
0.000000 1.037352
11 0.018443 0.885264 0.001000
0.487000 0.580000 0.780000 0.490000 1.250000 5.968800 0.650000 0.650000
230537.500000 100.000000 0.084000
1.073000 0.050000 0.116600
0.170533 0.085822 0.000311 0.000000
0.000000

0.000000 0.211596 3.148889
0.058740 0.006534 0.939849 5.308163 221.687576
0.000000 1.528406 0.016397 0.000000 0.000000 0.000000
0.000000 0.000000 0.000000
3.110063 0.650000 0.000000
764.299377 0.000000
0.000000 0.000000 0.000000 0.000000
0.000000 1.159374
11 0.018443 0.903707 0.001000
0.487000 0.580000 0.780000 0.490000 1.250000 5.968800 0.650000 0.650000
230537.500000 100.000000 0.084000
1.073000 0.050000 0.116600
0.170544 0.085807 0.000311 0.000000
0.000000

0.000000 0.192973 3.035126
0.058647 0.006524 0.939588 5.304676 221.689224
0.000000 1.993845 0.014792 0.000000 0.000000 0.000000
0.000000 0.000000 0.000000
3.186202 0.650000 0.000000
764.299377 0.000000
0.000000 0.000000 0.000000 0.000000
0.000000 1.246089
11 0.018443 0.922150 0.001000
0.487000 0.580000 0.780000 0.490000 1.250000 5.968800 0.650000 0.650000
230537.500000 100.000000 0.084000
1.073000 0.050000 0.116600
0.170546 0.085886 0.000311 0.000000
0.000000

0.000000 0.175907 2.931214
0.058563 0.006514 0.939388 5.301538 221.691116
0.000000 2.144210 0.014889 0.000000 0.000000 0.000000
0.000000 0.000000 0.000000
3.261745 0.650000 0.000000
764.299377 0.000000
0.000000 0.000000 0.000000 0.000000
0.000000 1.287139
11 0.018443 0.940593 0.001000
0.487000 0.580000 0.780000 0.490000 1.250000 5.968800 0.650000 0.650000
230537.500000 100.000000 0.084000
1.073000 0.050000 0.116600
0.170549 0.085839 0.000311 0.000000
0.000000

0.000000 0.160352 2.836615
0.058486 0.006506 0.939207 5.298656 221.693237
0.000000 1.996485 0.014983 0.000000 0.000000 0.000000
0.000000 0.000000 0.000000
3.336667 0.650000 0.000000
764.299377 0.000000
0.000000 0.000000 0.000000 0.000000
0.000000 1.295445
11 0.018443 0.959036 0.001000
0.487000 0.580000 0.780000 0.490000 1.250000 5.968800 0.650000 0.650000
230537.500000 100.000000 0.084000
1.073000 0.050000 0.116600
0.170552 0.085847 0.000311 0.000000
0.000000

0.000000 0.146175 2.750197
0.058415 0.006498 0.939045 5.296023 221.694717
0.000000 1.682279 0.015184 0.000000 0.000000 0.000000
0.000000 0.000000 0.000000
3.410949 0.650000 0.000000
764.299377 0.000000
0.000000 0.000000 0.000000 0.000000
0.000000 1.292836
11 0.018443 0.977479 0.001000
0.487000 0.580000 0.780000 0.490000 1.250000 5.968800 0.650000 0.650000
230537.500000 100.000000 0.084000
1.073000 0.050000 0.116600
0.170554 0.085878 0.000311 0.000000
0.000000

0.000000 0.133287 2.671444
0.058351 0.006491 0.938889 5.293599 221.696106
0.000000 1.341449 0.015320 0.000000 0.000000 0.000000
0.000000 0.000000 0.000000
3.484571 0.650000 0.000000
764.299377 0.000000
0.000000 0.000000 0.000000 0.000000
0.000000 1.296339
11 0.018443 0.995922 0.001000
0.487000 0.580000 0.780000 0.490000 1.250000 5.968800 0.650000 0.650000
230537.500000 100.000000 0.084000
1.073000 0.050000 0.116600
0.170555 0.085869 0.000311 0.000000
0.000000

0.000000 0.121528 2.599659
0.058292 0.006485 0.938757 5.291374 221.697220
0.000000 1.061498 0.015417 0.000000 0.000000 0.000000
0.000000 0.000000 0.000000
3.557518 0.650000 0.000000
764.299377 0.000000
0.000000 0.000000 0.000000 0.000000
0.000000 1.314382
11 0.018443 1.014365 0.001000
0.487000 0.580000 0.780000 0.490000 1.250000 5.968800 0.650000 0.650000
230537.500000 100.000000 0.084000
1.073000 0.050000 0.116600
0.170557 0.085899 0.000311 0.000000
0.000000

0.000000 0.110786 2.534128
0.058239 0.006479 0.938635 5.289368 221.698914
0.000000 0.853428 0.015519 0.000000 0.000000 0.000000
0.000000 0.000000 0.000000
3.629776 0.650000 0.000000
764.299377 0.000000
0.000000 0.000000 0.000000 0.000000
0.000000 1.348035
11 0.018443 1.032808 0.001000
0.487000 0.580000 0.780000 0.490000 1.250000 5.968800 0.650000 0.650000
230537.500000 100.000000 0.084000
1.073000 0.050000 0.116600
0.170559 0.085939 0.000311 0.000000
0.000000

0.000000 0.100998 2.474516
0.058191 0.006474 0.938539 5.287498 221.700485
0.000000 0.728451 0.015723 0.000000 0.000000 0.000000
0.000000 0.000000 0.000000
3.701334 0.650000 0.000000
764.299377 0.000000
0.000000 0.000000 0.000000 0.000000
0.000000 1.395473
11 0.018443 1.051251 0.001000
0.487000 0.580000 0.780000 0.490000 1.250000 5.968800 0.650000 0.650000
230537.500000 100.000000 0.084000
1.073000 0.050000 0.116600
0.170560 0.085941 0.000311 0.000000
0.000000

0.000000 0.092142 2.420806
0.058147 0.006469 0.938541 5.285612 221.701904
0.000000 0.682318 0.015745 0.000000 0.000000 0.000000
0.000000 0.000000 0.000000
3.772182 0.650000 0.000000
764.299377 0.000000
0.000000 0.000000 0.000000 0.000000
0.000000 1.455486
11 0.018443 1.069694 0.001000
0.487000 0.580000 0.780000 0.490000 1.250000 5.968800 0.650000 0.650000
230537.500000 100.000000 0.084000
1.073000 0.050000 0.116600
0.170564 0.085906 0.000311 0.000000
0.000000

0.000000 0.083999 2.371278
0.058108 0.006465 0.938488 5.284041 221.703094
0.000000 0.561293 0.015847 0.000000 0.000000 0.000000
0.000000 0.000000 0.000000
3.842314 0.650000 0.000000
764.299377 0.000000
0.000000 0.000000 0.000000 0.000000
0.000000 1.523244
11 0.018443 1.088137 0.001000
0.487000 0.580000 0.780000 0.490000 1.250000 5.968800 0.650000 0.650000
230537.500000 100.000000 0.084000
1.073000 0.050000 0.116600
0.170565 0.085943 0.000311 0.000000
0.000000

0.000000 0.076577 2.326171
0.058073 0.006461 0.938455 5.282579 221.705093
0.000000 0.610066 0.015899 0.000000 0.000000 0.000000
0.000000 0.000000 0.000000
3.911724 0.650000 0.000000
764.299377 0.000000
0.000000 0.000000 0.000000 0.000000
0.000000 1.607026
11 0.018443 1.106580 0.001000
0.487000 0.580000 0.780000 0.490000 1.250000 5.968800 0.650000 0.650000
230537.500000 100.000000 0.084000
1.073000 0.050000 0.116600
0.170565 0.085982 0.000311 0.000000
0.000000

0.000000 0.069811 2.284617
0.058042 0.006457 0.938326 5.281376 221.705734
0.000000 0.531502 0.016016 0.000000 0.000000 0.000000
0.000000 0.000000 0.000000
3.980409 0.650000 0.000000
764.299377 0.000000
0.000000 0.000000 0.000000 0.000000
0.000000 1.695334
11 0.018443 1.125023 0.001000
0.487000 0.580000 0.780000 0.490000 1.250000 5.968800 0.650000 0.650000
230537.500000 100.000000 0.084000
1.073000 0.050000 0.116600
0.170566 0.086019 0.000311 0.000000
0.000000

0.000000 0.063665 2.247369
0.057931 0.006445 0.938362 5.280142 221.706665
0.000000 0.074425 0.015918 0.000000 0.000000 0.000000
0.000000 0.000001 0.000000
4.051124 0.541625 0.000000
764.299377 0.000000
0.000000 0.000000 0.000000 0.000000
0.000000 1.314070
11 0.018443 1.143466 0.001000
0.487000 0.580000 0.780000 0.490000 1.250000 5.968800 0.650000 0.650000
230537.500000 100.000000 0.084000
1.073000 0.050000 0.116600
0.170568 0.086003 0.000259 0.000000
0.000000

0.000000 0.058060 2.213680
0.057828 0.006433 0.938422 5.278974 221.707947
0.000000 0.022547 0.015696 0.000000 0.000000 0.000000
0.000000 0.000001 0.000000
4.125727 0.490000 0.000000
764.299377 0.000000
0.000000 0.000000 0.000000 0.000000
0.000000 1.146741
11 0.018443 1.161909 0.001000
0.487000 0.580000 0.780000 0.490000 1.250000 5.968800 0.650000 0.650000
230537.500000 100.000000 0.084000
1.073000 0.050000 0.116600
0.170571 0.085988 0.000235 0.000000
0.000000

0.000000 0.052931 2.183201
0.057809 0.006431 0.938443 5.277864 221.709305
0.000000 0.022406 0.015725 0.000000 0.000000 0.000000
0.000000 0.000001 0.000000
4.201317 0.490000 0.000000
764.299377 0.000000
0.000000 0.000000 0.000000 0.000000
0.000000 1.142959
11 0.018443 1.180352 0.001000
0.487000 0.580000 0.780000 0.490000 1.250000 5.968800 0.650000 0.650000
230537.500000 100.000000 0.084000
1.073000 0.050000 0.116600
0.170573 0.085991 0.000235 0.000000
0.000000

0.000000 0.048256 2.155187
0.057792 0.006429 0.938477 5.276840 221.710739
0.000000 0.024290 0.015945 0.000000 0.000000 0.000000
0.000000 0.000001 0.000000
4.276234 0.490000 0.000000
764.299377 0.000000
0.000000 0.000000 0.000000 0.000000
0.000000 1.140478
11 0.018443 1.198795 0.001000
0.487000 0.580000 0.780000 0.490000 1.250000 5.968800 0.650000 0.650000
230537.500000 100.000000 0.084000
1.073000 0.050000 0.116600
0.170575 0.086070 0.000235 0.000000
0.000000

0.000000 0.043995 2.129727
0.057777 0.006427 0.938524 5.275884 221.711975
0.000000 0.025901 0.016146 0.000000 0.000000 0.000000
0.000000 0.000001 0.000000
4.350482 0.490000 0.000000
764.299377 0.000000
0.000000 0.000000 0.000000 0.000000
0.000000 1.136695
11 0.018443 1.217238 0.001000
0.487000 0.580000 0.780000 0.490000 1.250000 5.968800 0.650000 0.650000
230537.500000 100.000000 0.084000
1.073000 0.050000 0.116600
0.170576 0.085986 0.000235 0.000000
0.000000

0.000000 0.040110 2.106425
0.057764 0.006426 0.938580 5.275004 221.713638
0.000000 0.031400 0.016620 0.000000 0.000000 0.000000
0.000000 0.000001 0.000000
4.424066 0.490000 0.000000
764.299377 0.000000
0.000000 0.000000 0.000000 0.000000
0.000000 1.134614
11 0.018443 1.235681 0.001000
0.487000 0.580000 0.780000 0.490000 1.250000 5.968800 0.650000 0.650000
230537.500000 100.000000 0.084000
1.073000 0.050000 0.116600
0.170578 0.086048 0.000235 0.000000
0.000000

0.000000 0.036568 2.087194
0.057753 0.006425 0.938626 5.274060 221.714920
0.000000 0.035478 0.016922 0.000000 0.000000 0.000000
0.000000 0.000001 0.000000
4.496989 0.490000 0.000000
764.299377 0.000000
0.000000 0.000000 0.000000 0.000000
0.000000 1.129574
11 0.018443 1.254124 0.001000
0.487000 0.580000 0.780000 0.490000 1.250000 5.968800 0.650000 0.650000
230537.500000 100.000000 0.084000
1.073000 0.050000 0.116600
0.170583 0.086007 0.000235 0.000000
0.000000

0.000000 0.033340 2.067395
0.057744 0.006424 0.938579 5.273453 221.716080
0.000000 0.036611 0.017098 0.000000 0.000000 0.000000
0.000000 0.000001 0.000000
4.569258 0.490000 0.000000
764.299377 0.000000
0.000000 0.000000 0.000000 0.000000
0.000000 1.127968
11 0.018443 1.272567 0.001000
0.487000 0.580000 0.780000 0.490000 1.250000 5.968800 0.650000 0.650000
230537.500000 100.000000 0.084000
1.073000 0.050000 0.116600
0.170584 0.086024 0.000235 0.000000
0.000000

0.000000 0.000000 1.930825
0.056877 0.006323 0.953854 5.246938 221.767227
0.000000 0.027955 0.019230 0.000000 0.000000 0.000000
0.000000 0.000007 0.000001
4.629303 1.000000 0.000000
764.299377 0.000000
0.000000 0.000000 0.000000 0.000000
0.000000 0.997738
11 0.018443 1.291010 0.001000
0.487000 0.580000 0.780000 0.490000 1.250000 5.968800 0.650000 0.650000
230537.500000 100.000000 0.084000
1.073000 0.050000 0.116600
0.170724 0.085662 0.000477 0.000000
0.000000

0.000000 0.000000 1.931082
0.056880 0.006324 0.953923 5.246839 221.767838
0.000000 0.027442 0.019179 0.000000 0.000000 0.000000
0.000000 0.000007 0.000001
4.680204 1.000000 0.000000
764.299377 0.000000
0.000000 0.000000 0.000000 0.000000
0.000000 0.997203
11 0.018443 1.309453 0.001000
0.487000 0.580000 0.780000 0.490000 1.250000 5.968800 0.650000 0.650000
230537.500000 100.000000 0.084000
1.073000 0.050000 0.116600
0.170723 0.085681 0.000477 0.000000
0.000000

0.000000 0.000000 1.931337
0.056883 0.006324 0.953994 5.246751 221.768677
0.000000 0.027530 0.019079 0.000000 0.000000 0.000000
0.000000 0.000007 0.000001
4.730324 1.000000 0.000000
764.299377 0.000000
0.000000 0.000000 0.000000 0.000000
0.000000 0.996772
11 0.018443 1.327896 0.001000
0.487000 0.580000 0.780000 0.490000 1.250000 5.968800 0.650000 0.650000
230537.500000 100.000000 0.084000
1.073000 0.050000 0.116600
0.170724 0.085703 0.000477 0.000000
0.000000

0.000000 0.000000 1.931604
0.056887 0.006324 0.954062 5.246657 221.769745
0.000000 0.025260 0.018865 0.000000 0.000000 0.000000
0.000000 0.000008 0.000001
4.779668 1.000000 0.000000
764.299377 0.000000
0.000000 0.000000 0.000000 0.000000
0.000000 0.997008
11 0.018443 1.346339 0.001000
0.487000 0.580000 0.780000 0.490000 1.250000 5.968800 0.650000 0.650000
230537.500000 100.000000 0.084000
1.073000 0.050000 0.116600
0.170726 0.085752 0.000478 0.000000
0.000000

0.000000 0.000000 1.932042
0.056890 0.006325 0.954128 5.246554 221.770569
0.000000 0.021965 0.018524 0.000000 0.000000 0.000000
0.000000 0.000009 0.000001
4.828245 1.000000 0.000000
764.299377 0.000000
0.000000 0.000000 0.000000 0.000000
0.000000 0.996206
11 0.018443 1.364782 0.001000
0.487000 0.580000 0.780000 0.490000 1.250000 5.968800 0.650000 0.650000
230537.500000 100.000000 0.084000
1.073000 0.050000 0.116600
0.170726 0.085718 0.000477 0.000000
0.000000

0.000000 0.000000 1.932291
0.056893 0.006325 0.954193 5.246455 221.771408
0.000000 0.020407 0.018371 0.000000 0.000000 0.000000
0.000000 0.000009 0.000001
4.876064 1.000000 0.000000
764.299377 0.000000
0.000000 0.000000 0.000000 0.000000
0.000000 0.996159
11 0.018443 1.383225 0.001000
0.487000 0.580000 0.780000 0.490000 1.250000 5.968800 0.650000 0.650000
230537.500000 100.000000 0.084000
1.073000 0.050000 0.116600
0.170726 0.085739 0.000477 0.000000
0.000000

0.000000 0.000000 1.932979
0.056896 0.006325 0.954254 5.246335 221.772354
0.000000 0.016669 0.017926 0.000000 0.000000 0.000000
0.000000 0.000011 0.000002
4.923132 1.000000 0.000000
764.299377 0.000000
0.000000 0.000000 0.000000 0.000000
0.000000 0.995121
11 0.018443 1.401668 0.001000
0.487000 0.580000 0.780000 0.490000 1.250000 5.968800 0.650000 0.650000
230537.500000 100.000000 0.084000
1.073000 0.050000 0.116600
0.170728 0.085750 0.000478 0.000000
0.000000

0.000000 0.000000 1.938009
0.056896 0.006326 0.954257 5.245898 221.773239
0.000000 0.013871 0.017464 0.000000 0.000000 0.000000
0.000000 0.000013 0.000003
4.969460 1.000000 0.000000
764.299377 0.000000
0.000000 0.000000 0.000000 0.000000
0.000000 0.989405
11 0.018443 1.420111 0.001000
0.487000 0.580000 0.780000 0.490000 1.250000 5.968800 0.650000 0.650000
230537.500000 100.000000 0.084000
1.073000 0.050000 0.116600
0.170738 0.085754 0.000478 0.000000
0.000000

0.000000 0.000000 1.938431
0.056899 0.006326 0.954319 5.245797 221.774078
0.000000 0.013227 0.017307 0.000000 0.000000 0.000000
0.000000 0.000013 0.000003
5.015055 1.000000 0.000000
764.299377 0.000000
0.000000 0.000000 0.000000 0.000000
0.000000 0.988627
11 0.018443 1.438554 0.001000
0.487000 0.580000 0.780000 0.490000 1.250000 5.968800 0.650000 0.650000
230537.500000 100.000000 0.084000
1.073000 0.050000 0.116600
0.170739 0.085748 0.000478 0.000000
0.000000

0.000000 0.000000 1.938925
0.056902 0.006326 0.954380 5.245700 221.775009
0.000000 0.013512 0.017259 0.000000 0.000000 0.000000
0.000000 0.000013 0.000003
5.059928 1.000000 0.000000
764.299377 0.000000
0.000000 0.000000 0.000000 0.000000
0.000000 0.987833
11 0.018443 1.456997 0.001000
0.487000 0.580000 0.780000 0.490000 1.250000 5.968800 0.650000 0.650000
230537.500000 100.000000 0.084000
1.073000 0.050000 0.116600
0.170739 0.085739 0.000477 0.000000
0.000000

0.000000 0.000000 1.939242
0.056905 0.006327 0.954440 5.245600 221.775681
0.000000 0.014029 0.017299 0.000000 0.000000 0.000000
0.000000 0.000013 0.000003
5.104089 1.000000 0.000000
764.299377 0.000000
0.000000 0.000000 0.000000 0.000000
0.000000 0.987350
11 0.018443 1.475440 0.001000
0.487000 0.580000 0.780000 0.490000 1.250000 5.968800 0.650000 0.650000
230537.500000 100.000000 0.084000
1.073000 0.050000 0.116600
0.170740 0.085758 0.000478 0.000000
0.000000

0.000000 0.000000 1.939562
0.056908 0.006327 0.954503 5.245514 221.776382
0.000000 0.014692 0.017302 0.000000 0.000000 0.000000
0.000000 0.000013 0.000003
5.147546 1.000000 0.000000
764.299377 0.000000
0.000000 0.000000 0.000000 0.000000
0.000000 0.986946
11 0.018443 1.493883 0.001000
0.487000 0.580000 0.780000 0.490000 1.250000 5.968800 0.650000 0.650000
230537.500000 100.000000 0.084000
1.073000 0.050000 0.116600
0.170740 0.085776 0.000478 0.000000
0.000000

0.000000 0.000000 1.939878
0.056910 0.006327 0.954563 5.245431 221.777313
0.000000 0.015453 0.017367 0.000000 0.000000 0.000000
0.000000 0.000013 0.000002
5.190309 1.000000 0.000000
764.299377 0.000000
0.000000 0.000000 0.000000 0.000000
0.000000 0.986631
11 0.018443 1.512326 0.001000
0.487000 0.580000 0.780000 0.490000 1.250000 5.968800 0.650000 0.650000
230537.500000 100.000000 0.084000
1.073000 0.050000 0.116600
0.170742 0.085796 0.000478 0.000000
0.000000

0.000000 0.000000 1.940194
0.056913 0.006328 0.954624 5.245332 221.778091
0.000000 0.016259 0.017414 0.000000 0.000000 0.000000
0.000000 0.000012 0.000002
5.232388 1.000000 0.000000
764.299377 0.000000
0.000000 0.000000 0.000000 0.000000
0.000000 0.986414
11 0.018443 1.530769 0.001000
0.487000 0.580000 0.780000 0.490000 1.250000 5.968800 0.650000 0.650000
230537.500000 100.000000 0.084000
1.073000 0.050000 0.116600
0.170742 0.085817 0.000478 0.000000
0.000000

0.000000 0.000000 1.940789
0.056916 0.006328 0.954680 5.245224 221.778900
0.000000 0.017362 0.017547 0.000000 0.000000 0.000000
0.000000 0.000012 0.000002
5.273791 1.000000 0.000000
764.299377 0.000000
0.000000 0.000000 0.000000 0.000000
0.000000 0.985889
11 0.018443 1.549212 0.001000
0.487000 0.580000 0.780000 0.490000 1.250000 5.968800 0.650000 0.650000
230537.500000 100.000000 0.084000
1.073000 0.050000 0.116600
0.170743 0.085810 0.000478 0.000000
0.000000

0.000000 0.000000 1.941499
0.056918 0.006328 0.954733 5.245107 221.779907
0.000000 0.018317 0.017550 0.000000 0.000000 0.000000
0.000000 0.000012 0.000002
5.314528 1.000000 0.000000
764.299377 0.000000
0.000000 0.000000 0.000000 0.000000
0.000000 0.985354
11 0.018443 1.567655 0.001000
0.487000 0.580000 0.780000 0.490000 1.250000 5.968800 0.650000 0.650000
230537.500000 100.000000 0.084000
1.073000 0.050000 0.116600
0.170744 0.085801 0.000478 0.000000
0.000000

0.000000 0.000000 1.941928
0.056920 0.006328 0.954789 5.245011 221.780746
0.000000 0.019188 0.017606 0.000000 0.000000 0.000000
0.000000 0.000011 0.000002
5.354609 1.000000 0.000000
764.299377 0.000000
0.000000 0.000000 0.000000 0.000000
0.000000 0.985377
11 0.018443 1.586098 0.001000
0.487000 0.580000 0.780000 0.490000 1.250000 5.968800 0.650000 0.650000
230537.500000 100.000000 0.084000
1.073000 0.050000 0.116600
0.170746 0.085819 0.000478 0.000000
0.000000

0.000000 0.000000 1.942357
0.056923 0.006329 0.954845 5.244910 221.781448
0.000000 0.020005 0.017586 0.000000 0.000000 0.000000
0.000000 0.000011 0.000002
5.394041 1.000000 0.000000
764.299377 0.000000
0.000000 0.000000 0.000000 0.000000
0.000000 0.985512
11 0.018443 1.604541 0.001000
0.487000 0.580000 0.780000 0.490000 1.250000 5.968800 0.650000 0.650000
230537.500000 100.000000 0.084000
1.073000 0.050000 0.116600
0.170746 0.085838 0.000478 0.000000
0.000000

0.000000 0.000000 1.942789
0.056925 0.006329 0.954902 5.244824 221.782578
0.000000 0.020898 0.017647 0.000000 0.000000 0.000000
0.000000 0.000011 0.000002
5.432834 1.000000 0.000000
764.299377 0.000000
0.000000 0.000000 0.000000 0.000000
0.000000 0.985784
11 0.018443 1.622984 0.001000
0.487000 0.580000 0.780000 0.490000 1.250000 5.968800 0.650000 0.650000
230537.500000 100.000000 0.084000
1.073000 0.050000 0.116600
0.170747 0.085858 0.000478 0.000000
0.000000

0.000000 0.000000 1.943221
0.056927 0.006329 0.954957 5.244726 221.783447
0.000000 0.026211 0.018014 0.000000 0.000000 0.000000
0.000000 0.000009 0.000001
5.470994 1.000000 0.000000
764.299377 0.000000
0.000000 0.000000 0.000000 0.000000
0.000000 0.986192
11 0.018443 1.641427 0.001000
0.487000 0.580000 0.780000 0.490000 1.250000 5.968800 0.650000 0.650000
230537.500000 100.000000 0.084000
1.073000 0.050000 0.116600
0.170748 0.085879 0.000478 0.000000
0.000000

0.000000 0.000000 1.943810
0.056929 0.006329 0.955008 5.244621 221.784378
0.000000 0.040257 0.018660 0.000000 0.000000 0.000000
0.000000 0.000007 0.000000
5.508533 1.000000 0.000000
764.299377 0.000000
0.000000 0.000000 0.000000 0.000000
0.000000 0.986576
11 0.018443 1.659870 0.001000
0.487000 0.580000 0.780000 0.490000 1.250000 5.968800 0.650000 0.650000
230537.500000 100.000000 0.084000
1.073000 0.050000 0.116600
0.170749 0.085874 0.000478 0.000000
0.000000

0.000000 0.000000 1.944423
0.056931 0.006330 0.955058 5.244514 221.785324
0.000000 0.048806 0.018777 0.000000 0.000000 0.000000
0.000000 0.000006 0.000000
5.545457 1.000000 0.000000
764.299377 0.000000
0.000000 0.000000 0.000000 0.000000
0.000000 0.987077
11 0.018443 1.678313 0.001000
0.487000 0.580000 0.780000 0.490000 1.250000 5.968800 0.650000 0.650000
230537.500000 100.000000 0.084000
1.073000 0.050000 0.116600
0.170750 0.085867 0.000478 0.000000
0.000000

0.000000 0.000000 1.944872
0.056933 0.006330 0.955112 5.244420 221.786118
0.000000 0.053697 0.018832 0.000000 0.000000 0.000000
0.000000 0.000005 0.000000
5.581774 1.000000 0.000000
764.299377 0.000000
0.000000 0.000000 0.000000 0.000000
0.000000 0.988009
11 0.018443 1.696756 0.001000
0.487000 0.580000 0.780000 0.490000 1.250000 5.968800 0.650000 0.650000
230537.500000 100.000000 0.084000
1.073000 0.050000 0.116600
0.170751 0.085885 0.000478 0.000000
0.000000

0.000000 0.000000 1.945316
0.056935 0.006330 0.955163 5.244333 221.787079
0.000000 0.055144 0.018815 0.000000 0.000000 0.000000
0.000000 0.000005 0.000000
5.617491 1.000000 0.000000
764.299377 0.000000
0.000000 0.000000 0.000000 0.000000
0.000000 0.991858
11 0.018443 1.715199 0.001000
0.487000 0.580000 0.780000 0.490000 1.250000 5.968800 0.650000 0.650000
230537.500000 100.000000 0.084000
1.073000 0.050000 0.116600
0.170752 0.085961 0.000479 0.000000
0.000000

0.000000 0.000000 1.945764
0.056937 0.006330 0.955215 5.244236 221.787918
0.000000 0.048516 0.018600 0.000000 0.000000 0.000000
0.000000 0.000006 0.000000
5.652616 1.000000 0.000000
764.299377 0.000000
0.000000 0.000000 0.000000 0.000000
0.000000 0.991256
11 0.018443 1.733642 0.001000
0.487000 0.580000 0.780000 0.490000 1.250000 5.968800 0.650000 0.650000
230537.500000 100.000000 0.084000
1.073000 0.050000 0.116600
0.170753 0.085929 0.000479 0.000000
0.000000

0.000000 0.000000 1.946217
0.056939 0.006331 0.955266 5.244145 221.788727
0.000000 0.037132 0.018213 0.000000 0.000000 0.000000
0.000000 0.000007 0.000001
5.687155 1.000000 0.000000
764.299377 0.000000
0.000000 0.000000 0.000000 0.000000
0.000000 0.992432
11 0.018443 1.752085 0.001000
0.487000 0.580000 0.780000 0.490000 1.250000 5.968800 0.650000 0.650000
230537.500000 100.000000 0.084000
1.073000 0.050000 0.116600
0.170753 0.085931 0.000479 0.000000
0.000000

0.000000 0.000000 1.958362
0.056936 0.006330 0.955167 5.243234 221.793839
0.000000 0.029897 0.017700 0.000000 0.000000 0.000000
0.000000 0.000009 0.000001
5.721116 1.000000 0.000000
764.299377 0.000000
0.000000 0.000000 0.000000 0.000000
0.000000 0.974382
11 0.018443 1.770528 0.001000
0.487000 0.580000 0.780000 0.490000 1.250000 5.968800 0.650000 0.650000
230537.500000 100.000000 0.084000
1.073000 0.050000 0.116600
0.170778 0.085875 0.000478 0.000000
0.000000

0.000000 0.000000 1.960125
0.056937 0.006330 0.955200 5.243056 221.795319
0.000000 0.032369 0.017825 0.000000 0.000000 0.000000
0.000000 0.000009 0.000001
5.754505 1.000000 0.000000
764.299377 0.000000
0.000000 0.000000 0.000000 0.000000
0.000000 0.971936
11 0.018443 1.788971 0.001000
0.487000 0.580000 0.780000 0.490000 1.250000 5.968800 0.650000 0.650000
230537.500000 100.000000 0.084000
1.073000 0.050000 0.116600
0.170780 0.085908 0.000478 0.000000
0.000000

0.000000 0.000000 1.960621
0.056938 0.006331 0.955249 5.242959 221.796326
0.000000 0.036762 0.017933 0.000000 0.000000 0.000000
0.000000 0.000008 0.000001
5.787327 1.000000 0.000000
764.299377 0.000000
0.000000 0.000000 0.000000 0.000000
0.000000 0.972256
11 0.018443 1.807414 0.001000
0.487000 0.580000 0.780000 0.490000 1.250000 5.968800 0.650000 0.650000
230537.500000 100.000000 0.084000
1.073000 0.050000 0.116600
0.170781 0.085983 0.000479 0.000000
0.000000

0.000000 0.000000 1.961110
0.056940 0.006331 0.955296 5.242858 221.797287
0.000000 0.036899 0.017928 0.000000 0.000000 0.000000
0.000000 0.000008 0.000001
5.819589 1.000000 0.000000
764.299377 0.000000
0.000000 0.000000 0.000000 0.000000
0.000000 0.971365
11 0.018443 1.825857 0.001000
0.487000 0.580000 0.780000 0.490000 1.250000 5.968800 0.650000 0.650000
230537.500000 100.000000 0.084000
1.073000 0.050000 0.116600
0.170783 0.085950 0.000479 0.000000
0.000000

0.000000 0.000000 1.961602
0.056942 0.006331 0.955346 5.242774 221.798325
0.000000 0.037930 0.017886 0.000000 0.000000 0.000000
0.000000 0.000008 0.000001
5.851296 1.000000 0.000000
764.299377 0.000000
0.000000 0.000000 0.000000 0.000000
0.000000 0.971094
11 0.018443 1.844300 0.001000
0.487000 0.580000 0.780000 0.490000 1.250000 5.968800 0.650000 0.650000
230537.500000 100.000000 0.084000
1.073000 0.050000 0.116600
0.170783 0.085971 0.000479 0.000000
0.000000

0.000000 0.000000 1.962239
0.056943 0.006331 0.955390 5.242664 221.799469
0.000000 0.040271 0.017874 0.000000 0.000000 0.000000
0.000000 0.000007 0.000001
5.882456 1.000000 0.000000
764.299377 0.000000
0.000000 0.000000 0.000000 0.000000
0.000000 0.970369
11 0.018443 1.862743 0.001000
0.487000 0.580000 0.780000 0.490000 1.250000 5.968800 0.650000 0.650000
230537.500000 100.000000 0.084000
1.073000 0.050000 0.116600
0.170785 0.085966 0.000479 0.000000
0.000000

0.000000 0.000000 1.963199
0.056945 0.006331 0.955434 5.242549 221.800644
0.000000 0.042817 0.017883 0.000000 0.000000 0.000000
0.000000 0.000007 0.000001
5.913071 1.000000 0.000000
764.299377 0.000000
0.000000 0.000000 0.000000 0.000000
0.000000 0.969369
11 0.018443 1.881186 0.001000
0.487000 0.580000 0.780000 0.490000 1.250000 5.968800 0.650000 0.650000
230537.500000 100.000000 0.084000
1.073000 0.050000 0.116600
0.170786 0.085959 0.000479 0.000000
0.000000

0.000000 0.000000 1.963689
0.056946 0.006332 0.955479 5.242448 221.801483
0.000000 0.045263 0.017928 0.000000 0.000000 0.000000
0.000000 0.000007 0.000000
5.943149 1.000000 0.000000
764.299377 0.000000
0.000000 0.000000 0.000000 0.000000
0.000000 0.969174
11 0.018443 1.899629 0.001000
0.487000 0.580000 0.780000 0.490000 1.250000 5.968800 0.650000 0.650000
230537.500000 100.000000 0.084000
1.073000 0.050000 0.116600
0.170788 0.085977 0.000479 0.000000
0.000000

0.000000 0.000000 1.964178
0.056947 0.006332 0.955525 5.242360 221.802856
0.000000 0.047633 0.017862 0.000000 0.000000 0.000000
0.000000 0.000007 0.000000
5.972693 1.000000 0.000000
764.299377 0.000000
0.000000 0.000000 0.000000 0.000000
0.000000 0.969040
11 0.018443 1.918072 0.001000
0.487000 0.580000 0.780000 0.490000 1.250000 5.968800 0.650000 0.650000
230537.500000 100.000000 0.084000
1.073000 0.050000 0.116600
0.170788 0.085996 0.000479 0.000000
0.000000

0.000000 0.000000 1.964667
0.056949 0.006332 0.955571 5.242265 221.803833
0.000000 0.052190 0.018005 0.000000 0.000000 0.000000
0.000000 0.000006 0.000000
6.001709 1.000000 0.000000
764.299377 0.000000
0.000000 0.000000 0.000000 0.000000
0.000000 0.969071
11 0.018443 1.936515 0.001000
0.487000 0.580000 0.780000 0.490000 1.250000 5.968800 0.650000 0.650000
230537.500000 100.000000 0.084000
1.073000 0.050000 0.116600
0.170789 0.086015 0.000479 0.000000
0.000000

0.000000 0.000000 1.965157
0.056950 0.006332 0.955619 5.242185 221.804565
0.000000 0.058906 0.018084 0.000000 0.000000 0.000000
0.000000 0.000006 0.000000
6.030201 1.000000 0.000000
764.299377 0.000000
0.000000 0.000000 0.000000 0.000000
0.000000 0.969908
11 0.018443 1.954958 0.001000
0.487000 0.580000 0.780000 0.490000 1.250000 5.968800 0.650000 0.650000
230537.500000 100.000000 0.084000
1.073000 0.050000 0.116600
0.170790 0.086051 0.000479 0.000000
0.000000

0.000000 0.000000 1.966952
0.056951 0.006332 0.955651 5.242017 221.806366
0.000000 0.066934 0.018147 0.000000 0.000000 0.000000
0.000000 0.000005 0.000000
6.058174 1.000000 0.000000
764.299377 0.000000
0.000000 0.000000 0.000000 0.000000
0.000000 0.966775
11 0.018443 1.973401 0.001000
0.487000 0.580000 0.780000 0.490000 1.250000 5.968800 0.650000 0.650000
230537.500000 100.000000 0.084000
1.073000 0.050000 0.116600
0.170794 0.086015 0.000479 0.000000
0.000000

0.000000 0.000000 1.968091
0.056952 0.006332 0.955689 5.241895 221.807877
0.000000 0.068616 0.018027 0.000000 0.000000 0.000000
0.000000 0.000005 0.000000
6.085631 1.000000 0.000000
764.299377 0.000000
0.000000 0.000000 0.000000 0.000000
0.000000 0.966394
11 0.018443 1.991844 0.001000
0.487000 0.580000 0.780000 0.490000 1.250000 5.968800 0.650000 0.650000
230537.500000 100.000000 0.084000
1.073000 0.050000 0.116600
0.170796 0.086087 0.000479 0.000000
0.000000
1.000000
2.000000
0.321000 0.000000
0.000000
0
-1.291010
0 0
0.000000
1
0.000000
1.000000
1.000000
1.000000
0.000000 0.000000 0.000000
0.000000 0.000000
0.000000 0.000000 0.000000 0.000000 0.000000 0.000000 0.000000
0.000000 0.000000 0.000000 0.000000 0.000000 0.000000 0.000000
199
2.000000
1
C:\Input\Ohio1.spf
-1.000000 -1.000000
0.000000
70
70
10.000000
