11
Clay
0.580000 0.612000 0.084000 0.780000 0.530000 1.000000 0.000000 0.000000
1.020000 5.968800 1 0.028600 0.500000 0.050000 0.010000 0.027000 0.963000
0.000000 0.018443 2.000000 188118.593750 100.000000 108
0.173500 2.523000 3.647700 0.000000 1
5.212900 5.212900 6.915800 5.000000 25.000000 100.000000
0.000000 0.000000 0.000000 0.000000 0.000000 0.000000
500.000000 0.000000 0.000000

69.810265 124.839424 134.113998
2.486217 0.276282 27.364088 232.355774 4457.434082
0.000000 0.000003 0.023994 1.220006 0.000000 0.000000
0.000009 0.000005 0.000197
1.330617 0.776614 0.000000
764.299377 0.000000
1.382412 0.000000 0.000000 0.000000
0.000000 0.529975
11 0.018443 0.018443 0.028600
0.612000 0.580000 0.780000 0.530000 1.020000 5.968800 0.780000 0.780000
188118.593750 100.000000 0.084000
1.073000 0.050000 0.116600
3.293226 7.120486 0.047400 0.000000
773.380310

0.244761 7.817522 141.799652
1.915476 0.212854 22.725746 187.689804 4457.695801
0.000000 0.000000 0.011836 0.602630 0.000000 0.000000
0.000005 0.000000 0.000097
1.235504 0.776614 0.000000
764.299377 0.000000
0.939157 0.000000 0.000000 0.000000
0.000000 0.420801
11 0.018443 0.036886 0.028600
0.612000 0.580000 0.780000 0.530000 1.020000 5.968800 0.780000 0.780000
188118.593750 100.000000 0.084000
1.073000 0.050000 0.116600
3.296740 7.383011 0.049147 0.000000
0.000000

0.000006 26.196859 155.421921
1.816203 0.201820 26.494652 172.623413 4460.165039
0.000000 0.000000 0.005923 0.301555 0.000000 0.000000
0.000004 0.000000 0.000082
1.149013 0.776614 0.000000
764.299377 0.000000
0.835462 0.000000 0.000000 0.000000
0.000000 0.456461
11 0.018443 0.055329 0.028600
0.612000 0.580000 0.780000 0.530000 1.020000 5.968800 0.780000 0.780000
188118.593750 100.000000 0.084000
1.073000 0.050000 0.116600
3.327134 7.468753 0.049718 0.000000
0.000000

0.000000 26.465353 154.740555
1.801017 0.200131 26.406569 171.072876 4460.278809
0.000000 0.000000 0.002964 0.150903 0.000000 0.000000
0.000004 0.000000 0.000073
1.071278 0.776614 0.000000
764.299377 0.000000
0.784599 0.000000 0.000000 0.000000
0.000000 0.464269
11 0.018443 0.073772 0.028600
0.612000 0.580000 0.780000 0.530000 1.020000 5.968800 0.780000 0.780000
188118.593750 100.000000 0.084000
1.073000 0.050000 0.116600
3.327859 7.592222 0.050539 0.000000
0.000000

0.000000 27.538580 157.186905
1.796103 0.199583 26.415670 170.533585 4460.417969
0.000000 0.000000 0.001485 0.075597 0.000000 0.000000
0.000004 0.000000 0.000064
1.002407 0.776614 0.000000
764.299377 0.000000
0.704908 0.000000 0.000000 0.000000
0.000000 0.446829
11 0.018443 0.092215 0.028600
0.612000 0.580000 0.780000 0.530000 1.020000 5.968800 0.780000 0.780000
188118.593750 100.000000 0.084000
1.073000 0.050000 0.116600
3.328303 7.650061 0.050924 0.000000
0.000000

0.000000 35.186337 240.320145
1.725689 0.191758 25.941208 161.794998 4460.810059
0.000000 0.007622 0.139351 0.038379 0.000000 0.000000
0.000004 0.000000 0.000056
0.942462 0.776614 0.000000
764.299377 0.000000
1.430865 0.000000 0.000000 0.000000
0.000000 0.457108
11 0.018443 0.110658 0.028600
0.612000 0.580000 0.780000 0.530000 1.020000 5.968800 0.780000 0.780000
188118.593750 100.000000 0.084000
1.073000 0.050000 0.116600
3.332732 7.625448 0.050761 0.000000
0.000000

0.000000 4.533062 95.021217
1.191532 0.132402 19.036751 111.526268 4468.925293
0.000000 0.004889 0.093049 0.019190 0.000000 0.000000
0.000002 0.000000 0.000028
0.886859 0.646221 0.000000
764.299377 0.000000
0.892673 0.000000 0.000000 0.000000
0.000000 0.420022
11 0.018443 0.129101 0.018000
0.547000 0.580000 0.780000 0.490000 1.150000 5.968800 0.650000 0.650000
212094.484375 100.000000 0.084000
1.073000 0.050000 0.116600
3.340965 10.123141 0.044452 0.000000
0.000000

0.000000 4.147910 88.325920
1.181571 0.131295 18.915886 110.618118 4469.581055
0.000000 0.004546 0.087222 0.009595 0.000000 0.000000
0.000002 0.000000 0.000024
0.833214 0.646221 0.000000
764.299377 0.000000
0.824254 0.000000 0.000000 0.000000
0.000000 0.403869
11 0.018443 0.147544 0.018000
0.547000 0.580000 0.780000 0.490000 1.150000 5.968800 0.650000 0.650000
212094.484375 100.000000 0.084000
1.073000 0.050000 0.116600
3.341788 7.834947 0.034404 0.000000
0.000000

0.000000 15.851208 83.211861
1.158158 0.128693 18.603195 108.326584 4469.958984
0.000000 0.004159 0.079729 0.004797 0.000000 0.000000
0.000002 0.000000 0.000020
0.787777 0.646221 0.000000
764.299377 0.000000
0.736353 0.000000 0.000000 0.000000
0.000000 0.406410
11 0.018443 0.165987 0.018000
0.547000 0.580000 0.780000 0.490000 1.150000 5.968800 0.650000 0.650000
212094.484375 100.000000 0.084000
1.073000 0.050000 0.116600
3.342926 5.738382 0.025198 0.000000
0.000000

0.000000 14.870184 77.740082
1.153784 0.128207 18.606321 107.878105 4470.519531
0.000000 0.003838 0.073597 0.002399 0.000000 0.000000
0.000002 0.000000 0.000017
0.750458 0.646221 0.000000
764.299377 0.000000
0.651751 0.000000 0.000000 0.000000
0.000000 0.427965
11 0.018443 0.184430 0.018000
0.547000 0.580000 0.780000 0.490000 1.150000 5.968800 0.650000 0.650000
212094.484375 100.000000 0.084000
1.073000 0.050000 0.116600
3.348147 4.173239 0.018325 0.000000
0.000000

0.000000 13.539367 70.792419
1.180147 0.131136 18.779020 110.648193 4469.310547
0.000000 0.006776 0.070179 0.001199 0.000000 0.000000
0.000002 0.000000 0.000016
0.721153 0.650000 0.000000
764.299377 0.000000
0.611956 0.000000 0.000000 0.000000
0.000000 0.479313
11 0.018443 0.202873 0.018000
0.547000 0.580000 0.780000 0.490000 1.150000 5.968800 0.650000 0.650000
212094.484375 100.000000 0.084000
1.073000 0.050000 0.116600
3.378351 3.060153 0.013516 0.000000
0.000000

0.000000 10.797083 65.910156
0.537312 0.059705 8.534272 50.236664 1910.048462
0.000000 0.007828 0.029799 0.000600 0.000000 0.000000
0.000000 0.000002 0.000001
0.699657 0.650000 0.000000
764.299377 0.000000
0.253875 0.000000 0.000000 0.000000
0.000000 0.574104
11 0.018443 0.221316 0.009000
0.527000 0.580000 0.780000 0.490000 1.200000 5.968800 0.650000 0.650000
221316.000000 100.000000 0.084000
1.073000 0.050000 0.116600
1.462688 1.728806 0.007050 0.000000
0.000000

0.000000 9.869486 60.624893
0.534755 0.059421 8.504576 50.015526 1910.120361
0.000000 0.016306 0.026454 0.000300 0.000000 0.000000
0.000000 0.000001 0.000000
0.685333 0.650000 0.000000
764.299377 0.000000
0.223448 0.000000 0.000000 0.000000
0.000000 0.732947
11 0.018443 0.239759 0.009000
0.527000 0.580000 0.780000 0.490000 1.200000 5.968800 0.650000 0.650000
221316.000000 100.000000 0.084000
1.073000 0.050000 0.116600
1.462719 1.285776 0.005243 0.000000
0.000000

0.000000 9.022896 55.878429
0.532221 0.059139 8.474296 49.794170 1910.214722
0.000000 0.037112 0.022874 0.000150 0.000000 0.000000
0.000000 0.000000 0.000000
0.678615 0.650000 0.000000
764.299377 0.000000
0.189442 0.000000 0.000000 0.000000
0.000000 0.984096
11 0.018443 0.258202 0.009000
0.527000 0.580000 0.780000 0.490000 1.200000 5.968800 0.650000 0.650000
221316.000000 100.000000 0.084000
1.073000 0.050000 0.116600
1.462752 1.038243 0.004234 0.000000
0.000000

0.000000 8.254176 51.564453
0.529837 0.058875 8.445134 49.585430 1910.303223
0.000000 0.081011 0.020056 0.000075 0.000000 0.000000
0.000000 0.000000 0.000000
0.679271 0.650000 0.000000
764.299377 0.000000
0.161196 0.000000 0.000000 0.000000
0.000000 1.343296
11 0.018443 0.276645 0.009000
0.527000 0.580000 0.780000 0.490000 1.200000 5.968800 0.650000 0.650000
221316.000000 100.000000 0.084000
1.073000 0.050000 0.116600
1.462791 0.900523 0.003672 0.000000
0.000000

0.000000 7.545181 47.632584
0.527697 0.058637 8.418992 49.397961 1910.380615
0.000000 0.252033 0.025240 0.000037 0.000000 0.000000
0.000000 0.000000 0.000000
0.687046 0.650000 0.000000
764.299377 0.000000
0.130843 0.000000 0.000000 0.000000
0.000000 1.795756
11 0.018443 0.295088 0.009000
0.527000 0.580000 0.780000 0.490000 1.200000 5.968800 0.650000 0.650000
221316.000000 100.000000 0.084000
1.073000 0.050000 0.116600
1.462803 0.824151 0.003361 0.000000
0.000000

0.000000 6.896581 44.042835
0.525776 0.058423 8.394101 49.231289 1910.441528
0.000000 0.535383 0.022241 0.000019 0.000000 0.000000
0.000000 0.000000 0.000000
0.701668 0.650000 0.000000
764.299377 0.000000
0.099177 0.000000 0.000000 0.000000
0.000000 2.304900
11 0.018443 0.313531 0.009000
0.527000 0.580000 0.780000 0.490000 1.200000 5.968800 0.650000 0.650000
221316.000000 100.000000 0.084000
1.073000 0.050000 0.116600
1.462806 0.781663 0.003188 0.000000
0.000000

0.000000 6.306452 39.159588
0.405231 0.045028 6.468716 37.919903 1459.383911
0.000000 0.846844 0.014052 0.000009 0.000000 0.000000
0.000000 0.000000 0.000000
0.723583 0.650000 0.000000
764.299377 0.000000
0.057046 0.000000 0.000000 0.000000
0.000000 2.808957
11 0.018443 0.331974 0.006600
0.497000 0.580000 0.780000 0.490000 1.250000 5.968800 0.650000 0.650000
230537.500000 100.000000 0.084000
1.073000 0.050000 0.116600
1.117613 0.640879 0.002366 0.000000
0.000000

0.000000 5.762428 36.181503
0.403565 0.044843 6.446335 37.775040 1459.445923
0.000000 1.131311 0.010759 0.000005 0.000000 0.000000
0.000000 0.000000 0.000000
0.755804 0.650000 0.000000
764.299377 0.000000
0.037720 0.000000 0.000000 0.000000
0.000000 3.251287
11 0.018443 0.350417 0.006600
0.497000 0.580000 0.780000 0.490000 1.250000 5.968800 0.650000 0.650000
230537.500000 100.000000 0.084000
1.073000 0.050000 0.116600
1.117617 0.610971 0.002257 0.000000
0.000000

0.000000 5.253346 33.502289
0.401925 0.044661 6.422428 37.633041 1459.498413
0.000000 1.341123 0.007695 0.000002 0.000000 0.000000
0.000000 0.000000 0.000000
0.798227 0.650000 0.000000
764.299377 0.000000
0.020695 0.000000 0.000000 0.000000
0.000000 3.583896
11 0.018443 0.368860 0.006600
0.497000 0.580000 0.780000 0.490000 1.250000 5.968800 0.650000 0.650000
230537.500000 100.000000 0.084000
1.073000 0.050000 0.116600
1.117588 0.591911 0.002191 0.000000
0.000000

0.000000 4.784732 31.009626
0.400618 0.044516 6.402663 37.519535 1459.519409
0.000000 1.452955 0.005887 0.000001 0.000000 0.000000
0.000000 0.000000 0.000000
0.837436 0.650000 0.000000
764.299377 0.000000
0.009723 0.000000 0.000000 0.000000
0.000000 3.784098
11 0.018443 0.387303 0.006600
0.497000 0.580000 0.780000 0.490000 1.250000 5.968800 0.650000 0.650000
230537.500000 100.000000 0.084000
1.073000 0.050000 0.116600
1.117572 0.579877 0.002148 0.000000
0.000000

0.000000 4.360470 28.801146
0.399190 0.044357 6.381374 37.390018 1459.574829
0.000000 1.467607 0.004090 0.000001 0.000000 0.000000
0.000000 0.000000 0.000000
0.882116 0.650000 0.000000
764.299377 0.000000
0.003463 0.000000 0.000000 0.000000
0.000000 3.857666
11 0.018443 0.405746 0.006600
0.497000 0.580000 0.780000 0.490000 1.250000 5.968800 0.650000 0.650000
230537.500000 100.000000 0.084000
1.073000 0.050000 0.116600
1.117564 0.571445 0.002117 0.000000
0.000000

0.000000 3.979105 24.122965
0.205465 0.022831 3.277801 19.198908 729.795593
0.000000 1.401989 0.002169 0.000000 0.000000 0.000000
0.000000 0.000000 0.000000
0.932166 0.650000 0.000000
764.299377 0.000000
0.000000 0.000000 0.000000 0.000000
0.000000 3.823411
11 0.018443 0.424189 0.003300
0.487000 0.580000 0.780000 0.490000 1.250000 5.968800 0.650000 0.650000
230537.500000 100.000000 0.084000
1.073000 0.050000 0.116600
0.559014 0.346428 0.001256 0.000000
0.000000

0.000000 3.628631 22.209133
0.204480 0.022722 3.263925 19.109934 729.822449
0.000000 1.278611 0.002225 0.000000 0.000000 0.000000
0.000000 0.000000 0.000000
0.987224 0.650000 0.000000
764.299377 0.000000
0.000000 0.000000 0.000000 0.000000
0.000000 3.705611
11 0.018443 0.442632 0.003300
0.487000 0.580000 0.780000 0.490000 1.250000 5.968800 0.650000 0.650000
230537.500000 100.000000 0.084000
1.073000 0.050000 0.116600
0.558997 0.323129 0.001171 0.000000
0.000000

0.000000 3.313463 20.489321
0.203479 0.022610 3.249523 19.018950 729.829407
0.000000 1.119339 0.002405 0.000000 0.000000 0.000000
0.000000 0.000000 0.000000
1.046732 0.650000 0.000000
764.299377 0.000000
0.000000 0.000000 0.000000 0.000000
0.000000 3.529341
11 0.018443 0.461075 0.003300
0.487000 0.580000 0.780000 0.490000 1.250000 5.968800 0.650000 0.650000
230537.500000 100.000000 0.084000
1.073000 0.050000 0.116600
0.558983 0.308132 0.001117 0.000000
0.000000

0.000000 3.024731 18.923012
0.202557 0.022508 3.235947 18.935505 729.854431
0.000000 0.943372 0.002456 0.000000 0.000000 0.000000
0.000000 0.000000 0.000000
1.110368 0.650000 0.000000
764.299377 0.000000
0.000000 0.000000 0.000000 0.000000
0.000000 3.312643
11 0.018443 0.479518 0.003300
0.487000 0.580000 0.780000 0.490000 1.250000 5.968800 0.650000 0.650000
230537.500000 100.000000 0.084000
1.073000 0.050000 0.116600
0.558964 0.298342 0.001081 0.000000
0.000000

0.000000 2.761059 17.487240
0.201749 0.022418 3.224224 18.862438 729.859314
0.000000 0.766767 0.002647 0.000000 0.000000 0.000000
0.000000 0.000000 0.000000
1.177816 0.650000 0.000000
764.299377 0.000000
0.000000 0.000000 0.000000 0.000000
0.000000 3.070122
11 0.018443 0.497961 0.003300
0.487000 0.580000 0.780000 0.490000 1.250000 5.968800 0.650000 0.650000
230537.500000 100.000000 0.084000
1.073000 0.050000 0.116600
0.558950 0.291833 0.001058 0.000000
0.000000

0.000000 2.520806 16.193806
0.200955 0.022330 3.212821 18.790388 729.886108
0.000000 0.602392 0.002796 0.000000 0.000000 0.000000
0.000000 0.000000 0.000000
1.248772 0.650000 0.000000
764.299377 0.000000
0.000000 0.000000 0.000000 0.000000
0.000000 2.816538
11 0.018443 0.516404 0.003300
0.487000 0.580000 0.780000 0.490000 1.250000 5.968800 0.650000 0.650000
230537.500000 100.000000 0.084000
1.073000 0.050000 0.116600
0.558939 0.287414 0.001042 0.000000
0.000000

0.000000 2.343589 13.340175
0.065223 0.007248 1.034519 6.049114 221.178665
0.000000 0.459474 0.001061 0.000000 0.000000 0.000000
0.000000 0.000000 0.000000
1.322937 0.650000 0.000000
764.299377 0.000000
0.000000 0.000000 0.000000 0.000000
0.000000 2.566156
11 0.018443 0.534847 0.001000
0.487000 0.580000 0.780000 0.490000 1.250000 5.968800 0.650000 0.650000
230537.500000 100.000000 0.084000
1.073000 0.050000 0.116600
0.169560 0.128375 0.000465 0.000000
0.000000

0.000000 2.115291 12.238600
0.064732 0.007193 1.027455 6.006411 221.180084
0.000000 0.342539 0.001116 0.000000 0.000000 0.000000
0.000000 0.000000 0.000000
1.400024 0.650000 0.000000
764.299377 0.000000
0.000000 0.000000 0.000000 0.000000
0.000000 2.331705
11 0.018443 0.553290 0.001000
0.487000 0.580000 0.780000 0.490000 1.250000 5.968800 0.650000 0.650000
230537.500000 100.000000 0.084000
1.073000 0.050000 0.116600
0.169541 0.113559 0.000411 0.000000
0.000000

0.000000 1.923586 11.229841
0.064240 0.007138 1.020302 5.963332 221.185974
0.000000 0.251678 0.001143 0.000000 0.000000 0.000000
0.000000 0.000000 0.000000
1.479757 0.650000 0.000000
764.299377 0.000000
0.000000 0.000000 0.000000 0.000000
0.000000 2.119872
11 0.018443 0.571733 0.001000
0.487000 0.580000 0.780000 0.490000 1.250000 5.968800 0.650000 0.650000
230537.500000 100.000000 0.084000
1.073000 0.050000 0.116600
0.169525 0.103739 0.000376 0.000000
0.000000

0.000000 1.752810 10.297530
0.063821 0.007092 1.014274 5.927000 221.188110
0.000000 0.183751 0.001183 0.000000 0.000000 0.000000
0.000000 0.000000 0.000000
1.561875 0.650000 0.000000
764.299377 0.000000
0.000000 0.000000 0.000000 0.000000
0.000000 1.930514
11 0.018443 0.590176 0.001000
0.487000 0.580000 0.780000 0.490000 1.250000 5.968800 0.650000 0.650000
230537.500000 100.000000 0.084000
1.073000 0.050000 0.116600
0.169509 0.097171 0.000352 0.000000
0.000000

0.000000 1.599265 9.468867
0.063353 0.007040 1.007411 5.885910 221.192566
0.000000 0.134560 0.001232 0.000000 0.000000 0.000000
0.000000 0.000000 0.000000
1.646127 0.650000 0.000000
764.299377 0.000000
0.000000 0.000000 0.000000 0.000000
0.000000 1.759822
11 0.018443 0.608619 0.001000
0.487000 0.580000 0.780000 0.490000 1.250000 5.968800 0.650000 0.650000
230537.500000 100.000000 0.084000
1.073000 0.050000 0.116600
0.169494 0.092797 0.000336 0.000000
0.000000

0.000000 1.460165 8.701565
0.062964 0.006997 1.001772 5.852094 221.196030
0.000000 0.100371 0.001274 0.000000 0.000000 0.000000
0.000000 0.000000 0.000000
1.732277 0.650000 0.000000
764.299377 0.000000
0.000000 0.000000 0.000000 0.000000
0.000000 1.604311
11 0.018443 0.627062 0.001000
0.487000 0.580000 0.780000 0.490000 1.250000 5.968800 0.650000 0.650000
230537.500000 100.000000 0.084000
1.073000 0.050000 0.116600
0.169483 0.090171 0.000326 0.000000
0.000000

0.000000 1.332935 7.992372
0.062642 0.006961 0.997194 5.824606 221.198059
0.000000 0.077951 0.001314 0.000000 0.000000 0.000000
0.000000 0.000000 0.000000
1.820100 0.650000 0.000000
764.299377 0.000000
0.000000 0.000000 0.000000 0.000000
0.000000 1.463070
11 0.018443 0.645505 0.001000
0.487000 0.580000 0.780000 0.490000 1.250000 5.968800 0.650000 0.650000
230537.500000 100.000000 0.084000
1.073000 0.050000 0.116600
0.169472 0.089295 0.000323 0.000000
0.000000

0.000000 1.216849 7.350671
0.062328 0.006926 0.992703 5.797709 221.203888
0.000000 0.063982 0.001360 0.000000 0.000000 0.000000
0.000000 0.000000 0.000000
1.909384 0.650000 0.000000
764.299377 0.000000
0.000000 0.000000 0.000000 0.000000
0.000000 1.337394
11 0.018443 0.663948 0.001000
0.487000 0.580000 0.780000 0.490000 1.250000 5.968800 0.650000 0.650000
230537.500000 100.000000 0.084000
1.073000 0.050000 0.116600
0.169461 0.087779 0.000318 0.000000
0.000000

0.000000 1.110946 6.769994
0.062023 0.006892 0.988346 5.771677 221.204971
0.000000 0.054972 0.001399 0.000000 0.000000 0.000000
0.000000 0.000000 0.000000
1.999931 0.650000 0.000000
764.299377 0.000000
0.000000 0.000000 0.000000 0.000000
0.000000 1.229050
11 0.018443 0.682391 0.001000
0.487000 0.580000 0.780000 0.490000 1.250000 5.968800 0.650000 0.650000
230537.500000 100.000000 0.084000
1.073000 0.050000 0.116600
0.169451 0.087412 0.000316 0.000000
0.000000

0.000000 1.014342 6.235973
0.061766 0.006864 0.984724 5.749968 221.209259
0.000000 0.047869 0.001421 0.000000 0.000000 0.000000
0.000000 0.000000 0.000000
2.091554 0.650000 0.000000
764.299377 0.000000
0.000000 0.000000 0.000000 0.000000
0.000000 1.138758
11 0.018443 0.700834 0.001000
0.487000 0.580000 0.780000 0.490000 1.250000 5.968800 0.650000 0.650000
230537.500000 100.000000 0.084000
1.073000 0.050000 0.116600
0.169445 0.086476 0.000313 0.000000
0.000000

0.000000 0.926266 5.746083
0.061536 0.006838 0.981520 5.730742 221.212662
0.000000 0.040747 0.001467 0.000000 0.000000 0.000000
0.000000 0.000000 0.000000
2.184079 0.650000 0.000000
764.299377 0.000000
0.000000 0.000000 0.000000 0.000000
0.000000 1.065653
11 0.018443 0.719277 0.001000
0.487000 0.580000 0.780000 0.490000 1.250000 5.968800 0.650000 0.650000
230537.500000 100.000000 0.084000
1.073000 0.050000 0.116600
0.169437 0.086590 0.000313 0.000000
0.000000

0.000000 0.847415 5.342095
0.061184 0.006799 0.976280 5.699657 221.215698
0.000000 0.075792 0.001582 0.000000 0.000000 0.000000
0.000000 0.000000 0.000000
2.277341 0.650000 0.000000
764.299377 0.000000
0.000000 0.000000 0.000000 0.000000
0.000000 1.007665
11 0.018443 0.737720 0.001000
0.487000 0.580000 0.780000 0.490000 1.250000 5.968800 0.650000 0.650000
230537.500000 100.000000 0.084000
1.073000 0.050000 0.116600
0.169438 0.087052 0.000315 0.000000
0.000000

0.000000 0.774035 4.936267
0.060990 0.006778 0.973623 5.683682 221.220657
0.000000 0.205483 0.001653 0.000000 0.000000 0.000000
0.000000 0.000000 0.000000
2.371189 0.650000 0.000000
764.299377 0.000000
0.000000 0.000000 0.000000 0.000000
0.000000 1.001691
11 0.018443 0.756163 0.001000
0.487000 0.580000 0.780000 0.490000 1.250000 5.968800 0.650000 0.650000
230537.500000 100.000000 0.084000
1.073000 0.050000 0.116600
0.169436 0.087168 0.000316 0.000000
0.000000

0.000000 0.707770 4.565516
0.060820 0.006759 0.971399 5.669614 221.223862
0.000000 1.152454 0.001686 0.000000 0.000000 0.000000
0.000000 0.000000 0.000000
2.465481 0.650000 0.000000
764.299377 0.000000
0.000000 0.000000 0.000000 0.000000
0.000000 1.098961
11 0.018443 0.774606 0.001000
0.487000 0.580000 0.780000 0.490000 1.250000 5.968800 0.650000 0.650000
230537.500000 100.000000 0.084000
1.073000 0.050000 0.116600
0.169437 0.087941 0.000318 0.000000
0.000000

0.000000 0.649808 4.234925
0.060647 0.006739 0.969705 5.654975 221.226120
0.000000 2.992328 0.001519 0.000000 0.000000 0.000000
0.000000 0.000000 0.000000
2.554842 0.704293 0.000000
764.299377 0.000000
0.000000 0.000000 0.000000 0.000000
0.000000 2.609301
11 0.018443 0.793049 0.001000
0.487000 0.580000 0.780000 0.490000 1.250000 5.968800 0.650000 0.650000
230537.500000 100.000000 0.084000
1.073000 0.050000 0.116600
0.169455 0.089271 0.000350 0.000000
0.000000

0.000000 0.601051 3.980209
0.060085 0.006676 0.966765 5.624845 221.235535
0.000000 3.995062 0.001097 0.000000 0.000000 0.000000
0.000000 0.000000 0.000000
2.635887 1.000000 0.000000
764.299377 0.000000
0.000000 0.000000 0.000000 0.000000
0.000000 4.121798
11 0.018443 0.811492 0.001000
0.487000 0.580000 0.780000 0.490000 1.250000 5.968800 0.650000 0.650000
230537.500000 100.000000 0.084000
1.073000 0.050000 0.116600
0.169479 0.091069 0.000507 0.000000
0.000000

0.000000 0.553638 3.773415
0.059742 0.006638 0.963198 5.591387 221.249817
0.000000 1.779535 0.002542 0.000000 0.000000 0.000000
0.000000 0.000000 0.000000
2.713539 1.000000 0.000000
764.299377 0.000000
0.000000 0.000000 0.000000 0.000000
0.000000 2.356947
11 0.018443 0.829935 0.001000
0.487000 0.580000 0.780000 0.490000 1.250000 5.968800 0.650000 0.650000
230537.500000 100.000000 0.084000
1.073000 0.050000 0.116600
0.169518 0.090460 0.000504 0.000000
0.000000

0.000000 0.508564 3.594614
0.059442 0.006605 0.960362 5.561903 221.273605
0.000000 0.975013 0.003819 0.000000 0.000000 0.000000
0.000000 0.000000 0.000000
2.791205 1.000000 0.000000
764.299377 0.000000
0.000000 0.000000 0.000000 0.000000
0.000000 3.691201
11 0.018443 0.848378 0.001000
0.487000 0.580000 0.780000 0.490000 1.250000 5.968800 0.650000 0.650000
230537.500000 100.000000 0.084000
1.073000 0.050000 0.116600
0.169579 0.090684 0.000505 0.000000
0.000000

0.000000 0.544874 3.717335
0.058570 0.006508 0.971757 5.453407 221.504379
0.000000 0.021132 0.002499 0.000000 0.000000 0.000000
0.000000 0.000004 0.000000
2.868799 1.000000 0.000000
764.299377 0.000000
0.000000 0.000000 0.000000 0.000000
0.000000 1.369799
11 0.018443 0.866821 0.001000
0.487000 0.580000 0.780000 0.490000 1.250000 5.968800 0.650000 0.650000
230537.500000 100.000000 0.084000
1.073000 0.050000 0.116600
0.170109 0.086177 0.000480 0.000000
0.000000

0.000000 0.516204 3.598862
0.058238 0.006471 0.973690 5.415326 221.543396
0.000000 0.000162 0.002075 0.000000 0.000000 0.000000
0.000000 0.000000 0.000008
2.946242 1.000000 0.000000
764.299377 0.000000
0.000000 0.000000 0.000000 0.000000
0.000000 1.282952
11 0.018443 0.885264 0.001000
0.487000 0.580000 0.780000 0.490000 1.250000 5.968800 0.650000 0.650000
230537.500000 100.000000 0.084000
1.073000 0.050000 0.116600
0.170199 0.086001 0.000479 0.000000
0.000000

0.000000 0.472267 3.434360
0.058089 0.006455 0.971362 5.401903 221.548203
0.000000 0.000030 0.002820 0.000000 0.000000 0.000000
0.000000 0.000000 0.000008
3.023463 1.000000 0.000000
764.299377 0.000000
0.000000 0.000000 0.000000 0.000000
0.000000 1.297683
11 0.018443 0.903707 0.001000
0.487000 0.580000 0.780000 0.490000 1.250000 5.968800 0.650000 0.650000
230537.500000 100.000000 0.084000
1.073000 0.050000 0.116600
0.170206 0.086032 0.000479 0.000000
0.000000

0.000000 0.433227 3.287529
0.057941 0.006438 0.970158 5.387450 221.552032
0.000000 0.000101 0.003373 0.000000 0.000000 0.000000
0.000000 0.000000 0.000008
3.100399 1.000000 0.000000
764.299377 0.000000
0.000000 0.000000 0.000000 0.000000
0.000000 1.270340
11 0.018443 0.922150 0.001000
0.487000 0.580000 0.780000 0.490000 1.250000 5.968800 0.650000 0.650000
230537.500000 100.000000 0.084000
1.073000 0.050000 0.116600
0.170214 0.086064 0.000479 0.000000
0.000000

0.000000 0.396375 3.147287
0.057821 0.006425 0.968290 5.376680 221.554443
0.000000 0.000245 0.004128 0.000000 0.000000 0.000000
0.000000 0.000000 0.000008
3.176994 1.000000 0.000000
764.299377 0.000000
0.000000 0.000000 0.000000 0.000000
0.000000 1.253580
11 0.018443 0.940593 0.001000
0.487000 0.580000 0.780000 0.490000 1.250000 5.968800 0.650000 0.650000
230537.500000 100.000000 0.084000
1.073000 0.050000 0.116600
0.170214 0.085986 0.000479 0.000000
0.000000

0.000000 0.362788 3.019716
0.057711 0.006413 0.966618 5.366800 221.557114
0.000000 0.000374 0.004655 0.000000 0.000000 0.000000
0.000000 0.000000 0.000008
3.253196 1.000000 0.000000
764.299377 0.000000
0.000000 0.000000 0.000000 0.000000
0.000000 1.254260
11 0.018443 0.959036 0.001000
0.487000 0.580000 0.780000 0.490000 1.250000 5.968800 0.650000 0.650000
230537.500000 100.000000 0.084000
1.073000 0.050000 0.116600
0.170215 0.086007 0.000479 0.000000
0.000000

0.000000 0.332099 2.902921
0.057611 0.006402 0.965050 5.357902 221.559357
0.000000 0.000519 0.005167 0.000000 0.000000 0.000000
0.000000 0.000000 0.000008
3.328960 1.000000 0.000000
764.299377 0.000000
0.000000 0.000000 0.000000 0.000000
0.000000 1.248120
11 0.018443 0.977479 0.001000
0.487000 0.580000 0.780000 0.490000 1.250000 5.968800 0.650000 0.650000
230537.500000 100.000000 0.084000
1.073000 0.050000 0.116600
0.170214 0.086053 0.000479 0.000000
0.000000

0.000000 0.304130 2.796454
0.057520 0.006392 0.963618 5.349783 221.561386
0.000000 0.000663 0.005657 0.000000 0.000000 0.000000
0.000000 0.000000 0.000008
3.404245 1.000000 0.000000
764.299377 0.000000
0.000000 0.000000 0.000000 0.000000
0.000000 1.245007
11 0.018443 0.995922 0.001000
0.487000 0.580000 0.780000 0.490000 1.250000 5.968800 0.650000 0.650000
230537.500000 100.000000 0.084000
1.073000 0.050000 0.116600
0.170213 0.086064 0.000479 0.000000
0.000000

0.000000 0.278612 2.699383
0.057437 0.006382 0.962314 5.342369 221.563156
0.000000 0.000786 0.006026 0.000000 0.000000 0.000000
0.000000 0.000000 0.000009
3.479015 1.000000 0.000000
764.299377 0.000000
0.000000 0.000000 0.000000 0.000000
0.000000 1.247731
11 0.018443 1.014365 0.001000
0.487000 0.580000 0.780000 0.490000 1.250000 5.968800 0.650000 0.650000
230537.500000 100.000000 0.084000
1.073000 0.050000 0.116600
0.170212 0.086113 0.000480 0.000000
0.000000

0.000000 0.255336 2.610924
0.057361 0.006374 0.961150 5.335592 221.565323
0.000000 0.000908 0.006373 0.000000 0.000000 0.000000
0.000000 0.000001 0.000009
3.553237 1.000000 0.000000
764.299377 0.000000
0.000000 0.000000 0.000000 0.000000
0.000000 1.265373
11 0.018443 1.032808 0.001000
0.487000 0.580000 0.780000 0.490000 1.250000 5.968800 0.650000 0.650000
230537.500000 100.000000 0.084000
1.073000 0.050000 0.116600
0.170213 0.086184 0.000480 0.000000
0.000000

0.000000 0.234240 2.531531
0.057290 0.006366 0.960299 5.328996 221.567947
0.000000 0.001009 0.006670 0.000000 0.000000 0.000000
0.000000 0.000001 0.000009
3.626882 1.000000 0.000000
764.299377 0.000000
0.000000 0.000000 0.000000 0.000000
0.000000 1.282734
11 0.018443 1.051251 0.001000
0.487000 0.580000 0.780000 0.490000 1.250000 5.968800 0.650000 0.650000
230537.500000 100.000000 0.084000
1.073000 0.050000 0.116600
0.170214 0.086184 0.000480 0.000000
0.000000

0.000000 0.215008 2.459562
0.057226 0.006359 0.959499 5.323006 221.570236
0.000000 0.001129 0.007015 0.000000 0.000000 0.000000
0.000000 0.000001 0.000009
3.699925 1.000000 0.000000
764.299377 0.000000
0.000000 0.000000 0.000000 0.000000
0.000000 1.327886
11 0.018443 1.069694 0.001000
0.487000 0.580000 0.780000 0.490000 1.250000 5.968800 0.650000 0.650000
230537.500000 100.000000 0.084000
1.073000 0.050000 0.116600
0.170218 0.086183 0.000480 0.000000
0.000000

0.000000 0.197670 2.396062
0.057164 0.006352 0.959297 5.316694 221.572357
0.000000 0.001234 0.007217 0.000000 0.000000 0.000000
0.000000 0.000001 0.000009
3.772342 1.000000 0.000000
764.299377 0.000000
0.000000 0.000000 0.000000 0.000000
0.000000 1.355302
11 0.018443 1.088137 0.001000
0.487000 0.580000 0.780000 0.490000 1.250000 5.968800 0.650000 0.650000
230537.500000 100.000000 0.084000
1.073000 0.050000 0.116600
0.170224 0.086186 0.000480 0.000000
0.000000

0.000000 0.181496 2.334903
0.057112 0.006346 0.958495 5.312071 221.574692
0.000000 0.001325 0.007529 0.000000 0.000000 0.000000
0.000000 0.000001 0.000009
3.844112 1.000000 0.000000
764.299377 0.000000
0.000000 0.000000 0.000000 0.000000
0.000000 1.405853
11 0.018443 1.106580 0.001000
0.487000 0.580000 0.780000 0.490000 1.250000 5.968800 0.650000 0.650000
230537.500000 100.000000 0.084000
1.073000 0.050000 0.116600
0.170223 0.086248 0.000480 0.000000
0.000000

0.000000 0.166740 2.278697
0.057065 0.006341 0.957760 5.307908 221.575531
0.000000 0.001436 0.007768 0.000000 0.000000 0.000000
0.000000 0.000001 0.000009
3.915218 1.000000 0.000000
764.299377 0.000000
0.000000 0.000000 0.000000 0.000000
0.000000 1.425051
11 0.018443 1.125023 0.001000
0.487000 0.580000 0.780000 0.490000 1.250000 5.968800 0.650000 0.650000
230537.500000 100.000000 0.084000
1.073000 0.050000 0.116600
0.170223 0.086265 0.000480 0.000000
0.000000

0.000000 0.153344 2.228633
0.057021 0.006336 0.957206 5.303857 221.576782
0.000000 0.001511 0.007951 0.000000 0.000000 0.000000
0.000000 0.000002 0.000009
3.985642 1.000000 0.000000
764.299377 0.000000
0.000000 0.000000 0.000000 0.000000
0.000000 1.495478
11 0.018443 1.143466 0.001000
0.487000 0.580000 0.780000 0.490000 1.250000 5.968800 0.650000 0.650000
230537.500000 100.000000 0.084000
1.073000 0.050000 0.116600
0.170224 0.086313 0.000481 0.000000
0.000000

0.000000 0.141122 2.183286
0.056981 0.006332 0.956717 5.300146 221.578552
0.000000 0.001571 0.008088 0.000000 0.000000 0.000000
0.000000 0.000002 0.000009
4.055370 1.000000 0.000000
764.299377 0.000000
0.000000 0.000000 0.000000 0.000000
0.000000 1.549815
11 0.018443 1.161909 0.001000
0.487000 0.580000 0.780000 0.490000 1.250000 5.968800 0.650000 0.650000
230537.500000 100.000000 0.084000
1.073000 0.050000 0.116600
0.170227 0.086314 0.000481 0.000000
0.000000

0.000000 0.129967 2.142334
0.056945 0.006328 0.956319 5.296716 221.580399
0.000000 0.001631 0.008232 0.000000 0.000000 0.000000
0.000000 0.000002 0.000009
4.124389 1.000000 0.000000
764.299377 0.000000
0.000000 0.000000 0.000000 0.000000
0.000000 1.622747
11 0.018443 1.180352 0.001000
0.487000 0.580000 0.780000 0.490000 1.250000 5.968800 0.650000 0.650000
230537.500000 100.000000 0.084000
1.073000 0.050000 0.116600
0.170230 0.086335 0.000481 0.000000
0.000000

0.000000 0.119742 2.104118
0.056912 0.006324 0.955812 5.293800 221.582428
0.000000 0.001676 0.008371 0.000000 0.000000 0.000000
0.000000 0.000002 0.000009
4.192687 1.000000 0.000000
764.299377 0.000000
0.000000 0.000000 0.000000 0.000000
0.000000 1.677482
11 0.018443 1.198795 0.001000
0.487000 0.580000 0.780000 0.490000 1.250000 5.968800 0.650000 0.650000
230537.500000 100.000000 0.084000
1.073000 0.050000 0.116600
0.170231 0.086424 0.000481 0.000000
0.000000

0.000000 0.110427 2.069525
0.056882 0.006321 0.955393 5.291094 221.584076
0.000000 0.001718 0.008451 0.000000 0.000000 0.000000
0.000000 0.000002 0.000009
4.260253 1.000000 0.000000
764.299377 0.000000
0.000000 0.000000 0.000000 0.000000
0.000000 1.757599
11 0.018443 1.217238 0.001000
0.487000 0.580000 0.780000 0.490000 1.250000 5.968800 0.650000 0.650000
230537.500000 100.000000 0.084000
1.073000 0.050000 0.116600
0.170232 0.086366 0.000481 0.000000
0.000000

0.000000 0.101998 2.039165
0.056854 0.006318 0.955297 5.288208 221.585907
0.000000 0.001783 0.008603 0.000000 0.000000 0.000000
0.000000 0.000002 0.000010
4.327078 1.000000 0.000000
764.299377 0.000000
0.000000 0.000000 0.000000 0.000000
0.000000 1.821954
11 0.018443 1.235681 0.001000
0.487000 0.580000 0.780000 0.490000 1.250000 5.968800 0.650000 0.650000
230537.500000 100.000000 0.084000
1.073000 0.050000 0.116600
0.170236 0.086432 0.000481 0.000000
0.000000

0.000000 0.094317 2.013697
0.056828 0.006315 0.955293 5.285402 221.587906
0.000000 0.001813 0.008689 0.000000 0.000000 0.000000
0.000000 0.000002 0.000010
4.393152 1.000000 0.000000
764.299377 0.000000
0.000000 0.000000 0.000000 0.000000
0.000000 1.935782
11 0.018443 1.254124 0.001000
0.487000 0.580000 0.780000 0.490000 1.250000 5.968800 0.650000 0.650000
230537.500000 100.000000 0.084000
1.073000 0.050000 0.116600
0.170244 0.086440 0.000481 0.000000
0.000000

0.000000 0.087534 1.993417
0.056801 0.006312 0.956473 5.281312 221.589783
0.000000 0.001821 0.008722 0.000000 0.000000 0.000000
0.000000 0.000002 0.000010
4.458469 1.000000 0.000000
764.299377 0.000000
0.000000 0.000000 0.000000 0.000000
0.000000 2.051452
11 0.018443 1.272567 0.001000
0.487000 0.580000 0.780000 0.490000 1.250000 5.968800 0.650000 0.650000
230537.500000 100.000000 0.084000
1.073000 0.050000 0.116600
0.170257 0.086526 0.000482 0.000000
0.000000

0.000000 0.059094 1.865434
0.056601 0.006290 0.954589 5.262162 221.641800
0.000000 0.002015 0.009187 0.000000 0.000000 0.000000
0.000000 0.000003 0.000010
4.523022 1.000000 0.000000
764.299377 0.000000
0.000000 0.000000 0.000000 0.000000
0.000000 1.487433
11 0.018443 1.291010 0.001000
0.487000 0.580000 0.780000 0.490000 1.250000 5.968800 0.650000 0.650000
230537.500000 100.000000 0.084000
1.073000 0.050000 0.116600
0.170408 0.085983 0.000479 0.000000
0.000000

0.000000 0.055105 1.858578
0.056597 0.006289 0.954574 5.261654 221.643005
0.000000 0.001981 0.009103 0.000000 0.000000 0.000000
0.000000 0.000003 0.000010
4.586802 1.000000 0.000000
764.299377 0.000000
0.000000 0.000000 0.000000 0.000000
0.000000 1.486044
11 0.018443 1.309453 0.001000
0.487000 0.580000 0.780000 0.490000 1.250000 5.968800 0.650000 0.650000
230537.500000 100.000000 0.084000
1.073000 0.050000 0.116600
0.170407 0.086001 0.000479 0.000000
0.000000

0.000000 0.051467 1.852367
0.056592 0.006289 0.954567 5.261177 221.644318
0.000000 0.001997 0.009159 0.000000 0.000000 0.000000
0.000000 0.000003 0.000010
4.649806 1.000000 0.000000
764.299377 0.000000
0.000000 0.000000 0.000000 0.000000
0.000000 1.484761
11 0.018443 1.327896 0.001000
0.487000 0.580000 0.780000 0.490000 1.250000 5.968800 0.650000 0.650000
230537.500000 100.000000 0.084000
1.073000 0.050000 0.116600
0.170407 0.086022 0.000479 0.000000
0.000000

0.000000 0.048147 1.846750
0.056588 0.006288 0.954564 5.260742 221.645767
0.000000 0.001995 0.009173 0.000000 0.000000 0.000000
0.000000 0.000003 0.000010
4.712028 1.000000 0.000000
764.299377 0.000000
0.000000 0.000000 0.000000 0.000000
0.000000 1.483814
11 0.018443 1.346339 0.001000
0.487000 0.580000 0.780000 0.490000 1.250000 5.968800 0.650000 0.650000
230537.500000 100.000000 0.084000
1.073000 0.050000 0.116600
0.170410 0.086072 0.000479 0.000000
0.000000

0.000000 0.045119 1.841828
0.056585 0.006288 0.954565 5.260334 221.647293
0.000000 0.001966 0.009118 0.000000 0.000000 0.000000
0.000000 0.000002 0.000010
4.773463 1.000000 0.000000
764.299377 0.000000
0.000000 0.000000 0.000000 0.000000
0.000000 1.482490
11 0.018443 1.364782 0.001000
0.487000 0.580000 0.780000 0.490000 1.250000 5.968800 0.650000 0.650000
230537.500000 100.000000 0.084000
1.073000 0.050000 0.116600
0.170410 0.086036 0.000479 0.000000
0.000000

0.000000 0.042356 1.837217
0.056582 0.006287 0.954569 5.259946 221.648621
0.000000 0.001977 0.009148 0.000000 0.000000 0.000000
0.000000 0.000002 0.000011
4.834107 1.000000 0.000000
764.299377 0.000000
0.000000 0.000000 0.000000 0.000000
0.000000 1.481534
11 0.018443 1.383225 0.001000
0.487000 0.580000 0.780000 0.490000 1.250000 5.968800 0.650000 0.650000
230537.500000 100.000000 0.084000
1.073000 0.050000 0.116600
0.170410 0.086057 0.000479 0.000000
0.000000

0.000000 0.039836 1.833454
0.056579 0.006287 0.954576 5.259578 221.650024
0.000000 0.001964 0.009153 0.000000 0.000000 0.000000
0.000000 0.000002 0.000011
4.893957 1.000000 0.000000
764.299377 0.000000
0.000000 0.000000 0.000000 0.000000
0.000000 1.480213
11 0.018443 1.401668 0.001000
0.487000 0.580000 0.780000 0.490000 1.250000 5.968800 0.650000 0.650000
230537.500000 100.000000 0.084000
1.073000 0.050000 0.116600
0.170412 0.086068 0.000479 0.000000
0.000000

0.000000 0.037536 1.834088
0.056574 0.006287 0.954551 5.259030 221.651474
0.000000 0.001939 0.009105 0.000000 0.000000 0.000000
0.000000 0.000002 0.000011
4.953008 1.000000 0.000000
764.299377 0.000000
0.000000 0.000000 0.000000 0.000000
0.000000 1.477106
11 0.018443 1.420111 0.001000
0.487000 0.580000 0.780000 0.490000 1.250000 5.968800 0.650000 0.650000
230537.500000 100.000000 0.084000
1.073000 0.050000 0.116600
0.170422 0.086072 0.000479 0.000000
0.000000

0.000000 0.035439 1.830855
0.056572 0.006286 0.954567 5.258724 221.652710
0.000000 0.001933 0.009110 0.000000 0.000000 0.000000
0.000000 0.000002 0.000011
5.011258 1.000000 0.000000
764.299377 0.000000
0.000000 0.000000 0.000000 0.000000
0.000000 1.475961
11 0.018443 1.438554 0.001000
0.487000 0.580000 0.780000 0.490000 1.250000 5.968800 0.650000 0.650000
230537.500000 100.000000 0.084000
1.073000 0.050000 0.116600
0.170423 0.086065 0.000479 0.000000
0.000000

0.000000 0.033525 1.828027
0.056569 0.006286 0.954586 5.258428 221.654160
0.000000 0.001910 0.009089 0.000000 0.000000 0.000000
0.000000 0.000002 0.000012
5.068703 1.000000 0.000000
764.299377 0.000000
0.000000 0.000000 0.000000 0.000000
0.000000 1.474843
11 0.018443 1.456997 0.001000
0.487000 0.580000 0.780000 0.490000 1.250000 5.968800 0.650000 0.650000
230537.500000 100.000000 0.084000
1.073000 0.050000 0.116600
0.170424 0.086055 0.000479 0.000000
0.000000

0.000000 0.031780 1.825342
0.056567 0.006286 0.954606 5.258153 221.655289
0.000000 0.001889 0.009068 0.000000 0.000000 0.000000
0.000000 0.000002 0.000012
5.125342 1.000000 0.000000
764.299377 0.000000
0.000000 0.000000 0.000000 0.000000
0.000000 1.473877
11 0.018443 1.475440 0.001000
0.487000 0.580000 0.780000 0.490000 1.250000 5.968800 0.650000 0.650000
230537.500000 100.000000 0.084000
1.073000 0.050000 0.116600
0.170425 0.086074 0.000479 0.000000
0.000000

0.000000 0.030187 1.822939
0.056566 0.006286 0.954631 5.257915 221.656540
0.000000 0.001880 0.009043 0.000000 0.000000 0.000000
0.000000 0.000002 0.000012
5.181170 1.000000 0.000000
764.299377 0.000000
0.000000 0.000000 0.000000 0.000000
0.000000 1.472979
11 0.018443 1.493883 0.001000
0.487000 0.580000 0.780000 0.490000 1.250000 5.968800 0.650000 0.650000
230537.500000 100.000000 0.084000
1.073000 0.050000 0.116600
0.170425 0.086092 0.000479 0.000000
0.000000

0.000000 0.028734 1.820787
0.056564 0.006286 0.954659 5.257683 221.658081
0.000000 0.001861 0.009013 0.000000 0.000000 0.000000
0.000000 0.000002 0.000012
5.236189 1.000000 0.000000
764.299377 0.000000
0.000000 0.000000 0.000000 0.000000
0.000000 1.472136
11 0.018443 1.512326 0.001000
0.487000 0.580000 0.780000 0.490000 1.250000 5.968800 0.650000 0.650000
230537.500000 100.000000 0.084000
1.073000 0.050000 0.116600
0.170428 0.086111 0.000480 0.000000
0.000000

0.000000 0.027409 1.818868
0.056563 0.006285 0.954686 5.257448 221.659546
0.000000 0.001846 0.008979 0.000000 0.000000 0.000000
0.000000 0.000001 0.000013
5.290395 1.000000 0.000000
764.299377 0.000000
0.000000 0.000000 0.000000 0.000000
0.000000 1.471357
11 0.018443 1.530769 0.001000
0.487000 0.580000 0.780000 0.490000 1.250000 5.968800 0.650000 0.650000
230537.500000 100.000000 0.084000
1.073000 0.050000 0.116600
0.170428 0.086131 0.000480 0.000000
0.000000

0.000000 0.026200 1.817418
0.056561 0.006285 0.954714 5.257230 221.660583
0.000000 0.001847 0.009000 0.000000 0.000000 0.000000
0.000000 0.000001 0.000013
5.343786 1.000000 0.000000
764.299377 0.000000
0.000000 0.000000 0.000000 0.000000
0.000000 1.470478
11 0.018443 1.549212 0.001000
0.487000 0.580000 0.780000 0.490000 1.250000 5.968800 0.650000 0.650000
230537.500000 100.000000 0.084000
1.073000 0.050000 0.116600
0.170429 0.086124 0.000480 0.000000
0.000000

0.000000 0.025097 1.816264
0.056560 0.006285 0.954741 5.257023 221.661835
0.000000 0.001811 0.008944 0.000000 0.000000 0.000000
0.000000 0.000001 0.000013
5.396362 1.000000 0.000000
764.299377 0.000000
0.000000 0.000000 0.000000 0.000000
0.000000 1.469613
11 0.018443 1.567655 0.001000
0.487000 0.580000 0.780000 0.490000 1.250000 5.968800 0.650000 0.650000
230537.500000 100.000000 0.084000
1.073000 0.050000 0.116600
0.170430 0.086115 0.000480 0.000000
0.000000

0.000000 0.024091 1.815028
0.056559 0.006285 0.954772 5.256823 221.663223
0.000000 0.001788 0.008908 0.000000 0.000000 0.000000
0.000000 0.000001 0.000013
5.448123 1.000000 0.000000
764.299377 0.000000
0.000000 0.000000 0.000000 0.000000
0.000000 1.468998
11 0.018443 1.586098 0.001000
0.487000 0.580000 0.780000 0.490000 1.250000 5.968800 0.650000 0.650000
230537.500000 100.000000 0.084000
1.073000 0.050000 0.116600
0.170433 0.086132 0.000480 0.000000
0.000000

0.000000 0.023172 1.813954
0.056558 0.006285 0.954805 5.256644 221.664429
0.000000 0.001767 0.008882 0.000000 0.000000 0.000000
0.000000 0.000001 0.000014
5.499065 1.000000 0.000000
764.299377 0.000000
0.000000 0.000000 0.000000 0.000000
0.000000 1.468456
11 0.018443 1.604541 0.001000
0.487000 0.580000 0.780000 0.490000 1.250000 5.968800 0.650000 0.650000
230537.500000 100.000000 0.084000
1.073000 0.050000 0.116600
0.170433 0.086150 0.000480 0.000000
0.000000

0.000000 0.022335 1.813028
0.056557 0.006285 0.954840 5.256485 221.666107
0.000000 0.001763 0.008849 0.000000 0.000000 0.000000
0.000000 0.000001 0.000014
5.549191 1.000000 0.000000
764.299377 0.000000
0.000000 0.000000 0.000000 0.000000
0.000000 1.467993
11 0.018443 1.622984 0.001000
0.487000 0.580000 0.780000 0.490000 1.250000 5.968800 0.650000 0.650000
230537.500000 100.000000 0.084000
1.073000 0.050000 0.116600
0.170434 0.086170 0.000480 0.000000
0.000000

0.000000 0.021571 1.812233
0.056556 0.006285 0.954874 5.256312 221.667648
0.000000 0.001722 0.008790 0.000000 0.000000 0.000000
0.000000 0.000001 0.000014
5.598497 1.000000 0.000000
764.299377 0.000000
0.000000 0.000000 0.000000 0.000000
0.000000 1.467608
11 0.018443 1.641427 0.001000
0.487000 0.580000 0.780000 0.490000 1.250000 5.968800 0.650000 0.650000
230537.500000 100.000000 0.084000
1.073000 0.050000 0.116600
0.170436 0.086190 0.000480 0.000000
0.000000

0.000000 0.020874 1.811706
0.056556 0.006285 0.954908 5.256146 221.669128
0.000000 0.001687 0.008732 0.000000 0.000000 0.000000
0.000000 0.000001 0.000014
5.646985 1.000000 0.000000
764.299377 0.000000
0.000000 0.000000 0.000000 0.000000
0.000000 1.467232
11 0.018443 1.659870 0.001000
0.487000 0.580000 0.780000 0.490000 1.250000 5.968800 0.650000 0.650000
230537.500000 100.000000 0.084000
1.073000 0.050000 0.116600
0.170437 0.086185 0.000480 0.000000
0.000000

0.000000 0.020238 1.811311
0.056555 0.006285 0.954942 5.255991 221.670532
0.000000 0.001679 0.008737 0.000000 0.000000 0.000000
0.000000 0.000001 0.000014
5.694654 1.000000 0.000000
764.299377 0.000000
0.000000 0.000000 0.000000 0.000000
0.000000 1.466931
11 0.018443 1.678313 0.001000
0.487000 0.580000 0.780000 0.490000 1.250000 5.968800 0.650000 0.650000
230537.500000 100.000000 0.084000
1.073000 0.050000 0.116600
0.170439 0.086178 0.000480 0.000000
0.000000

0.000000 0.019658 1.810865
0.056555 0.006285 0.954979 5.255862 221.671936
0.000000 0.001670 0.008698 0.000000 0.000000 0.000000
0.000000 0.000001 0.000014
5.741507 1.000000 0.000000
764.299377 0.000000
0.000000 0.000000 0.000000 0.000000
0.000000 1.466826
11 0.018443 1.696756 0.001000
0.487000 0.580000 0.780000 0.490000 1.250000 5.968800 0.650000 0.650000
230537.500000 100.000000 0.084000
1.073000 0.050000 0.116600
0.170440 0.086195 0.000480 0.000000
0.000000

0.000000 0.019128 1.810507
0.056554 0.006284 0.955015 5.255725 221.673477
0.000000 0.001655 0.008681 0.000000 0.000000 0.000000
0.000000 0.000001 0.000014
5.787544 1.000000 0.000000
764.299377 0.000000
0.000000 0.000000 0.000000 0.000000
0.000000 1.467964
11 0.018443 1.715199 0.001000
0.487000 0.580000 0.780000 0.490000 1.250000 5.968800 0.650000 0.650000
230537.500000 100.000000 0.084000
1.073000 0.050000 0.116600
0.170441 0.086271 0.000480 0.000000
0.000000

0.000000 0.018645 1.810235
0.056554 0.006284 0.955052 5.255584 221.674728
0.000000 0.001623 0.008621 0.000000 0.000000 0.000000
0.000000 0.000001 0.000014
5.832765 1.000000 0.000000
764.299377 0.000000
0.000000 0.000000 0.000000 0.000000
0.000000 1.467246
11 0.018443 1.733642 0.001000
0.487000 0.580000 0.780000 0.490000 1.250000 5.968800 0.650000 0.650000
230537.500000 100.000000 0.084000
1.073000 0.050000 0.116600
0.170442 0.086239 0.000480 0.000000
0.000000

0.000000 0.018205 1.810042
0.056553 0.006284 0.955090 5.255462 221.675964
0.000000 0.001610 0.008578 0.000000 0.000000 0.000000
0.000000 0.000001 0.000015
5.877172 1.000000 0.000000
764.299377 0.000000
0.000000 0.000000 0.000000 0.000000
0.000000 1.467292
11 0.018443 1.752085 0.001000
0.487000 0.580000 0.780000 0.490000 1.250000 5.968800 0.650000 0.650000
230537.500000 100.000000 0.084000
1.073000 0.050000 0.116600
0.170443 0.086241 0.000480 0.000000
0.000000

0.000000 0.017803 1.820693
0.056548 0.006284 0.955036 5.254846 221.681671
0.000000 0.001566 0.008495 0.000000 0.000000 0.000000
0.000000 0.000001 0.000015
5.920766 1.000000 0.000000
764.299377 0.000000
0.000000 0.000000 0.000000 0.000000
0.000000 1.459569
11 0.018443 1.770528 0.001000
0.487000 0.580000 0.780000 0.490000 1.250000 5.968800 0.650000 0.650000
230537.500000 100.000000 0.084000
1.073000 0.050000 0.116600
0.170468 0.086183 0.000480 0.000000
0.000000

0.000000 0.017436 1.821841
0.056547 0.006284 0.955063 5.254673 221.683594
0.000000 0.001560 0.008509 0.000000 0.000000 0.000000
0.000000 0.000001 0.000015
5.963550 1.000000 0.000000
764.299377 0.000000
0.000000 0.000000 0.000000 0.000000
0.000000 1.458142
11 0.018443 1.788971 0.001000
0.487000 0.580000 0.780000 0.490000 1.250000 5.968800 0.650000 0.650000
230537.500000 100.000000 0.084000
1.073000 0.050000 0.116600
0.170471 0.086216 0.000480 0.000000
0.000000

0.000000 0.017102 1.821882
0.056547 0.006284 0.955099 5.254549 221.685013
0.000000 0.001541 0.008452 0.000000 0.000000 0.000000
0.000000 0.000001 0.000015
6.005526 1.000000 0.000000
764.299377 0.000000
0.000000 0.000000 0.000000 0.000000
0.000000 1.457865
11 0.018443 1.807414 0.001000
0.487000 0.580000 0.780000 0.490000 1.250000 5.968800 0.650000 0.650000
230537.500000 100.000000 0.084000
1.073000 0.050000 0.116600
0.170472 0.086291 0.000481 0.000000
0.000000

0.000000 0.016797 1.821966
0.056546 0.006284 0.955137 5.254429 221.686539
0.000000 0.001520 0.008405 0.000000 0.000000 0.000000
0.000000 0.000001 0.000015
6.046694 1.000000 0.000000
764.299377 0.000000
0.000000 0.000000 0.000000 0.000000
0.000000 1.457087
11 0.018443 1.825857 0.001000
0.487000 0.580000 0.780000 0.490000 1.250000 5.968800 0.650000 0.650000
230537.500000 100.000000 0.084000
1.073000 0.050000 0.116600
0.170474 0.086258 0.000480 0.000000
0.000000

0.000000 0.016518 1.822100
0.056546 0.006284 0.955175 5.254327 221.688141
0.000000 0.001483 0.008350 0.000000 0.000000 0.000000
0.000000 0.000001 0.000015
6.087059 1.000000 0.000000
764.299377 0.000000
0.000000 0.000000 0.000000 0.000000
0.000000 1.456586
11 0.018443 1.844300 0.001000
0.487000 0.580000 0.780000 0.490000 1.250000 5.968800 0.650000 0.650000
230537.500000 100.000000 0.084000
1.073000 0.050000 0.116600
0.170474 0.086278 0.000480 0.000000
0.000000

0.000000 0.016265 1.822412
0.056546 0.006284 0.955210 5.254203 221.689606
0.000000 0.001478 0.008319 0.000000 0.000000 0.000000
0.000000 0.000001 0.000015
6.126623 1.000000 0.000000
764.299377 0.000000
0.000000 0.000000 0.000000 0.000000
0.000000 1.455909
11 0.018443 1.862743 0.001000
0.487000 0.580000 0.780000 0.490000 1.250000 5.968800 0.650000 0.650000
230537.500000 100.000000 0.084000
1.073000 0.050000 0.116600
0.170477 0.086273 0.000480 0.000000
0.000000

0.000000 0.016033 1.823060
0.056545 0.006284 0.955246 5.254094 221.691040
0.000000 0.001468 0.008283 0.000000 0.000000 0.000000
0.000000 0.000001 0.000015
6.165389 1.000000 0.000000
764.299377 0.000000
0.000000 0.000000 0.000000 0.000000
0.000000 1.455133
11 0.018443 1.881186 0.001000
0.487000 0.580000 0.780000 0.490000 1.250000 5.968800 0.650000 0.650000
230537.500000 100.000000 0.084000
1.073000 0.050000 0.116600
0.170478 0.086266 0.000480 0.000000
0.000000

0.000000 0.015822 1.823311
0.056545 0.006284 0.955282 5.253994 221.692200
0.000000 0.001443 0.008256 0.000000 0.000000 0.000000
0.000000 0.000001 0.000015
6.203361 1.000000 0.000000
764.299377 0.000000
0.000000 0.000000 0.000000 0.000000
0.000000 1.454695
11 0.018443 1.899629 0.001000
0.487000 0.580000 0.780000 0.490000 1.250000 5.968800 0.650000 0.650000
230537.500000 100.000000 0.084000
1.073000 0.050000 0.116600
0.170481 0.086283 0.000480 0.000000
0.000000

0.000000 0.015629 1.823594
0.056545 0.006283 0.955320 5.253899 221.694061
0.000000 0.001430 0.008196 0.000000 0.000000 0.000000
0.000000 0.000001 0.000016
6.240543 1.000000 0.000000
764.299377 0.000000
0.000000 0.000000 0.000000 0.000000
0.000000 1.454296
11 0.018443 1.918072 0.001000
0.487000 0.580000 0.780000 0.490000 1.250000 5.968800 0.650000 0.650000
230537.500000 100.000000 0.084000
1.073000 0.050000 0.116600
0.170481 0.086302 0.000481 0.000000
0.000000

0.000000 0.015453 1.823905
0.056545 0.006283 0.955357 5.253787 221.695465
0.000000 0.001409 0.008193 0.000000 0.000000 0.000000
0.000000 0.000001 0.000016
6.276940 1.000000 0.000000
764.299377 0.000000
0.000000 0.000000 0.000000 0.000000
0.000000 1.453979
11 0.018443 1.936515 0.001000
0.487000 0.580000 0.780000 0.490000 1.250000 5.968800 0.650000 0.650000
230537.500000 100.000000 0.084000
1.073000 0.050000 0.116600
0.170482 0.086320 0.000481 0.000000
0.000000

0.000000 0.015293 1.824244
0.056545 0.006283 0.955396 5.253699 221.696564
0.000000 0.001389 0.008130 0.000000 0.000000 0.000000
0.000000 0.000001 0.000016
6.312555 1.000000 0.000000
764.299377 0.000000
0.000000 0.000000 0.000000 0.000000
0.000000 1.454014
11 0.018443 1.954958 0.001000
0.487000 0.580000 0.780000 0.490000 1.250000 5.968800 0.650000 0.650000
230537.500000 100.000000 0.084000
1.073000 0.050000 0.116600
0.170484 0.086356 0.000481 0.000000
0.000000

0.000000 0.015146 1.825812
0.056544 0.006283 0.955426 5.253574 221.699005
0.000000 0.001354 0.008032 0.000000 0.000000 0.000000
0.000000 0.000001 0.000016
6.347393 1.000000 0.000000
764.299377 0.000000
0.000000 0.000000 0.000000 0.000000
0.000000 1.452398
11 0.018443 1.973401 0.001000
0.487000 0.580000 0.780000 0.490000 1.250000 5.968800 0.650000 0.650000
230537.500000 100.000000 0.084000
1.073000 0.050000 0.116600
0.170488 0.086319 0.000481 0.000000
0.000000

0.000000 0.013625 1.824276
0.056542 0.006283 0.955435 5.253341 221.701004
0.000000 0.074388 0.018640 0.000000 0.000000 0.000000
0.000000 0.000005 0.000000
6.381459 1.000000 0.000000
764.299377 0.000000
0.000000 0.000000 0.000000 0.000000
0.000000 1.451740
11 0.018443 1.991844 0.001000
0.487000 0.580000 0.780000 0.490000 1.250000 5.968800 0.650000 0.650000
230537.500000 100.000000 0.084000
1.073000 0.050000 0.116600
0.170490 0.086391 0.000481 0.000000
0.000000
1.000000
2.000000
0.321000 0.000000
0.000000
0
-0.811492
0 0
0.000000
1
0.000000
1.000000
1.000000
1.000000
0.000000 0.000000 0.000000
0.000000 0.000000
0.000000 0.000000 0.000000 0.000000 0.000000 0.000000 0.000000
0.000000 0.000000 0.000000 0.000000 0.000000 0.000000 0.000000
278
2.000000
1
C:\Input\Ohio1.spf
-1.000000 -1.000000
0.000000
44
44
6.000000
