11
Clay
0.580000 0.612000 0.084000 0.780000 0.530000 1.000000 0.000000 0.000000
1.020000 5.968800 1 0.028600 0.500000 0.050000 0.010000 0.027000 0.963000
0.000000 0.018443 2.000000 188118.593750 100.000000 108
0.173500 2.523000 3.647700 0.000000 1
5.212900 5.212900 6.915800 5.000000 25.000000 100.000000
0.000000 0.000000 0.016391 0.000000 0.000000 0.000000
500.000000 0.000000 0.000000

0.045579 0.309542 54.483780
2.600541 0.289788 15.364470 295.496399 4441.351074
0.000000 0.260991 0.118142 1.228134 0.000000 0.000000
0.000052 0.000005 0.000003
-2.417006 0.000010 86.873817
764.299377 0.000000
0.787881 0.000000 0.000000 0.000000
0.000000 0.215499
11 0.018443 0.018443 0.028600
0.612000 0.580000 0.780000 0.530000 1.020000 5.968800 0.780000 0.780000
188118.593750 100.000000 0.084000
1.073000 0.050000 0.116600
6.543664 12.724240 0.008804 0.000000
344.202942

0.054825 0.390297 55.233566
2.153159 0.239922 14.415023 267.731720 4441.272461
0.000000 0.103863 0.065394 0.614067 0.000000 0.000000
0.000018 0.000004 0.000004
-2.086190 0.000010 86.873817
764.299377 0.000000
0.562988 0.000000 0.000000 0.000000
0.000000 0.273803
11 0.018443 0.036886 0.028600
0.612000 0.580000 0.780000 0.530000 1.020000 5.968800 0.780000 0.780000
188118.593750 100.000000 0.084000
1.073000 0.050000 0.116600
6.552394 13.318733 0.009730 0.000000
0.000000

0.059981 0.435447 55.581013
2.381411 0.410336 14.655665 267.667145 4441.328125
0.000000 0.078020 0.053205 0.307034 0.000000 0.000000
0.000017 0.000004 0.000007
-1.862050 0.000010 86.873817
764.299377 0.000000
0.165125 0.000000 0.000000 0.000000
0.000000 0.399873
11 0.018443 0.055329 0.028600
0.612000 0.580000 0.780000 0.530000 1.020000 5.968800 0.780000 0.780000
188118.593750 100.000000 0.084000
1.073000 0.050000 0.116600
6.556637 13.560274 0.010103 0.000000
0.000000

0.063089 0.462312 55.772820
2.421251 0.391247 14.794830 267.627930 4441.377441
0.000000 0.121760 0.050120 0.153517 0.000000 0.000000
0.000017 0.000003 0.000010
-1.640300 0.000010 86.873817
764.299377 0.000000
0.145518 0.000000 0.000000 0.000000
0.000000 0.582296
11 0.018443 0.073772 0.028600
0.612000 0.580000 0.780000 0.530000 1.020000 5.968800 0.780000 0.780000
188118.593750 100.000000 0.084000
1.073000 0.050000 0.116600
6.559057 13.769455 0.010433 0.000000
0.000000

0.065147 0.479386 55.893261
2.461489 0.371665 14.884495 267.601166 4441.415527
0.000000 0.167412 0.045416 0.076758 0.000000 0.000000
0.000016 0.000003 0.000013
-1.421349 0.000010 86.873817
764.299377 0.000000
0.126150 0.000000 0.000000 0.000000
0.000000 0.821714
11 0.018443 0.092215 0.028600
0.612000 0.580000 0.780000 0.530000 1.020000 5.968800 0.780000 0.780000
188118.593750 100.000000 0.084000
1.073000 0.050000 0.116600
6.560604 13.918163 0.010672 0.000000
0.000000

0.066499 0.489817 64.894669
2.510555 0.352746 14.932837 267.395081 4441.432617
0.000000 0.216280 0.039548 0.038379 0.000000 0.000000
0.000015 0.000003 0.000015
-1.205581 0.000010 86.873817
764.299377 0.000000
0.107409 0.000000 0.000000 0.000000
0.000000 1.136251
11 0.018443 0.110658 0.028600
0.612000 0.580000 0.780000 0.530000 1.020000 5.968800 0.780000 0.780000
188118.593750 100.000000 0.084000
1.073000 0.050000 0.116600
6.561615 13.943780 0.010712 0.000000
0.000000

0.067104 0.493272 64.936714
2.560045 0.331750 14.961740 267.378723 4441.458984
0.000000 0.279589 0.033260 0.019190 0.000000 0.000000
0.000014 0.000003 0.000016
-0.980083 0.000010 64.417473
764.299377 0.000000
0.087574 0.000000 0.000000 0.000000
0.000000 1.528412
11 0.018443 0.129101 0.018000
0.547000 0.580000 0.780000 0.490000 1.150000 5.968800 0.650000 0.650000
212094.484375 100.000000 0.084000
1.073000 0.050000 0.116600
6.562114 14.201406 0.006436 0.000000
0.000000

0.067312 0.492535 64.949417
2.608330 0.315556 14.972649 267.365295 4441.484375
0.000000 0.361557 0.025199 0.009595 0.000000 0.000000
0.000012 0.000003 0.000014
-0.739563 0.000010 64.417473
764.299377 0.000000
0.066324 0.000000 0.000000 0.000000
0.000000 2.032619
11 0.018443 0.147544 0.018000
0.547000 0.580000 0.780000 0.490000 1.150000 5.968800 0.650000 0.650000
212094.484375 100.000000 0.084000
1.073000 0.050000 0.116600
6.562304 14.104280 0.006346 0.000000
0.000000

0.067636 0.763270 64.971436
2.651744 0.301136 14.991429 267.445862 4441.495605
0.000000 0.463905 0.017785 0.004797 0.000000 0.000000
0.000011 0.000001 0.000005
-0.503079 0.000010 64.417473
764.299377 0.000000
0.045235 0.000000 0.000000 0.000000
0.000000 2.674718
11 0.018443 0.165987 0.018000
0.547000 0.580000 0.780000 0.490000 1.150000 5.968800 0.650000 0.650000
212094.484375 100.000000 0.084000
1.073000 0.050000 0.116600
6.562541 14.048783 0.006293 0.000000
0.000000

0.067455 0.763103 64.954933
2.693617 0.300408 14.988210 267.431091 4441.512695
0.000000 0.597916 0.011338 0.002399 0.000000 0.000000
0.000012 0.000001 0.000000
-0.270909 0.000010 64.417473
764.299377 0.000000
0.024525 0.000000 0.000000 0.000000
0.000000 3.521993
11 0.018443 0.184430 0.018000
0.547000 0.580000 0.780000 0.490000 1.150000 5.968800 0.650000 0.650000
212094.484375 100.000000 0.084000
1.073000 0.050000 0.116600
6.562497 14.024602 0.006322 0.000000
0.000000

0.298217 7.862204 72.986572
2.647145 0.294481 21.046860 264.010834 4441.124512
0.000000 0.744179 0.001066 0.001199 0.000000 0.000000
0.000004 0.000001 0.000000
-0.044166 0.000010 65.574081
764.299377 0.000000
0.000000 0.000000 0.000000 0.000000
0.000000 4.203060
11 0.018443 0.202873 0.018000
0.547000 0.580000 0.780000 0.490000 1.150000 5.968800 0.650000 0.650000
212094.484375 100.000000 0.084000
1.073000 0.050000 0.116600
6.652765 13.833920 0.006249 0.000000
0.000000

0.000000 2.282485 46.138348
0.646367 0.071911 9.720801 57.886364 1904.456665
0.000000 0.929425 0.001103 0.000600 0.000000 0.000000
0.000002 0.000001 0.000000
0.165884 0.650000 0.000000
764.299377 0.000000
0.000000 0.000000 0.000000 0.000000
0.000000 4.994626
11 0.018443 0.221316 0.009000
0.527000 0.580000 0.780000 0.490000 1.200000 5.968800 0.650000 0.650000
221316.000000 100.000000 0.084000
1.073000 0.050000 0.116600
1.448915 2.971123 0.012353 0.000000
0.000000

0.000000 2.107347 41.888317
0.636213 0.070786 9.592119 57.071224 1904.592041
0.000000 1.134538 0.001168 0.000300 0.000000 0.000000
0.000002 0.000001 0.000000
0.385599 0.650000 0.000000
764.299377 0.000000
0.000000 0.000000 0.000000 0.000000
0.000000 5.648043
11 0.018443 0.239759 0.009000
0.527000 0.580000 0.780000 0.490000 1.200000 5.968800 0.650000 0.650000
221316.000000 100.000000 0.084000
1.073000 0.050000 0.116600
1.449049 2.193551 0.009073 0.000000
0.000000

0.000000 2.022542 38.512947
0.625535 0.069602 9.443067 56.137623 1904.733521
0.000000 1.350668 0.001160 0.000150 0.000000 0.000000
0.000002 0.000001 0.000000
0.600107 0.650000 0.000000
764.299377 0.000000
0.000000 0.000000 0.000000 0.000000
0.000000 6.062227
11 0.018443 0.258202 0.009000
0.527000 0.580000 0.780000 0.490000 1.200000 5.968800 0.650000 0.650000
221316.000000 100.000000 0.084000
1.073000 0.050000 0.116600
1.449169 1.683609 0.006941 0.000000
0.000000

0.000000 1.857605 35.374046
0.616108 0.068558 9.315018 55.334564 1904.866333
0.000000 1.559601 0.001277 0.000075 0.000000 0.000000
0.000002 0.000001 0.000000
0.809324 0.650000 0.000000
764.299377 0.000000
0.000000 0.000000 0.000000 0.000000
0.000000 6.211626
11 0.018443 0.276645 0.009000
0.527000 0.580000 0.780000 0.490000 1.200000 5.968800 0.650000 0.650000
221316.000000 100.000000 0.084000
1.073000 0.050000 0.116600
1.449291 1.341797 0.005520 0.000000
0.000000

0.000000 1.707591 32.544842
0.607470 0.067603 9.195251 54.589035 1904.987427
0.000000 1.736217 0.001334 0.000037 0.000000 0.000000
0.000002 0.000001 0.000000
1.013207 0.650000 0.000000
764.299377 0.000000
0.000000 0.000000 0.000000 0.000000
0.000000 6.113357
11 0.018443 0.295088 0.009000
0.527000 0.580000 0.780000 0.490000 1.200000 5.968800 0.650000 0.650000
221316.000000 100.000000 0.084000
1.073000 0.050000 0.116600
1.449387 1.112176 0.004568 0.000000
0.000000

0.000000 1.613316 30.189470
0.598797 0.066643 9.070792 53.819935 1905.077271
0.000000 1.856496 0.001384 0.000019 0.000000 0.000000
0.000002 0.000001 0.000000
1.211749 0.650000 0.000000
764.299377 0.000000
0.000000 0.000000 0.000000 0.000000
0.000000 5.819145
11 0.018443 0.313531 0.009000
0.527000 0.580000 0.780000 0.490000 1.200000 5.968800 0.650000 0.650000
221316.000000 100.000000 0.084000
1.073000 0.050000 0.116600
1.449469 0.964182 0.003957 0.000000
0.000000

0.000000 1.417845 27.179007
0.473220 0.052671 7.108628 42.157574 1455.330322
0.000000 1.903942 0.001622 0.000009 0.000000 0.000000
0.000001 0.000000 0.000000
1.407558 0.650000 0.000000
764.299377 0.000000
0.000000 0.000000 0.000000 0.000000
0.000000 5.397058
11 0.018443 0.331974 0.006600
0.497000 0.580000 0.780000 0.490000 1.250000 5.968800 0.650000 0.650000
230537.500000 100.000000 0.084000
1.073000 0.050000 0.116600
1.107468 0.791851 0.002938 0.000000
0.000000

0.000000 1.303131 24.867764
0.466767 0.051956 7.025427 41.643833 1455.395386
0.000000 1.874240 0.001678 0.000005 0.000000 0.000000
0.000002 0.000000 0.000000
1.600641 0.650000 0.000000
764.299377 0.000000
0.000000 0.000000 0.000000 0.000000
0.000000 4.919559
11 0.018443 0.350417 0.006600
0.497000 0.580000 0.780000 0.490000 1.250000 5.968800 0.650000 0.650000
230537.500000 100.000000 0.084000
1.073000 0.050000 0.116600
1.107524 0.707335 0.002623 0.000000
0.000000

0.000000 1.197879 23.035128
0.460022 0.051210 6.933990 41.083282 1455.481689
0.000000 1.773095 0.001785 0.000002 0.000000 0.000000
0.000002 0.000000 0.000000
1.788447 0.650000 0.000000
764.299377 0.000000
0.000000 0.000000 0.000000 0.000000
0.000000 4.437921
11 0.018443 0.368860 0.006600
0.497000 0.580000 0.780000 0.490000 1.250000 5.968800 0.650000 0.650000
230537.500000 100.000000 0.084000
1.073000 0.050000 0.116600
1.107540 0.651833 0.002416 0.000000
0.000000

0.000000 1.099738 21.262764
0.454067 0.050551 6.856066 40.607044 1455.517334
0.000000 1.615288 0.001743 0.000001 0.000000 0.000000
0.000002 0.000001 0.000000
1.971101 0.650000 0.000000
764.299377 0.000000
0.000000 0.000000 0.000000 0.000000
0.000000 3.982646
11 0.018443 0.387303 0.006600
0.497000 0.580000 0.780000 0.490000 1.250000 5.968800 0.650000 0.650000
230537.500000 100.000000 0.084000
1.073000 0.050000 0.116600
1.107564 0.616500 0.002285 0.000000
0.000000

0.000000 1.009406 19.677595
0.448492 0.049934 6.783810 40.163578 1455.588867
0.000000 1.421050 0.001819 0.000001 0.000000 0.000000
0.000002 0.000001 0.000000
2.148755 0.650000 0.000000
764.299377 0.000000
0.000000 0.000000 0.000000 0.000000
0.000000 3.567741
11 0.018443 0.405746 0.006600
0.497000 0.580000 0.780000 0.490000 1.250000 5.968800 0.650000 0.650000
230537.500000 100.000000 0.084000
1.073000 0.050000 0.116600
1.107593 0.593281 0.002199 0.000000
0.000000

0.000000 0.933734 17.370766
0.250998 0.027946 3.677512 21.765377 727.836426
0.000000 1.210175 0.002389 0.000000 0.000000 0.000000
0.000001 0.000000 0.000000
2.322374 0.650000 0.000000
764.299377 0.000000
0.000000 0.000000 0.000000 0.000000
0.000000 3.191831
11 0.018443 0.424189 0.003300
0.487000 0.580000 0.780000 0.490000 1.250000 5.968800 0.650000 0.650000
230537.500000 100.000000 0.084000
1.073000 0.050000 0.116600
0.554045 0.400578 0.001453 0.000000
0.000000

0.000000 0.857371 15.784801
0.246867 0.027488 3.631016 21.483078 727.867432
0.000000 1.003679 0.002431 0.000000 0.000000 0.000000
0.000001 0.000000 0.000000
2.492189 0.650000 0.000000
764.299377 0.000000
0.000000 0.000000 0.000000 0.000000
0.000000 2.861275
11 0.018443 0.442632 0.003300
0.487000 0.580000 0.780000 0.490000 1.250000 5.968800 0.650000 0.650000
230537.500000 100.000000 0.084000
1.073000 0.050000 0.116600
0.554044 0.362104 0.001313 0.000000
0.000000

0.000000 0.787263 14.453433
0.242737 0.027030 3.581918 21.187536 727.888672
0.000000 0.815288 0.002495 0.000000 0.000000 0.000000
0.000001 0.000000 0.000000
2.657600 0.650000 0.000000
764.299377 0.000000
0.000000 0.000000 0.000000 0.000000
0.000000 2.571386
11 0.018443 0.461075 0.003300
0.487000 0.580000 0.780000 0.490000 1.250000 5.968800 0.650000 0.650000
230537.500000 100.000000 0.084000
1.073000 0.050000 0.116600
0.554037 0.335015 0.001215 0.000000
0.000000

0.000000 0.723594 13.209959
0.238991 0.026615 3.539004 20.927567 727.912598
0.000000 0.654784 0.002556 0.000000 0.000000 0.000000
0.000001 0.000001 0.000000
2.818821 0.650000 0.000000
764.299377 0.000000
0.000000 0.000000 0.000000 0.000000
0.000000 2.320987
11 0.018443 0.479518 0.003300
0.487000 0.580000 0.780000 0.490000 1.250000 5.968800 0.650000 0.650000
230537.500000 100.000000 0.084000
1.073000 0.050000 0.116600
0.554034 0.316688 0.001148 0.000000
0.000000

0.000000 0.665106 12.126864
0.235402 0.026217 3.497052 20.674007 727.927124
0.000000 0.526990 0.002581 0.000000 0.000000 0.000000
0.000001 0.000001 0.000000
2.976072 0.650000 0.000000
764.299377 0.000000
0.000000 0.000000 0.000000 0.000000
0.000000 2.109639
11 0.018443 0.497961 0.003300
0.487000 0.580000 0.780000 0.490000 1.250000 5.968800 0.650000 0.650000
230537.500000 100.000000 0.084000
1.073000 0.050000 0.116600
0.554033 0.303893 0.001101 0.000000
0.000000

0.000000 0.611555 11.182870
0.231986 0.025838 3.456451 20.428846 727.960083
0.000000 0.432594 0.002651 0.000000 0.000000 0.000000
0.000001 0.000001 0.000000
3.129576 0.650000 0.000000
764.299377 0.000000
0.000000 0.000000 0.000000 0.000000
0.000000 1.936158
11 0.018443 0.516404 0.003300
0.487000 0.580000 0.780000 0.490000 1.250000 5.968800 0.650000 0.650000
230537.500000 100.000000 0.084000
1.073000 0.050000 0.116600
0.554036 0.294703 0.001068 0.000000
0.000000

0.000000 0.585433 10.516310
0.092525 0.010305 1.249066 7.380891 220.611069
0.000000 0.367857 0.004234 0.000000 0.000000 0.000000
0.000000 0.000000 0.000000
3.279557 0.650000 0.000000
764.299377 0.000000
0.000000 0.000000 0.000000 0.000000
0.000000 1.794410
11 0.018443 0.534847 0.001000
0.487000 0.580000 0.780000 0.490000 1.250000 5.968800 0.650000 0.650000
230537.500000 100.000000 0.084000
1.073000 0.050000 0.116600
0.168076 0.159451 0.000577 0.000000
0.000000

0.000000 0.530851 9.598594
0.089910 0.010014 1.222458 7.222162 220.613922
0.000000 0.330363 0.004255 0.000000 0.000000 0.000000
0.000000 0.000000 0.000000
3.426241 0.650000 0.000000
764.299377 0.000000
0.000000 0.000000 0.000000 0.000000
0.000000 1.685952
11 0.018443 0.553290 0.001000
0.487000 0.580000 0.780000 0.490000 1.250000 5.968800 0.650000 0.650000
230537.500000 100.000000 0.084000
1.073000 0.050000 0.116600
0.168060 0.138754 0.000502 0.000000
0.000000

0.000000 0.485052 8.777215
0.087460 0.009742 1.197119 7.071171 220.619263
0.000000 0.313351 0.004309 0.000000 0.000000 0.000000
0.000000 0.000000 0.000000
3.569844 0.650000 0.000000
764.299377 0.000000
0.000000 0.000000 0.000000 0.000000
0.000000 1.602940
11 0.018443 0.571733 0.001000
0.487000 0.580000 0.780000 0.490000 1.250000 5.968800 0.650000 0.650000
230537.500000 100.000000 0.084000
1.073000 0.050000 0.116600
0.168047 0.122008 0.000442 0.000000
0.000000

0.000000 0.444466 7.973233
0.085326 0.009505 1.177030 6.951220 220.622604
0.000000 0.310883 0.004323 0.000000 0.000000 0.000000
0.000000 0.000000 0.000000
3.710578 0.650000 0.000000
764.299377 0.000000
0.000000 0.000000 0.000000 0.000000
0.000000 1.539425
11 0.018443 0.590176 0.001000
0.487000 0.580000 0.780000 0.490000 1.250000 5.968800 0.650000 0.650000
230537.500000 100.000000 0.084000
1.073000 0.050000 0.116600
0.168035 0.109524 0.000397 0.000000
0.000000

0.000000 0.408536 7.270816
0.083285 0.009278 1.156977 6.831589 220.629257
0.000000 0.317368 0.004366 0.000000 0.000000 0.000000
0.000000 0.000000 0.000000
3.848645 0.650000 0.000000
764.299377 0.000000
0.000000 0.000000 0.000000 0.000000
0.000000 1.490049
11 0.018443 0.608619 0.001000
0.487000 0.580000 0.780000 0.490000 1.250000 5.968800 0.650000 0.650000
230537.500000 100.000000 0.084000
1.073000 0.050000 0.116600
0.168024 0.101258 0.000367 0.000000
0.000000

0.000000 0.376158 6.594851
0.081485 0.009078 1.140678 6.734192 220.630203
0.000000 0.327987 0.004397 0.000000 0.000000 0.000000
0.000000 0.000000 0.000000
3.984238 0.650000 0.000000
764.299377 0.000000
0.000000 0.000000 0.000000 0.000000
0.000000 1.449901
11 0.018443 0.627062 0.001000
0.487000 0.580000 0.780000 0.490000 1.250000 5.968800 0.650000 0.650000
230537.500000 100.000000 0.084000
1.073000 0.050000 0.116600
0.168016 0.095623 0.000346 0.000000
0.000000

0.000000 0.346550 5.868097
0.080072 0.008921 1.131974 6.681697 220.636093
0.000000 0.338950 0.004448 0.000000 0.000000 0.000000
0.000000 0.000000 0.000000
4.117539 0.650000 0.000000
764.299377 0.000000
0.000000 0.000000 0.000000 0.000000
0.000000 1.415061
11 0.018443 0.645505 0.001000
0.487000 0.580000 0.780000 0.490000 1.250000 5.968800 0.650000 0.650000
230537.500000 100.000000 0.084000
1.073000 0.050000 0.116600
0.168007 0.092691 0.000336 0.000000
0.000000

0.000000 0.319416 5.300313
0.078546 0.008752 1.118747 6.602626 220.641922
0.000000 0.347505 0.004484 0.000000 0.000000 0.000000
0.000000 0.000000 0.000000
4.248717 0.650000 0.000000
764.299377 0.000000
0.000000 0.000000 0.000000 0.000000
0.000000 1.383263
11 0.018443 0.663948 0.001000
0.487000 0.580000 0.780000 0.490000 1.250000 5.968800 0.650000 0.650000
230537.500000 100.000000 0.084000
1.073000 0.050000 0.116600
0.168000 0.090623 0.000328 0.000000
0.000000

0.000000 0.294851 4.832019
0.077026 0.008583 1.103920 6.514077 220.645218
0.000000 0.352058 0.004510 0.000000 0.000000 0.000000
0.000000 0.000000 0.000000
4.377931 0.650000 0.000000
764.299377 0.000000
0.000000 0.000000 0.000000 0.000000
0.000000 1.352807
11 0.018443 0.682391 0.001000
0.487000 0.580000 0.780000 0.490000 1.250000 5.968800 0.650000 0.650000
230537.500000 100.000000 0.084000
1.073000 0.050000 0.116600
0.167994 0.090463 0.000327 0.000000
0.000000

0.000000 0.272492 4.407208
0.075624 0.008427 1.090328 6.432852 220.650299
0.000000 0.351989 0.004560 0.000000 0.000000 0.000000
0.000001 0.000000 0.000000
4.505325 0.650000 0.000000
764.299377 0.000000
0.000000 0.000000 0.000000 0.000000
0.000000 1.322851
11 0.018443 0.700834 0.001000
0.487000 0.580000 0.780000 0.490000 1.250000 5.968800 0.650000 0.650000
230537.500000 100.000000 0.084000
1.073000 0.050000 0.116600
0.167989 0.088894 0.000322 0.000000
0.000000

0.000000 0.252934 4.047233
0.074277 0.008277 1.076591 6.349393 220.652740
0.000000 0.347445 0.004598 0.000000 0.000000 0.000000
0.000001 0.000000 0.000000
4.631032 0.650000 0.000000
764.299377 0.000000
0.000000 0.000000 0.000000 0.000000
0.000000 1.293383
11 0.018443 0.719277 0.001000
0.487000 0.580000 0.780000 0.490000 1.250000 5.968800 0.650000 0.650000
230537.500000 100.000000 0.084000
1.073000 0.050000 0.116600
0.167988 0.088567 0.000321 0.000000
0.000000

0.000000 0.235491 3.721073
0.073053 0.008141 1.064067 6.274238 220.657562
0.000000 0.339179 0.004635 0.000000 0.000000 0.000000
0.000001 0.000000 0.000000
4.755169 0.650000 0.000000
764.299377 0.000000
0.000000 0.000000 0.000000 0.000000
0.000000 1.264736
11 0.018443 0.737720 0.001000
0.487000 0.580000 0.780000 0.490000 1.250000 5.968800 0.650000 0.650000
230537.500000 100.000000 0.084000
1.073000 0.050000 0.116600
0.167996 0.089624 0.000324 0.000000
0.000000

0.000000 0.219984 3.420657
0.071934 0.008017 1.053028 6.206186 220.666672
0.000000 0.438437 0.004685 0.000000 0.000000 0.000000
0.000001 0.000000 0.000000
4.877845 0.650000 0.000000
764.299377 0.000000
0.000000 0.000000 0.000000 0.000000
0.000000 1.237539
11 0.018443 0.756163 0.001000
0.487000 0.580000 0.780000 0.490000 1.250000 5.968800 0.650000 0.650000
230537.500000 100.000000 0.084000
1.073000 0.050000 0.116600
0.168003 0.090395 0.000327 0.000000
0.000000

0.000000 0.206337 3.164641
0.070879 0.007900 1.042153 6.138913 220.672195
0.000000 1.447831 0.004753 0.000000 0.000000 0.000000
0.000000 0.000000 0.000000
4.999154 0.650000 0.000000
764.299377 0.000000
0.000000 0.000000 0.000000 0.000000
0.000000 1.286498
11 0.018443 0.774606 0.001000
0.487000 0.580000 0.780000 0.490000 1.250000 5.968800 0.650000 0.650000
230537.500000 100.000000 0.084000
1.073000 0.050000 0.116600
0.168019 0.093333 0.000338 0.000000
0.000000

0.000000 0.196592 2.958668
0.069680 0.007765 1.031603 6.071608 220.678802
0.000000 2.853784 0.005061 0.000000 0.000000 0.000000
0.000000 0.000000 0.000000
5.119179 0.650000 0.000000
764.299377 0.000000
0.000000 0.000000 0.000000 0.000000
0.000000 2.268751
11 0.018443 0.793049 0.001000
0.487000 0.580000 0.780000 0.490000 1.250000 5.968800 0.650000 0.650000
230537.500000 100.000000 0.084000
1.073000 0.050000 0.116600
0.168062 0.095668 0.000346 0.000000
0.000000

0.000000 0.188909 2.802741
0.067884 0.007562 1.021299 6.001107 220.694107
0.000000 4.762020 0.005348 0.000000 0.000000 0.000000
0.000000 0.000000 0.000000
5.237994 0.650000 0.000000
764.299377 0.000000
0.000000 0.000000 0.000000 0.000000
0.000000 3.285926
11 0.018443 0.811492 0.001000
0.487000 0.580000 0.780000 0.490000 1.250000 5.968800 0.650000 0.650000
230537.500000 100.000000 0.084000
1.073000 0.050000 0.116600
0.168114 0.096523 0.000349 0.000000
0.000000

0.000000 0.181884 2.681553
0.066217 0.007372 1.011813 5.932281 220.713913
0.000000 8.566754 0.006092 0.000000 0.000000 0.000000
0.000000 0.000000 0.000000
5.355619 0.651007 0.000000
764.299377 0.000000
0.000000 0.000000 0.000000 0.000000
0.000000 5.026771
11 0.018443 0.829935 0.001000
0.487000 0.580000 0.780000 0.490000 1.250000 5.968800 0.650000 0.650000
230537.500000 100.000000 0.084000
1.073000 0.050000 0.116600
0.168183 0.094750 0.000344 0.000000
0.000000

0.000000 0.176847 2.586396
0.064399 0.007165 1.004964 5.868522 220.747345
0.000000 16.093847 0.007001 0.000000 0.000000 0.000000
0.000000 0.000000 0.000000
5.460462 1.000000 0.000000
764.299377 0.000000
0.000000 0.000000 0.000000 0.000000
0.000000 12.046436
11 0.018443 0.848378 0.001000
0.487000 0.580000 0.780000 0.490000 1.250000 5.968800 0.650000 0.650000
230537.500000 100.000000 0.084000
1.073000 0.050000 0.116600
0.168288 0.094263 0.000525 0.000000
0.000000

0.000000 0.219497 2.799966
0.063693 0.007086 1.002571 5.768063 221.027481
0.000000 3.959532 0.008730 0.000000 0.000000 0.000000
0.000000 0.000000 0.000000
5.554575 1.000000 0.000000
764.299377 0.000000
0.000000 0.000000 0.000000 0.000000
0.000000 5.121465
11 0.018443 0.866821 0.001000
0.487000 0.580000 0.780000 0.490000 1.250000 5.968800 0.650000 0.650000
230537.500000 100.000000 0.084000
1.073000 0.050000 0.116600
0.168988 0.087902 0.000490 0.000000
0.000000

0.000000 0.225427 2.766710
0.063074 0.007017 0.999368 5.701925 221.095078
0.000000 3.187042 0.008208 0.000000 0.000000 0.000000
0.000000 0.000000 0.000000
5.647521 1.000000 0.000000
764.299377 0.000000
0.000000 0.000000 0.000000 0.000000
0.000000 5.283183
11 0.018443 0.885264 0.001000
0.487000 0.580000 0.780000 0.490000 1.250000 5.968800 0.650000 0.650000
230537.500000 100.000000 0.084000
1.073000 0.050000 0.116600
0.169153 0.087626 0.000488 0.000000
0.000000

0.000000 0.212598 2.652560
0.062591 0.006964 0.993827 5.662850 221.105423
0.000000 3.381727 0.008189 0.000000 0.000000 0.000000
0.000000 0.000000 0.000000
5.739324 1.000000 0.000000
764.299377 0.000000
0.000000 0.000000 0.000000 0.000000
0.000000 5.557111
11 0.018443 0.903707 0.001000
0.487000 0.580000 0.780000 0.490000 1.250000 5.968800 0.650000 0.650000
230537.500000 100.000000 0.084000
1.073000 0.050000 0.116600
0.169174 0.087538 0.000487 0.000000
0.000000

0.000000 0.199928 2.546477
0.062152 0.006915 0.988446 5.628204 221.111282
0.000000 3.785259 0.008288 0.000000 0.000000 0.000000
0.000000 0.000000 0.000000
5.830003 1.000000 0.000000
764.299377 0.000000
0.000000 0.000000 0.000000 0.000000
0.000000 5.970711
11 0.018443 0.922150 0.001000
0.487000 0.580000 0.780000 0.490000 1.250000 5.968800 0.650000 0.650000
230537.500000 100.000000 0.084000
1.073000 0.050000 0.116600
0.169191 0.087566 0.000488 0.000000
0.000000

0.000000 0.188090 2.445749
0.061755 0.006871 0.983904 5.596879 221.119476
0.000000 1.937685 0.009258 0.000000 0.000000 0.000000
0.000000 0.000000 0.000000
5.919569 1.000000 0.000000
764.299377 0.000000
0.000000 0.000000 0.000000 0.000000
0.000000 6.049520
11 0.018443 0.940593 0.001000
0.487000 0.580000 0.780000 0.490000 1.250000 5.968800 0.650000 0.650000
230537.500000 100.000000 0.084000
1.073000 0.050000 0.116600
0.169200 0.087463 0.000487 0.000000
0.000000

0.000000 0.206330 2.452764
0.061294 0.006820 0.995881 5.527688 221.204102
0.000000 0.235280 0.009058 0.000000 0.000000 0.000000
0.000001 0.000004 0.000000
6.008028 1.000000 0.000000
764.299377 0.000000
0.000000 0.000000 0.000000 0.000000
0.000000 3.986791
11 0.018443 0.959036 0.001000
0.487000 0.580000 0.780000 0.490000 1.250000 5.968800 0.650000 0.650000
230537.500000 100.000000 0.084000
1.073000 0.050000 0.116600
0.169365 0.087066 0.000485 0.000000
0.000000

0.000000 0.193974 2.363428
0.060980 0.006785 0.991849 5.504622 221.209122
0.000000 0.139672 0.009180 0.000000 0.000000 0.000000
0.000001 0.000006 0.000000
6.095380 1.000000 0.000000
764.299377 0.000000
0.000000 0.000000 0.000000 0.000000
0.000000 3.985639
11 0.018443 0.977479 0.001000
0.487000 0.580000 0.780000 0.490000 1.250000 5.968800 0.650000 0.650000
230537.500000 100.000000 0.084000
1.073000 0.050000 0.116600
0.169370 0.087109 0.000485 0.000000
0.000000

0.000000 0.182740 2.282429
0.060693 0.006753 0.988185 5.483603 221.214066
0.000000 0.240074 0.009528 0.000000 0.000000 0.000000
0.000001 0.000004 0.000000
6.181623 1.000000 0.000000
764.299377 0.000000
0.000000 0.000000 0.000000 0.000000
0.000000 3.986032
11 0.018443 0.995922 0.001000
0.487000 0.580000 0.780000 0.490000 1.250000 5.968800 0.650000 0.650000
230537.500000 100.000000 0.084000
1.073000 0.050000 0.116600
0.169377 0.087092 0.000485 0.000000
0.000000

0.000000 0.172003 2.206733
0.060434 0.006724 0.984919 5.464806 221.218246
0.000000 0.470427 0.010113 0.000000 0.000000 0.000000
0.000000 0.000002 0.000000
6.266753 1.000000 0.000000
764.299377 0.000000
0.000000 0.000000 0.000000 0.000000
0.000000 3.988063
11 0.018443 1.014365 0.001000
0.487000 0.580000 0.780000 0.490000 1.250000 5.968800 0.650000 0.650000
230537.500000 100.000000 0.084000
1.073000 0.050000 0.116600
0.169379 0.087179 0.000485 0.000000
0.000000

0.000000 0.162085 2.137350
0.060198 0.006698 0.981965 5.447780 221.221909
0.000000 0.581212 0.010177 0.000000 0.000000 0.000000
0.000000 0.000002 0.000000
6.350760 1.000000 0.000000
764.299377 0.000000
0.000000 0.000000 0.000000 0.000000
0.000000 3.990826
11 0.018443 1.032808 0.001000
0.487000 0.580000 0.780000 0.490000 1.250000 5.968800 0.650000 0.650000
230537.500000 100.000000 0.084000
1.073000 0.050000 0.116600
0.169383 0.087268 0.000486 0.000000
0.000000

0.000000 0.153377 2.076629
0.059982 0.006674 0.979233 5.431983 221.226883
0.000000 0.529999 0.010159 0.000000 0.000000 0.000000
0.000000 0.000002 0.000000
6.433636 1.000000 0.000000
764.299377 0.000000
0.000000 0.000000 0.000000 0.000000
0.000000 3.978030
11 0.018443 1.051251 0.001000
0.487000 0.580000 0.780000 0.490000 1.250000 5.968800 0.650000 0.650000
230537.500000 100.000000 0.084000
1.073000 0.050000 0.116600
0.169389 0.087096 0.000485 0.000000
0.000000

0.000000 0.145587 2.022646
0.059786 0.006652 0.976739 5.417509 221.233292
0.000000 0.674970 0.010259 0.000000 0.000000 0.000000
0.000000 0.000001 0.000000
6.515368 1.000000 0.000000
764.299377 0.000000
0.000000 0.000000 0.000000 0.000000
0.000000 4.003395
11 0.018443 1.069694 0.001000
0.487000 0.580000 0.780000 0.490000 1.250000 5.968800 0.650000 0.650000
230537.500000 100.000000 0.084000
1.073000 0.050000 0.116600
0.169400 0.087357 0.000486 0.000000
0.000000

0.000000 0.138974 1.977683
0.059607 0.006632 0.974409 5.403974 221.241928
0.000000 0.632062 0.010200 0.000000 0.000000 0.000000
0.000000 0.000002 0.000000
6.595947 1.000000 0.000000
764.299377 0.000000
0.000000 0.000000 0.000000 0.000000
0.000000 4.000538
11 0.018443 1.088137 0.001000
0.487000 0.580000 0.780000 0.490000 1.250000 5.968800 0.650000 0.650000
230537.500000 100.000000 0.084000
1.073000 0.050000 0.116600
0.169419 0.087271 0.000486 0.000000
0.000000

0.000000 0.132819 1.934855
0.059444 0.006614 0.972315 5.391767 221.251541
0.000000 0.659766 0.010166 0.000000 0.000000 0.000000
0.000000 0.000001 0.000000
6.675359 1.000000 0.000000
764.299377 0.000000
0.000000 0.000000 0.000000 0.000000
0.000000 4.005954
11 0.018443 1.106580 0.001000
0.487000 0.580000 0.780000 0.490000 1.250000 5.968800 0.650000 0.650000
230537.500000 100.000000 0.084000
1.073000 0.050000 0.116600
0.169430 0.087338 0.000486 0.000000
0.000000

0.000000 0.126781 1.893552
0.059297 0.006598 0.970476 5.380970 221.256760
0.000000 0.544287 0.010162 0.000000 0.000000 0.000000
0.000000 0.000002 0.000000
6.753592 1.000000 0.000000
764.299377 0.000000
0.000000 0.000000 0.000000 0.000000
0.000000 4.023074
11 0.018443 1.125023 0.001000
0.487000 0.580000 0.780000 0.490000 1.250000 5.968800 0.650000 0.650000
230537.500000 100.000000 0.084000
1.073000 0.050000 0.116600
0.169439 0.087513 0.000487 0.000000
0.000000

0.000000 0.126008 1.886040
0.059159 0.006583 0.968250 5.368052 221.288330
0.000000 0.168301 0.009768 0.000000 0.000000 0.000000
0.000001 0.000006 0.000000
6.830634 1.000000 0.000000
764.299377 0.000000
0.000000 0.000000 0.000000 0.000000
0.000000 3.967583
11 0.018443 1.143466 0.001000
0.487000 0.580000 0.780000 0.490000 1.250000 5.968800 0.650000 0.650000
230537.500000 100.000000 0.084000
1.073000 0.050000 0.116600
0.169508 0.087026 0.000485 0.000000
0.000000

0.000000 0.122123 1.861948
0.059040 0.006569 0.966624 5.358462 221.302704
0.000000 0.039885 0.008704 0.000000 0.000000 0.000000
0.000001 0.000015 0.000003
6.906476 1.000000 0.000000
764.299377 0.000000
0.000000 0.000000 0.000000 0.000000
0.000000 3.964953
11 0.018443 1.161909 0.001000
0.487000 0.580000 0.780000 0.490000 1.250000 5.968800 0.650000 0.650000
230537.500000 100.000000 0.084000
1.073000 0.050000 0.116600
0.169538 0.086998 0.000484 0.000000
0.000000

0.000000 0.116570 1.828461
0.058934 0.006558 0.965389 5.351058 221.305542
0.000000 0.018584 0.008057 0.000000 0.000000 0.000000
0.000000 0.000021 0.000007
6.981107 1.000000 0.000000
764.299377 0.000000
0.000000 0.000000 0.000000 0.000000
0.000000 3.962356
11 0.018443 1.180352 0.001000
0.487000 0.580000 0.780000 0.490000 1.250000 5.968800 0.650000 0.650000
230537.500000 100.000000 0.084000
1.073000 0.050000 0.116600
0.169543 0.087020 0.000485 0.000000
0.000000

0.000000 0.111474 1.797226
0.058836 0.006547 0.964267 5.344296 221.308258
0.000000 0.016635 0.008077 0.000000 0.000000 0.000000
0.000000 0.000022 0.000008
7.054517 1.000000 0.000000
764.299377 0.000000
0.000000 0.000000 0.000000 0.000000
0.000000 3.959895
11 0.018443 1.198795 0.001000
0.487000 0.580000 0.780000 0.490000 1.250000 5.968800 0.650000 0.650000
230537.500000 100.000000 0.084000
1.073000 0.050000 0.116600
0.169545 0.087106 0.000485 0.000000
0.000000

0.000000 0.106828 1.768979
0.058748 0.006537 0.963255 5.338136 221.310654
0.000000 0.016744 0.008125 0.000000 0.000000 0.000000
0.000000 0.000022 0.000008
7.126698 1.000000 0.000000
764.299377 0.000000
0.000000 0.000000 0.000000 0.000000
0.000000 3.957648
11 0.018443 1.217238 0.001000
0.487000 0.580000 0.780000 0.490000 1.250000 5.968800 0.650000 0.650000
230537.500000 100.000000 0.084000
1.073000 0.050000 0.116600
0.169547 0.087047 0.000485 0.000000
0.000000

0.000000 0.102623 1.744234
0.058668 0.006528 0.962331 5.332486 221.313492
0.000000 0.017027 0.008137 0.000000 0.000000 0.000000
0.000000 0.000023 0.000008
7.197645 1.000000 0.000000
764.299377 0.000000
0.000000 0.000000 0.000000 0.000000
0.000000 3.955560
11 0.018443 1.235681 0.001000
0.487000 0.580000 0.780000 0.490000 1.250000 5.968800 0.650000 0.650000
230537.500000 100.000000 0.084000
1.073000 0.050000 0.116600
0.169553 0.087111 0.000485 0.000000
0.000000

0.000000 0.098788 1.723545
0.058596 0.006520 0.961504 5.327382 221.316483
0.000000 0.017294 0.008184 0.000000 0.000000 0.000000
0.000000 0.000023 0.000008
7.267351 1.000000 0.000000
764.299377 0.000000
0.000000 0.000000 0.000000 0.000000
0.000000 3.953704
11 0.018443 1.254124 0.001000
0.487000 0.580000 0.780000 0.490000 1.250000 5.968800 0.650000 0.650000
230537.500000 100.000000 0.084000
1.073000 0.050000 0.116600
0.169561 0.087118 0.000485 0.000000
0.000000

0.000000 0.095403 1.707170
0.058533 0.006513 0.960739 5.322639 221.319077
0.000000 0.017618 0.008233 0.000000 0.000000 0.000000
0.000000 0.000023 0.000008
7.335811 1.000000 0.000000
764.299377 0.000000
0.000000 0.000000 0.000000 0.000000
0.000000 3.952051
11 0.018443 1.272567 0.001000
0.487000 0.580000 0.780000 0.490000 1.250000 5.968800 0.650000 0.650000
230537.500000 100.000000 0.084000
1.073000 0.050000 0.116600
0.169576 0.087204 0.000486 0.000000
0.000000

0.000000 0.080894 1.600831
0.058121 0.006467 0.955565 5.293461 221.371597
0.000000 0.018950 0.008435 0.000000 0.000000 0.000000
0.000000 0.000023 0.000008
7.403022 1.000000 0.000000
764.299377 0.000000
0.000000 0.000000 0.000000 0.000000
0.000000 3.947934
11 0.018443 1.291010 0.001000
0.487000 0.580000 0.780000 0.490000 1.250000 5.968800 0.650000 0.650000
230537.500000 100.000000 0.084000
1.073000 0.050000 0.116600
0.169727 0.086660 0.000483 0.000000
0.000000

0.000000 0.078912 1.595602
0.058101 0.006465 0.955376 5.291916 221.373642
0.000000 0.019227 0.008445 0.000000 0.000000 0.000000
0.000000 0.000023 0.000008
7.468982 1.000000 0.000000
764.299377 0.000000
0.000000 0.000000 0.000000 0.000000
0.000000 3.946646
11 0.018443 1.309453 0.001000
0.487000 0.580000 0.780000 0.490000 1.250000 5.968800 0.650000 0.650000
230537.500000 100.000000 0.084000
1.073000 0.050000 0.116600
0.169727 0.086677 0.000483 0.000000
0.000000

0.000000 0.077106 1.590899
0.058083 0.006463 0.955205 5.290483 221.375275
0.000000 0.019338 0.008456 0.000000 0.000000 0.000000
0.000000 0.000023 0.000008
7.533690 1.000000 0.000000
764.299377 0.000000
0.000000 0.000000 0.000000 0.000000
0.000000 3.945466
11 0.018443 1.327896 0.001000
0.487000 0.580000 0.780000 0.490000 1.250000 5.968800 0.650000 0.650000
230537.500000 100.000000 0.084000
1.073000 0.050000 0.116600
0.169729 0.086697 0.000483 0.000000
0.000000

0.000000 0.075458 1.586685
0.058067 0.006462 0.955056 5.289174 221.377625
0.000000 0.019324 0.008476 0.000000 0.000000 0.000000
0.000000 0.000023 0.000008
7.597147 1.000000 0.000000
764.299377 0.000000
0.000000 0.000000 0.000000 0.000000
0.000000 3.944428
11 0.018443 1.346339 0.001000
0.487000 0.580000 0.780000 0.490000 1.250000 5.968800 0.650000 0.650000
230537.500000 100.000000 0.084000
1.073000 0.050000 0.116600
0.169733 0.086745 0.000483 0.000000
0.000000

0.000000 0.073957 1.583042
0.058053 0.006460 0.954928 5.287984 221.379715
0.000000 0.019300 0.008468 0.000000 0.000000 0.000000
0.000000 0.000023 0.000008
7.659354 1.000000 0.000000
764.299377 0.000000
0.000000 0.000000 0.000000 0.000000
0.000000 3.943474
11 0.018443 1.364782 0.001000
0.487000 0.580000 0.780000 0.490000 1.250000 5.968800 0.650000 0.650000
230537.500000 100.000000 0.084000
1.073000 0.050000 0.116600
0.169734 0.086708 0.000483 0.000000
0.000000

0.000000 0.072588 1.579649
0.058040 0.006459 0.954813 5.286884 221.381668
0.000000 0.019390 0.008490 0.000000 0.000000 0.000000
0.000000 0.000024 0.000008
7.720315 1.000000 0.000000
764.299377 0.000000
0.000000 0.000000 0.000000 0.000000
0.000000 3.942637
11 0.018443 1.383225 0.001000
0.487000 0.580000 0.780000 0.490000 1.250000 5.968800 0.650000 0.650000
230537.500000 100.000000 0.084000
1.073000 0.050000 0.116600
0.169735 0.086728 0.000483 0.000000
0.000000

0.000000 0.071341 1.576961
0.058029 0.006457 0.954718 5.285885 221.383804
0.000000 0.019363 0.008485 0.000000 0.000000 0.000000
0.000000 0.000024 0.000008
7.780032 1.000000 0.000000
764.299377 0.000000
0.000000 0.000000 0.000000 0.000000
0.000000 3.941947
11 0.018443 1.401668 0.001000
0.487000 0.580000 0.780000 0.490000 1.250000 5.968800 0.650000 0.650000
230537.500000 100.000000 0.084000
1.073000 0.050000 0.116600
0.169738 0.086738 0.000483 0.000000
0.000000

0.000000 0.070205 1.577940
0.058021 0.006457 0.954639 5.284983 221.386230
0.000000 0.019283 0.008482 0.000000 0.000000 0.000000
0.000000 0.000024 0.000008
7.838511 1.000000 0.000000
764.299377 0.000000
0.000000 0.000000 0.000000 0.000000
0.000000 3.941375
11 0.018443 1.420111 0.001000
0.487000 0.580000 0.780000 0.490000 1.250000 5.968800 0.650000 0.650000
230537.500000 100.000000 0.084000
1.073000 0.050000 0.116600
0.169749 0.086741 0.000483 0.000000
0.000000

0.000000 0.069170 1.575680
0.058012 0.006456 0.954568 5.284136 221.388046
0.000000 0.019231 0.008472 0.000000 0.000000 0.000000
0.000000 0.000024 0.000009
7.895758 1.000000 0.000000
764.299377 0.000000
0.000000 0.000000 0.000000 0.000000
0.000000 3.940876
11 0.018443 1.438554 0.001000
0.487000 0.580000 0.780000 0.490000 1.250000 5.968800 0.650000 0.650000
230537.500000 100.000000 0.084000
1.073000 0.050000 0.116600
0.169751 0.086733 0.000483 0.000000
0.000000

0.000000 0.068227 1.573749
0.058004 0.006455 0.954510 5.283361 221.390182
0.000000 0.019245 0.008442 0.000000 0.000000 0.000000
0.000000 0.000024 0.000009
7.951777 1.000000 0.000000
764.299377 0.000000
0.000000 0.000000 0.000000 0.000000
0.000000 3.940476
11 0.018443 1.456997 0.001000
0.487000 0.580000 0.780000 0.490000 1.250000 5.968800 0.650000 0.650000
230537.500000 100.000000 0.084000
1.073000 0.050000 0.116600
0.169754 0.086722 0.000483 0.000000
0.000000

0.000000 0.067370 1.571934
0.057996 0.006454 0.954460 5.282644 221.391922
0.000000 0.019200 0.008437 0.000000 0.000000 0.000000
0.000000 0.000025 0.000009
8.006579 1.000000 0.000000
764.299377 0.000000
0.000000 0.000000 0.000000 0.000000
0.000000 3.940158
11 0.018443 1.475440 0.001000
0.487000 0.580000 0.780000 0.490000 1.250000 5.968800 0.650000 0.650000
230537.500000 100.000000 0.084000
1.073000 0.050000 0.116600
0.169755 0.086740 0.000483 0.000000
0.000000

0.000000 0.066588 1.570345
0.057990 0.006453 0.954422 5.282002 221.393753
0.000000 0.019146 0.008449 0.000000 0.000000 0.000000
0.000000 0.000025 0.000009
8.060169 1.000000 0.000000
764.299377 0.000000
0.000000 0.000000 0.000000 0.000000
0.000000 3.939945
11 0.018443 1.493883 0.001000
0.487000 0.580000 0.780000 0.490000 1.250000 5.968800 0.650000 0.650000
230537.500000 100.000000 0.084000
1.073000 0.050000 0.116600
0.169757 0.086756 0.000483 0.000000
0.000000

0.000000 0.065878 1.568962
0.057984 0.006453 0.954392 5.281402 221.396057
0.000000 0.019097 0.008406 0.000000 0.000000 0.000000
0.000000 0.000025 0.000009
8.112556 1.000000 0.000000
764.299377 0.000000
0.000000 0.000000 0.000000 0.000000
0.000000 3.939834
11 0.018443 1.512326 0.001000
0.487000 0.580000 0.780000 0.490000 1.250000 5.968800 0.650000 0.650000
230537.500000 100.000000 0.084000
1.073000 0.050000 0.116600
0.169760 0.086776 0.000483 0.000000
0.000000

0.000000 0.065233 1.567766
0.057979 0.006452 0.954367 5.280833 221.398422
0.000000 0.019065 0.008446 0.000000 0.000000 0.000000
0.000000 0.000025 0.000009
8.163750 1.000000 0.000000
764.299377 0.000000
0.000000 0.000000 0.000000 0.000000
0.000000 3.939810
11 0.018443 1.530769 0.001000
0.487000 0.580000 0.780000 0.490000 1.250000 5.968800 0.650000 0.650000
230537.500000 100.000000 0.084000
1.073000 0.050000 0.116600
0.169762 0.086794 0.000483 0.000000
0.000000

0.000000 0.064645 1.566960
0.057975 0.006452 0.954350 5.280319 221.400192
0.000000 0.018992 0.008422 0.000000 0.000000 0.000000
0.000000 0.000026 0.000009
8.213759 1.000000 0.000000
764.299377 0.000000
0.000000 0.000000 0.000000 0.000000
0.000000 3.939892
11 0.018443 1.549212 0.001000
0.487000 0.580000 0.780000 0.490000 1.250000 5.968800 0.650000 0.650000
230537.500000 100.000000 0.084000
1.073000 0.050000 0.116600
0.169763 0.086785 0.000483 0.000000
0.000000

0.000000 0.064112 1.566396
0.057971 0.006451 0.954341 5.279857 221.402206
0.000000 0.018948 0.008379 0.000000 0.000000 0.000000
0.000000 0.000026 0.000009
8.262597 1.000000 0.000000
764.299377 0.000000
0.000000 0.000000 0.000000 0.000000
0.000000 3.940069
11 0.018443 1.567655 0.001000
0.487000 0.580000 0.780000 0.490000 1.250000 5.968800 0.650000 0.650000
230537.500000 100.000000 0.084000
1.073000 0.050000 0.116600
0.169766 0.086776 0.000483 0.000000
0.000000

0.000000 0.063627 1.565757
0.057968 0.006451 0.954336 5.279420 221.404419
0.000000 0.018780 0.008334 0.000000 0.000000 0.000000
0.000000 0.000026 0.000010
8.310270 1.000000 0.000000
764.299377 0.000000
0.000000 0.000000 0.000000 0.000000
0.000000 3.940321
11 0.018443 1.586098 0.001000
0.487000 0.580000 0.780000 0.490000 1.250000 5.968800 0.650000 0.650000
230537.500000 100.000000 0.084000
1.073000 0.050000 0.116600
0.169769 0.086792 0.000483 0.000000
0.000000

0.000000 0.063187 1.565249
0.057965 0.006451 0.954337 5.279015 221.406265
0.000000 0.018849 0.008379 0.000000 0.000000 0.000000
0.000000 0.000026 0.000010
8.356789 1.000000 0.000000
764.299377 0.000000
0.000000 0.000000 0.000000 0.000000
0.000000 3.940683
11 0.018443 1.604541 0.001000
0.487000 0.580000 0.780000 0.490000 1.250000 5.968800 0.650000 0.650000
230537.500000 100.000000 0.084000
1.073000 0.050000 0.116600
0.169771 0.086810 0.000483 0.000000
0.000000

0.000000 0.062788 1.564861
0.057963 0.006450 0.954343 5.278652 221.408691
0.000000 0.018783 0.008365 0.000000 0.000000 0.000000
0.000000 0.000026 0.000010
8.402165 1.000000 0.000000
764.299377 0.000000
0.000000 0.000000 0.000000 0.000000
0.000000 3.941115
11 0.018443 1.622984 0.001000
0.487000 0.580000 0.780000 0.490000 1.250000 5.968800 0.650000 0.650000
230537.500000 100.000000 0.084000
1.073000 0.050000 0.116600
0.169772 0.086828 0.000484 0.000000
0.000000

0.000000 0.062426 1.564578
0.057961 0.006450 0.954351 5.278305 221.410919
0.000000 0.018621 0.008341 0.000000 0.000000 0.000000
0.000000 0.000026 0.000010
8.446411 1.000000 0.000000
764.299377 0.000000
0.000000 0.000000 0.000000 0.000000
0.000000 3.941628
11 0.018443 1.641427 0.001000
0.487000 0.580000 0.780000 0.490000 1.250000 5.968800 0.650000 0.650000
230537.500000 100.000000 0.084000
1.073000 0.050000 0.116600
0.169775 0.086848 0.000484 0.000000
0.000000

0.000000 0.062098 1.564514
0.057959 0.006450 0.954365 5.277980 221.412964
0.000000 0.018577 0.008313 0.000000 0.000000 0.000000
0.000000 0.000026 0.000010
8.489536 1.000000 0.000000
764.299377 0.000000
0.000000 0.000000 0.000000 0.000000
0.000000 3.942242
11 0.018443 1.659870 0.001000
0.487000 0.580000 0.780000 0.490000 1.250000 5.968800 0.650000 0.650000
230537.500000 100.000000 0.084000
1.073000 0.050000 0.116600
0.169777 0.086842 0.000484 0.000000
0.000000

0.000000 0.061802 1.564559
0.057958 0.006450 0.954381 5.277686 221.415268
0.000000 0.018542 0.008293 0.000000 0.000000 0.000000
0.000000 0.000027 0.000010
8.531551 1.000000 0.000000
764.299377 0.000000
0.000000 0.000000 0.000000 0.000000
0.000000 3.942932
11 0.018443 1.678313 0.001000
0.487000 0.580000 0.780000 0.490000 1.250000 5.968800 0.650000 0.650000
230537.500000 100.000000 0.084000
1.073000 0.050000 0.116600
0.169780 0.086834 0.000484 0.000000
0.000000

0.000000 0.061533 1.564553
0.057957 0.006450 0.954404 5.277424 221.417435
0.000000 0.018417 0.008273 0.000000 0.000000 0.000000
0.000000 0.000027 0.000010
8.572471 1.000000 0.000000
764.299377 0.000000
0.000000 0.000000 0.000000 0.000000
0.000000 3.943715
11 0.018443 1.696756 0.001000
0.487000 0.580000 0.780000 0.490000 1.250000 5.968800 0.650000 0.650000
230537.500000 100.000000 0.084000
1.073000 0.050000 0.116600
0.169782 0.086850 0.000484 0.000000
0.000000

0.000000 0.061290 1.564619
0.057956 0.006450 0.954424 5.277163 221.419418
0.000000 0.018439 0.008284 0.000000 0.000000 0.000000
0.000000 0.000027 0.000010
8.612303 1.000000 0.000000
764.299377 0.000000
0.000000 0.000000 0.000000 0.000000
0.000000 3.944585
11 0.018443 1.715199 0.001000
0.487000 0.580000 0.780000 0.490000 1.250000 5.968800 0.650000 0.650000
230537.500000 100.000000 0.084000
1.073000 0.050000 0.116600
0.169784 0.086924 0.000484 0.000000
0.000000

0.000000 0.061071 1.564752
0.057955 0.006450 0.954448 5.276919 221.421509
0.000000 0.018259 0.008229 0.000000 0.000000 0.000000
0.000000 0.000027 0.000011
8.651061 1.000000 0.000000
764.299377 0.000000
0.000000 0.000000 0.000000 0.000000
0.000000 3.945510
11 0.018443 1.733642 0.001000
0.487000 0.580000 0.780000 0.490000 1.250000 5.968800 0.650000 0.650000
230537.500000 100.000000 0.084000
1.073000 0.050000 0.116600
0.169785 0.086892 0.000484 0.000000
0.000000

0.000000 0.060874 1.564950
0.057954 0.006449 0.954476 5.276695 221.423492
0.000000 0.018164 0.008239 0.000000 0.000000 0.000000
0.000000 0.000027 0.000011
8.688755 1.000000 0.000000
764.299377 0.000000
0.000000 0.000000 0.000000 0.000000
0.000000 3.946550
11 0.018443 1.752085 0.001000
0.487000 0.580000 0.780000 0.490000 1.250000 5.968800 0.650000 0.650000
230537.500000 100.000000 0.084000
1.073000 0.050000 0.116600
0.169788 0.086893 0.000484 0.000000
0.000000

0.000000 0.060696 1.574261
0.057961 0.006450 0.954520 5.276573 221.429840
0.000000 0.017994 0.008190 0.000000 0.000000 0.000000
0.000000 0.000027 0.000011
8.725397 1.000000 0.000000
764.299377 0.000000
0.000000 0.000000 0.000000 0.000000
0.000000 3.947772
11 0.018443 1.770528 0.001000
0.487000 0.580000 0.780000 0.490000 1.250000 5.968800 0.650000 0.650000
230537.500000 100.000000 0.084000
1.073000 0.050000 0.116600
0.169813 0.086834 0.000484 0.000000
0.000000

0.000000 0.060536 1.575578
0.057962 0.006450 0.954552 5.276381 221.432480
0.000000 0.017911 0.008190 0.000000 0.000000 0.000000
0.000000 0.000027 0.000011
8.760998 1.000000 0.000000
764.299377 0.000000
0.000000 0.000000 0.000000 0.000000
0.000000 3.948982
11 0.018443 1.788971 0.001000
0.487000 0.580000 0.780000 0.490000 1.250000 5.968800 0.650000 0.650000
230537.500000 100.000000 0.084000
1.073000 0.050000 0.116600
0.169817 0.086866 0.000484 0.000000
0.000000

0.000000 0.060393 1.575963
0.057961 0.006450 0.954581 5.276178 221.434769
0.000000 0.017905 0.008182 0.000000 0.000000 0.000000
0.000000 0.000027 0.000011
8.795568 1.000000 0.000000
764.299377 0.000000
0.000000 0.000000 0.000000 0.000000
0.000000 3.950249
11 0.018443 1.807414 0.001000
0.487000 0.580000 0.780000 0.490000 1.250000 5.968800 0.650000 0.650000
230537.500000 100.000000 0.084000
1.073000 0.050000 0.116600
0.169819 0.086941 0.000484 0.000000
0.000000

0.000000 0.060264 1.576380
0.057961 0.006450 0.954612 5.276008 221.436981
0.000000 0.017816 0.008157 0.000000 0.000000 0.000000
0.000000 0.000027 0.000011
8.829117 1.000000 0.000000
764.299377 0.000000
0.000000 0.000000 0.000000 0.000000
0.000000 3.951588
11 0.018443 1.825857 0.001000
0.487000 0.580000 0.780000 0.490000 1.250000 5.968800 0.650000 0.650000
230537.500000 100.000000 0.084000
1.073000 0.050000 0.116600
0.169821 0.086907 0.000484 0.000000
0.000000

0.000000 0.060149 1.576836
0.057962 0.006450 0.954649 5.275851 221.439255
0.000000 0.017598 0.008112 0.000000 0.000000 0.000000
0.000000 0.000027 0.000011
8.861656 1.000000 0.000000
764.299377 0.000000
0.000000 0.000000 0.000000 0.000000
0.000000 3.953007
11 0.018443 1.844300 0.001000
0.487000 0.580000 0.780000 0.490000 1.250000 5.968800 0.650000 0.650000
230537.500000 100.000000 0.084000
1.073000 0.050000 0.116600
0.169823 0.086925 0.000484 0.000000
0.000000

0.000000 0.060047 1.577438
0.057962 0.006450 0.954682 5.275688 221.441528
0.000000 0.017573 0.008091 0.000000 0.000000 0.000000
0.000000 0.000027 0.000011
8.893194 1.000000 0.000000
764.299377 0.000000
0.000000 0.000000 0.000000 0.000000
0.000000 3.954520
11 0.018443 1.862743 0.001000
0.487000 0.580000 0.780000 0.490000 1.250000 5.968800 0.650000 0.650000
230537.500000 100.000000 0.084000
1.073000 0.050000 0.116600
0.169826 0.086920 0.000484 0.000000
0.000000

0.000000 0.059956 1.578320
0.057963 0.006450 0.954721 5.275548 221.443726
0.000000 0.017554 0.008092 0.000000 0.000000 0.000000
0.000000 0.000027 0.000011
8.923740 1.000000 0.000000
764.299377 0.000000
0.000000 0.000000 0.000000 0.000000
0.000000 3.956105
11 0.018443 1.881186 0.001000
0.487000 0.580000 0.780000 0.490000 1.250000 5.968800 0.650000 0.650000
230537.500000 100.000000 0.084000
1.073000 0.050000 0.116600
0.169828 0.086911 0.000484 0.000000
0.000000

0.000000 0.059875 1.578863
0.057963 0.006451 0.954759 5.275415 221.445740
0.000000 0.017373 0.008045 0.000000 0.000000 0.000000
0.000000 0.000027 0.000012
8.953305 1.000000 0.000000
764.299377 0.000000
0.000000 0.000000 0.000000 0.000000
0.000000 3.957757
11 0.018443 1.899629 0.001000
0.487000 0.580000 0.780000 0.490000 1.250000 5.968800 0.650000 0.650000
230537.500000 100.000000 0.084000
1.073000 0.050000 0.116600
0.169832 0.086928 0.000484 0.000000
0.000000

0.000000 0.059804 1.579432
0.057963 0.006451 0.954797 5.275288 221.448303
0.000000 0.017272 0.008044 0.000000 0.000000 0.000000
0.000000 0.000027 0.000012
8.981897 1.000000 0.000000
764.299377 0.000000
0.000000 0.000000 0.000000 0.000000
0.000000 3.959489
11 0.018443 1.918072 0.001000
0.487000 0.580000 0.780000 0.490000 1.250000 5.968800 0.650000 0.650000
230537.500000 100.000000 0.084000
1.073000 0.050000 0.116600
0.169832 0.086946 0.000484 0.000000
0.000000

0.000000 0.059741 1.580019
0.057964 0.006451 0.954835 5.275151 221.450394
0.000000 0.017254 0.008037 0.000000 0.000000 0.000000
0.000000 0.000027 0.000012
9.009525 1.000000 0.000000
764.299377 0.000000
0.000000 0.000000 0.000000 0.000000
0.000000 3.961303
11 0.018443 1.936515 0.001000
0.487000 0.580000 0.780000 0.490000 1.250000 5.968800 0.650000 0.650000
230537.500000 100.000000 0.084000
1.073000 0.050000 0.116600
0.169835 0.086964 0.000484 0.000000
0.000000

0.000000 0.059686 1.580631
0.057964 0.006451 0.954874 5.275028 221.451889
0.000000 0.017170 0.007995 0.000000 0.000000 0.000000
0.000000 0.000027 0.000012
9.036196 1.000000 0.000000
764.299377 0.000000
0.000000 0.000000 0.000000 0.000000
0.000000 3.963186
11 0.018443 1.954958 0.001000
0.487000 0.580000 0.780000 0.490000 1.250000 5.968800 0.650000 0.650000
230537.500000 100.000000 0.084000
1.073000 0.050000 0.116600
0.169837 0.086999 0.000484 0.000000
0.000000

0.000000 0.059638 1.582272
0.057966 0.006451 0.954919 5.274941 221.454895
0.000000 0.017068 0.007969 0.000000 0.000000 0.000000
0.000000 0.000027 0.000012
9.061919 1.000000 0.000000
764.299377 0.000000
0.000000 0.000000 0.000000 0.000000
0.000000 3.965161
11 0.018443 1.973401 0.001000
0.487000 0.580000 0.780000 0.490000 1.250000 5.968800 0.650000 0.650000
230537.500000 100.000000 0.084000
1.073000 0.050000 0.116600
0.169842 0.086961 0.000484 0.000000
0.000000

0.000000 0.058859 1.581295
0.057958 0.006450 0.954876 5.274378 221.457672
0.000000 0.068809 0.009443 0.000000 0.000000 0.000000
0.000001 0.000017 0.000002
9.086700 1.000000 0.000000
764.299377 0.000000
0.000000 0.000000 0.000000 0.000000
0.000000 3.967047
11 0.018443 1.991844 0.001000
0.487000 0.580000 0.780000 0.490000 1.250000 5.968800 0.650000 0.650000
230537.500000 100.000000 0.084000
1.073000 0.050000 0.116600
0.169845 0.087032 0.000485 0.000000
0.000000
1.000000
2.000000
0.321000 0.000000
0.000000
0
-0.829935
0 0
0.000000
1
0.000000
1.000000
1.000000
1.000000
0.000000 0.000000 0.000000
0.000000 0.000000
0.000000 0.000000 0.000000 0.000000 0.000000 0.000000 0.000000
0.000000 0.000000 0.000000 0.000000 0.000000 0.000000 0.000000
1008
2.000000
1
C:\Input\Ohio1.spf
-1.000000 -1.000000
0.000000
45
45
6.000000
