11
Clay
0.580000 0.612000 0.084000 0.780000 0.530000 1.000000 0.000000 0.000000
1.020000 5.968800 1 0.028600 0.500000 0.050000 0.010000 0.027000 0.963000
0.000000 0.018443 2.000000 188118.593750 100.000000 108
0.173500 2.523000 3.647700 0.000000 1
5.212900 5.212900 6.915800 5.000000 25.000000 100.000000
0.000000 0.000000 0.000000 0.000000 243.596436 371.569061
500.000000 0.000000 0.000000

0.001655 660.141724 1328.002197
6.471482 0.941270 53.357975 325.889008 4390.777344
0.000000 0.000000 0.022960 1.172699 0.000000 0.000000
0.000011 0.000000 0.000490
2.411558 0.769960 0.000000
764.299377 0.000000
2.689528 0.000000 0.000000 0.000000
0.000000 0.315635
11 0.018443 0.018443 0.028600
0.612000 0.580000 0.780000 0.530000 1.020000 5.968800 0.780000 0.780000
188118.593750 100.000000 0.084000
1.073000 0.050000 0.116600
6.441782 89.017822 1.448700 0.000000
1123.801758

0.002690 16.965199 136.961472
2.811845 0.457235 41.382080 249.351624 4434.471680
0.000000 0.000000 0.011488 0.586742 0.000000 0.000000
0.000007 0.000000 0.000369
2.467833 0.769533 0.000000
764.299377 0.000000
0.314029 0.000000 0.000000 0.000000
0.000000 0.127467
11 0.018443 0.036886 0.028600
0.612000 0.580000 0.780000 0.530000 1.020000 5.968800 0.780000 0.780000
188118.593750 100.000000 0.084000
1.073000 0.050000 0.116600
6.517504 31.558548 0.273338 0.000000
802.623169

0.003452 12.132815 118.775467
2.776889 0.423687 41.574471 248.689056 4434.861816
0.000000 0.000000 0.005756 0.293927 0.000000 0.000000
0.000007 0.000000 0.000189
2.523566 0.769613 0.000000
764.299377 0.000000
0.102955 0.000000 0.000000 0.000000
0.000000 0.132848
11 0.018443 0.055329 0.028600
0.612000 0.580000 0.780000 0.530000 1.020000 5.968800 0.780000 0.780000
188118.593750 100.000000 0.084000
1.073000 0.050000 0.116600
6.523568 18.317184 0.140423 0.000000
802.965820

0.004020 11.169144 109.991508
2.563212 0.377791 41.312057 245.912811 4435.212891
0.000000 0.000000 0.002890 0.147512 0.000000 0.000000
0.000005 0.000000 0.000120
2.578484 0.769686 0.000000
764.299377 0.000000
0.096597 0.000000 0.000000 0.000000
0.000000 0.058458
11 0.018443 0.073772 0.028600
0.612000 0.580000 0.780000 0.530000 1.020000 5.968800 0.780000 0.780000
188118.593750 100.000000 0.084000
1.073000 0.050000 0.116600
6.527208 15.425108 0.115323 0.000000
0.000000

0.004489 10.180768 101.660408
2.573411 0.364954 41.389847 245.500061 4435.421387
0.000000 0.000000 0.001457 0.074311 0.000000 0.000000
0.000003 0.000001 0.000088
2.632337 0.769753 0.000000
764.299377 0.000000
0.084464 0.000000 0.000000 0.000000
0.000000 0.062231
11 0.018443 0.092215 0.028600
0.612000 0.580000 0.780000 0.530000 1.020000 5.968800 0.780000 0.780000
188118.593750 100.000000 0.084000
1.073000 0.050000 0.116600
6.529649 14.582113 0.108243 0.000000
0.000000

0.004869 9.251616 152.199524
2.626609 0.389042 41.332298 244.482300 4435.586914
0.000000 0.000000 0.000738 0.037595 0.000000 0.000000
0.000004 0.000000 0.000076
2.684887 0.769814 0.000000
764.299377 0.000000
0.000000 0.000000 0.000000 0.000000
0.000000 0.095455
11 0.018443 0.110658 0.028600
0.612000 0.580000 0.780000 0.530000 1.020000 5.968800 0.780000 0.780000
188118.593750 100.000000 0.084000
1.073000 0.050000 0.116600
6.531346 14.457797 0.107213 0.000000
0.000000

0.005291 8.543361 144.006012
2.652044 0.371433 41.385338 243.976959 4435.855957
0.000000 0.000000 0.000605 0.019190 0.000000 0.000000
0.000003 0.000000 0.000044
2.739480 0.638753 0.000000
764.299377 0.000000
0.000000 0.000000 0.000000 0.000000
0.000000 0.123997
11 0.018443 0.129101 0.018000
0.547000 0.580000 0.780000 0.490000 1.150000 5.968800 0.650000 0.650000
212094.484375 100.000000 0.084000
1.073000 0.050000 0.116600
6.532693 15.662544 0.076047 0.000000
0.000000

0.005574 7.873550 136.268738
2.667462 0.347732 41.413818 243.602386 4435.991211
0.000000 0.000000 0.000869 0.009595 0.000000 0.000000
0.000003 0.000000 0.000063
2.796505 0.638809 0.000000
764.299377 0.000000
0.000000 0.000000 0.000000 0.000000
0.000000 0.136224
11 0.018443 0.147544 0.018000
0.547000 0.580000 0.780000 0.490000 1.150000 5.968800 0.650000 0.650000
212094.484375 100.000000 0.084000
1.073000 0.050000 0.116600
6.533449 15.140404 0.073229 0.000000
0.000000

0.005882 12.652111 129.116074
2.655362 0.323664 41.340561 242.630203 4436.168945
0.000000 0.000000 0.001070 0.004797 0.000000 0.000000
0.000002 0.000000 0.000062
2.851670 0.638860 0.000000
764.299377 0.000000
0.000000 0.000000 0.000000 0.000000
0.000000 0.153157
11 0.018443 0.165987 0.018000
0.547000 0.580000 0.780000 0.490000 1.150000 5.968800 0.650000 0.650000
212094.484375 100.000000 0.084000
1.073000 0.050000 0.116600
6.534245 14.716272 0.070956 0.000000
0.000000

0.006059 11.577991 122.443169
2.663894 0.316145 41.373890 242.470322 4436.290527
0.000000 0.000000 0.001080 0.002399 0.000000 0.000000
0.000002 0.000001 0.000063
2.904804 0.638907 0.000000
764.299377 0.000000
0.000000 0.000000 0.000000 0.000000
0.000000 0.162096
11 0.018443 0.184430 0.018000
0.547000 0.580000 0.780000 0.490000 1.150000 5.968800 0.650000 0.650000
212094.484375 100.000000 0.084000
1.073000 0.050000 0.116600
6.534565 14.513472 0.069877 0.000000
0.000000

0.025376 13.913039 122.753281
2.718746 0.314600 41.927296 246.320084 4435.842285
0.000000 0.000000 0.001076 0.001199 0.000000 0.000000
0.000001 0.000002 0.000084
2.955639 0.649538 0.000000
764.299377 0.000000
0.000000 0.000000 0.000000 0.000000
0.000000 0.179212
11 0.018443 0.202873 0.018000
0.547000 0.580000 0.780000 0.490000 1.150000 5.968800 0.650000 0.650000
212094.484375 100.000000 0.084000
1.073000 0.050000 0.116600
6.623814 13.973269 0.068080 0.000000
0.000000

0.000000 10.338135 96.608215
0.731307 0.082456 10.348620 60.743675 1901.866577
0.000000 0.004926 0.006363 0.000600 0.000000 0.000000
0.000001 0.000001 0.000038
3.004457 0.650000 0.000000
764.299377 0.000000
0.000000 0.000000 0.000000 0.000000
0.000000 0.168176
11 0.018443 0.221316 0.009000
0.527000 0.580000 0.780000 0.490000 1.200000 5.968800 0.650000 0.650000
221316.000000 100.000000 0.084000
1.073000 0.050000 0.116600
1.442667 4.490432 0.018858 0.000000
0.000000

0.000000 9.445589 88.073662
0.714226 0.079472 10.151814 59.541679 1902.032959
0.000000 0.005867 0.007452 0.000300 0.000000 0.000000
0.000001 0.000006 0.000045
3.051235 0.650000 0.000000
764.299377 0.000000
0.000000 0.000000 0.000000 0.000000
0.000000 0.173830
11 0.018443 0.239759 0.009000
0.527000 0.580000 0.780000 0.490000 1.200000 5.968800 0.650000 0.650000
221316.000000 100.000000 0.084000
1.073000 0.050000 0.116600
1.442843 3.250049 0.013538 0.000000
0.000000

0.000000 8.670137 80.625458
0.694329 0.077258 9.953089 58.330124 1902.199341
0.000000 0.006497 0.008184 0.000150 0.000000 0.000000
0.000001 0.000006 0.000045
3.095498 0.650000 0.000000
764.299377 0.000000
0.000000 0.000000 0.000000 0.000000
0.000000 0.181277
11 0.018443 0.258202 0.009000
0.527000 0.580000 0.780000 0.490000 1.200000 5.968800 0.650000 0.650000
221316.000000 100.000000 0.084000
1.073000 0.050000 0.116600
1.443003 2.411593 0.009990 0.000000
0.000000

0.000000 7.918359 73.675110
0.676744 0.075301 9.782864 57.291119 1902.346680
0.000000 0.006834 0.008414 0.000075 0.000000 0.000000
0.000001 0.000006 0.000044
3.137217 0.650000 0.000000
764.299377 0.000000
0.000000 0.000000 0.000000 0.000000
0.000000 0.190032
11 0.018443 0.276645 0.009000
0.527000 0.580000 0.780000 0.490000 1.200000 5.968800 0.650000 0.650000
221316.000000 100.000000 0.084000
1.073000 0.050000 0.116600
1.443164 1.845034 0.007615 0.000000
0.000000

0.000000 7.231620 67.384377
0.660593 0.073504 9.624073 56.325722 1902.480591
0.000000 0.007148 0.008397 0.000037 0.000000 0.000000
0.000001 0.000007 0.000044
3.176394 0.650000 0.000000
764.299377 0.000000
0.000000 0.000000 0.000000 0.000000
0.000000 0.200451
11 0.018443 0.295088 0.009000
0.527000 0.580000 0.780000 0.490000 1.200000 5.968800 0.650000 0.650000
221316.000000 100.000000 0.084000
1.073000 0.050000 0.116600
1.443301 1.448585 0.005963 0.000000
0.000000

0.000000 6.625625 61.806534
0.645437 0.071817 9.468984 55.387398 1902.589111
0.000000 0.007792 0.008216 0.000019 0.000000 0.000000
0.000001 0.000007 0.000044
3.213059 0.650000 0.000000
764.299377 0.000000
0.000000 0.000000 0.000000 0.000000
0.000000 0.212656
11 0.018443 0.313531 0.009000
0.527000 0.580000 0.780000 0.490000 1.200000 5.968800 0.650000 0.650000
221316.000000 100.000000 0.084000
1.073000 0.050000 0.116600
1.443412 1.183966 0.004865 0.000000
0.000000

0.000000 6.017506 56.252895
0.515626 0.057373 7.464516 43.640499 1453.453857
0.000000 0.008863 0.008469 0.000009 0.000000 0.000000
0.000001 0.000008 0.000023
3.247728 0.650000 0.000000
764.299377 0.000000
0.000000 0.000000 0.000000 0.000000
0.000000 0.225855
11 0.018443 0.331974 0.006600
0.497000 0.580000 0.780000 0.490000 1.250000 5.968800 0.650000 0.650000
230537.500000 100.000000 0.084000
1.073000 0.050000 0.116600
1.102859 0.949449 0.003526 0.000000
0.000000

0.000000 5.492987 51.306824
0.504393 0.056125 7.351053 42.961338 1453.524536
0.000000 0.011480 0.007833 0.000005 0.000000 0.000000
0.000001 0.000013 0.000019
3.280443 0.650000 0.000000
764.299377 0.000000
0.000000 0.000000 0.000000 0.000000
0.000000 0.241152
11 0.018443 0.350417 0.006600
0.497000 0.580000 0.780000 0.490000 1.250000 5.968800 0.650000 0.650000
230537.500000 100.000000 0.084000
1.073000 0.050000 0.116600
1.102927 0.808861 0.003001 0.000000
0.000000

0.000000 5.014070 47.135006
0.493142 0.054873 7.228559 42.230122 1453.630371
0.000000 0.016069 0.007055 0.000002 0.000000 0.000000
0.000001 0.000018 0.000014
3.310849 0.650000 0.000000
764.299377 0.000000
0.000000 0.000000 0.000000 0.000000
0.000000 0.258000
11 0.018443 0.368860 0.006600
0.497000 0.580000 0.780000 0.490000 1.250000 5.968800 0.650000 0.650000
230537.500000 100.000000 0.084000
1.073000 0.050000 0.116600
1.102958 0.716265 0.002656 0.000000
0.000000

0.000000 4.576625 43.178833
0.483296 0.053779 7.126120 41.613857 1453.686890
0.000000 0.023279 0.006254 0.000001 0.000000 0.000000
0.000001 0.000022 0.000010
3.339084 0.650000 0.000000
764.299377 0.000000
0.000000 0.000000 0.000000 0.000000
0.000000 0.275782
11 0.018443 0.387303 0.006600
0.497000 0.580000 0.780000 0.490000 1.250000 5.968800 0.650000 0.650000
230537.500000 100.000000 0.084000
1.073000 0.050000 0.116600
1.103000 0.656200 0.002433 0.000000
0.000000

0.000000 4.175642 39.483223
0.474557 0.052807 7.037122 41.083828 1453.755127
0.000000 0.033555 0.005491 0.000001 0.000000 0.000000
0.000001 0.000024 0.000007
3.365304 0.650000 0.000000
764.299377 0.000000
0.000000 0.000000 0.000000 0.000000
0.000000 0.293934
11 0.018443 0.405746 0.006600
0.497000 0.580000 0.780000 0.490000 1.250000 5.968800 0.650000 0.650000
230537.500000 100.000000 0.084000
1.073000 0.050000 0.116600
1.103039 0.617849 0.002290 0.000000
0.000000

0.000000 3.814286 35.684475
0.276701 0.030790 3.910074 22.820467 726.936279
0.000000 0.046608 0.004420 0.000000 0.000000 0.000000
0.000002 0.000008 0.000001
3.389796 0.650000 0.000000
764.299377 0.000000
0.000000 0.000000 0.000000 0.000000
0.000000 0.311008
11 0.018443 0.424189 0.003300
0.487000 0.580000 0.780000 0.490000 1.250000 5.968800 0.650000 0.650000
230537.500000 100.000000 0.084000
1.073000 0.050000 0.116600
0.551775 0.430036 0.001560 0.000000
0.000000

0.000000 3.481340 32.211956
0.270477 0.030098 3.857649 22.507490 726.968567
0.000000 0.063145 0.003721 0.000000 0.000000 0.000000
0.000001 0.000006 0.000000
3.412760 0.650000 0.000000
764.299377 0.000000
0.000000 0.000000 0.000000 0.000000
0.000000 0.327394
11 0.018443 0.442632 0.003300
0.487000 0.580000 0.780000 0.490000 1.250000 5.968800 0.650000 0.650000
230537.500000 100.000000 0.084000
1.073000 0.050000 0.116600
0.551782 0.382968 0.001389 0.000000
0.000000

0.000000 3.176678 29.290098
0.264070 0.029385 3.795735 22.140713 726.998596
0.000000 0.081978 0.002942 0.000000 0.000000 0.000000
0.000001 0.000005 0.000000
3.434282 0.650000 0.000000
764.299377 0.000000
0.000000 0.000000 0.000000 0.000000
0.000000 0.341784
11 0.018443 0.461075 0.003300
0.487000 0.580000 0.780000 0.490000 1.250000 5.968800 0.650000 0.650000
230537.500000 100.000000 0.084000
1.073000 0.050000 0.116600
0.551781 0.349885 0.001269 0.000000
0.000000

0.000000 2.899225 26.678057
0.258050 0.028716 3.736171 21.788046 727.024475
0.000000 0.102045 0.001751 0.000000 0.000000 0.000000
0.000000 0.000005 0.000000
3.454566 0.650000 0.000000
764.299377 0.000000
0.000000 0.000000 0.000000 0.000000
0.000000 0.353360
11 0.018443 0.479518 0.003300
0.487000 0.580000 0.780000 0.490000 1.250000 5.968800 0.650000 0.650000
230537.500000 100.000000 0.084000
1.073000 0.050000 0.116600
0.551785 0.326997 0.001185 0.000000
0.000000

0.000000 2.645451 24.399708
0.252246 0.028070 3.675786 21.432335 727.045532
0.000000 0.122099 0.001044 0.000000 0.000000 0.000000
0.000000 0.000004 0.000000
3.473822 0.650000 0.000000
764.299377 0.000000
0.000000 0.000000 0.000000 0.000000
0.000000 0.361573
11 0.018443 0.497961 0.003300
0.487000 0.580000 0.780000 0.490000 1.250000 5.968800 0.650000 0.650000
230537.500000 100.000000 0.084000
1.073000 0.050000 0.116600
0.551785 0.310912 0.001127 0.000000
0.000000

0.000000 2.414119 22.332245
0.246922 0.027478 3.620471 21.105703 727.075623
0.000000 0.140636 0.001023 0.000000 0.000000 0.000000
0.000000 0.000004 0.000000
3.492259 0.650000 0.000000
764.299377 0.000000
0.000000 0.000000 0.000000 0.000000
0.000000 0.365996
11 0.018443 0.516404 0.003300
0.487000 0.580000 0.780000 0.490000 1.250000 5.968800 0.650000 0.650000
230537.500000 100.000000 0.084000
1.073000 0.050000 0.116600
0.551790 0.299372 0.001085 0.000000
0.000000

0.000000 2.229103 21.177563
0.106600 0.011862 1.381769 8.053963 220.354294
0.000000 0.155978 0.000407 0.000000 0.000000 0.000000
0.000000 0.000001 0.000000
3.510085 0.650000 0.000000
764.299377 0.000000
0.000000 0.000000 0.000000 0.000000
0.000000 0.366421
11 0.018443 0.534847 0.001000
0.487000 0.580000 0.780000 0.490000 1.250000 5.968800 0.650000 0.650000
230537.500000 100.000000 0.084000
1.073000 0.050000 0.116600
0.167396 0.171647 0.000622 0.000000
0.000000

0.000000 2.026889 19.247959
0.102716 0.011430 1.347336 7.852109 220.356979
0.000000 0.167094 0.000397 0.000000 0.000000 0.000000
0.000000 0.000001 0.000000
3.527506 0.650000 0.000000
764.299377 0.000000
0.000000 0.000000 0.000000 0.000000
0.000000 0.362846
11 0.018443 0.553290 0.001000
0.487000 0.580000 0.780000 0.490000 1.250000 5.968800 0.650000 0.650000
230537.500000 100.000000 0.084000
1.073000 0.050000 0.116600
0.167381 0.148064 0.000536 0.000000
0.000000

0.000000 1.843940 17.491077
0.099157 0.011034 1.315745 7.667059 220.362686
0.000000 0.172997 0.000391 0.000000 0.000000 0.000000
0.000000 0.000001 0.000000
3.544717 0.650000 0.000000
764.299377 0.000000
0.000000 0.000000 0.000000 0.000000
0.000000 0.355607
11 0.018443 0.571733 0.001000
0.487000 0.580000 0.780000 0.490000 1.250000 5.968800 0.650000 0.650000
230537.500000 100.000000 0.084000
1.073000 0.050000 0.116600
0.167369 0.129255 0.000468 0.000000
0.000000

0.000000 1.679343 15.830656
0.096057 0.010689 1.290051 7.516471 220.367844
0.000000 0.173332 0.000386 0.000000 0.000000 0.000000
0.000000 0.000001 0.000000
3.561908 0.650000 0.000000
764.299377 0.000000
0.000000 0.000000 0.000000 0.000000
0.000000 0.345154
11 0.018443 0.590176 0.001000
0.487000 0.580000 0.780000 0.490000 1.250000 5.968800 0.650000 0.650000
230537.500000 100.000000 0.084000
1.073000 0.050000 0.116600
0.167359 0.115055 0.000417 0.000000
0.000000

0.000000 1.531628 14.367778
0.093076 0.010358 1.263620 7.361735 220.374863
0.000000 0.168307 0.001791 0.000000 0.000000 0.000000
0.000000 0.000001 0.000000
3.579257 0.650000 0.000000
764.299377 0.000000
0.000000 0.000000 0.000000 0.000000
0.000000 0.332181
11 0.018443 0.608619 0.001000
0.487000 0.580000 0.780000 0.490000 1.250000 5.968800 0.650000 0.650000
230537.500000 100.000000 0.084000
1.073000 0.050000 0.116600
0.167348 0.105298 0.000381 0.000000
0.000000

0.000000 1.398017 13.001725
0.090435 0.010064 1.241247 7.230716 220.374207
0.000000 0.158517 0.003364 0.000000 0.000000 0.000000
0.000000 0.000001 0.000000
3.596930 0.650000 0.000000
764.299377 0.000000
0.000000 0.000000 0.000000 0.000000
0.000000 0.317388
11 0.018443 0.627062 0.001000
0.487000 0.580000 0.780000 0.490000 1.250000 5.968800 0.650000 0.650000
230537.500000 100.000000 0.084000
1.073000 0.050000 0.116600
0.167340 0.098472 0.000356 0.000000
0.000000

0.000000 1.276563 11.716655
0.088115 0.009806 1.223224 7.122703 220.381821
0.000000 0.144975 0.005781 0.000000 0.000000 0.000000
0.000000 0.000001 0.000000
3.615078 0.650000 0.000000
764.299377 0.000000
0.000000 0.000000 0.000000 0.000000
0.000000 0.301548
11 0.018443 0.645505 0.001000
0.487000 0.580000 0.780000 0.490000 1.250000 5.968800 0.650000 0.650000
230537.500000 100.000000 0.084000
1.073000 0.050000 0.116600
0.167334 0.095210 0.000345 0.000000
0.000000

0.000000 1.165437 10.642048
0.085725 0.009540 1.201069 6.992900 220.387970
0.000000 0.128839 0.008121 0.000000 0.000000 0.000000
0.000000 0.000001 0.000000
3.633842 0.650000 0.000000
764.299377 0.000000
0.000000 0.000000 0.000000 0.000000
0.000000 0.285482
11 0.018443 0.663948 0.001000
0.487000 0.580000 0.780000 0.490000 1.250000 5.968800 0.650000 0.650000
230537.500000 100.000000 0.084000
1.073000 0.050000 0.116600
0.167328 0.092283 0.000334 0.000000
0.000000

0.000000 1.064190 9.703083
0.083427 0.009285 1.178551 6.861299 220.393173
0.000000 0.111339 0.009928 0.000000 0.000000 0.000000
0.000000 0.000001 0.000000
3.653345 0.650000 0.000000
764.299377 0.000000
0.000000 0.000000 0.000000 0.000000
0.000000 0.269841
11 0.018443 0.682391 0.001000
0.487000 0.580000 0.780000 0.490000 1.250000 5.968800 0.650000 0.650000
230537.500000 100.000000 0.084000
1.073000 0.050000 0.116600
0.167322 0.091498 0.000331 0.000000
0.000000

0.000000 0.972214 8.850704
0.081322 0.009051 1.158182 6.740233 220.398758
0.000000 0.093647 0.011606 0.000000 0.000000 0.000000
0.000000 0.000001 0.000000
3.673696 0.650000 0.000000
764.299377 0.000000
0.000000 0.000000 0.000000 0.000000
0.000000 0.255174
11 0.018443 0.700834 0.001000
0.487000 0.580000 0.780000 0.490000 1.250000 5.968800 0.650000 0.650000
230537.500000 100.000000 0.084000
1.073000 0.050000 0.116600
0.167320 0.089674 0.000325 0.000000
0.000000

0.000000 0.888655 8.095241
0.079338 0.008830 1.138252 6.622845 220.401398
0.000000 0.076733 0.013321 0.000000 0.000000 0.000000
0.000000 0.000001 0.000000
3.694988 0.650000 0.000000
764.299377 0.000000
0.000000 0.000000 0.000000 0.000000
0.000000 0.241921
11 0.018443 0.719277 0.001000
0.487000 0.580000 0.780000 0.490000 1.250000 5.968800 0.650000 0.650000
230537.500000 100.000000 0.084000
1.073000 0.050000 0.116600
0.167320 0.089934 0.000326 0.000000
0.000000

0.000000 0.812817 7.408970
0.077536 0.008630 1.120394 6.516469 220.407104
0.000000 0.061310 0.014889 0.000000 0.000000 0.000000
0.000000 0.000001 0.000000
3.717299 0.650000 0.000000
764.299377 0.000000
0.000000 0.000000 0.000000 0.000000
0.000000 0.230366
11 0.018443 0.737720 0.001000
0.487000 0.580000 0.780000 0.490000 1.250000 5.968800 0.650000 0.650000
230537.500000 100.000000 0.084000
1.073000 0.050000 0.116600
0.167330 0.090862 0.000329 0.000000
0.000000

0.000000 0.744141 6.782289
0.075893 0.008447 1.104515 6.419456 220.413895
0.000000 0.047832 0.016256 0.000000 0.000000 0.000000
0.000001 0.000001 0.000000
3.740695 0.650000 0.000000
764.299377 0.000000
0.000000 0.000000 0.000000 0.000000
0.000000 0.220658
11 0.018443 0.756163 0.001000
0.487000 0.580000 0.780000 0.490000 1.250000 5.968800 0.650000 0.650000
230537.500000 100.000000 0.084000
1.073000 0.050000 0.116600
0.167343 0.091571 0.000331 0.000000
0.000000

0.000000 0.681764 6.225525
0.074361 0.008277 1.089388 6.327141 220.418777
0.000000 0.036558 0.018691 0.000000 0.000000 0.000000
0.000001 0.000002 0.000000
3.765224 0.650000 0.000000
764.299377 0.000000
0.000000 0.000000 0.000000 0.000000
0.000000 0.212829
11 0.018443 0.774606 0.001000
0.487000 0.580000 0.780000 0.490000 1.250000 5.968800 0.650000 0.650000
230537.500000 100.000000 0.084000
1.073000 0.050000 0.116600
0.167362 0.094612 0.000342 0.000000
0.000000

0.000000 0.626448 5.741642
0.072943 0.008119 1.075161 6.238863 220.427277
0.000000 0.027408 0.019497 0.000000 0.000000 0.000000
0.000001 0.000002 0.000000
3.790922 0.650000 0.000000
764.299377 0.000000
0.000000 0.000000 0.000000 0.000000
0.000000 0.206789
11 0.018443 0.793049 0.001000
0.487000 0.580000 0.780000 0.490000 1.250000 5.968800 0.650000 0.650000
230537.500000 100.000000 0.084000
1.073000 0.050000 0.116600
0.167412 0.096741 0.000350 0.000000
0.000000

0.000000 0.576719 5.327427
0.071598 0.007969 1.061121 6.151367 220.444016
0.000000 0.020315 0.020483 0.000000 0.000000 0.000000
0.000001 0.000002 0.000000
3.817813 0.650000 0.000000
764.299377 0.000000
0.000000 0.000000 0.000000 0.000000
0.000000 0.202332
11 0.018443 0.811492 0.001000
0.487000 0.580000 0.780000 0.490000 1.250000 5.968800 0.650000 0.650000
230537.500000 100.000000 0.084000
1.073000 0.050000 0.116600
0.167469 0.097523 0.000353 0.000000
0.000000

0.000000 0.531406 4.967450
0.070353 0.007831 1.047915 6.068791 220.465149
0.000000 0.085837 0.024176 0.000000 0.000000 0.000000
0.000001 0.000001 0.000000
3.845908 0.650000 0.000000
764.299377 0.000000
0.000000 0.000000 0.000000 0.000000
0.000000 0.199168
11 0.018443 0.829935 0.001000
0.487000 0.580000 0.780000 0.490000 1.250000 5.968800 0.650000 0.650000
230537.500000 100.000000 0.084000
1.073000 0.050000 0.116600
0.167545 0.096287 0.000349 0.000000
0.000000

0.000000 0.494995 4.675848
0.068561 0.007630 1.040984 5.986704 220.513672
0.000000 0.138570 0.035627 0.000000 0.000000 0.000000
0.000001 0.000004 0.000000
3.872953 0.906319 0.000000
764.299377 0.000000
0.000000 0.000000 0.000000 0.000000
0.000000 0.312666
11 0.018443 0.848378 0.001000
0.487000 0.580000 0.780000 0.490000 1.250000 5.968800 0.650000 0.650000
230537.500000 100.000000 0.084000
1.073000 0.050000 0.116600
0.167695 0.095640 0.000483 0.000000
0.000000

0.000000 0.492994 4.687508
0.067008 0.007456 1.036286 5.894007 220.815826
0.000000 0.161254 0.023724 0.000000 0.000000 0.000000
0.000000 0.000004 0.000001
3.898765 1.000000 0.000000
764.299377 0.000000
0.000000 0.000000 0.000000 0.000000
0.000000 0.375626
11 0.018443 0.866821 0.001000
0.487000 0.580000 0.780000 0.490000 1.250000 5.968800 0.650000 0.650000
230537.500000 100.000000 0.084000
1.073000 0.050000 0.116600
0.168465 0.088615 0.000493 0.000000
0.000000

0.000000 0.470298 4.485575
0.066123 0.007357 1.029201 5.819757 220.902863
0.000000 0.167871 0.021633 0.000000 0.000000 0.000000
0.000000 0.000004 0.000000
3.925328 1.000000 0.000000
764.299377 0.000000
0.000000 0.000000 0.000000 0.000000
0.000000 0.403409
11 0.018443 0.885264 0.001000
0.487000 0.580000 0.780000 0.490000 1.250000 5.968800 0.650000 0.650000
230537.500000 100.000000 0.084000
1.073000 0.050000 0.116600
0.168667 0.088204 0.000491 0.000000
0.000000

0.000000 0.434213 4.209409
0.065370 0.007273 1.021589 5.769100 220.917847
0.000000 0.180155 0.021671 0.000000 0.000000 0.000000
0.000000 0.000003 0.000000
3.953208 1.000000 0.000000
764.299377 0.000000
0.000000 0.000000 0.000000 0.000000
0.000000 0.430862
11 0.018443 0.903707 0.001000
0.487000 0.580000 0.780000 0.490000 1.250000 5.968800 0.650000 0.650000
230537.500000 100.000000 0.084000
1.073000 0.050000 0.116600
0.168697 0.088079 0.000490 0.000000
0.000000

0.000000 0.400176 3.952888
0.064365 0.007161 1.014210 5.724650 220.925323
0.000000 0.198061 0.021948 0.000000 0.000000 0.000000
0.000001 0.000011 0.000000
3.982368 1.000000 0.000000
764.299377 0.000000
0.000000 0.000000 0.000000 0.000000
0.000000 0.452771
11 0.018443 0.922150 0.001000
0.487000 0.580000 0.780000 0.490000 1.250000 5.968800 0.650000 0.650000
230537.500000 100.000000 0.084000
1.073000 0.050000 0.116600
0.168717 0.088083 0.000491 0.000000
0.000000

0.000000 0.369281 3.716103
0.062837 0.006988 1.007648 5.684709 220.934677
0.000000 0.219315 0.021488 0.000000 0.000000 0.000000
0.000001 0.000010 0.000000
4.012761 1.000000 0.000000
764.299377 0.000000
0.000000 0.000000 0.000000 0.000000
0.000000 0.469360
11 0.018443 0.940593 0.001000
0.487000 0.580000 0.780000 0.490000 1.250000 5.968800 0.650000 0.650000
230537.500000 100.000000 0.084000
1.073000 0.050000 0.116600
0.168729 0.087967 0.000490 0.000000
0.000000

0.000000 0.358720 3.585672
0.062258 0.006924 0.999105 5.635235 221.019760
0.000000 0.247030 0.020450 0.000000 0.000000 0.000000
0.000001 0.000008 0.000000
4.044336 1.000000 0.000000
764.299377 0.000000
0.000000 0.000000 0.000000 0.000000
0.000000 0.486795
11 0.018443 0.959036 0.001000
0.487000 0.580000 0.780000 0.490000 1.250000 5.968800 0.650000 0.650000
230537.500000 100.000000 0.084000
1.073000 0.050000 0.116600
0.168895 0.087591 0.000488 0.000000
0.000000

0.000000 0.330880 3.382320
0.061817 0.006875 0.993739 5.603695 221.025162
0.000000 0.293984 0.019824 0.000000 0.000000 0.000000
0.000001 0.000006 0.000000
4.077036 1.000000 0.000000
764.299377 0.000000
0.000000 0.000000 0.000000 0.000000
0.000000 0.504073
11 0.018443 0.977479 0.001000
0.487000 0.580000 0.780000 0.490000 1.250000 5.968800 0.650000 0.650000
230537.500000 100.000000 0.084000
1.073000 0.050000 0.116600
0.168901 0.087649 0.000488 0.000000
0.000000

0.000000 0.305520 3.197328
0.061415 0.006830 0.988871 5.574963 221.030563
0.000000 0.394694 0.020191 0.000000 0.000000 0.000000
0.000001 0.000004 0.000000
4.110801 1.000000 0.000000
764.299377 0.000000
0.000000 0.000000 0.000000 0.000000
0.000000 0.526529
11 0.018443 0.995922 0.001000
0.487000 0.580000 0.780000 0.490000 1.250000 5.968800 0.650000 0.650000
230537.500000 100.000000 0.084000
1.073000 0.050000 0.116600
0.168910 0.087648 0.000488 0.000000
0.000000

0.000000 0.282184 3.027330
0.061050 0.006789 0.984521 5.548881 221.036331
0.000000 0.624558 0.020660 0.000000 0.000000 0.000000
0.000001 0.000003 0.000000
4.145565 1.000000 0.000000
764.299377 0.000000
0.000000 0.000000 0.000000 0.000000
0.000000 0.562102
11 0.018443 1.014365 0.001000
0.487000 0.580000 0.780000 0.490000 1.250000 5.968800 0.650000 0.650000
230537.500000 100.000000 0.084000
1.073000 0.050000 0.116600
0.168914 0.087736 0.000489 0.000000
0.000000

0.000000 0.260820 2.872021
0.060651 0.006745 0.980598 5.525230 221.040756
0.000000 1.102877 0.020915 0.000000 0.000000 0.000000
0.000000 0.000002 0.000000
4.181261 1.000000 0.000000
764.299377 0.000000
0.000000 0.000000 0.000000 0.000000
0.000000 0.618298
11 0.018443 1.032808 0.001000
0.487000 0.580000 0.780000 0.490000 1.250000 5.968800 0.650000 0.650000
230537.500000 100.000000 0.084000
1.073000 0.050000 0.116600
0.168919 0.087827 0.000489 0.000000
0.000000

0.000000 0.241803 2.733450
0.060204 0.006695 0.977138 5.503296 221.046753
0.000000 1.970687 0.021057 0.000000 0.000000 0.000000
0.000000 0.000002 0.000000
4.217822 1.000000 0.000000
764.299377 0.000000
0.000000 0.000000 0.000000 0.000000
0.000000 0.716134
11 0.018443 1.051251 0.001000
0.487000 0.580000 0.780000 0.490000 1.250000 5.968800 0.650000 0.650000
230537.500000 100.000000 0.084000
1.073000 0.050000 0.116600
0.168929 0.087651 0.000488 0.000000
0.000000

0.000000 0.224309 2.607615
0.059937 0.006665 0.973892 5.483474 221.053940
0.000000 3.292526 0.021329 0.000000 0.000000 0.000000
0.000000 0.000001 0.000000
4.255176 1.000000 0.000000
764.299377 0.000000
0.000000 0.000000 0.000000 0.000000
0.000000 0.860855
11 0.018443 1.069694 0.001000
0.487000 0.580000 0.780000 0.490000 1.250000 5.968800 0.650000 0.650000
230537.500000 100.000000 0.084000
1.073000 0.050000 0.116600
0.168941 0.087925 0.000490 0.000000
0.000000

0.000000 0.208719 2.496722
0.059694 0.006638 0.970912 5.465257 221.064011
0.000000 4.964648 0.021479 0.000000 0.000000 0.000000
0.000000 0.000001 0.000000
4.293255 1.000000 0.000000
764.299377 0.000000
0.000000 0.000000 0.000000 0.000000
0.000000 1.060007
11 0.018443 1.088137 0.001000
0.487000 0.580000 0.780000 0.490000 1.250000 5.968800 0.650000 0.650000
230537.500000 100.000000 0.084000
1.073000 0.050000 0.116600
0.168962 0.087873 0.000489 0.000000
0.000000

0.000000 0.194324 2.393734
0.059472 0.006613 0.968189 5.448809 221.073914
0.000000 6.664417 0.021891 0.000000 0.000000 0.000000
0.000000 0.000001 0.000000
4.331991 1.000000 0.000000
764.299377 0.000000
0.000000 0.000000 0.000000 0.000000
0.000000 1.309838
11 0.018443 1.106580 0.001000
0.487000 0.580000 0.780000 0.490000 1.250000 5.968800 0.650000 0.650000
230537.500000 100.000000 0.084000
1.073000 0.050000 0.116600
0.168974 0.087955 0.000490 0.000000
0.000000

0.000000 0.181052 2.298358
0.059271 0.006591 0.965857 5.433800 221.080338
0.000000 7.984890 0.022212 0.000000 0.000000 0.000000
0.000000 0.000001 0.000000
4.371315 1.000000 0.000000
764.299377 0.000000
0.000000 0.000000 0.000000 0.000000
0.000000 1.598508
11 0.018443 1.125023 0.001000
0.487000 0.580000 0.780000 0.490000 1.250000 5.968800 0.650000 0.650000
230537.500000 100.000000 0.084000
1.073000 0.050000 0.116600
0.168985 0.088145 0.000491 0.000000
0.000000

0.000000 0.171879 2.237807
0.059088 0.006571 0.963462 5.418952 221.112823
0.000000 8.669843 0.022116 0.000000 0.000000 0.000000
0.000000 0.000001 0.000000
4.411160 1.000000 0.000000
764.299377 0.000000
0.000000 0.000000 0.000000 0.000000
0.000000 1.911916
11 0.018443 1.143466 0.001000
0.487000 0.580000 0.780000 0.490000 1.250000 5.968800 0.650000 0.650000
230537.500000 100.000000 0.084000
1.073000 0.050000 0.116600
0.169056 0.087688 0.000488 0.000000
0.000000

0.000000 0.161506 2.167437
0.058925 0.006553 0.961509 5.406485 221.127884
0.000000 8.836294 0.020893 0.000000 0.000000 0.000000
0.000000 0.000001 0.000000
4.451461 1.000000 0.000000
764.299377 0.000000
0.000000 0.000000 0.000000 0.000000
0.000000 2.259076
11 0.018443 1.161909 0.001000
0.487000 0.580000 0.780000 0.490000 1.250000 5.968800 0.650000 0.650000
230537.500000 100.000000 0.084000
1.073000 0.050000 0.116600
0.169088 0.087677 0.000488 0.000000
0.000000

0.000000 0.150708 2.092901
0.058778 0.006536 0.959827 5.395823 221.131714
0.000000 8.794650 0.019566 0.000000 0.000000 0.000000
0.000000 0.000001 0.000000
4.492158 1.000000 0.000000
764.299377 0.000000
0.000000 0.000000 0.000000 0.000000
0.000000 2.648570
11 0.018443 1.180352 0.001000
0.487000 0.580000 0.780000 0.490000 1.250000 5.968800 0.650000 0.650000
230537.500000 100.000000 0.084000
1.073000 0.050000 0.116600
0.169094 0.087714 0.000488 0.000000
0.000000

0.000000 0.140866 2.024441
0.058643 0.006521 0.958320 5.386020 221.135284
0.000000 8.847448 0.019383 0.000000 0.000000 0.000000
0.000000 0.000001 0.000000
4.533187 1.000000 0.000000
764.299377 0.000000
0.000000 0.000000 0.000000 0.000000
0.000000 3.103922
11 0.018443 1.198795 0.001000
0.487000 0.580000 0.780000 0.490000 1.250000 5.968800 0.650000 0.650000
230537.500000 100.000000 0.084000
1.073000 0.050000 0.116600
0.169098 0.087793 0.000489 0.000000
0.000000

0.000000 0.131904 1.962302
0.058521 0.006508 0.956976 5.377077 221.138443
0.000000 9.113255 0.019773 0.000000 0.000000 0.000000
0.000000 0.000001 0.000000
4.574493 1.000000 0.000000
764.299377 0.000000
0.000000 0.000000 0.000000 0.000000
0.000000 3.592030
11 0.018443 1.217238 0.001000
0.487000 0.580000 0.780000 0.490000 1.250000 5.968800 0.650000 0.650000
230537.500000 100.000000 0.084000
1.073000 0.050000 0.116600
0.169101 0.087755 0.000489 0.000000
0.000000

0.000000 0.123696 1.906191
0.058410 0.006495 0.955655 5.369071 221.141434
0.000000 9.879530 0.020434 0.000000 0.000000 0.000000
0.000000 0.000001 0.000000
4.616021 1.000000 0.000000
764.299377 0.000000
0.000000 0.000000 0.000000 0.000000
0.000000 4.271972
11 0.018443 1.235681 0.001000
0.487000 0.580000 0.780000 0.490000 1.250000 5.968800 0.650000 0.650000
230537.500000 100.000000 0.084000
1.073000 0.050000 0.116600
0.169108 0.087856 0.000489 0.000000
0.000000

0.000000 0.117760 1.863502
0.058306 0.006484 0.956046 5.359276 221.147339
0.000000 11.359011 0.022080 0.000000 0.000000 0.000000
0.000000 0.000001 0.000000
4.657717 1.000000 0.000000
764.299377 0.000000
0.000000 0.000000 0.000000 0.000000
0.000000 4.811365
11 0.018443 1.254124 0.001000
0.487000 0.580000 0.780000 0.490000 1.250000 5.968800 0.650000 0.650000
230537.500000 100.000000 0.084000
1.073000 0.050000 0.116600
0.169131 0.087870 0.000489 0.000000
0.000000

0.000000 0.112511 1.827619
0.058214 0.006474 0.956688 5.350102 221.153610
0.000000 7.198353 0.020938 0.000000 0.000000 0.000000
0.000000 0.000001 0.000000
4.699533 1.000000 0.000000
764.299377 0.000000
0.000000 0.000000 0.000000 0.000000
0.000000 6.025761
11 0.018443 1.272567 0.001000
0.487000 0.580000 0.780000 0.490000 1.250000 5.968800 0.650000 0.650000
230537.500000 100.000000 0.084000
1.073000 0.050000 0.116600
0.169161 0.088052 0.000490 0.000000
0.000000

0.000000 0.059160 1.471067
0.057560 0.006401 0.961053 5.295937 221.247421
0.000000 0.015363 0.019134 0.000000 0.000000 0.000000
0.000000 0.000036 0.000006
4.741422 1.000000 0.000000
764.299377 0.000000
0.000000 0.000000 0.000000 0.000000
0.000000 2.350381
11 0.018443 1.291010 0.001000
0.487000 0.580000 0.780000 0.490000 1.250000 5.968800 0.650000 0.650000
230537.500000 100.000000 0.084000
1.073000 0.050000 0.116600
0.169409 0.086977 0.000484 0.000000
0.000000

0.000000 0.057741 1.466469
0.057541 0.006399 0.960795 5.294084 221.249878
0.000000 0.015761 0.019161 0.000000 0.000000 0.000000
0.000000 0.000036 0.000006
4.783340 1.000000 0.000000
764.299377 0.000000
0.000000 0.000000 0.000000 0.000000
0.000000 2.349135
11 0.018443 1.309453 0.001000
0.487000 0.580000 0.780000 0.490000 1.250000 5.968800 0.650000 0.650000
230537.500000 100.000000 0.084000
1.073000 0.050000 0.116600
0.169409 0.086993 0.000484 0.000000
0.000000

0.000000 0.056448 1.462351
0.057524 0.006397 0.960562 5.292374 221.252075
0.000000 0.015879 0.019085 0.000000 0.000000 0.000000
0.000000 0.000036 0.000006
4.825248 1.000000 0.000000
764.299377 0.000000
0.000000 0.000000 0.000000 0.000000
0.000000 2.347970
11 0.018443 1.327896 0.001000
0.487000 0.580000 0.780000 0.490000 1.250000 5.968800 0.650000 0.650000
230537.500000 100.000000 0.084000
1.073000 0.050000 0.116600
0.169412 0.087013 0.000485 0.000000
0.000000

0.000000 0.055270 1.458678
0.057509 0.006395 0.960355 5.290819 221.254883
0.000000 0.015918 0.019132 0.000000 0.000000 0.000000
0.000000 0.000037 0.000006
4.867107 1.000000 0.000000
764.299377 0.000000
0.000000 0.000000 0.000000 0.000000
0.000000 2.346873
11 0.018443 1.346339 0.001000
0.487000 0.580000 0.780000 0.490000 1.250000 5.968800 0.650000 0.650000
230537.500000 100.000000 0.084000
1.073000 0.050000 0.116600
0.169416 0.087060 0.000485 0.000000
0.000000

0.000000 0.054198 1.455529
0.057496 0.006394 0.960174 5.289404 221.257446
0.000000 0.015875 0.019068 0.000000 0.000000 0.000000
0.000000 0.000037 0.000006
4.908882 1.000000 0.000000
764.299377 0.000000
0.000000 0.000000 0.000000 0.000000
0.000000 2.345853
11 0.018443 1.364782 0.001000
0.487000 0.580000 0.780000 0.490000 1.250000 5.968800 0.650000 0.650000
230537.500000 100.000000 0.084000
1.073000 0.050000 0.116600
0.169418 0.087023 0.000485 0.000000
0.000000

0.000000 0.053222 1.452605
0.057483 0.006393 0.960012 5.288097 221.259735
0.000000 0.015953 0.019014 0.000000 0.000000 0.000000
0.000000 0.000038 0.000006
4.950541 1.000000 0.000000
764.299377 0.000000
0.000000 0.000000 0.000000 0.000000
0.000000 2.344893
11 0.018443 1.383225 0.001000
0.487000 0.580000 0.780000 0.490000 1.250000 5.968800 0.650000 0.650000
230537.500000 100.000000 0.084000
1.073000 0.050000 0.116600
0.169419 0.087042 0.000485 0.000000
0.000000

0.000000 0.052333 1.450328
0.057473 0.006392 0.959873 5.286927 221.262314
0.000000 0.015947 0.018982 0.000000 0.000000 0.000000
0.000000 0.000038 0.000006
4.992054 1.000000 0.000000
764.299377 0.000000
0.000000 0.000000 0.000000 0.000000
0.000000 2.344016
11 0.018443 1.401668 0.001000
0.487000 0.580000 0.780000 0.490000 1.250000 5.968800 0.650000 0.650000
230537.500000 100.000000 0.084000
1.073000 0.050000 0.116600
0.169423 0.087052 0.000485 0.000000
0.000000

0.000000 0.051525 1.451423
0.057467 0.006391 0.959772 5.285961 221.265091
0.000000 0.015881 0.018899 0.000000 0.000000 0.000000
0.000000 0.000038 0.000006
5.033396 1.000000 0.000000
764.299377 0.000000
0.000000 0.000000 0.000000 0.000000
0.000000 2.343272
11 0.018443 1.420111 0.001000
0.487000 0.580000 0.780000 0.490000 1.250000 5.968800 0.650000 0.650000
230537.500000 100.000000 0.084000
1.073000 0.050000 0.116600
0.169434 0.087054 0.000485 0.000000
0.000000

0.000000 0.050791 1.449535
0.057458 0.006390 0.959664 5.284972 221.267502
0.000000 0.015836 0.018889 0.000000 0.000000 0.000000
0.000000 0.000039 0.000007
5.074538 1.000000 0.000000
764.299377 0.000000
0.000000 0.000000 0.000000 0.000000
0.000000 2.342509
11 0.018443 1.438554 0.001000
0.487000 0.580000 0.780000 0.490000 1.250000 5.968800 0.650000 0.650000
230537.500000 100.000000 0.084000
1.073000 0.050000 0.116600
0.169437 0.087046 0.000485 0.000000
0.000000

0.000000 0.050122 1.447949
0.057452 0.006389 0.959573 5.284070 221.270187
0.000000 0.015822 0.018868 0.000000 0.000000 0.000000
0.000000 0.000039 0.000007
5.115461 1.000000 0.000000
764.299377 0.000000
0.000000 0.000000 0.000000 0.000000
0.000000 2.341813
11 0.018443 1.456997 0.001000
0.487000 0.580000 0.780000 0.490000 1.250000 5.968800 0.650000 0.650000
230537.500000 100.000000 0.084000
1.073000 0.050000 0.116600
0.169440 0.087034 0.000485 0.000000
0.000000

0.000000 0.049517 1.446466
0.057445 0.006389 0.959492 5.283237 221.272247
0.000000 0.015782 0.018755 0.000000 0.000000 0.000000
0.000000 0.000040 0.000007
5.156144 1.000000 0.000000
764.299377 0.000000
0.000000 0.000000 0.000000 0.000000
0.000000 2.341148
11 0.018443 1.475440 0.001000
0.487000 0.580000 0.780000 0.490000 1.250000 5.968800 0.650000 0.650000
230537.500000 100.000000 0.084000
1.073000 0.050000 0.116600
0.169442 0.087052 0.000485 0.000000
0.000000

0.000000 0.048965 1.445191
0.057440 0.006388 0.959427 5.282490 221.274429
0.000000 0.015748 0.018749 0.000000 0.000000 0.000000
0.000000 0.000040 0.000007
5.196568 1.000000 0.000000
764.299377 0.000000
0.000000 0.000000 0.000000 0.000000
0.000000 2.340541
11 0.018443 1.493883 0.001000
0.487000 0.580000 0.780000 0.490000 1.250000 5.968800 0.650000 0.650000
230537.500000 100.000000 0.084000
1.073000 0.050000 0.116600
0.169444 0.087067 0.000485 0.000000
0.000000

0.000000 0.048466 1.444102
0.057436 0.006388 0.959371 5.281792 221.277390
0.000000 0.015677 0.018686 0.000000 0.000000 0.000000
0.000000 0.000040 0.000007
5.236716 1.000000 0.000000
764.299377 0.000000
0.000000 0.000000 0.000000 0.000000
0.000000 2.339993
11 0.018443 1.512326 0.001000
0.487000 0.580000 0.780000 0.490000 1.250000 5.968800 0.650000 0.650000
230537.500000 100.000000 0.084000
1.073000 0.050000 0.116600
0.169448 0.087086 0.000485 0.000000
0.000000

0.000000 0.048014 1.443185
0.057432 0.006387 0.959323 5.281143 221.280182
0.000000 0.015671 0.018631 0.000000 0.000000 0.000000
0.000000 0.000041 0.000007
5.276575 1.000000 0.000000
764.299377 0.000000
0.000000 0.000000 0.000000 0.000000
0.000000 2.339488
11 0.018443 1.530769 0.001000
0.487000 0.580000 0.780000 0.490000 1.250000 5.968800 0.650000 0.650000
230537.500000 100.000000 0.084000
1.073000 0.050000 0.116600
0.169450 0.087104 0.000485 0.000000
0.000000

0.000000 0.047604 1.442624
0.057429 0.006387 0.959286 5.280561 221.282410
0.000000 0.015607 0.018611 0.000000 0.000000 0.000000
0.000000 0.000041 0.000007
5.316132 1.000000 0.000000
764.299377 0.000000
0.000000 0.000000 0.000000 0.000000
0.000000 2.339044
11 0.018443 1.549212 0.001000
0.487000 0.580000 0.780000 0.490000 1.250000 5.968800 0.650000 0.650000
230537.500000 100.000000 0.084000
1.073000 0.050000 0.116600
0.169452 0.087094 0.000485 0.000000
0.000000

0.000000 0.047233 1.442286
0.057427 0.006387 0.959262 5.280044 221.285034
0.000000 0.015559 0.018544 0.000000 0.000000 0.000000
0.000000 0.000041 0.000008
5.355375 1.000000 0.000000
764.299377 0.000000
0.000000 0.000000 0.000000 0.000000
0.000000 2.338641
11 0.018443 1.567655 0.001000
0.487000 0.580000 0.780000 0.490000 1.250000 5.968800 0.650000 0.650000
230537.500000 100.000000 0.084000
1.073000 0.050000 0.116600
0.169455 0.087085 0.000485 0.000000
0.000000

0.000000 0.046897 1.441876
0.057424 0.006386 0.959240 5.279545 221.287735
0.000000 0.015398 0.018461 0.000000 0.000000 0.000000
0.000000 0.000042 0.000008
5.394295 1.000000 0.000000
764.299377 0.000000
0.000000 0.000000 0.000000 0.000000
0.000000 2.338284
11 0.018443 1.586098 0.001000
0.487000 0.580000 0.780000 0.490000 1.250000 5.968800 0.650000 0.650000
230537.500000 100.000000 0.084000
1.073000 0.050000 0.116600
0.169459 0.087100 0.000485 0.000000
0.000000

0.000000 0.046594 1.441586
0.057423 0.006386 0.959225 5.279098 221.290039
0.000000 0.015431 0.018388 0.000000 0.000000 0.000000
0.000000 0.000042 0.000008
5.432884 1.000000 0.000000
764.299377 0.000000
0.000000 0.000000 0.000000 0.000000
0.000000 2.337969
11 0.018443 1.604541 0.001000
0.487000 0.580000 0.780000 0.490000 1.250000 5.968800 0.650000 0.650000
230537.500000 100.000000 0.084000
1.073000 0.050000 0.116600
0.169461 0.087118 0.000485 0.000000
0.000000

0.000000 0.046321 1.441407
0.057422 0.006386 0.959220 5.278688 221.292770
0.000000 0.015415 0.018377 0.000000 0.000000 0.000000
0.000000 0.000042 0.000008
5.471133 1.000000 0.000000
764.299377 0.000000
0.000000 0.000000 0.000000 0.000000
0.000000 2.337707
11 0.018443 1.622984 0.001000
0.487000 0.580000 0.780000 0.490000 1.250000 5.968800 0.650000 0.650000
230537.500000 100.000000 0.084000
1.073000 0.050000 0.116600
0.169462 0.087136 0.000485 0.000000
0.000000

0.000000 0.046075 1.441322
0.057421 0.006386 0.959215 5.278303 221.295746
0.000000 0.015245 0.018307 0.000000 0.000000 0.000000
0.000000 0.000043 0.000008
5.509038 1.000000 0.000000
764.299377 0.000000
0.000000 0.000000 0.000000 0.000000
0.000000 2.337485
11 0.018443 1.641427 0.001000
0.487000 0.580000 0.780000 0.490000 1.250000 5.968800 0.650000 0.650000
230537.500000 100.000000 0.084000
1.073000 0.050000 0.116600
0.169466 0.087156 0.000485 0.000000
0.000000

0.000000 0.045853 1.441437
0.057421 0.006386 0.959220 5.277949 221.298157
0.000000 0.015153 0.018224 0.000000 0.000000 0.000000
0.000000 0.000043 0.000009
5.546594 1.000000 0.000000
764.299377 0.000000
0.000000 0.000000 0.000000 0.000000
0.000000 2.337312
11 0.018443 1.659870 0.001000
0.487000 0.580000 0.780000 0.490000 1.250000 5.968800 0.650000 0.650000
230537.500000 100.000000 0.084000
1.073000 0.050000 0.116600
0.169468 0.087149 0.000485 0.000000
0.000000

0.000000 0.045655 1.441653
0.057421 0.006386 0.959226 5.277628 221.300964
0.000000 0.015171 0.018198 0.000000 0.000000 0.000000
0.000000 0.000043 0.000009
5.583795 1.000000 0.000000
764.299377 0.000000
0.000000 0.000000 0.000000 0.000000
0.000000 2.337189
11 0.018443 1.678313 0.001000
0.487000 0.580000 0.780000 0.490000 1.250000 5.968800 0.650000 0.650000
230537.500000 100.000000 0.084000
1.073000 0.050000 0.116600
0.169472 0.087141 0.000485 0.000000
0.000000

0.000000 0.045477 1.441819
0.057421 0.006386 0.959242 5.277345 221.303680
0.000000 0.015008 0.018098 0.000000 0.000000 0.000000
0.000000 0.000044 0.000009
5.620640 1.000000 0.000000
764.299377 0.000000
0.000000 0.000000 0.000000 0.000000
0.000000 2.337102
11 0.018443 1.696756 0.001000
0.487000 0.580000 0.780000 0.490000 1.250000 5.968800 0.650000 0.650000
230537.500000 100.000000 0.084000
1.073000 0.050000 0.116600
0.169474 0.087156 0.000485 0.000000
0.000000

0.000000 0.045317 1.442053
0.057422 0.006386 0.959256 5.277061 221.306107
0.000000 0.015028 0.018112 0.000000 0.000000 0.000000
0.000000 0.000044 0.000009
5.657125 1.000000 0.000000
764.299377 0.000000
0.000000 0.000000 0.000000 0.000000
0.000000 2.337060
11 0.018443 1.715199 0.001000
0.487000 0.580000 0.780000 0.490000 1.250000 5.968800 0.650000 0.650000
230537.500000 100.000000 0.084000
1.073000 0.050000 0.116600
0.169477 0.087230 0.000486 0.000000
0.000000

0.000000 0.045175 1.442346
0.057422 0.006386 0.959274 5.276796 221.308640
0.000000 0.014869 0.018013 0.000000 0.000000 0.000000
0.000000 0.000044 0.000009
5.693251 1.000000 0.000000
764.299377 0.000000
0.000000 0.000000 0.000000 0.000000
0.000000 2.337052
11 0.018443 1.733642 0.001000
0.487000 0.580000 0.780000 0.490000 1.250000 5.968800 0.650000 0.650000
230537.500000 100.000000 0.084000
1.073000 0.050000 0.116600
0.169478 0.087197 0.000486 0.000000
0.000000

0.000000 0.045049 1.442699
0.057423 0.006387 0.959296 5.276565 221.311295
0.000000 0.014762 0.017919 0.000000 0.000000 0.000000
0.000000 0.000045 0.000009
5.729014 1.000000 0.000000
764.299377 0.000000
0.000000 0.000000 0.000000 0.000000
0.000000 2.337111
11 0.018443 1.752085 0.001000
0.487000 0.580000 0.780000 0.490000 1.250000 5.968800 0.650000 0.650000
230537.500000 100.000000 0.084000
1.073000 0.050000 0.116600
0.169482 0.087198 0.000486 0.000000
0.000000

0.000000 0.044937 1.451453
0.057431 0.006387 0.959380 5.276667 221.318085
0.000000 0.014573 0.017784 0.000000 0.000000 0.000000
0.000000 0.000045 0.000010
5.764415 1.000000 0.000000
764.299377 0.000000
0.000000 0.000000 0.000000 0.000000
0.000000 2.337396
11 0.018443 1.770528 0.001000
0.487000 0.580000 0.780000 0.490000 1.250000 5.968800 0.650000 0.650000
230537.500000 100.000000 0.084000
1.073000 0.050000 0.116600
0.169507 0.087139 0.000485 0.000000
0.000000

0.000000 0.044838 1.452836
0.057433 0.006388 0.959412 5.276500 221.321259
0.000000 0.014471 0.017774 0.000000 0.000000 0.000000
0.000000 0.000045 0.000010
5.799453 1.000000 0.000000
764.299377 0.000000
0.000000 0.000000 0.000000 0.000000
0.000000 2.337546
11 0.018443 1.788971 0.001000
0.487000 0.580000 0.780000 0.490000 1.250000 5.968800 0.650000 0.650000
230537.500000 100.000000 0.084000
1.073000 0.050000 0.116600
0.169511 0.087170 0.000485 0.000000
0.000000

0.000000 0.044751 1.453362
0.057434 0.006388 0.959439 5.276295 221.324036
0.000000 0.014459 0.017715 0.000000 0.000000 0.000000
0.000000 0.000046 0.000010
5.834130 1.000000 0.000000
764.299377 0.000000
0.000000 0.000000 0.000000 0.000000
0.000000 2.337712
11 0.018443 1.807414 0.001000
0.487000 0.580000 0.780000 0.490000 1.250000 5.968800 0.650000 0.650000
230537.500000 100.000000 0.084000
1.073000 0.050000 0.116600
0.169514 0.087244 0.000486 0.000000
0.000000

0.000000 0.044675 1.453915
0.057436 0.006388 0.959471 5.276121 221.326828
0.000000 0.014344 0.017607 0.000000 0.000000 0.000000
0.000000 0.000046 0.000010
5.868446 1.000000 0.000000
764.299377 0.000000
0.000000 0.000000 0.000000 0.000000
0.000000 2.337915
11 0.018443 1.825857 0.001000
0.487000 0.580000 0.780000 0.490000 1.250000 5.968800 0.650000 0.650000
230537.500000 100.000000 0.084000
1.073000 0.050000 0.116600
0.169516 0.087210 0.000486 0.000000
0.000000

0.000000 0.044608 1.454502
0.057437 0.006388 0.959506 5.275959 221.329514
0.000000 0.014148 0.017510 0.000000 0.000000 0.000000
0.000000 0.000046 0.000011
5.902402 1.000000 0.000000
764.299377 0.000000
0.000000 0.000000 0.000000 0.000000
0.000000 2.338175
11 0.018443 1.844300 0.001000
0.487000 0.580000 0.780000 0.490000 1.250000 5.968800 0.650000 0.650000
230537.500000 100.000000 0.084000
1.073000 0.050000 0.116600
0.169519 0.087228 0.000486 0.000000
0.000000

0.000000 0.044552 1.455225
0.057439 0.006388 0.959540 5.275800 221.332153
0.000000 0.014114 0.017473 0.000000 0.000000 0.000000
0.000000 0.000046 0.000011
5.936000 1.000000 0.000000
764.299377 0.000000
0.000000 0.000000 0.000000 0.000000
0.000000 2.338455
11 0.018443 1.862743 0.001000
0.487000 0.580000 0.780000 0.490000 1.250000 5.968800 0.650000 0.650000
230537.500000 100.000000 0.084000
1.073000 0.050000 0.116600
0.169522 0.087222 0.000486 0.000000
0.000000

0.000000 0.044503 1.456205
0.057441 0.006389 0.959580 5.275671 221.335007
0.000000 0.014059 0.017426 0.000000 0.000000 0.000000
0.000000 0.000047 0.000011
5.969241 1.000000 0.000000
764.299377 0.000000
0.000000 0.000000 0.000000 0.000000
0.000000 2.338793
11 0.018443 1.881186 0.001000
0.487000 0.580000 0.780000 0.490000 1.250000 5.968800 0.650000 0.650000
230537.500000 100.000000 0.084000
1.073000 0.050000 0.116600
0.169524 0.087213 0.000486 0.000000
0.000000

0.000000 0.044462 1.456872
0.057443 0.006389 0.959619 5.275549 221.337524
0.000000 0.013916 0.017321 0.000000 0.000000 0.000000
0.000000 0.000047 0.000011
6.002126 1.000000 0.000000
764.299377 0.000000
0.000000 0.000000 0.000000 0.000000
0.000000 2.339163
11 0.018443 1.899629 0.001000
0.487000 0.580000 0.780000 0.490000 1.250000 5.968800 0.650000 0.650000
230537.500000 100.000000 0.084000
1.073000 0.050000 0.116600
0.169529 0.087229 0.000486 0.000000
0.000000

0.000000 0.044428 1.457562
0.057445 0.006389 0.959659 5.275425 221.340546
0.000000 0.013816 0.017268 0.000000 0.000000 0.000000
0.000000 0.000047 0.000011
6.034659 1.000000 0.000000
764.299377 0.000000
0.000000 0.000000 0.000000 0.000000
0.000000 2.339570
11 0.018443 1.918072 0.001000
0.487000 0.580000 0.780000 0.490000 1.250000 5.968800 0.650000 0.650000
230537.500000 100.000000 0.084000
1.073000 0.050000 0.116600
0.169529 0.087247 0.000486 0.000000
0.000000

0.000000 0.044399 1.458270
0.057447 0.006389 0.959697 5.275301 221.343079
0.000000 0.013790 0.017224 0.000000 0.000000 0.000000
0.000000 0.000047 0.000011
6.066841 1.000000 0.000000
764.299377 0.000000
0.000000 0.000000 0.000000 0.000000
0.000000 2.340022
11 0.018443 1.936515 0.001000
0.487000 0.580000 0.780000 0.490000 1.250000 5.968800 0.650000 0.650000
230537.500000 100.000000 0.084000
1.073000 0.050000 0.116600
0.169533 0.087264 0.000486 0.000000
0.000000

0.000000 0.044377 1.458998
0.057449 0.006390 0.959739 5.275187 221.345184
0.000000 0.013704 0.017140 0.000000 0.000000 0.000000
0.000000 0.000048 0.000012
6.098674 1.000000 0.000000
764.299377 0.000000
0.000000 0.000000 0.000000 0.000000
0.000000 2.340500
11 0.018443 1.954958 0.001000
0.487000 0.580000 0.780000 0.490000 1.250000 5.968800 0.650000 0.650000
230537.500000 100.000000 0.084000
1.073000 0.050000 0.116600
0.169535 0.087299 0.000486 0.000000
0.000000

0.000000 0.044360 1.460677
0.057452 0.006390 0.959791 5.275132 221.348572
0.000000 0.013605 0.017046 0.000000 0.000000 0.000000
0.000000 0.000048 0.000012
6.130160 1.000000 0.000000
764.299377 0.000000
0.000000 0.000000 0.000000 0.000000
0.000000 2.341056
11 0.018443 1.973401 0.001000
0.487000 0.580000 0.780000 0.490000 1.250000 5.968800 0.650000 0.650000
230537.500000 100.000000 0.084000
1.073000 0.050000 0.116600
0.169541 0.087260 0.000486 0.000000
0.000000

0.000000 0.043799 1.459939
0.057446 0.006389 0.959733 5.274477 221.351868
0.000000 0.059725 0.019288 0.000000 0.000000 0.000000
0.000000 0.000044 0.000002
6.161302 1.000000 0.000000
764.299377 0.000000
0.000000 0.000000 0.000000 0.000000
0.000000 2.341333
11 0.018443 1.991844 0.001000
0.487000 0.580000 0.780000 0.490000 1.250000 5.968800 0.650000 0.650000
230537.500000 100.000000 0.084000
1.073000 0.050000 0.116600
0.169544 0.087332 0.000486 0.000000
0.000000
1.000000
2.000000
0.321000 0.000000
0.000000
0
-0.866821
0 0
0.000000
1
0.000000
1.000000
1.000000
1.000000
0.000000 0.000000 0.000000
0.000000 0.000000
0.000000 0.000000 0.000000 0.000000 0.000000 0.000000 0.000000
0.000000 0.000000 0.000000 0.000000 0.000000 0.000000 0.000000
232
2.000000
1
C:\Input\Ohio1.spf
-1.000000 -1.000000
0.000000
47
47
8.533802
