11
Clay
0.580000 0.612000 0.084000 0.780000 0.530000 1.000000 0.000000 0.000000
1.020000 5.968800 1 0.028600 0.500000 0.050000 0.010000 0.027000 0.963000
0.000000 0.018443 2.000000 188118.593750 100.000000 108
0.173500 2.523000 3.647700 0.000000 1
5.212900 5.212900 6.915800 5.000000 25.000000 100.000000
0.000000 0.000000 0.000000 0.000000 58.812683 341.057739
500.000000 0.000000 0.000000

0.021876 176.053192 1616.504761
9.394320 1.044593 60.994545 868.351929 4407.961914
0.000000 0.000000 0.021917 1.125032 0.000000 0.000000
0.000012 0.000196 0.002370
9.828685 0.775707 0.000000
764.299377 0.000000
1.351802 0.000000 0.000000 0.000000
0.000000 0.435849
11 0.018443 0.018443 0.028600
0.612000 0.580000 0.780000 0.530000 1.020000 5.968800 0.780000 0.780000
188118.593750 100.000000 0.084000
1.073000 0.050000 0.116600
8.950740 17.373201 0.117327 0.000000
2076.328857

0.039358 1.864523 93.632828
5.557272 0.617888 43.157772 562.862854 4406.704102
0.000000 0.000000 0.010999 0.564364 0.000000 0.000000
0.000005 0.000002 0.002725
9.644213 0.775707 0.000000
764.299377 0.000000
0.565877 0.000000 0.000000 0.000000
0.000000 0.108451
11 0.018443 0.036886 0.028600
0.612000 0.580000 0.780000 0.530000 1.020000 5.968800 0.780000 0.780000
188118.593750 100.000000 0.084000
1.073000 0.050000 0.116600
8.984885 19.170610 0.133377 0.000000
211.557861

0.053911 0.702199 78.944679
5.630428 0.625993 45.675476 568.447144 4406.948730
0.000000 0.000000 0.005563 0.285068 0.000000 0.000000
0.000003 0.000001 0.002289
9.461050 0.775707 0.000000
764.299377 0.000000
0.506448 0.000000 0.000000 0.000000
0.000000 0.133774
11 0.018443 0.055329 0.028600
0.612000 0.580000 0.780000 0.530000 1.020000 5.968800 0.780000 0.780000
188118.593750 100.000000 0.084000
1.073000 0.050000 0.116600
9.001124 20.493204 0.147223 0.000000
265.226013

0.066604 0.702928 79.545326
5.189451 0.576945 43.586075 525.459961 4406.199219
0.000000 0.000000 0.004646 0.144968 0.000000 0.000000
0.000002 0.000001 0.001524
9.279832 0.775707 0.000000
764.299377 0.000000
0.376239 0.000000 0.000000 0.000000
0.000000 0.146569
11 0.018443 0.073772 0.028600
0.612000 0.580000 0.780000 0.530000 1.020000 5.968800 0.780000 0.780000
188118.593750 100.000000 0.084000
1.073000 0.050000 0.116600
9.012102 21.242861 0.156633 0.000000
0.000000

0.077920 0.687037 78.144066
5.194034 0.577440 44.589748 525.006714 4406.223145
0.000000 0.000000 0.003287 0.075150 0.000000 0.000000
0.000001 0.000000 0.000462
9.101174 0.775707 0.000000
764.299377 0.000000
0.033167 0.000000 0.000000 0.000000
0.000000 0.198344
11 0.018443 0.092215 0.028600
0.612000 0.580000 0.780000 0.530000 1.020000 5.968800 0.780000 0.780000
188118.593750 100.000000 0.084000
1.073000 0.050000 0.116600
9.020312 21.632660 0.162466 0.000000
0.000000

0.088127 0.670636 147.720459
5.202488 0.578366 45.434875 525.058655 4406.247070
0.000000 0.000000 0.004196 0.038379 0.000000 0.000000
0.000001 0.000000 0.000437
8.925664 0.775707 0.000000
764.299377 0.000000
0.000000 0.000000 0.000000 0.000000
0.000000 0.280730
11 0.018443 0.110658 0.028600
0.612000 0.580000 0.780000 0.530000 1.020000 5.968800 0.780000 0.780000
188118.593750 100.000000 0.084000
1.073000 0.050000 0.116600
9.026829 21.904680 0.166565 0.000000
0.000000

0.096986 0.647269 145.310410
5.209714 0.579177 46.146370 524.826233 4406.263672
0.000000 0.000000 0.005838 0.019190 0.000000 0.000000
0.000001 0.000000 0.000383
8.741961 0.645212 0.000000
764.299377 0.000000
0.000000 0.000000 0.000000 0.000000
0.000000 0.354260
11 0.018443 0.129101 0.018000
0.547000 0.580000 0.780000 0.490000 1.150000 5.968800 0.650000 0.650000
212094.484375 100.000000 0.084000
1.073000 0.050000 0.116600
9.032390 22.903366 0.120272 0.000000
0.000000

0.105939 0.633025 143.147598
5.215731 0.579834 46.742512 524.598755 4406.280273
0.000000 0.000000 0.006360 0.009595 0.000000 0.000000
0.000001 0.000000 0.000428
8.548684 0.645212 0.000000
764.299377 0.000000
0.000000 0.000000 0.000000 0.000000
0.000000 0.424979
11 0.018443 0.147544 0.018000
0.547000 0.580000 0.780000 0.490000 1.150000 5.968800 0.650000 0.650000
212094.484375 100.000000 0.084000
1.073000 0.050000 0.116600
9.037011 22.641947 0.118187 0.000000
0.000000

0.122363 2.265483 143.711792
5.237290 0.582220 47.847378 526.174377 4406.353516
0.000000 0.000000 0.004621 0.004797 0.000000 0.000000
0.000001 0.000000 0.000346
8.360031 0.645212 0.000000
764.299377 0.000000
0.000000 0.000000 0.000000 0.000000
0.000000 0.481928
11 0.018443 0.165987 0.018000
0.547000 0.580000 0.780000 0.490000 1.150000 5.968800 0.650000 0.650000
212094.484375 100.000000 0.084000
1.073000 0.050000 0.116600
9.044135 22.375927 0.115738 0.000000
0.000000

0.131730 2.308076 142.165604
5.238066 0.582297 48.354584 525.921509 4406.366211
0.000000 0.000000 0.004578 0.002399 0.000000 0.000000
0.000001 0.000000 0.000276
8.176488 0.645212 0.000000
764.299377 0.000000
0.000000 0.000000 0.000000 0.000000
0.000000 0.531622
11 0.018443 0.184430 0.018000
0.547000 0.580000 0.780000 0.490000 1.150000 5.968800 0.650000 0.650000
212094.484375 100.000000 0.084000
1.073000 0.050000 0.116600
9.047980 22.640253 0.116240 0.000000
0.000000

2.435535 85.934273 169.887344
5.270788 0.585925 83.136398 490.199707 4401.299316
0.000000 0.000000 0.006078 0.001199 0.000000 0.000000
0.000002 0.000000 0.000245
7.998492 0.650000 0.000000
764.299377 0.000000
0.000000 0.000000 0.000000 0.000000
0.000000 0.655846
11 0.018443 0.202873 0.018000
0.547000 0.580000 0.780000 0.490000 1.150000 5.968800 0.650000 0.650000
212094.484375 100.000000 0.084000
1.073000 0.050000 0.116600
9.265220 21.974586 0.112963 0.000000
0.000000

0.000014 5.508126 131.224197
1.053213 0.117078 16.753078 98.259506 1887.306396
0.000000 0.000000 0.001468 0.000600 0.000000 0.000000
0.000000 0.000000 0.000097
7.824960 0.650000 0.000000
764.299377 0.000000
0.000000 0.000000 0.000000 0.000000
0.000000 0.600842
11 0.018443 0.221316 0.009000
0.527000 0.580000 0.780000 0.490000 1.200000 5.968800 0.650000 0.650000
221316.000000 100.000000 0.084000
1.073000 0.050000 0.116600
1.408356 15.139385 0.071501 0.000000
0.000000

0.000014 5.041950 117.490730
1.007146 0.111956 16.052164 94.060196 1887.490112
0.000000 0.000000 0.001371 0.000300 0.000000 0.000000
0.000000 0.000000 0.000065
7.656384 0.650000 0.000000
764.299377 0.000000
0.000000 0.000000 0.000000 0.000000
0.000000 0.644192
11 0.018443 0.239759 0.009000
0.527000 0.580000 0.780000 0.490000 1.200000 5.968800 0.650000 0.650000
221316.000000 100.000000 0.084000
1.073000 0.050000 0.116600
1.408497 11.759163 0.054574 0.000000
0.000000

0.000014 4.634717 109.414520
0.950510 0.105659 15.169251 88.820511 1887.642456
0.000000 0.000000 0.001325 0.000150 0.000000 0.000000
0.000000 0.000000 0.000039
7.494549 0.650000 0.000000
764.299377 0.000000
0.000000 0.000000 0.000000 0.000000
0.000000 0.689801
11 0.018443 0.258202 0.009000
0.527000 0.580000 0.780000 0.490000 1.200000 5.968800 0.650000 0.650000
221316.000000 100.000000 0.084000
1.073000 0.050000 0.116600
1.408625 9.026803 0.040997 0.000000
0.000000

0.000013 4.257771 99.539528
0.907537 0.100881 14.497040 84.820236 1887.845947
0.000000 0.000000 0.001223 0.000075 0.000000 0.000000
0.000000 0.000000 0.000024
7.339689 0.650000 0.000000
764.299377 0.000000
0.000000 0.000000 0.000000 0.000000
0.000000 0.737190
11 0.018443 0.276645 0.009000
0.527000 0.580000 0.780000 0.490000 1.200000 5.968800 0.650000 0.650000
221316.000000 100.000000 0.084000
1.073000 0.050000 0.116600
1.408751 6.875327 0.030556 0.000000
0.000000

0.000013 3.914096 89.935318
0.870326 0.096743 13.913731 81.346977 1888.017944
0.000000 0.000000 0.001190 0.000037 0.000000 0.000000
0.000000 0.000000 0.000017
7.191978 0.650000 0.000000
764.299377 0.000000
0.000000 0.000000 0.000000 0.000000
0.000000 0.782280
11 0.018443 0.295088 0.009000
0.527000 0.580000 0.780000 0.490000 1.200000 5.968800 0.650000 0.650000
221316.000000 100.000000 0.084000
1.073000 0.050000 0.116600
1.408844 5.177883 0.022575 0.000000
0.000000

0.000012 3.633969 80.992210
0.836961 0.093034 13.389917 78.237602 1888.180054
0.000000 0.000000 0.001103 0.000019 0.000000 0.000000
0.000000 0.000000 0.000013
7.051534 0.650000 0.000000
764.299377 0.000000
0.000000 0.000000 0.000000 0.000000
0.000000 0.822843
11 0.018443 0.313531 0.009000
0.527000 0.580000 0.780000 0.490000 1.200000 5.968800 0.650000 0.650000
221316.000000 100.000000 0.084000
1.073000 0.050000 0.116600
1.408925 3.889607 0.016692 0.000000
0.000000

0.000012 3.369707 79.223145
0.679175 0.075494 10.868945 63.478092 1442.626465
0.000000 0.000000 0.000872 0.000009 0.000000 0.000000
0.000000 0.000000 0.000009
6.916644 0.650000 0.000000
764.299377 0.000000
0.000000 0.000000 0.000000 0.000000
0.000000 0.859456
11 0.018443 0.331974 0.006600
0.497000 0.580000 0.780000 0.490000 1.250000 5.968800 0.650000 0.650000
230537.500000 100.000000 0.084000
1.073000 0.050000 0.116600
1.076998 2.979927 0.011457 0.000000
0.000000

0.000011 3.079684 70.781319
0.654700 0.072773 10.482361 61.191891 1442.719360
0.000000 0.000000 0.000817 0.000005 0.000000 0.000000
0.000000 0.000000 0.000007
6.787448 0.650000 0.000000
764.299377 0.000000
0.000000 0.000000 0.000000 0.000000
0.000000 0.901006
11 0.018443 0.350417 0.006600
0.497000 0.580000 0.780000 0.490000 1.250000 5.968800 0.650000 0.650000
230537.500000 100.000000 0.084000
1.073000 0.050000 0.116600
1.076930 2.221113 0.008451 0.000000
0.000000

0.000011 2.803403 63.771336
0.630239 0.070053 10.094540 58.906872 1442.854126
0.000000 0.000000 0.000748 0.000002 0.000000 0.000000
0.000000 0.000000 0.000006
6.665730 0.650000 0.000000
764.299377 0.000000
0.000000 0.000000 0.000000 0.000000
0.000000 0.952273
11 0.018443 0.368860 0.006600
0.497000 0.580000 0.780000 0.490000 1.250000 5.968800 0.650000 0.650000
230537.500000 100.000000 0.084000
1.073000 0.050000 0.116600
1.076894 1.686577 0.006366 0.000000
0.000000

0.000010 2.559928 56.819973
0.609758 0.067776 9.770190 56.993938 1442.929565
0.000000 0.000000 0.000730 0.000001 0.000000 0.000000
0.000000 0.000000 0.000006
6.551400 0.650000 0.000000
764.299377 0.000000
0.000000 0.000000 0.000000 0.000000
0.000000 1.017606
11 0.018443 0.387303 0.006600
0.497000 0.580000 0.780000 0.490000 1.250000 5.968800 0.650000 0.650000
230537.500000 100.000000 0.084000
1.073000 0.050000 0.116600
1.076870 1.312881 0.004926 0.000000
0.000000

0.000009 2.331576 50.315750
0.591755 0.065774 9.484906 55.311932 1443.063599
0.000000 0.000000 0.000685 0.000001 0.000000 0.000000
0.000000 0.000000 0.000006
6.444324 0.650000 0.000000
764.299377 0.000000
0.000000 0.000000 0.000000 0.000000
0.000000 1.097056
11 0.018443 0.405746 0.006600
0.497000 0.580000 0.780000 0.490000 1.250000 5.968800 0.650000 0.650000
230537.500000 100.000000 0.084000
1.073000 0.050000 0.116600
1.076863 1.057239 0.003950 0.000000
0.000000

0.000009 2.211998 57.149158
0.359890 0.040002 5.768051 33.624939 721.784180
0.000000 0.000000 0.000373 0.000000 0.000000 0.000000
0.000000 0.000000 0.000003
6.343871 0.650000 0.000000
764.299377 0.000000
0.000000 0.000000 0.000000 0.000000
0.000000 1.183294
11 0.018443 0.424189 0.003300
0.487000 0.580000 0.780000 0.490000 1.250000 5.968800 0.650000 0.650000
230537.500000 100.000000 0.084000
1.073000 0.050000 0.116600
0.539348 0.788894 0.002880 0.000000
0.000000

0.000008 2.013074 51.807724
0.344427 0.038283 5.522038 32.179085 721.817749
0.000000 0.000000 0.000355 0.000000 0.000000 0.000000
0.000000 0.000000 0.000002
6.249779 0.650000 0.000000
764.299377 0.000000
0.000000 0.000000 0.000000 0.000000
0.000000 1.273238
11 0.018443 0.442632 0.003300
0.487000 0.580000 0.780000 0.490000 1.250000 5.968800 0.650000 0.650000
230537.500000 100.000000 0.084000
1.073000 0.050000 0.116600
0.539279 0.633731 0.002309 0.000000
0.000000

0.000008 1.834689 45.965355
0.333734 0.037094 5.353510 31.186392 721.836487
0.000000 0.000000 0.000341 0.000000 0.000000 0.000000
0.000000 0.000000 0.000002
6.162274 0.650000 0.000000
764.299377 0.000000
0.000000 0.000000 0.000000 0.000000
0.000000 1.354555
11 0.018443 0.461075 0.003300
0.487000 0.580000 0.780000 0.490000 1.250000 5.968800 0.650000 0.650000
230537.500000 100.000000 0.084000
1.073000 0.050000 0.116600
0.539200 0.525109 0.001910 0.000000
0.000000

0.000007 1.672449 40.663605
0.323918 0.036003 5.198367 30.273151 721.874939
0.000000 0.000000 0.000327 0.000000 0.000000 0.000000
0.000000 0.000000 0.000002
6.081097 0.650000 0.000000
764.299377 0.000000
0.000000 0.000000 0.000000 0.000000
0.000000 1.418380
11 0.018443 0.479518 0.003300
0.487000 0.580000 0.780000 0.490000 1.250000 5.968800 0.650000 0.650000
230537.500000 100.000000 0.084000
1.073000 0.050000 0.116600
0.539142 0.448503 0.001629 0.000000
0.000000

0.000007 1.525113 35.991470
0.314427 0.034948 5.048218 29.389662 721.895020
0.000000 0.000000 0.000316 0.000000 0.000000 0.000000
0.000000 0.000000 0.000001
6.005963 0.650000 0.000000
764.299377 0.000000
0.000000 0.000000 0.000000 0.000000
0.000000 1.458168
11 0.018443 0.497961 0.003300
0.487000 0.580000 0.780000 0.490000 1.250000 5.968800 0.650000 0.650000
230537.500000 100.000000 0.084000
1.073000 0.050000 0.116600
0.539088 0.394566 0.001432 0.000000
0.000000

0.000006 1.390113 31.847530
0.305440 0.033949 4.904180 28.546013 721.945129
0.000000 0.000000 0.000298 0.000000 0.000000 0.000000
0.000000 0.000000 0.000001
5.936578 0.650000 0.000000
764.299377 0.000000
0.000000 0.000000 0.000000 0.000000
0.000000 1.471116
11 0.018443 0.516404 0.003300
0.487000 0.580000 0.780000 0.490000 1.250000 5.968800 0.650000 0.650000
230537.500000 100.000000 0.084000
1.073000 0.050000 0.116600
0.539037 0.356269 0.001292 0.000000
0.000000

0.000006 1.699302 38.626461
0.140058 0.015567 2.247629 13.079798 218.925369
0.000000 0.000000 0.000120 0.000000 0.000000 0.000000
0.000000 0.000000 0.000001
5.872635 0.650000 0.000000
764.299377 0.000000
0.000000 0.000000 0.000000 0.000000
0.000000 1.455957
11 0.018443 0.534847 0.001000
0.487000 0.580000 0.780000 0.490000 1.250000 5.968800 0.650000 0.650000
230537.500000 100.000000 0.084000
1.073000 0.050000 0.116600
0.164059 0.254948 0.000924 0.000000
0.000000

0.000006 1.450914 35.023964
0.133420 0.014829 2.141489 12.460678 218.915253
0.000000 0.000000 0.000114 0.000000 0.000000 0.000000
0.000000 0.000000 0.000000
5.813818 0.650000 0.000000
764.299377 0.000000
0.000000 0.000000 0.000000 0.000000
0.000000 1.419676
11 0.018443 0.553290 0.001000
0.487000 0.580000 0.780000 0.490000 1.250000 5.968800 0.650000 0.650000
230537.500000 100.000000 0.084000
1.073000 0.050000 0.116600
0.163983 0.213344 0.000773 0.000000
0.000000

0.000005 1.255518 31.680988
0.127500 0.014171 2.046593 11.905731 218.921829
0.000000 0.000000 0.000109 0.000000 0.000000 0.000000
0.000000 0.000000 0.000000
5.759809 0.650000 0.000000
764.299377 0.000000
0.000000 0.000000 0.000000 0.000000
0.000000 1.366056
11 0.018443 0.571733 0.001000
0.487000 0.580000 0.780000 0.490000 1.250000 5.968800 0.650000 0.650000
230537.500000 100.000000 0.084000
1.073000 0.050000 0.116600
0.163916 0.180556 0.000654 0.000000
0.000000

0.000005 1.087924 28.146742
0.123668 0.013745 1.985906 11.550273 218.916718
0.000000 0.000000 0.000108 0.000000 0.000000 0.000000
0.000000 0.000000 0.000000
5.710298 0.650000 0.000000
764.299377 0.000000
0.000000 0.000000 0.000000 0.000000
0.000000 1.300911
11 0.018443 0.590176 0.001000
0.487000 0.580000 0.780000 0.490000 1.250000 5.968800 0.650000 0.650000
230537.500000 100.000000 0.084000
1.073000 0.050000 0.116600
0.163855 0.154805 0.000561 0.000000
0.000000

0.000004 0.962115 25.269329
0.118897 0.013215 1.910120 11.107400 218.921356
0.000000 0.000000 0.000100 0.000000 0.000000 0.000000
0.000000 0.000000 0.000000
5.664973 0.650000 0.000000
764.299377 0.000000
0.000000 0.000000 0.000000 0.000000
0.000000 1.229693
11 0.018443 0.608619 0.001000
0.487000 0.580000 0.780000 0.490000 1.250000 5.968800 0.650000 0.650000
230537.500000 100.000000 0.084000
1.073000 0.050000 0.116600
0.163800 0.135433 0.000491 0.000000
0.000000

0.000004 0.860412 22.550070
0.114849 0.012765 1.845389 10.729198 218.921082
0.000000 0.000000 0.000099 0.000000 0.000000 0.000000
0.000000 0.000000 0.000000
5.623532 0.650000 0.000000
764.299377 0.000000
0.000000 0.000000 0.000000 0.000000
0.000000 1.156785
11 0.018443 0.627062 0.001000
0.487000 0.580000 0.780000 0.490000 1.250000 5.968800 0.650000 0.650000
230537.500000 100.000000 0.084000
1.073000 0.050000 0.116600
0.163750 0.120994 0.000438 0.000000
0.000000

0.000004 0.778520 19.936136
0.111560 0.012399 1.792956 10.422831 218.923218
0.000000 0.000000 0.000098 0.000000 0.000000 0.000000
0.000000 0.000000 0.000000
5.585684 0.650000 0.000000
764.299377 0.000000
0.000000 0.000000 0.000000 0.000000
0.000000 1.085072
11 0.018443 0.645505 0.001000
0.487000 0.580000 0.780000 0.490000 1.250000 5.968800 0.650000 0.650000
230537.500000 100.000000 0.084000
1.073000 0.050000 0.116600
0.163710 0.111677 0.000404 0.000000
0.000000

0.000004 0.708014 17.681421
0.108124 0.012017 1.738194 10.103244 218.930740
0.000000 0.000000 0.000091 0.000000 0.000000 0.000000
0.000000 0.000000 0.000000
5.551146 0.650000 0.000000
764.299377 0.000000
0.000000 0.000000 0.000000 0.000000
0.000000 1.016206
11 0.018443 0.663948 0.001000
0.487000 0.580000 0.780000 0.490000 1.250000 5.968800 0.650000 0.650000
230537.500000 100.000000 0.084000
1.073000 0.050000 0.116600
0.163674 0.104413 0.000378 0.000000
0.000000

0.000003 0.644640 15.399331
0.105817 0.011761 1.701328 9.887905 218.935730
0.000000 0.000000 0.000088 0.000000 0.000000 0.000000
0.000000 0.000000 0.000000
5.519649 0.650000 0.000000
764.299377 0.000000
0.000000 0.000000 0.000000 0.000000
0.000000 0.950864
11 0.018443 0.682391 0.001000
0.487000 0.580000 0.780000 0.490000 1.250000 5.968800 0.650000 0.650000
230537.500000 100.000000 0.084000
1.073000 0.050000 0.116600
0.163638 0.099878 0.000362 0.000000
0.000000

0.000003 0.589110 13.269896
0.103828 0.011540 1.670032 9.704569 218.939606
0.000000 0.000000 0.000088 0.000000 0.000000 0.000000
0.000000 0.000000 0.000000
5.490938 0.650000 0.000000
764.299377 0.000000
0.000000 0.000000 0.000000 0.000000
0.000000 0.889196
11 0.018443 0.700834 0.001000
0.487000 0.580000 0.780000 0.490000 1.250000 5.968800 0.650000 0.650000
230537.500000 100.000000 0.084000
1.073000 0.050000 0.116600
0.163609 0.097466 0.000353 0.000000
0.000000

0.000003 0.540936 10.954956
0.104562 0.011621 1.662404 9.657566 218.948654
0.000000 0.001258 0.000132 0.000000 0.000000 0.000000
0.000000 0.000000 0.000004
5.464774 0.650000 0.000000
764.299377 0.000000
0.000000 0.000000 0.000000 0.000000
0.000000 0.834150
11 0.018443 0.719277 0.001000
0.487000 0.580000 0.780000 0.490000 1.250000 5.968800 0.650000 0.650000
230537.500000 100.000000 0.084000
1.073000 0.050000 0.116600
0.163593 0.098866 0.000358 0.000000
0.000000

0.000003 0.499245 9.449573
0.101848 0.011320 1.622472 9.423180 218.956802
0.000000 0.002723 0.000131 0.000000 0.000000 0.000000
0.000000 0.000000 0.000005
5.440931 0.650000 0.000000
764.299377 0.000000
0.000000 0.000000 0.000000 0.000000
0.000000 1.345997
11 0.018443 0.737720 0.001000
0.487000 0.580000 0.780000 0.490000 1.250000 5.968800 0.650000 0.650000
230537.500000 100.000000 0.084000
1.073000 0.050000 0.116600
0.163594 0.101942 0.000369 0.000000
0.000000

0.000003 0.463298 8.195194
0.098411 0.010936 1.581065 9.173511 218.966370
0.000000 0.003288 0.000119 0.000000 0.000000 0.000000
0.000000 0.000001 0.000009
5.419200 0.967848 0.000000
764.299377 0.000000
0.000000 0.000000 0.000000 0.000000
0.000000 1.754975
11 0.018443 0.756163 0.001000
0.487000 0.580000 0.780000 0.490000 1.250000 5.968800 0.650000 0.650000
230537.500000 100.000000 0.084000
1.073000 0.050000 0.116600
0.163609 0.102164 0.000551 0.000000
0.000000

0.000003 0.430550 7.077256
0.095753 0.010640 1.542604 8.942884 218.975250
0.000000 0.002929 0.000091 0.000000 0.000000 0.000000
0.000000 0.000001 0.000011
5.400748 1.000000 0.000000
764.299377 0.000000
0.000000 0.000000 0.000000 0.000000
0.000000 1.557232
11 0.018443 0.774606 0.001000
0.487000 0.580000 0.780000 0.490000 1.250000 5.968800 0.650000 0.650000
230537.500000 100.000000 0.084000
1.073000 0.050000 0.116600
0.163642 0.106397 0.000593 0.000000
0.000000

0.000003 0.403863 6.336899
0.092574 0.010287 1.493270 8.647370 218.991409
0.000000 0.003739 0.000071 0.000000 0.000000 0.000000
0.000000 0.000003 0.000011
5.385883 1.000000 0.000000
764.299377 0.000000
0.000000 0.000000 0.000000 0.000000
0.000000 1.893748
11 0.018443 0.793049 0.001000
0.487000 0.580000 0.780000 0.490000 1.250000 5.968800 0.650000 0.650000
230537.500000 100.000000 0.084000
1.073000 0.050000 0.116600
0.163721 0.113738 0.000634 0.000000
0.000000

0.000003 0.386255 5.739754
0.089486 0.009944 1.448165 8.356520 219.021286
0.000000 0.003742 0.000074 0.000000 0.000000 0.000000
0.000000 0.000003 0.000013
5.373313 1.000000 0.000000
764.299377 0.000000
0.000000 0.000000 0.000000 0.000000
0.000000 2.528106
11 0.018443 0.811492 0.001000
0.487000 0.580000 0.780000 0.490000 1.250000 5.968800 0.650000 0.650000
230537.500000 100.000000 0.084000
1.073000 0.050000 0.116600
0.163844 0.115486 0.000643 0.000000
0.000000

0.000004 0.373760 5.264532
0.086513 0.009614 1.405525 8.075033 219.064957
0.000000 0.003793 0.000073 0.000000 0.000000 0.000000
0.000000 0.000003 0.000018
5.362447 1.000000 0.000000
764.299377 0.000000
0.000000 0.000000 0.000000 0.000000
0.000000 4.261661
11 0.018443 0.829935 0.001000
0.487000 0.580000 0.780000 0.490000 1.250000 5.968800 0.650000 0.650000
230537.500000 100.000000 0.084000
1.073000 0.050000 0.116600
0.164011 0.115465 0.000643 0.000000
0.000000

0.000007 0.378655 4.995428
0.083610 0.009291 1.364785 7.797975 219.188721
0.000000 0.001604 0.000068 0.000000 0.000000 0.000000
0.000000 0.000000 0.000021
5.353167 1.000000 0.000000
764.299377 0.000000
0.000000 0.000000 0.000000 0.000000
0.000000 11.536135
11 0.018443 0.848378 0.001000
0.487000 0.580000 0.780000 0.490000 1.250000 5.968800 0.650000 0.650000
230537.500000 100.000000 0.084000
1.073000 0.050000 0.116600
0.164410 0.107832 0.000601 0.000000
0.000000

0.000057 0.558963 5.631938
0.079126 0.008793 1.333038 7.353106 219.755234
0.000000 0.000000 0.000026 0.000000 0.000000 0.000000
0.000000 0.000000 0.000001
5.345369 1.000000 0.000000
764.299377 0.000000
0.000000 0.000000 0.000000 0.000000
0.000000 2.418545
11 0.018443 0.866821 0.001000
0.487000 0.580000 0.780000 0.490000 1.250000 5.968800 0.650000 0.650000
230537.500000 100.000000 0.084000
1.073000 0.050000 0.116600
0.165966 0.093015 0.000518 0.000000
0.000000

0.000076 0.559377 5.478194
0.076546 0.008506 1.290664 7.115239 219.949326
0.000000 0.000000 0.000026 0.000000 0.000000 0.000000
0.000000 0.000000 0.000000
5.338965 1.000000 0.000000
764.299377 0.000000
0.000000 0.000000 0.000000 0.000000
0.000000 2.418279
11 0.018443 0.885264 0.001000
0.487000 0.580000 0.780000 0.490000 1.250000 5.968800 0.650000 0.650000
230537.500000 100.000000 0.084000
1.073000 0.050000 0.116600
0.166400 0.091494 0.000510 0.000000
0.000000

0.000080 0.533311 5.220433
0.074156 0.008240 1.250371 6.892356 219.985931
0.000000 0.000000 0.000025 0.000000 0.000000 0.000000
0.000000 0.000000 0.000000
5.333880 1.000000 0.000000
764.299377 0.000000
0.000000 0.000000 0.000000 0.000000
0.000000 2.429339
11 0.018443 0.903707 0.001000
0.487000 0.580000 0.780000 0.490000 1.250000 5.968800 0.650000 0.650000
230537.500000 100.000000 0.084000
1.073000 0.050000 0.116600
0.166461 0.091168 0.000508 0.000000
0.000000

0.000077 0.498263 4.798958
0.072624 0.008070 1.224458 6.748792 220.002899
0.000000 0.000000 0.000021 0.000000 0.000000 0.000000
0.000000 0.000000 0.000000
5.330048 1.000000 0.000000
764.299377 0.000000
0.000000 0.000000 0.000000 0.000000
0.000000 2.448792
11 0.018443 0.922150 0.001000
0.487000 0.580000 0.780000 0.490000 1.250000 5.968800 0.650000 0.650000
230537.500000 100.000000 0.084000
1.073000 0.050000 0.116600
0.166490 0.091065 0.000507 0.000000
0.000000

0.000073 0.463301 4.390899
0.071300 0.007923 1.202169 6.625242 220.017227
0.000000 0.000000 0.000024 0.000000 0.000000 0.000000
0.000000 0.000000 0.000000
5.327415 1.000000 0.000000
764.299377 0.000000
0.000000 0.000000 0.000000 0.000000
0.000000 2.444810
11 0.018443 0.940593 0.001000
0.487000 0.580000 0.780000 0.490000 1.250000 5.968800 0.650000 0.650000
230537.500000 100.000000 0.084000
1.073000 0.050000 0.116600
0.166505 0.090875 0.000506 0.000000
0.000000

0.000067 0.433528 4.114314
0.070027 0.007782 1.180832 6.506967 220.118805
0.000000 0.000000 0.000026 0.000000 0.000000 0.000000
0.000000 0.000000 0.000000
5.325936 1.000000 0.000000
764.299377 0.000000
0.000000 0.000000 0.000000 0.000000
0.000000 2.456712
11 0.018443 0.959036 0.001000
0.487000 0.580000 0.780000 0.490000 1.250000 5.968800 0.650000 0.650000
230537.500000 100.000000 0.084000
1.073000 0.050000 0.116600
0.166703 0.090156 0.000502 0.000000
0.000000

0.000063 0.403305 3.795984
0.068839 0.007650 1.160912 6.396543 220.128357
0.000000 0.000000 0.000028 0.000000 0.000000 0.000000
0.000000 0.000000 0.000000
5.325572 1.000000 0.000000
764.299377 0.000000
0.000000 0.000000 0.000000 0.000000
0.000000 2.430723
11 0.018443 0.977479 0.001000
0.487000 0.580000 0.780000 0.490000 1.250000 5.968800 0.650000 0.650000
230537.500000 100.000000 0.084000
1.073000 0.050000 0.116600
0.166709 0.090021 0.000501 0.000000
0.000000

0.000059 0.375291 3.512208
0.067737 0.007527 1.142438 6.294125 220.138092
0.000000 0.000000 0.000029 0.000000 0.000000 0.000000
0.000000 0.000000 0.000000
5.326292 1.000000 0.000000
764.299377 0.000000
0.000000 0.000000 0.000000 0.000000
0.000000 2.501827
11 0.018443 0.995922 0.001000
0.487000 0.580000 0.780000 0.490000 1.250000 5.968800 0.650000 0.650000
230537.500000 100.000000 0.084000
1.073000 0.050000 0.116600
0.166721 0.090210 0.000502 0.000000
0.000000

0.000055 0.349282 3.251340
0.066823 0.007426 1.125658 6.201068 220.147614
0.000000 0.000028 0.001978 0.000000 0.000000 0.000000
0.000000 0.000000 0.000021
5.328069 1.000000 0.000000
764.299377 0.000000
0.000000 0.000000 0.000000 0.000000
0.000000 2.485992
11 0.018443 1.014365 0.001000
0.487000 0.580000 0.780000 0.490000 1.250000 5.968800 0.650000 0.650000
230537.500000 100.000000 0.084000
1.073000 0.050000 0.116600
0.166724 0.090220 0.000502 0.000000
0.000000

0.000053 0.326147 3.034859
0.065828 0.007315 1.109177 6.109697 220.155869
0.000000 0.000041 0.002387 0.000000 0.000000 0.000000
0.000000 0.000000 0.000026
5.330880 1.000000 0.000000
764.299377 0.000000
0.000000 0.000000 0.000000 0.000000
0.000000 2.521068
11 0.018443 1.032808 0.001000
0.487000 0.580000 0.780000 0.490000 1.250000 5.968800 0.650000 0.650000
230537.500000 100.000000 0.084000
1.073000 0.050000 0.116600
0.166735 0.090362 0.000503 0.000000
0.000000

0.000049 0.305172 2.841088
0.064918 0.007214 1.094094 6.026031 220.166870
0.000000 0.000058 0.002776 0.000000 0.000000 0.000000
0.000000 0.000000 0.000032
5.334707 1.000000 0.000000
764.299377 0.000000
0.000000 0.000000 0.000000 0.000000
0.000000 2.467139
11 0.018443 1.051251 0.001000
0.487000 0.580000 0.780000 0.490000 1.250000 5.968800 0.650000 0.650000
230537.500000 100.000000 0.084000
1.073000 0.050000 0.116600
0.166753 0.089966 0.000501 0.000000
0.000000

0.000047 0.286358 2.665691
0.064088 0.007122 1.080353 5.949824 220.179306
0.000000 0.000081 0.003164 0.000000 0.000000 0.000000
0.000000 0.000000 0.000037
5.339534 1.000000 0.000000
764.299377 0.000000
0.000000 0.000000 0.000000 0.000000
0.000000 2.559957
11 0.018443 1.069694 0.001000
0.487000 0.580000 0.780000 0.490000 1.250000 5.968800 0.650000 0.650000
230537.500000 100.000000 0.084000
1.073000 0.050000 0.116600
0.166769 0.090483 0.000504 0.000000
0.000000

0.000044 0.269214 2.507909
0.063340 0.007038 1.067957 5.881010 220.192856
0.000000 0.000103 0.003416 0.000000 0.000000 0.000000
0.000000 0.000000 0.000037
5.345346 1.000000 0.000000
764.299377 0.000000
0.000000 0.000000 0.000000 0.000000
0.000000 2.618979
11 0.018443 1.088137 0.001000
0.487000 0.580000 0.780000 0.490000 1.250000 5.968800 0.650000 0.650000
230537.500000 100.000000 0.084000
1.073000 0.050000 0.116600
0.166799 0.090568 0.000504 0.000000
0.000000

0.000042 0.252732 2.361382
0.062661 0.006963 1.056728 5.818653 220.207733
0.000000 0.000136 0.003774 0.000000 0.000000 0.000000
0.000000 0.000000 0.000037
5.352129 1.000000 0.000000
764.299377 0.000000
0.000000 0.000000 0.000000 0.000000
0.000000 2.606603
11 0.018443 1.106580 0.001000
0.487000 0.580000 0.780000 0.490000 1.250000 5.968800 0.650000 0.650000
230537.500000 100.000000 0.084000
1.073000 0.050000 0.116600
0.166816 0.090557 0.000504 0.000000
0.000000

0.000039 0.237556 2.226784
0.062042 0.006894 1.046491 5.761782 220.219528
0.000000 0.000161 0.004003 0.000000 0.000000 0.000000
0.000000 0.000000 0.000037
5.359870 1.000000 0.000000
764.299377 0.000000
0.000000 0.000000 0.000000 0.000000
0.000000 2.665235
11 0.018443 1.125023 0.001000
0.487000 0.580000 0.780000 0.490000 1.250000 5.968800 0.650000 0.650000
230537.500000 100.000000 0.084000
1.073000 0.050000 0.116600
0.166832 0.090845 0.000506 0.000000
0.000000

0.000037 0.223881 2.118520
0.061518 0.006836 1.037842 5.713657 220.256668
0.000000 0.000190 0.004260 0.000000 0.000000 0.000000
0.000000 0.000000 0.000037
5.368556 1.000000 0.000000
764.299377 0.000000
0.000000 0.000000 0.000000 0.000000
0.000000 2.683613
11 0.018443 1.143466 0.001000
0.487000 0.580000 0.780000 0.490000 1.250000 5.968800 0.650000 0.650000
230537.500000 100.000000 0.084000
1.073000 0.050000 0.116600
0.166908 0.090346 0.000503 0.000000
0.000000

0.000035 0.211569 2.012884
0.061021 0.006781 1.029631 5.667982 220.279007
0.000000 0.000215 0.004459 0.000000 0.000000 0.000000
0.000000 0.000000 0.000037
5.378176 1.000000 0.000000
764.299377 0.000000
0.000000 0.000000 0.000000 0.000000
0.000000 2.719554
11 0.018443 1.161909 0.001000
0.487000 0.580000 0.780000 0.490000 1.250000 5.968800 0.650000 0.650000
230537.500000 100.000000 0.084000
1.073000 0.050000 0.116600
0.166950 0.090451 0.000504 0.000000
0.000000

0.000035 0.201575 1.916609
0.060552 0.006729 1.021864 5.624754 220.293640
0.000000 0.000236 0.004646 0.000000 0.000000 0.000000
0.000000 0.000000 0.000038
5.388714 1.000000 0.000000
764.299377 0.000000
0.000000 0.000000 0.000000 0.000000
0.000000 2.755521
11 0.018443 1.180352 0.001000
0.487000 0.580000 0.780000 0.490000 1.250000 5.968800 0.650000 0.650000
230537.500000 100.000000 0.084000
1.073000 0.050000 0.116600
0.166979 0.090458 0.000504 0.000000
0.000000

0.000035 0.191990 1.828970
0.060128 0.006682 1.014875 5.585822 220.307556
0.000000 0.000259 0.004846 0.000000 0.000000 0.000000
0.000000 0.000000 0.000038
5.400156 1.000000 0.000000
764.299377 0.000000
0.000000 0.000000 0.000000 0.000000
0.000000 2.808036
11 0.018443 1.198795 0.001000
0.487000 0.580000 0.780000 0.490000 1.250000 5.968800 0.650000 0.650000
230537.500000 100.000000 0.084000
1.073000 0.050000 0.116600
0.167008 0.090557 0.000504 0.000000
0.000000

0.000044 0.193955 1.777991
0.059710 0.006635 1.007897 5.546964 220.350494
0.000000 0.000267 0.004920 0.000000 0.000000 0.000000
0.000000 0.000000 0.000038
5.412488 1.000000 0.000000
764.299377 0.000000
0.000000 0.000000 0.000000 0.000000
0.000000 2.576830
11 0.018443 1.217238 0.001000
0.487000 0.580000 0.780000 0.490000 1.250000 5.968800 0.650000 0.650000
230537.500000 100.000000 0.084000
1.073000 0.050000 0.116600
0.167102 0.090042 0.000501 0.000000
0.000000

0.000040 0.183151 1.695598
0.059375 0.006598 1.002390 5.516222 220.356506
0.000000 0.000283 0.005062 0.000000 0.000000 0.000000
0.000000 0.000000 0.000038
5.425692 1.000000 0.000000
764.299377 0.000000
0.000000 0.000000 0.000000 0.000000
0.000000 2.574682
11 0.018443 1.235681 0.001000
0.487000 0.580000 0.780000 0.490000 1.250000 5.968800 0.650000 0.650000
230537.500000 100.000000 0.084000
1.073000 0.050000 0.116600
0.167112 0.090161 0.000502 0.000000
0.000000

0.000038 0.173581 1.625962
0.059079 0.006565 0.997538 5.489080 220.367157
0.000000 0.000300 0.005212 0.000000 0.000000 0.000000
0.000000 0.000000 0.000038
5.439751 1.000000 0.000000
764.299377 0.000000
0.000000 0.000000 0.000000 0.000000
0.000000 2.572876
11 0.018443 1.254124 0.001000
0.487000 0.580000 0.780000 0.490000 1.250000 5.968800 0.650000 0.650000
230537.500000 100.000000 0.084000
1.073000 0.050000 0.116600
0.167137 0.090169 0.000502 0.000000
0.000000

0.000034 0.164748 1.563664
0.058815 0.006536 0.993219 5.464891 220.376495
0.000000 0.000315 0.005338 0.000000 0.000000 0.000000
0.000000 0.000000 0.000038
5.454644 1.000000 0.000000
764.299377 0.000000
0.000000 0.000000 0.000000 0.000000
0.000000 2.571348
11 0.018443 1.272567 0.001000
0.487000 0.580000 0.780000 0.490000 1.250000 5.968800 0.650000 0.650000
230537.500000 100.000000 0.084000
1.073000 0.050000 0.116600
0.167171 0.090442 0.000504 0.000000
0.000000

0.000049 0.140810 1.176784
0.057317 0.006369 0.968296 5.327359 220.529358
0.000000 0.000410 0.006035 0.000000 0.000000 0.000000
0.000000 0.000000 0.000038
5.470353 1.000000 0.000000
764.299377 0.000000
0.000000 0.000000 0.000000 0.000000
0.000000 2.559937
11 0.018443 1.291010 0.001000
0.487000 0.580000 0.780000 0.490000 1.250000 5.968800 0.650000 0.650000
230537.500000 100.000000 0.084000
1.073000 0.050000 0.116600
0.167541 0.088852 0.000495 0.000000
0.000000

0.000045 0.134650 1.154183
0.057219 0.006358 0.966731 5.318341 220.534439
0.000000 0.000420 0.006094 0.000000 0.000000 0.000000
0.000000 0.000000 0.000039
5.486855 1.000000 0.000000
764.299377 0.000000
0.000000 0.000000 0.000000 0.000000
0.000000 2.559269
11 0.018443 1.309453 0.001000
0.487000 0.580000 0.780000 0.490000 1.250000 5.968800 0.650000 0.650000
230537.500000 100.000000 0.084000
1.073000 0.050000 0.116600
0.167543 0.088865 0.000495 0.000000
0.000000

0.000041 0.129026 1.133666
0.057129 0.006348 0.965310 5.310134 220.538971
0.000000 0.000424 0.006154 0.000000 0.000000 0.000000
0.000000 0.000000 0.000039
5.504128 1.000000 0.000000
764.299377 0.000000
0.000000 0.000000 0.000000 0.000000
0.000000 2.558697
11 0.018443 1.327896 0.001000
0.487000 0.580000 0.780000 0.490000 1.250000 5.968800 0.650000 0.650000
230537.500000 100.000000 0.084000
1.073000 0.050000 0.116600
0.167546 0.088883 0.000495 0.000000
0.000000

0.000038 0.123892 1.115049
0.057048 0.006339 0.964026 5.302680 220.544327
0.000000 0.000431 0.006239 0.000000 0.000000 0.000000
0.000000 0.000000 0.000039
5.522148 1.000000 0.000000
764.299377 0.000000
0.000000 0.000000 0.000000 0.000000
0.000000 2.558259
11 0.018443 1.346339 0.001000
0.487000 0.580000 0.780000 0.490000 1.250000 5.968800 0.650000 0.650000
230537.500000 100.000000 0.084000
1.073000 0.050000 0.116600
0.167554 0.088927 0.000495 0.000000
0.000000

0.000035 0.119204 1.098247
0.056975 0.006331 0.962874 5.295947 220.549622
0.000000 0.000430 0.006247 0.000000 0.000000 0.000000
0.000000 0.000000 0.000039
5.540891 1.000000 0.000000
764.299377 0.000000
0.000000 0.000000 0.000000 0.000000
0.000000 2.557911
11 0.018443 1.364782 0.001000
0.487000 0.580000 0.780000 0.490000 1.250000 5.968800 0.650000 0.650000
230537.500000 100.000000 0.084000
1.073000 0.050000 0.116600
0.167557 0.088887 0.000495 0.000000
0.000000

0.000032 0.114925 1.082940
0.056908 0.006324 0.961820 5.289779 220.554001
0.000000 0.000433 0.006277 0.000000 0.000000 0.000000
0.000000 0.000000 0.000039
5.560330 1.000000 0.000000
764.299377 0.000000
0.000000 0.000000 0.000000 0.000000
0.000000 2.557631
11 0.018443 1.383225 0.001000
0.487000 0.580000 0.780000 0.490000 1.250000 5.968800 0.650000 0.650000
230537.500000 100.000000 0.084000
1.073000 0.050000 0.116600
0.167560 0.088903 0.000495 0.000000
0.000000

0.000029 0.111020 1.069263
0.056848 0.006317 0.960885 5.284255 220.559662
0.000000 0.000431 0.006290 0.000000 0.000000 0.000000
0.000000 0.000000 0.000039
5.580441 1.000000 0.000000
764.299377 0.000000
0.000000 0.000000 0.000000 0.000000
0.000000 2.557473
11 0.018443 1.401668 0.001000
0.487000 0.580000 0.780000 0.490000 1.250000 5.968800 0.650000 0.650000
230537.500000 100.000000 0.084000
1.073000 0.050000 0.116600
0.167566 0.088910 0.000495 0.000000
0.000000

0.000027 0.107456 1.058769
0.056799 0.006312 0.960130 5.279748 220.564774
0.000000 0.000430 0.006321 0.000000 0.000000 0.000000
0.000000 0.000000 0.000040
5.601195 1.000000 0.000000
764.299377 0.000000
0.000000 0.000000 0.000000 0.000000
0.000000 2.557415
11 0.018443 1.420111 0.001000
0.487000 0.580000 0.780000 0.490000 1.250000 5.968800 0.650000 0.650000
230537.500000 100.000000 0.084000
1.073000 0.050000 0.116600
0.167579 0.088908 0.000495 0.000000
0.000000

0.000025 0.104204 1.047500
0.056750 0.006306 0.959364 5.275161 220.569443
0.000000 0.000434 0.006365 0.000000 0.000000 0.000000
0.000000 0.000000 0.000040
5.622565 1.000000 0.000000
764.299377 0.000000
0.000000 0.000000 0.000000 0.000000
0.000000 2.557390
11 0.018443 1.438554 0.001000
0.487000 0.580000 0.780000 0.490000 1.250000 5.968800 0.650000 0.650000
230537.500000 100.000000 0.084000
1.073000 0.050000 0.116600
0.167583 0.088898 0.000495 0.000000
0.000000

0.000023 0.101237 1.037354
0.056705 0.006301 0.958677 5.271030 220.574493
0.000000 0.000430 0.006350 0.000000 0.000000 0.000000
0.000000 0.000000 0.000040
5.644525 1.000000 0.000000
764.299377 0.000000
0.000000 0.000000 0.000000 0.000000
0.000000 2.557459
11 0.018443 1.456997 0.001000
0.487000 0.580000 0.780000 0.490000 1.250000 5.968800 0.650000 0.650000
230537.500000 100.000000 0.084000
1.073000 0.050000 0.116600
0.167589 0.088883 0.000495 0.000000
0.000000

0.000021 0.098531 1.028120
0.056664 0.006297 0.958054 5.267256 220.579056
0.000000 0.000426 0.006342 0.000000 0.000000 0.000000
0.000000 0.000000 0.000040
5.667044 1.000000 0.000000
764.299377 0.000000
0.000000 0.000000 0.000000 0.000000
0.000000 2.557555
11 0.018443 1.475440 0.001000
0.487000 0.580000 0.780000 0.490000 1.250000 5.968800 0.650000 0.650000
230537.500000 100.000000 0.084000
1.073000 0.050000 0.116600
0.167594 0.088898 0.000495 0.000000
0.000000

0.000019 0.096063 1.019808
0.056627 0.006293 0.957499 5.263855 220.584015
0.000000 0.000427 0.006378 0.000000 0.000000 0.000000
0.000000 0.000000 0.000040
5.690096 1.000000 0.000000
764.299377 0.000000
0.000000 0.000000 0.000000 0.000000
0.000000 2.557741
11 0.018443 1.493883 0.001000
0.487000 0.580000 0.780000 0.490000 1.250000 5.968800 0.650000 0.650000
230537.500000 100.000000 0.084000
1.073000 0.050000 0.116600
0.167596 0.088909 0.000495 0.000000
0.000000

0.000018 0.093811 1.012314
0.056594 0.006289 0.957000 5.260767 220.589294
0.000000 0.000426 0.006385 0.000000 0.000000 0.000000
0.000000 0.000000 0.000041
5.713652 1.000000 0.000000
764.299377 0.000000
0.000000 0.000000 0.000000 0.000000
0.000000 2.557959
11 0.018443 1.512326 0.001000
0.487000 0.580000 0.780000 0.490000 1.250000 5.968800 0.650000 0.650000
230537.500000 100.000000 0.084000
1.073000 0.050000 0.116600
0.167603 0.088927 0.000495 0.000000
0.000000

0.000016 0.091761 1.005579
0.056564 0.006286 0.956548 5.257938 220.594589
0.000000 0.000425 0.006399 0.000000 0.000000 0.000000
0.000000 0.000000 0.000041
5.737684 1.000000 0.000000
764.299377 0.000000
0.000000 0.000000 0.000000 0.000000
0.000000 2.558265
11 0.018443 1.530769 0.001000
0.487000 0.580000 0.780000 0.490000 1.250000 5.968800 0.650000 0.650000
230537.500000 100.000000 0.084000
1.073000 0.050000 0.116600
0.167607 0.088943 0.000495 0.000000
0.000000

0.000015 0.089891 0.999652
0.056537 0.006283 0.956153 5.255442 220.599167
0.000000 0.000424 0.006409 0.000000 0.000000 0.000000
0.000000 0.000000 0.000041
5.762165 1.000000 0.000000
764.299377 0.000000
0.000000 0.000000 0.000000 0.000000
0.000000 2.558596
11 0.018443 1.549212 0.001000
0.487000 0.580000 0.780000 0.490000 1.250000 5.968800 0.650000 0.650000
230537.500000 100.000000 0.084000
1.073000 0.050000 0.116600
0.167613 0.088930 0.000495 0.000000
0.000000

0.000014 0.088187 0.994403
0.056513 0.006280 0.955811 5.253206 220.604111
0.000000 0.000422 0.006417 0.000000 0.000000 0.000000
0.000000 0.000000 0.000041
5.787066 1.000000 0.000000
764.299377 0.000000
0.000000 0.000000 0.000000 0.000000
0.000000 2.559006
11 0.018443 1.567655 0.001000
0.487000 0.580000 0.780000 0.490000 1.250000 5.968800 0.650000 0.650000
230537.500000 100.000000 0.084000
1.073000 0.050000 0.116600
0.167616 0.088917 0.000495 0.000000
0.000000

0.000013 0.086635 0.989601
0.056491 0.006277 0.955491 5.251133 220.609497
0.000000 0.000421 0.006425 0.000000 0.000000 0.000000
0.000000 0.000000 0.000042
5.812362 1.000000 0.000000
764.299377 0.000000
0.000000 0.000000 0.000000 0.000000
0.000000 2.559420
11 0.018443 1.586098 0.001000
0.487000 0.580000 0.780000 0.490000 1.250000 5.968800 0.650000 0.650000
230537.500000 100.000000 0.084000
1.073000 0.050000 0.116600
0.167625 0.088931 0.000495 0.000000
0.000000

0.000011 0.085221 0.985324
0.056472 0.006275 0.955213 5.249279 220.614655
0.000000 0.000413 0.006386 0.000000 0.000000 0.000000
0.000000 0.000000 0.000042
5.838026 1.000000 0.000000
764.299377 0.000000
0.000000 0.000000 0.000000 0.000000
0.000000 2.559930
11 0.018443 1.604541 0.001000
0.487000 0.580000 0.780000 0.490000 1.250000 5.968800 0.650000 0.650000
230537.500000 100.000000 0.084000
1.073000 0.050000 0.116600
0.167628 0.088945 0.000495 0.000000
0.000000

0.000011 0.083933 0.981523
0.056454 0.006273 0.954973 5.247619 220.619843
0.000000 0.000415 0.006430 0.000000 0.000000 0.000000
0.000000 0.000000 0.000042
5.864031 1.000000 0.000000
764.299377 0.000000
0.000000 0.000000 0.000000 0.000000
0.000000 2.560433
11 0.018443 1.622984 0.001000
0.487000 0.580000 0.780000 0.490000 1.250000 5.968800 0.650000 0.650000
230537.500000 100.000000 0.084000
1.073000 0.050000 0.116600
0.167630 0.088961 0.000495 0.000000
0.000000

0.000010 0.082763 0.978153
0.056438 0.006272 0.954756 5.246130 220.625244
0.000000 0.000408 0.006390 0.000000 0.000000 0.000000
0.000000 0.000000 0.000042
5.890354 1.000000 0.000000
764.299377 0.000000
0.000000 0.000000 0.000000 0.000000
0.000000 2.560999
11 0.018443 1.641427 0.001000
0.487000 0.580000 0.780000 0.490000 1.250000 5.968800 0.650000 0.650000
230537.500000 100.000000 0.084000
1.073000 0.050000 0.116600
0.167638 0.088977 0.000495 0.000000
0.000000

0.000009 0.081697 0.975247
0.056424 0.006270 0.954568 5.244769 220.630066
0.000000 0.000408 0.006405 0.000000 0.000000 0.000000
0.000000 0.000000 0.000042
5.916969 1.000000 0.000000
764.299377 0.000000
0.000000 0.000000 0.000000 0.000000
0.000000 2.561602
11 0.018443 1.659870 0.001000
0.487000 0.580000 0.780000 0.490000 1.250000 5.968800 0.650000 0.650000
230537.500000 100.000000 0.084000
1.073000 0.050000 0.116600
0.167642 0.088969 0.000495 0.000000
0.000000

0.000008 0.080728 0.972708
0.056412 0.006269 0.954408 5.243577 220.635040
0.000000 0.000399 0.006362 0.000000 0.000000 0.000000
0.000000 0.000000 0.000043
5.943853 1.000000 0.000000
764.299377 0.000000
0.000000 0.000000 0.000000 0.000000
0.000000 2.562249
11 0.018443 1.678313 0.001000
0.487000 0.580000 0.780000 0.490000 1.250000 5.968800 0.650000 0.650000
230537.500000 100.000000 0.084000
1.073000 0.050000 0.116600
0.167646 0.088958 0.000495 0.000000
0.000000

0.000007 0.079848 0.970427
0.056401 0.006267 0.954272 5.242520 220.640335
0.000000 0.000398 0.006382 0.000000 0.000000 0.000000
0.000000 0.000000 0.000043
5.970985 1.000000 0.000000
764.299377 0.000000
0.000000 0.000000 0.000000 0.000000
0.000000 2.562904
11 0.018443 1.696756 0.001000
0.487000 0.580000 0.780000 0.490000 1.250000 5.968800 0.650000 0.650000
230537.500000 100.000000 0.084000
1.073000 0.050000 0.116600
0.167653 0.088971 0.000495 0.000000
0.000000

0.000007 0.079047 0.968440
0.056391 0.006266 0.954150 5.241534 220.645416
0.000000 0.000390 0.006332 0.000000 0.000000 0.000000
0.000000 0.000000 0.000043
5.998343 1.000000 0.000000
764.299377 0.000000
0.000000 0.000000 0.000000 0.000000
0.000000 2.563614
11 0.018443 1.715199 0.001000
0.487000 0.580000 0.780000 0.490000 1.250000 5.968800 0.650000 0.650000
230537.500000 100.000000 0.084000
1.073000 0.050000 0.116600
0.167657 0.089042 0.000496 0.000000
0.000000

0.000006 0.078321 0.966727
0.056382 0.006265 0.954044 5.240649 220.650650
0.000000 0.000387 0.006338 0.000000 0.000000 0.000000
0.000000 0.000000 0.000043
6.025906 1.000000 0.000000
764.299377 0.000000
0.000000 0.000000 0.000000 0.000000
0.000000 2.564348
11 0.018443 1.733642 0.001000
0.487000 0.580000 0.780000 0.490000 1.250000 5.968800 0.650000 0.650000
230537.500000 100.000000 0.084000
1.073000 0.050000 0.116600
0.167661 0.089008 0.000496 0.000000
0.000000

0.000006 0.077661 0.965262
0.056374 0.006264 0.953962 5.239894 220.655640
0.000000 0.000386 0.006338 0.000000 0.000000 0.000000
0.000000 0.000000 0.000044
6.053655 1.000000 0.000000
764.299377 0.000000
0.000000 0.000000 0.000000 0.000000
0.000000 2.565128
11 0.018443 1.752085 0.001000
0.487000 0.580000 0.780000 0.490000 1.250000 5.968800 0.650000 0.650000
230537.500000 100.000000 0.084000
1.073000 0.050000 0.116600
0.167667 0.089005 0.000496 0.000000
0.000000

0.000005 0.077063 0.969167
0.056382 0.006265 0.954139 5.240571 220.664551
0.000000 0.000380 0.006319 0.000000 0.000000 0.000000
0.000000 0.000000 0.000044
6.081571 1.000000 0.000000
764.299377 0.000000
0.000000 0.000000 0.000000 0.000000
0.000000 2.566013
11 0.018443 1.770528 0.001000
0.487000 0.580000 0.780000 0.490000 1.250000 5.968800 0.650000 0.650000
230537.500000 100.000000 0.084000
1.073000 0.050000 0.116600
0.167693 0.088944 0.000495 0.000000
0.000000

0.000005 0.076522 0.968711
0.056377 0.006265 0.954108 5.240095 220.670303
0.000000 0.000377 0.006312 0.000000 0.000000 0.000000
0.000000 0.000000 0.000044
6.109639 1.000000 0.000000
764.299377 0.000000
0.000000 0.000000 0.000000 0.000000
0.000000 2.566847
11 0.018443 1.788971 0.001000
0.487000 0.580000 0.780000 0.490000 1.250000 5.968800 0.650000 0.650000
230537.500000 100.000000 0.084000
1.073000 0.050000 0.116600
0.167700 0.088973 0.000495 0.000000
0.000000

0.000004 0.076031 0.967893
0.056372 0.006264 0.954065 5.239556 220.675766
0.000000 0.000371 0.006280 0.000000 0.000000 0.000000
0.000000 0.000000 0.000044
6.137841 1.000000 0.000000
764.299377 0.000000
0.000000 0.000000 0.000000 0.000000
0.000000 2.567704
11 0.018443 1.807414 0.001000
0.487000 0.580000 0.780000 0.490000 1.250000 5.968800 0.650000 0.650000
230537.500000 100.000000 0.084000
1.073000 0.050000 0.116600
0.167705 0.089044 0.000496 0.000000
0.000000

0.000004 0.075588 0.967235
0.056368 0.006264 0.954034 5.239100 220.681335
0.000000 0.000367 0.006263 0.000000 0.000000 0.000000
0.000000 0.000000 0.000045
6.166165 1.000000 0.000000
764.299377 0.000000
0.000000 0.000000 0.000000 0.000000
0.000000 2.568587
11 0.018443 1.825857 0.001000
0.487000 0.580000 0.780000 0.490000 1.250000 5.968800 0.650000 0.650000
230537.500000 100.000000 0.084000
1.073000 0.050000 0.116600
0.167709 0.089009 0.000496 0.000000
0.000000

0.000004 0.075187 0.966734
0.056364 0.006263 0.954009 5.238678 220.686203
0.000000 0.000361 0.006237 0.000000 0.000000 0.000000
0.000000 0.000000 0.000045
6.194595 1.000000 0.000000
764.299377 0.000000
0.000000 0.000000 0.000000 0.000000
0.000000 2.569491
11 0.018443 1.844300 0.001000
0.487000 0.580000 0.780000 0.490000 1.250000 5.968800 0.650000 0.650000
230537.500000 100.000000 0.084000
1.073000 0.050000 0.116600
0.167714 0.089025 0.000496 0.000000
0.000000

0.000003 0.074824 0.966438
0.056361 0.006263 0.954002 5.238328 220.691299
0.000000 0.000361 0.006245 0.000000 0.000000 0.000000
0.000000 0.000000 0.000045
6.223122 1.000000 0.000000
764.299377 0.000000
0.000000 0.000000 0.000000 0.000000
0.000000 2.570407
11 0.018443 1.862743 0.001000
0.487000 0.580000 0.780000 0.490000 1.250000 5.968800 0.650000 0.650000
230537.500000 100.000000 0.084000
1.073000 0.050000 0.116600
0.167720 0.089016 0.000496 0.000000
0.000000

0.000003 0.074499 0.966412
0.056359 0.006263 0.954009 5.238080 220.696274
0.000000 0.000350 0.006180 0.000000 0.000000 0.000000
0.000000 0.000000 0.000045
6.251732 1.000000 0.000000
764.299377 0.000000
0.000000 0.000000 0.000000 0.000000
0.000000 2.571355
11 0.018443 1.881186 0.001000
0.487000 0.580000 0.780000 0.490000 1.250000 5.968800 0.650000 0.650000
230537.500000 100.000000 0.084000
1.073000 0.050000 0.116600
0.167723 0.089004 0.000496 0.000000
0.000000

0.000003 0.074205 0.966292
0.056357 0.006263 0.954017 5.237851 220.701294
0.000000 0.000350 0.006192 0.000000 0.000000 0.000000
0.000000 0.000000 0.000045
6.280418 1.000000 0.000000
764.299377 0.000000
0.000000 0.000000 0.000000 0.000000
0.000000 2.572334
11 0.018443 1.899629 0.001000
0.487000 0.580000 0.780000 0.490000 1.250000 5.968800 0.650000 0.650000
230537.500000 100.000000 0.084000
1.073000 0.050000 0.116600
0.167731 0.089019 0.000496 0.000000
0.000000

0.000003 0.073941 0.966280
0.056355 0.006262 0.954025 5.237608 220.706314
0.000000 0.000346 0.006172 0.000000 0.000000 0.000000
0.000000 0.000000 0.000046
6.309170 1.000000 0.000000
764.299377 0.000000
0.000000 0.000000 0.000000 0.000000
0.000000 2.573337
11 0.018443 1.918072 0.001000
0.487000 0.580000 0.780000 0.490000 1.250000 5.968800 0.650000 0.650000
230537.500000 100.000000 0.084000
1.073000 0.050000 0.116600
0.167734 0.089034 0.000496 0.000000
0.000000

0.000003 0.073705 0.966359
0.056353 0.006262 0.954041 5.237418 220.711624
0.000000 0.000341 0.006150 0.000000 0.000000 0.000000
0.000000 0.000000 0.000046
6.337983 1.000000 0.000000
764.299377 0.000000
0.000000 0.000000 0.000000 0.000000
0.000000 2.574325
11 0.018443 1.936515 0.001000
0.487000 0.580000 0.780000 0.490000 1.250000 5.968800 0.650000 0.650000
230537.500000 100.000000 0.084000
1.073000 0.050000 0.116600
0.167739 0.089050 0.000496 0.000000
0.000000

0.000002 0.073493 0.966533
0.056352 0.006262 0.954066 5.237289 220.715897
0.000000 0.000331 0.006078 0.000000 0.000000 0.000000
0.000000 0.000000 0.000046
6.366849 1.000000 0.000000
764.299377 0.000000
0.000000 0.000000 0.000000 0.000000
0.000000 2.575346
11 0.018443 1.954958 0.001000
0.487000 0.580000 0.780000 0.490000 1.250000 5.968800 0.650000 0.650000
230537.500000 100.000000 0.084000
1.073000 0.050000 0.116600
0.167743 0.089081 0.000496 0.000000
0.000000

0.000002 0.073303 0.967362
0.056353 0.006262 0.954123 5.237317 220.721664
0.000000 0.000329 0.006088 0.000000 0.000000 0.000000
0.000000 0.000000 0.000046
6.395766 1.000000 0.000000
764.299377 0.000000
0.000000 0.000000 0.000000 0.000000
0.000000 2.576400
11 0.018443 1.973401 0.001000
0.487000 0.580000 0.780000 0.490000 1.250000 5.968800 0.650000 0.650000
230537.500000 100.000000 0.084000
1.073000 0.050000 0.116600
0.167751 0.089040 0.000496 0.000000
0.000000

0.000002 0.071756 0.962466
0.056330 0.006260 0.953770 5.235099 220.727356
0.000000 0.000331 0.006030 0.000000 0.000000 0.000000
0.000000 0.000000 0.000047
6.424731 1.000000 0.000000
764.299377 0.000000
0.000000 0.000000 0.000000 0.000000
0.000000 2.577231
11 0.018443 1.991844 0.001000
0.487000 0.580000 0.780000 0.490000 1.250000 5.968800 0.650000 0.650000
230537.500000 100.000000 0.084000
1.073000 0.050000 0.116600
0.167756 0.089110 0.000496 0.000000
0.000000
1.000000
2.000000
0.321000 0.000000
0.000000
0
-0.756163
0 0
0.000000
1
0.000000
1.000000
1.000000
1.000000
0.000000 0.000000 0.000000
0.000000 0.000000
0.000000 0.000000 0.000000 0.000000 0.000000 0.000000 0.000000
0.000000 0.000000 0.000000 0.000000 0.000000 0.000000 0.000000
1008
2.000000
1
C:\Input\Ohio1.spf
-1.000000 -1.000000
0.000000
41
41
7.999954
