11
Clay
0.580000 0.612000 0.084000 0.780000 0.530000 1.000000 0.000000 0.000000
1.020000 5.968800 1 0.028600 0.500000 0.050000 0.010000 0.027000 0.963000
0.000000 0.018443 2.000000 188118.593750 100.000000 108
0.173500 2.523000 3.647700 0.000000 1
5.212900 5.212900 6.915800 5.000000 25.000000 100.000000
0.000000 0.000000 0.000032 0.000000 30.616468 37.601070
500.000000 0.000000 0.000000

0.000068 242.164642 940.852844
6.104514 0.678697 100.600304 611.099060 4381.425293
0.000000 0.006749 0.143216 1.228134 0.000000 0.000000
0.000004 0.000000 0.000009
-7.239200 0.000010 87.613144
764.299377 0.000000
3.323525 0.000000 0.000000 0.000000
0.000000 0.375558
11 0.018443 0.018443 0.028600
0.612000 0.580000 0.780000 0.530000 1.020000 5.968800 0.780000 0.780000
188118.593750 100.000000 0.084000
1.073000 0.050000 0.116600
6.402227 51.780144 0.165947 0.000000
1053.426392

0.000148 8.798690 79.623520
2.673589 0.297235 47.351730 283.802399 4428.485840
0.000000 0.031895 0.108710 0.614067 0.000000 0.000000
0.000007 0.000001 0.000009
-6.633948 0.000010 87.613144
764.299377 0.000000
0.481572 0.000000 0.000000 0.000000
0.000000 0.233755
11 0.018443 0.036886 0.028600
0.612000 0.580000 0.780000 0.530000 1.020000 5.968800 0.780000 0.780000
188118.593750 100.000000 0.084000
1.073000 0.050000 0.116600
6.487368 31.246407 0.052673 0.000000
756.724243

0.000221 4.676809 50.743584
2.590297 0.287966 46.138927 274.617249 4429.185547
0.000000 0.041162 0.104726 0.307034 0.000000 0.000000
0.000008 0.000001 0.000009
-6.224940 0.000010 87.613144
764.299377 0.000000
0.443846 0.000000 0.000000 0.000000
0.000000 0.230554
11 0.018443 0.055329 0.028600
0.612000 0.580000 0.780000 0.530000 1.020000 5.968800 0.780000 0.780000
188118.593750 100.000000 0.084000
1.073000 0.050000 0.116600
6.494862 23.216637 0.028105 0.000000
759.383850

0.000284 4.357051 47.978851
2.384496 0.265081 43.016788 254.851212 4429.675293
0.000000 0.033794 0.084740 0.153517 0.000000 0.000000
0.000004 0.000001 0.000007
-5.822033 0.000010 87.613144
764.299377 0.000000
0.388376 0.000000 0.000000 0.000000
0.000000 0.251510
11 0.018443 0.073772 0.028600
0.612000 0.580000 0.780000 0.530000 1.020000 5.968800 0.780000 0.780000
188118.593750 100.000000 0.084000
1.073000 0.050000 0.116600
6.499366 20.093378 0.020840 0.000000
0.000000

0.000342 3.991601 44.242367
2.385867 0.265232 42.911930 253.380051 4430.010254
0.000000 0.033164 0.081978 0.076758 0.000000 0.000000
0.000004 0.000001 0.000007
-5.426311 0.000010 87.613144
764.299377 0.000000
0.368586 0.000000 0.000000 0.000000
0.000000 0.272020
11 0.018443 0.092215 0.028600
0.612000 0.580000 0.780000 0.530000 1.020000 5.968800 0.780000 0.780000
188118.593750 100.000000 0.084000
1.073000 0.050000 0.116600
6.502417 18.097355 0.016811 0.000000
0.000000

0.000393 3.649827 155.487564
2.415578 0.268534 42.959812 252.995895 4430.334473
0.000000 0.021349 0.073772 0.038379 0.000000 0.000000
0.000002 0.000001 0.000008
-5.038756 0.000010 87.613144
764.299377 0.000000
0.353386 0.000000 0.000000 0.000000
0.000000 0.372959
11 0.018443 0.110658 0.028600
0.612000 0.580000 0.780000 0.530000 1.020000 5.968800 0.780000 0.780000
188118.593750 100.000000 0.084000
1.073000 0.050000 0.116600
6.504535 16.952480 0.014709 0.000000
0.000000

0.000445 3.326839 145.888840
2.421329 0.269182 42.846123 251.845078 4430.751465
0.000000 0.017521 0.070482 0.019190 0.000000 0.000000
0.000002 0.000001 0.000003
-4.635552 0.000010 65.148949
764.299377 0.000000
0.334009 0.000000 0.000000 0.000000
0.000000 0.421735
11 0.018443 0.129101 0.018000
0.547000 0.580000 0.780000 0.490000 1.150000 5.968800 0.650000 0.650000
212094.484375 100.000000 0.084000
1.073000 0.050000 0.116600
6.506168 18.529919 0.010290 0.000000
0.000000

0.000488 3.043107 136.852020
2.427205 0.269836 42.753754 250.840164 4430.968750
0.000000 0.015110 0.067059 0.009595 0.000000 0.000000
0.000002 0.000001 0.000003
-4.210063 0.000010 65.148949
764.299377 0.000000
0.313572 0.000000 0.000000 0.000000
0.000000 0.460839
11 0.018443 0.147544 0.018000
0.547000 0.580000 0.780000 0.490000 1.150000 5.968800 0.650000 0.650000
212094.484375 100.000000 0.084000
1.073000 0.050000 0.116600
6.507217 17.220057 0.008865 0.000000
0.000000

0.000533 15.214106 130.477158
2.425316 0.269642 42.414131 248.469055 4431.238281
0.000000 0.011460 0.062576 0.004797 0.000000 0.000000
0.000001 0.000001 0.000008
-3.794992 0.000010 65.148949
764.299377 0.000000
0.299367 0.000000 0.000000 0.000000
0.000000 0.557760
11 0.018443 0.165987 0.018000
0.547000 0.580000 0.780000 0.490000 1.150000 5.968800 0.650000 0.650000
212094.484375 100.000000 0.084000
1.073000 0.050000 0.116600
6.508225 16.197948 0.008663 0.000000
0.000000

0.000565 13.973658 122.755180
2.416183 0.268628 42.348450 247.751816 4431.457031
0.000000 0.009996 0.061910 0.002399 0.000000 0.000000
0.000001 0.000001 0.000008
-3.391081 0.000010 65.148949
764.299377 0.000000
0.298245 0.000000 0.000000 0.000000
0.000000 0.635591
11 0.018443 0.184430 0.018000
0.547000 0.580000 0.780000 0.490000 1.150000 5.968800 0.650000 0.650000
212094.484375 100.000000 0.084000
1.073000 0.050000 0.116600
6.508727 15.459061 0.007846 0.000000
0.000000

0.002384 14.443579 122.139984
2.479877 0.275711 42.994709 251.454849 4431.084961
0.000000 0.008375 0.056682 0.001199 0.000000 0.000000
0.000001 0.000001 0.000010
-2.999543 0.000010 65.574081
764.299377 0.000000
0.272426 0.000000 0.000000 0.000000
0.000000 0.729421
11 0.018443 0.202873 0.018000
0.547000 0.580000 0.780000 0.490000 1.150000 5.968800 0.650000 0.650000
212094.484375 100.000000 0.084000
1.073000 0.050000 0.116600
6.597538 14.354121 0.006754 0.000000
0.000000

0.000000 12.062628 106.570862
0.671459 0.074652 11.051752 64.575684 1899.566040
0.000000 0.004263 0.013731 0.000600 0.000000 0.000000
0.000000 0.000000 0.000004
-2.618372 0.000010 63.176495
764.299377 0.000000
0.063562 0.000000 0.000000 0.000000
0.000000 0.804730
11 0.018443 0.221316 0.009000
0.527000 0.580000 0.780000 0.490000 1.200000 5.968800 0.650000 0.650000
221316.000000 100.000000 0.084000
1.073000 0.050000 0.116600
1.437970 5.975387 0.000974 0.000000
0.000000

0.000000 11.040290 96.797211
0.662194 0.073623 10.805547 63.080383 1899.750122
0.000000 0.004819 0.011882 0.000300 0.000000 0.000000
0.000000 0.000000 0.000004
-2.246512 0.000010 63.176495
764.299377 0.000000
0.053142 0.000000 0.000000 0.000000
0.000000 0.914968
11 0.018443 0.239759 0.009000
0.527000 0.580000 0.780000 0.490000 1.200000 5.968800 0.650000 0.650000
221316.000000 100.000000 0.084000
1.073000 0.050000 0.116600
1.438089 4.331757 0.000506 0.000000
0.000000

0.000000 10.118522 88.057228
0.653542 0.072663 10.571610 61.665482 1899.911011
0.000000 0.005869 0.010241 0.000150 0.000000 0.000000
0.000000 0.000001 0.000004
-1.888239 0.000010 63.176495
764.299377 0.000000
0.043583 0.000000 0.000000 0.000000
0.000000 1.035963
11 0.018443 0.258202 0.009000
0.527000 0.580000 0.780000 0.490000 1.200000 5.968800 0.650000 0.650000
221316.000000 100.000000 0.084000
1.073000 0.050000 0.116600
1.438187 3.196547 0.000274 0.000000
0.000000

0.000000 9.250637 79.869118
0.646256 0.071854 10.370747 60.453636 1900.079346
0.000000 0.006397 0.008608 0.000075 0.000000 0.000000
0.000000 0.000001 0.000004
-1.543825 0.000010 63.176495
764.299377 0.000000
0.034857 0.000000 0.000000 0.000000
0.000000 1.154628
11 0.018443 0.276645 0.009000
0.527000 0.580000 0.780000 0.490000 1.200000 5.968800 0.650000 0.650000
221316.000000 100.000000 0.084000
1.073000 0.050000 0.116600
1.438295 2.403211 0.000154 0.000000
0.000000

0.000000 8.464128 72.656776
0.638699 0.071015 10.171922 59.259109 1900.242188
0.000000 0.006045 0.006895 0.000037 0.000000 0.000000
0.000000 0.000000 0.000005
-1.213441 0.000010 63.176495
764.299377 0.000000
0.026799 0.000000 0.000000 0.000000
0.000000 1.260642
11 0.018443 0.295088 0.009000
0.527000 0.580000 0.780000 0.490000 1.200000 5.968800 0.650000 0.650000
221316.000000 100.000000 0.084000
1.073000 0.050000 0.116600
1.438382 1.834061 0.000089 0.000000
0.000000

0.000000 7.751719 66.243668
0.631234 0.070186 9.981289 58.115997 1900.362427
0.000000 0.004497 0.005153 0.000019 0.000000 0.000000
0.000000 0.000000 0.000006
-0.897162 0.000010 63.176495
764.299377 0.000000
0.019393 0.000000 0.000000 0.000000
0.000000 1.343846
11 0.018443 0.313531 0.009000
0.527000 0.580000 0.780000 0.490000 1.200000 5.968800 0.650000 0.650000
221316.000000 100.000000 0.084000
1.073000 0.050000 0.116600
1.438437 1.446211 0.000056 0.000000
0.000000

0.000000 7.079742 61.281956
0.507853 0.056469 7.890662 45.914814 1451.772339
0.000000 0.002176 0.002867 0.000009 0.000000 0.000000
0.000000 0.000000 0.000005
-0.591607 0.000010 59.580109
764.299377 0.000000
0.010192 0.000000 0.000000 0.000000
0.000000 1.394290
11 0.018443 0.331974 0.006600
0.497000 0.580000 0.780000 0.490000 1.250000 5.968800 0.650000 0.650000
230537.500000 100.000000 0.084000
1.073000 0.050000 0.116600
1.099211 1.141331 0.000030 0.000000
0.000000

0.000000 6.472950 55.510567
0.501966 0.055815 7.754859 45.104656 1451.851318
0.000000 0.000385 0.001375 0.000005 0.000000 0.000000
0.000000 0.000000 0.000005
-0.295581 0.000010 59.580109
764.299377 0.000000
0.004988 0.000000 0.000000 0.000000
0.000000 1.406030
11 0.018443 0.350417 0.006600
0.497000 0.580000 0.780000 0.490000 1.250000 5.968800 0.650000 0.650000
230537.500000 100.000000 0.084000
1.073000 0.050000 0.116600
1.099230 0.934662 0.000020 0.000000
0.000000

0.000000 5.915339 50.630665
0.488670 0.054338 7.610991 44.249065 1451.966431
0.000000 0.000000 0.000127 0.000002 0.000000 0.000000
0.000000 0.000000 0.000002
-0.013703 0.000010 59.580109
764.299377 0.000000
0.000000 0.000000 0.000000 0.000000
0.000000 1.367248
11 0.018443 0.368860 0.006600
0.497000 0.580000 0.780000 0.490000 1.250000 5.968800 0.650000 0.650000
230537.500000 100.000000 0.084000
1.073000 0.050000 0.116600
1.099217 0.797920 0.000015 0.000000
0.000000

0.000000 5.395873 45.829884
0.476818 0.053023 7.498143 43.586437 1452.041138
0.000000 0.000000 0.000050 0.000001 0.000000 0.000000
0.000000 0.000000 0.000003
0.242737 0.650000 0.000000
764.299377 0.000000
0.000000 0.000000 0.000000 0.000000
0.000000 1.296271
11 0.018443 0.387303 0.006600
0.497000 0.580000 0.780000 0.490000 1.250000 5.968800 0.650000 0.650000
230537.500000 100.000000 0.084000
1.073000 0.050000 0.116600
1.099211 0.705831 0.002617 0.000000
0.000000

0.000000 4.924809 41.733986
0.468071 0.052051 7.379755 42.883656 1452.117065
0.000000 0.000000 0.000052 0.000001 0.000000 0.000000
0.000000 0.000000 0.000003
0.497157 0.650000 0.000000
764.299377 0.000000
0.000000 0.000000 0.000000 0.000000
0.000000 1.207556
11 0.018443 0.405746 0.006600
0.497000 0.580000 0.780000 0.490000 1.250000 5.968800 0.650000 0.650000
230537.500000 100.000000 0.084000
1.073000 0.050000 0.116600
1.099217 0.648879 0.002405 0.000000
0.000000

0.000000 4.520425 39.621761
0.263588 0.029312 4.146694 24.088013 726.145020
0.000000 0.000000 0.000029 0.000000 0.000000 0.000000
0.000000 0.000000 0.000001
0.739503 0.650000 0.000000
764.299377 0.000000
0.000000 0.000000 0.000000 0.000000
0.000000 1.099953
11 0.018443 0.424189 0.003300
0.487000 0.580000 0.780000 0.490000 1.250000 5.968800 0.650000 0.650000
230537.500000 100.000000 0.084000
1.073000 0.050000 0.116600
0.550081 0.465348 0.001688 0.000000
0.000000

0.000000 4.122558 35.571922
0.259335 0.028840 4.083449 23.712206 726.168335
0.000000 0.000000 0.000041 0.000000 0.000000 0.000000
0.000000 0.000000 0.000001
0.970307 0.650000 0.000000
764.299377 0.000000
0.000000 0.000000 0.000000 0.000000
0.000000 1.001475
11 0.018443 0.442632 0.003300
0.487000 0.580000 0.780000 0.490000 1.250000 5.968800 0.650000 0.650000
230537.500000 100.000000 0.084000
1.073000 0.050000 0.116600
0.550054 0.407827 0.001479 0.000000
0.000000

0.000000 3.763004 32.157982
0.254709 0.028326 4.009627 23.276207 726.203918
0.000000 0.000000 0.000056 0.000000 0.000000 0.000000
0.000000 0.000000 0.000001
1.188923 0.650000 0.000000
764.299377 0.000000
0.000000 0.000000 0.000000 0.000000
0.000000 0.910899
11 0.018443 0.461075 0.003300
0.487000 0.580000 0.780000 0.490000 1.250000 5.968800 0.650000 0.650000
230537.500000 100.000000 0.084000
1.073000 0.050000 0.116600
0.550017 0.367347 0.001332 0.000000
0.000000

0.000000 3.431767 29.117367
0.250085 0.027813 3.938269 22.855549 726.232849
0.000000 0.000000 0.000054 0.000000 0.000000 0.000000
0.000000 0.000000 0.000001
1.395856 0.650000 0.000000
764.299377 0.000000
0.000000 0.000000 0.000000 0.000000
0.000000 0.830099
11 0.018443 0.479518 0.003300
0.487000 0.580000 0.780000 0.490000 1.250000 5.968800 0.650000 0.650000
230537.500000 100.000000 0.084000
1.073000 0.050000 0.116600
0.549994 0.339095 0.001229 0.000000
0.000000

0.000000 3.131598 26.444527
0.245337 0.027285 3.867421 22.438765 726.261047
0.000000 0.000000 0.000052 0.000000 0.000000 0.000000
0.000000 0.000000 0.000000
1.591636 0.650000 0.000000
764.299377 0.000000
0.000000 0.000000 0.000000 0.000000
0.000000 0.759409
11 0.018443 0.497961 0.003300
0.487000 0.580000 0.780000 0.490000 1.250000 5.968800 0.650000 0.650000
230537.500000 100.000000 0.084000
1.073000 0.050000 0.116600
0.549971 0.319127 0.001157 0.000000
0.000000

0.000000 2.857376 24.009594
0.241115 0.026816 3.802833 22.059235 726.294922
0.000000 0.000000 0.000058 0.000000 0.000000 0.000000
0.000000 0.000000 0.000000
1.776810 0.650000 0.000000
764.299377 0.000000
0.000000 0.000000 0.000000 0.000000
0.000000 0.698848
11 0.018443 0.516404 0.003300
0.487000 0.580000 0.780000 0.490000 1.250000 5.968800 0.650000 0.650000
230537.500000 100.000000 0.084000
1.073000 0.050000 0.116600
0.549956 0.304813 0.001105 0.000000
0.000000

0.000000 2.781662 24.022436
0.094766 0.010540 1.488605 8.633371 220.129028
0.000000 0.000000 0.000027 0.000000 0.000000 0.000000
0.000000 0.000000 0.000000
1.951936 0.650000 0.000000
764.299377 0.000000
0.000000 0.000000 0.000000 0.000000
0.000000 0.637139
11 0.018443 0.534847 0.001000
0.487000 0.580000 0.780000 0.490000 1.250000 5.968800 0.650000 0.650000
230537.500000 100.000000 0.084000
1.073000 0.050000 0.116600
0.167018 0.186218 0.000674 0.000000
0.000000

0.000000 2.473516 21.853809
0.092186 0.010253 1.446261 8.386747 220.132385
0.000000 0.000000 0.000027 0.000000 0.000000 0.000000
0.000000 0.000000 0.000000
2.117583 0.650000 0.000000
764.299377 0.000000
0.000000 0.000000 0.000000 0.000000
0.000000 0.588831
11 0.018443 0.553290 0.001000
0.487000 0.580000 0.780000 0.490000 1.250000 5.968800 0.650000 0.650000
230537.500000 100.000000 0.084000
1.073000 0.050000 0.116600
0.166981 0.158856 0.000575 0.000000
0.000000

0.000000 2.227621 19.868753
0.089652 0.009971 1.406279 8.153131 220.139206
0.000000 0.000000 0.000028 0.000000 0.000000 0.000000
0.000000 0.000000 0.000000
2.274310 0.650000 0.000000
764.299377 0.000000
0.000000 0.000000 0.000000 0.000000
0.000000 0.544853
11 0.018443 0.571733 0.001000
0.487000 0.580000 0.780000 0.490000 1.250000 5.968800 0.650000 0.650000
230537.500000 100.000000 0.084000
1.073000 0.050000 0.116600
0.166948 0.137340 0.000497 0.000000
0.000000

0.000000 2.018158 17.974199
0.087569 0.009740 1.373648 7.962444 220.145447
0.000000 0.000000 0.000031 0.000000 0.000000 0.000000
0.000000 0.000000 0.000000
2.422669 0.650000 0.000000
764.299377 0.000000
0.000000 0.000000 0.000000 0.000000
0.000000 0.503868
11 0.018443 0.590176 0.001000
0.487000 0.580000 0.780000 0.490000 1.250000 5.968800 0.650000 0.650000
230537.500000 100.000000 0.084000
1.073000 0.050000 0.116600
0.166919 0.120987 0.000438 0.000000
0.000000

0.000000 1.832238 16.258265
0.085704 0.009532 1.343060 7.783777 220.151093
0.000000 0.000000 0.000033 0.000000 0.000000 0.000000
0.000000 0.000000 0.000000
2.563202 0.650000 0.000000
764.299377 0.000000
0.000000 0.000000 0.000000 0.000000
0.000000 0.465441
11 0.018443 0.608619 0.001000
0.487000 0.580000 0.780000 0.490000 1.250000 5.968800 0.650000 0.650000
230537.500000 100.000000 0.084000
1.073000 0.050000 0.116600
0.166892 0.109605 0.000397 0.000000
0.000000

0.000000 1.666191 14.649123
0.084000 0.009343 1.317458 7.634230 220.151794
0.000000 0.000000 0.000032 0.000000 0.000000 0.000000
0.000000 0.000000 0.000000
2.696435 0.650000 0.000000
764.299377 0.000000
0.000000 0.000000 0.000000 0.000000
0.000000 0.429302
11 0.018443 0.627062 0.001000
0.487000 0.580000 0.780000 0.490000 1.250000 5.968800 0.650000 0.650000
230537.500000 100.000000 0.084000
1.073000 0.050000 0.116600
0.166869 0.101457 0.000367 0.000000
0.000000

0.000000 1.517099 13.123413
0.082743 0.009203 1.297067 7.514978 220.160660
0.000000 0.000000 0.000035 0.000000 0.000000 0.000000
0.000000 0.000000 0.000000
2.822875 0.650000 0.000000
764.299377 0.000000
0.000000 0.000000 0.000000 0.000000
0.000000 0.396084
11 0.018443 0.645505 0.001000
0.487000 0.580000 0.780000 0.490000 1.250000 5.968800 0.650000 0.650000
230537.500000 100.000000 0.084000
1.073000 0.050000 0.116600
0.166849 0.097072 0.000351 0.000000
0.000000

0.000000 1.381527 11.773512
0.081381 0.009052 1.276323 7.393871 220.167740
0.000000 0.000000 0.000032 0.000000 0.000000 0.000000
0.000000 0.000000 0.000000
2.943011 0.650000 0.000000
764.299377 0.000000
0.000000 0.000000 0.000000 0.000000
0.000000 0.365541
11 0.018443 0.663948 0.001000
0.487000 0.580000 0.780000 0.490000 1.250000 5.968800 0.650000 0.650000
230537.500000 100.000000 0.084000
1.073000 0.050000 0.116600
0.166830 0.093445 0.000338 0.000000
0.000000

0.000000 1.259737 10.610985
0.079845 0.008881 1.253488 7.260663 220.174225
0.000000 0.000000 0.000035 0.000000 0.000000 0.000000
0.000000 0.000000 0.000000
3.057307 0.650000 0.000000
764.299377 0.000000
0.000000 0.000000 0.000000 0.000000
0.000000 0.337810
11 0.018443 0.682391 0.001000
0.487000 0.580000 0.780000 0.490000 1.250000 5.968800 0.650000 0.650000
230537.500000 100.000000 0.084000
1.073000 0.050000 0.116600
0.166813 0.092387 0.000334 0.000000
0.000000

0.000000 1.149652 9.554357
0.078449 0.008726 1.232521 7.138381 220.178345
0.000000 0.000000 0.000038 0.000000 0.000000 0.000000
0.000000 0.000000 0.000000
3.166206 0.650000 0.000000
764.299377 0.000000
0.000000 0.000000 0.000000 0.000000
0.000000 0.313257
11 0.018443 0.700834 0.001000
0.487000 0.580000 0.780000 0.490000 1.250000 5.968800 0.650000 0.650000
230537.500000 100.000000 0.084000
1.073000 0.050000 0.116600
0.166800 0.090438 0.000327 0.000000
0.000000

0.000000 1.051643 8.642370
0.077032 0.008568 1.210735 7.009209 220.182785
0.000000 0.000000 0.000035 0.000000 0.000000 0.000000
0.000000 0.000000 0.000000
3.270124 0.650000 0.000000
764.299377 0.000000
0.000000 0.000000 0.000000 0.000000
0.000000 0.291909
11 0.018443 0.719277 0.001000
0.487000 0.580000 0.780000 0.490000 1.250000 5.968800 0.650000 0.650000
230537.500000 100.000000 0.084000
1.073000 0.050000 0.116600
0.166793 0.091848 0.000332 0.000000
0.000000

0.000000 0.963052 7.776682
0.075825 0.008434 1.193368 6.904602 220.190857
0.000000 0.000000 0.000040 0.000000 0.000000 0.000000
0.000000 0.000000 0.000000
3.369454 0.650000 0.000000
764.299377 0.000000
0.000000 0.000000 0.000000 0.000000
0.000000 0.273605
11 0.018443 0.737720 0.001000
0.487000 0.580000 0.780000 0.490000 1.250000 5.968800 0.650000 0.650000
230537.500000 100.000000 0.084000
1.073000 0.050000 0.116600
0.166798 0.094573 0.000342 0.000000
0.000000

0.000000 0.882194 7.042800
0.077434 0.008613 1.173983 6.787942 220.199402
0.000000 0.003281 0.003381 0.000000 0.000000 0.000000
0.000000 0.000003 0.000002
3.464564 0.650000 0.000000
764.299377 0.000000
0.000000 0.000000 0.000000 0.000000
0.000000 0.265347
11 0.018443 0.756163 0.001000
0.487000 0.580000 0.780000 0.490000 1.250000 5.968800 0.650000 0.650000
230537.500000 100.000000 0.084000
1.073000 0.050000 0.116600
0.166806 0.094477 0.000342 0.000000
0.000000

0.000000 0.810786 6.433686
0.075741 0.008425 1.154222 6.664610 220.206543
0.000000 0.016016 0.006541 0.000000 0.000000 0.000000
0.000000 0.000003 0.000000
3.555800 0.650000 0.000000
764.299377 0.000000
0.000000 0.000000 0.000000 0.000000
0.000000 0.319583
11 0.018443 0.774606 0.001000
0.487000 0.580000 0.780000 0.490000 1.250000 5.968800 0.650000 0.650000
230537.500000 100.000000 0.084000
1.073000 0.050000 0.116600
0.166827 0.097040 0.000351 0.000000
0.000000

0.000000 0.747551 5.898526
0.074181 0.008251 1.136026 6.549467 220.217224
0.000000 0.027500 0.008578 0.000000 0.000000 0.000000
0.000000 0.000002 0.000000
3.643482 0.650000 0.000000
764.299377 0.000000
0.000000 0.000000 0.000000 0.000000
0.000000 0.643352
11 0.018443 0.793049 0.001000
0.487000 0.580000 0.780000 0.490000 1.250000 5.968800 0.650000 0.650000
230537.500000 100.000000 0.084000
1.073000 0.050000 0.116600
0.166878 0.100347 0.000363 0.000000
0.000000

0.000000 0.693088 5.446842
0.072678 0.008084 1.118879 6.433875 220.234818
0.000000 0.053418 0.009507 0.000000 0.000000 0.000000
0.000000 0.000001 0.000000
3.727910 0.650000 0.000000
764.299377 0.000000
0.000000 0.000000 0.000000 0.000000
0.000000 0.758932
11 0.018443 0.811492 0.001000
0.487000 0.580000 0.780000 0.490000 1.250000 5.968800 0.650000 0.650000
230537.500000 100.000000 0.084000
1.073000 0.050000 0.116600
0.166947 0.100013 0.000362 0.000000
0.000000

0.000000 0.645870 5.059299
0.070650 0.007857 1.103466 6.323455 220.259476
0.000000 0.743032 0.010130 0.000000 0.000000 0.000000
0.000000 0.000000 0.000000
3.809363 0.650000 0.000000
764.299377 0.000000
0.000000 0.000000 0.000000 0.000000
0.000000 7.804181
11 0.018443 0.829935 0.001000
0.487000 0.580000 0.780000 0.490000 1.250000 5.968800 0.650000 0.650000
230537.500000 100.000000 0.084000
1.073000 0.050000 0.116600
0.167038 0.100762 0.000365 0.000000
0.000000

0.000000 0.614552 4.763587
0.067911 0.007549 1.090412 6.212425 220.316544
0.000000 0.497406 0.009776 0.000000 0.000000 0.000000
0.000000 0.000000 0.000000
3.880635 0.977220 0.000000
764.299377 0.000000
0.000000 0.000000 0.000000 0.000000
0.000000 6.308942
11 0.018443 0.848378 0.001000
0.487000 0.580000 0.780000 0.490000 1.250000 5.968800 0.650000 0.650000
230537.500000 100.000000 0.084000
1.073000 0.050000 0.116600
0.167220 0.097693 0.000532 0.000000
0.000000

0.000000 0.639123 4.858268
0.066399 0.007381 1.083277 6.061282 220.651230
0.000000 0.053355 0.004528 0.000000 0.000000 0.000000
0.000000 0.000004 0.000000
3.942563 1.000000 0.000000
764.299377 0.000000
0.000000 0.000000 0.000000 0.000000
0.000000 1.040146
11 0.018443 0.866821 0.001000
0.487000 0.580000 0.780000 0.490000 1.250000 5.968800 0.650000 0.650000
230537.500000 100.000000 0.084000
1.073000 0.050000 0.116600
0.168100 0.089028 0.000496 0.000000
0.000000

0.000000 0.660832 4.754966
0.065030 0.007229 1.077886 5.915986 220.799240
0.000000 0.001574 0.000353 0.000000 0.000000 0.000000
0.000000 0.000001 0.000012
4.001510 1.000000 0.000000
764.299377 0.000000
0.000000 0.000000 0.000000 0.000000
0.000000 0.886899
11 0.018443 0.885264 0.001000
0.487000 0.580000 0.780000 0.490000 1.250000 5.968800 0.650000 0.650000
230537.500000 100.000000 0.084000
1.073000 0.050000 0.116600
0.168423 0.088493 0.000493 0.000000
0.000000

0.000000 0.606957 4.450710
0.063760 0.007088 1.066833 5.854674 220.815018
0.000000 0.000000 0.000016 0.000000 0.000000 0.000000
0.000000 0.000000 0.000001
4.058003 1.000000 0.000000
764.299377 0.000000
0.000000 0.000000 0.000000 0.000000
0.000000 0.883445
11 0.018443 0.903707 0.001000
0.487000 0.580000 0.780000 0.490000 1.250000 5.968800 0.650000 0.650000
230537.500000 100.000000 0.084000
1.073000 0.050000 0.116600
0.168449 0.088366 0.000492 0.000000
0.000000

0.000000 0.556950 4.148971
0.063161 0.007021 1.058006 5.805614 220.822983
0.000000 0.000000 0.000020 0.000000 0.000000 0.000000
0.000000 0.000000 0.000000
4.112213 1.000000 0.000000
764.299377 0.000000
0.000000 0.000000 0.000000 0.000000
0.000000 0.890237
11 0.018443 0.922150 0.001000
0.487000 0.580000 0.780000 0.490000 1.250000 5.968800 0.650000 0.650000
230537.500000 100.000000 0.084000
1.073000 0.050000 0.116600
0.168466 0.088371 0.000492 0.000000
0.000000

0.000000 0.511431 3.875023
0.063075 0.007011 1.049653 5.759143 220.833023
0.000000 0.000002 0.000231 0.000000 0.000000 0.000000
0.000000 0.000000 0.000002
4.164292 1.000000 0.000000
764.299377 0.000000
0.000000 0.000000 0.000000 0.000000
0.000000 0.892288
11 0.018443 0.940593 0.001000
0.487000 0.580000 0.780000 0.490000 1.250000 5.968800 0.650000 0.650000
230537.500000 100.000000 0.084000
1.073000 0.050000 0.116600
0.168476 0.088254 0.000491 0.000000
0.000000

0.000000 0.483154 3.716114
0.062440 0.006941 1.039818 5.704603 220.918442
0.000000 0.000007 0.000733 0.000000 0.000000 0.000000
0.000000 0.000000 0.000005
4.214380 1.000000 0.000000
764.299377 0.000000
0.000000 0.000000 0.000000 0.000000
0.000000 0.893765
11 0.018443 0.959036 0.001000
0.487000 0.580000 0.780000 0.490000 1.250000 5.968800 0.650000 0.650000
230537.500000 100.000000 0.084000
1.073000 0.050000 0.116600
0.168639 0.087877 0.000489 0.000000
0.000000

0.000000 0.443651 3.491350
0.061946 0.006886 1.032746 5.665232 220.924026
0.000000 0.000016 0.001530 0.000000 0.000000 0.000000
0.000000 0.000000 0.000011
4.262604 1.000000 0.000000
764.299377 0.000000
0.000000 0.000000 0.000000 0.000000
0.000000 0.891686
11 0.018443 0.977479 0.001000
0.487000 0.580000 0.780000 0.490000 1.250000 5.968800 0.650000 0.650000
230537.500000 100.000000 0.084000
1.073000 0.050000 0.116600
0.168643 0.087934 0.000490 0.000000
0.000000

0.000000 0.407629 3.287088
0.061496 0.006836 1.026299 5.629308 220.929947
0.000000 0.000047 0.002238 0.000000 0.000000 0.000000
0.000000 0.000000 0.000013
4.309080 1.000000 0.000000
764.299377 0.000000
0.000000 0.000000 0.000000 0.000000
0.000000 0.893643
11 0.018443 0.995922 0.001000
0.487000 0.580000 0.780000 0.490000 1.250000 5.968800 0.650000 0.650000
230537.500000 100.000000 0.084000
1.073000 0.050000 0.116600
0.168650 0.087933 0.000490 0.000000
0.000000

0.000000 0.374605 3.099815
0.061085 0.006790 1.020438 5.596608 220.936218
0.000000 0.000095 0.002873 0.000000 0.000000 0.000000
0.000000 0.000000 0.000013
4.353914 1.000000 0.000000
764.299377 0.000000
0.000000 0.000000 0.000000 0.000000
0.000000 0.904098
11 0.018443 1.014365 0.001000
0.487000 0.580000 0.780000 0.490000 1.250000 5.968800 0.650000 0.650000
230537.500000 100.000000 0.084000
1.073000 0.050000 0.116600
0.168652 0.088021 0.000490 0.000000
0.000000

0.000000 0.344412 2.929291
0.060709 0.006749 1.015082 5.566687 220.941101
0.000000 0.000145 0.003444 0.000000 0.000000 0.000000
0.000000 0.000000 0.000013
4.397205 1.000000 0.000000
764.299377 0.000000
0.000000 0.000000 0.000000 0.000000
0.000000 0.926849
11 0.018443 1.032808 0.001000
0.487000 0.580000 0.780000 0.490000 1.250000 5.968800 0.650000 0.650000
230537.500000 100.000000 0.084000
1.073000 0.050000 0.116600
0.168656 0.088111 0.000491 0.000000
0.000000

0.000000 0.317215 2.777334
0.060364 0.006710 1.010128 5.539001 220.947586
0.000000 0.000196 0.003961 0.000000 0.000000 0.000000
0.000000 0.000000 0.000013
4.439043 1.000000 0.000000
764.299377 0.000000
0.000000 0.000000 0.000000 0.000000
0.000000 0.972602
11 0.018443 1.051251 0.001000
0.487000 0.580000 0.780000 0.490000 1.250000 5.968800 0.650000 0.650000
230537.500000 100.000000 0.084000
1.073000 0.050000 0.116600
0.168665 0.087934 0.000490 0.000000
0.000000

0.000000 0.292288 2.639639
0.060049 0.006675 1.005631 5.513839 220.955536
0.000000 0.000248 0.004444 0.000000 0.000000 0.000000
0.000000 0.000000 0.000013
4.479510 1.000000 0.000000
764.299377 0.000000
0.000000 0.000000 0.000000 0.000000
0.000000 1.040915
11 0.018443 1.069694 0.001000
0.487000 0.580000 0.780000 0.490000 1.250000 5.968800 0.650000 0.650000
230537.500000 100.000000 0.084000
1.073000 0.050000 0.116600
0.168675 0.088208 0.000491 0.000000
0.000000

0.000000 0.269820 2.517643
0.059763 0.006643 1.001540 5.490877 220.966202
0.000000 0.000295 0.004802 0.000000 0.000000 0.000000
0.000000 0.000000 0.000014
4.518688 1.000000 0.000000
764.299377 0.000000
0.000000 0.000000 0.000000 0.000000
0.000000 1.131093
11 0.018443 1.088137 0.001000
0.487000 0.580000 0.780000 0.490000 1.250000 5.968800 0.650000 0.650000
230537.500000 100.000000 0.084000
1.073000 0.050000 0.116600
0.168695 0.088155 0.000491 0.000000
0.000000

0.000000 0.249187 2.404661
0.059503 0.006615 0.997826 5.470034 220.976593
0.000000 0.000352 0.005203 0.000000 0.000000 0.000000
0.000000 0.000000 0.000014
4.556648 1.000000 0.000000
764.299377 0.000000
0.000000 0.000000 0.000000 0.000000
0.000000 1.235391
11 0.018443 1.106580 0.001000
0.487000 0.580000 0.780000 0.490000 1.250000 5.968800 0.650000 0.650000
230537.500000 100.000000 0.084000
1.073000 0.050000 0.116600
0.168706 0.088237 0.000491 0.000000
0.000000

0.000000 0.230254 2.300272
0.059266 0.006588 0.994459 5.451091 220.983597
0.000000 0.000399 0.005537 0.000000 0.000000 0.000000
0.000000 0.000000 0.000014
4.593462 1.000000 0.000000
764.299377 0.000000
0.000000 0.000000 0.000000 0.000000
0.000000 1.344251
11 0.018443 1.125023 0.001000
0.487000 0.580000 0.780000 0.490000 1.250000 5.968800 0.650000 0.650000
230537.500000 100.000000 0.084000
1.073000 0.050000 0.116600
0.168717 0.088426 0.000492 0.000000
0.000000

0.000000 0.215200 2.229590
0.059053 0.006565 0.991336 5.433512 221.016586
0.000000 0.000432 0.005763 0.000000 0.000000 0.000000
0.000000 0.000000 0.000014
4.629193 1.000000 0.000000
764.299377 0.000000
0.000000 0.000000 0.000000 0.000000
0.000000 1.451036
11 0.018443 1.143466 0.001000
0.487000 0.580000 0.780000 0.490000 1.250000 5.968800 0.650000 0.650000
230537.500000 100.000000 0.084000
1.073000 0.050000 0.116600
0.168787 0.087968 0.000490 0.000000
0.000000

0.000000 0.199946 2.151079
0.058861 0.006543 0.988598 5.418035 221.032272
0.000000 0.000464 0.005981 0.000000 0.000000 0.000000
0.000000 0.000000 0.000014
4.663905 1.000000 0.000000
764.299377 0.000000
0.000000 0.000000 0.000000 0.000000
0.000000 1.555966
11 0.018443 1.161909 0.001000
0.487000 0.580000 0.780000 0.490000 1.250000 5.968800 0.650000 0.650000
230537.500000 100.000000 0.084000
1.073000 0.050000 0.116600
0.168818 0.087957 0.000490 0.000000
0.000000

0.000000 0.185017 2.069873
0.058687 0.006524 0.986166 5.404236 221.036575
0.000000 0.000502 0.006245 0.000000 0.000000 0.000000
0.000000 0.000000 0.000014
4.697658 1.000000 0.000000
764.299377 0.000000
0.000000 0.000000 0.000000 0.000000
0.000000 1.660150
11 0.018443 1.180352 0.001000
0.487000 0.580000 0.780000 0.490000 1.250000 5.968800 0.650000 0.650000
230537.500000 100.000000 0.084000
1.073000 0.050000 0.116600
0.168824 0.087993 0.000490 0.000000
0.000000

0.000000 0.171400 1.995365
0.058527 0.006506 0.983943 5.391608 221.040695
0.000000 0.000539 0.006482 0.000000 0.000000 0.000000
0.000000 0.000000 0.000014
4.730508 1.000000 0.000000
764.299377 0.000000
0.000000 0.000000 0.000000 0.000000
0.000000 1.767472
11 0.018443 1.198795 0.001000
0.487000 0.580000 0.780000 0.490000 1.250000 5.968800 0.650000 0.650000
230537.500000 100.000000 0.084000
1.073000 0.050000 0.116600
0.168827 0.088072 0.000490 0.000000
0.000000

0.000000 0.158988 1.927692
0.058382 0.006490 0.981926 5.380120 221.044403
0.000000 0.000577 0.006727 0.000000 0.000000 0.000000
0.000000 0.000000 0.000014
4.762510 1.000000 0.000000
764.299377 0.000000
0.000000 0.000000 0.000000 0.000000
0.000000 1.868095
11 0.018443 1.217238 0.001000
0.487000 0.580000 0.780000 0.490000 1.250000 5.968800 0.650000 0.650000
230537.500000 100.000000 0.084000
1.073000 0.050000 0.116600
0.168830 0.088034 0.000490 0.000000
0.000000

0.000000 0.147638 1.866499
0.058251 0.006475 0.980104 5.369699 221.047806
0.000000 0.000608 0.006908 0.000000 0.000000 0.000000
0.000000 0.000000 0.000014
4.793718 1.000000 0.000000
764.299377 0.000000
0.000000 0.000000 0.000000 0.000000
0.000000 1.989268
11 0.018443 1.235681 0.001000
0.487000 0.580000 0.780000 0.490000 1.250000 5.968800 0.650000 0.650000
230537.500000 100.000000 0.084000
1.073000 0.050000 0.116600
0.168837 0.088134 0.000491 0.000000
0.000000

0.000000 0.138461 1.818573
0.058129 0.006462 0.978368 5.359766 221.054398
0.000000 0.000631 0.007049 0.000000 0.000000 0.000000
0.000000 0.000000 0.000014
4.824181 1.000000 0.000000
764.299377 0.000000
0.000000 0.000000 0.000000 0.000000
0.000000 2.071657
11 0.018443 1.254124 0.001000
0.487000 0.580000 0.780000 0.490000 1.250000 5.968800 0.650000 0.650000
230537.500000 100.000000 0.084000
1.073000 0.050000 0.116600
0.168859 0.088147 0.000491 0.000000
0.000000

0.000000 0.130215 1.777704
0.058020 0.006450 0.976817 5.350837 221.061081
0.000000 0.000656 0.007213 0.000000 0.000000 0.000000
0.000000 0.000000 0.000014
4.853947 1.000000 0.000000
764.299377 0.000000
0.000000 0.000000 0.000000 0.000000
0.000000 2.229680
11 0.018443 1.272567 0.001000
0.487000 0.580000 0.780000 0.490000 1.250000 5.968800 0.650000 0.650000
230537.500000 100.000000 0.084000
1.073000 0.050000 0.116600
0.168889 0.088328 0.000492 0.000000
0.000000

0.000000 0.085766 1.439712
0.057324 0.006372 0.966829 5.295726 221.155319
0.000000 0.000812 0.008161 0.000000 0.000000 0.000000
0.000000 0.000000 0.000014
4.883063 1.000000 0.000000
764.299377 0.000000
0.000000 0.000000 0.000000 0.000000
0.000000 1.550809
11 0.018443 1.291010 0.001000
0.487000 0.580000 0.780000 0.490000 1.250000 5.968800 0.650000 0.650000
230537.500000 100.000000 0.084000
1.073000 0.050000 0.116600
0.169137 0.087253 0.000486 0.000000
0.000000

0.000000 0.081129 1.429149
0.057294 0.006369 0.966468 5.293344 221.158295
0.000000 0.000815 0.008139 0.000000 0.000000 0.000000
0.000000 0.000000 0.000015
4.911575 1.000000 0.000000
764.299377 0.000000
0.000000 0.000000 0.000000 0.000000
0.000000 1.549624
11 0.018443 1.309453 0.001000
0.487000 0.580000 0.780000 0.490000 1.250000 5.968800 0.650000 0.650000
230537.500000 100.000000 0.084000
1.073000 0.050000 0.116600
0.169137 0.087269 0.000486 0.000000
0.000000

0.000000 0.076900 1.419596
0.057267 0.006366 0.966139 5.291146 221.160950
0.000000 0.000810 0.008113 0.000000 0.000000 0.000000
0.000000 0.000000 0.000015
4.939525 1.000000 0.000000
764.299377 0.000000
0.000000 0.000000 0.000000 0.000000
0.000000 1.548302
11 0.018443 1.327896 0.001000
0.487000 0.580000 0.780000 0.490000 1.250000 5.968800 0.650000 0.650000
230537.500000 100.000000 0.084000
1.073000 0.050000 0.116600
0.169140 0.087289 0.000486 0.000000
0.000000

0.000000 0.073045 1.410972
0.057242 0.006363 0.965848 5.289156 221.164261
0.000000 0.000804 0.008115 0.000000 0.000000 0.000000
0.000000 0.000000 0.000015
4.966954 1.000000 0.000000
764.299377 0.000000
0.000000 0.000000 0.000000 0.000000
0.000000 1.547058
11 0.018443 1.346339 0.001000
0.487000 0.580000 0.780000 0.490000 1.250000 5.968800 0.650000 0.650000
230537.500000 100.000000 0.084000
1.073000 0.050000 0.116600
0.169144 0.087335 0.000486 0.000000
0.000000

0.000000 0.069531 1.403307
0.057220 0.006361 0.965591 5.287368 221.167328
0.000000 0.000805 0.008157 0.000000 0.000000 0.000000
0.000000 0.000000 0.000015
4.993903 1.000000 0.000000
764.299377 0.000000
0.000000 0.000000 0.000000 0.000000
0.000000 1.545892
11 0.018443 1.364782 0.001000
0.487000 0.580000 0.780000 0.490000 1.250000 5.968800 0.650000 0.650000
230537.500000 100.000000 0.084000
1.073000 0.050000 0.116600
0.169146 0.087298 0.000486 0.000000
0.000000

0.000000 0.066327 1.396279
0.057200 0.006359 0.965356 5.285700 221.170181
0.000000 0.000801 0.008142 0.000000 0.000000 0.000000
0.000000 0.000000 0.000015
5.020409 1.000000 0.000000
764.299377 0.000000
0.000000 0.000000 0.000000 0.000000
0.000000 1.544797
11 0.018443 1.383225 0.001000
0.487000 0.580000 0.780000 0.490000 1.250000 5.968800 0.650000 0.650000
230537.500000 100.000000 0.084000
1.073000 0.050000 0.116600
0.169147 0.087317 0.000486 0.000000
0.000000

0.000000 0.063407 1.390245
0.057182 0.006357 0.965154 5.284220 221.173126
0.000000 0.000794 0.008130 0.000000 0.000000 0.000000
0.000000 0.000000 0.000015
5.046509 1.000000 0.000000
764.299377 0.000000
0.000000 0.000000 0.000000 0.000000
0.000000 1.543784
11 0.018443 1.401668 0.001000
0.487000 0.580000 0.780000 0.490000 1.250000 5.968800 0.650000 0.650000
230537.500000 100.000000 0.084000
1.073000 0.050000 0.116600
0.169151 0.087326 0.000486 0.000000
0.000000

0.000000 0.060746 1.387701
0.057168 0.006355 0.965009 5.283046 221.176208
0.000000 0.000787 0.008117 0.000000 0.000000 0.000000
0.000000 0.000000 0.000015
5.072237 1.000000 0.000000
764.299377 0.000000
0.000000 0.000000 0.000000 0.000000
0.000000 1.542934
11 0.018443 1.420111 0.001000
0.487000 0.580000 0.780000 0.490000 1.250000 5.968800 0.650000 0.650000
230537.500000 100.000000 0.084000
1.073000 0.050000 0.116600
0.169162 0.087328 0.000486 0.000000
0.000000

0.000000 0.058322 1.382714
0.057153 0.006353 0.964848 5.281803 221.179092
0.000000 0.000786 0.008114 0.000000 0.000000 0.000000
0.000000 0.000000 0.000015
5.097626 1.000000 0.000000
764.299377 0.000000
0.000000 0.000000 0.000000 0.000000
0.000000 1.542047
11 0.018443 1.438554 0.001000
0.487000 0.580000 0.780000 0.490000 1.250000 5.968800 0.650000 0.650000
230537.500000 100.000000 0.084000
1.073000 0.050000 0.116600
0.169165 0.087319 0.000486 0.000000
0.000000

0.000000 0.056112 1.378300
0.057139 0.006352 0.964708 5.280671 221.182175
0.000000 0.000778 0.008092 0.000000 0.000000 0.000000
0.000000 0.000000 0.000015
5.122707 1.000000 0.000000
764.299377 0.000000
0.000000 0.000000 0.000000 0.000000
0.000000 1.541217
11 0.018443 1.456997 0.001000
0.487000 0.580000 0.780000 0.490000 1.250000 5.968800 0.650000 0.650000
230537.500000 100.000000 0.084000
1.073000 0.050000 0.116600
0.169169 0.087307 0.000486 0.000000
0.000000

0.000000 0.054101 1.374255
0.057127 0.006351 0.964583 5.279635 221.184723
0.000000 0.000774 0.008108 0.000000 0.000000 0.000000
0.000000 0.000000 0.000015
5.147510 1.000000 0.000000
764.299377 0.000000
0.000000 0.000000 0.000000 0.000000
0.000000 1.540430
11 0.018443 1.475440 0.001000
0.487000 0.580000 0.780000 0.490000 1.250000 5.968800 0.650000 0.650000
230537.500000 100.000000 0.084000
1.073000 0.050000 0.116600
0.169171 0.087324 0.000486 0.000000
0.000000

0.000000 0.052267 1.370650
0.057116 0.006349 0.964478 5.278709 221.187286
0.000000 0.000759 0.008011 0.000000 0.000000 0.000000
0.000000 0.000000 0.000015
5.172064 1.000000 0.000000
764.299377 0.000000
0.000000 0.000000 0.000000 0.000000
0.000000 1.539696
11 0.018443 1.493883 0.001000
0.487000 0.580000 0.780000 0.490000 1.250000 5.968800 0.650000 0.650000
230537.500000 100.000000 0.084000
1.073000 0.050000 0.116600
0.169173 0.087339 0.000486 0.000000
0.000000

0.000000 0.050599 1.367442
0.057106 0.006348 0.964384 5.277841 221.190552
0.000000 0.000755 0.008026 0.000000 0.000000 0.000000
0.000000 0.000000 0.000015
5.196393 1.000000 0.000000
764.299377 0.000000
0.000000 0.000000 0.000000 0.000000
0.000000 1.539011
11 0.018443 1.512326 0.001000
0.487000 0.580000 0.780000 0.490000 1.250000 5.968800 0.650000 0.650000
230537.500000 100.000000 0.084000
1.073000 0.050000 0.116600
0.169177 0.087357 0.000486 0.000000
0.000000

0.000000 0.049080 1.364599
0.057097 0.006347 0.964301 5.277039 221.193878
0.000000 0.000753 0.008024 0.000000 0.000000 0.000000
0.000000 0.000000 0.000015
5.220526 1.000000 0.000000
764.299377 0.000000
0.000000 0.000000 0.000000 0.000000
0.000000 1.538376
11 0.018443 1.530769 0.001000
0.487000 0.580000 0.780000 0.490000 1.250000 5.968800 0.650000 0.650000
230537.500000 100.000000 0.084000
1.073000 0.050000 0.116600
0.169180 0.087375 0.000487 0.000000
0.000000

0.000000 0.047698 1.362274
0.057089 0.006346 0.964235 5.276318 221.196457
0.000000 0.000748 0.008020 0.000000 0.000000 0.000000
0.000000 0.000000 0.000016
5.244483 1.000000 0.000000
764.299377 0.000000
0.000000 0.000000 0.000000 0.000000
0.000000 1.537780
11 0.018443 1.549212 0.001000
0.487000 0.580000 0.780000 0.490000 1.250000 5.968800 0.650000 0.650000
230537.500000 100.000000 0.084000
1.073000 0.050000 0.116600
0.169182 0.087364 0.000487 0.000000
0.000000

0.000000 0.046440 1.360326
0.057083 0.006346 0.964183 5.275705 221.199539
0.000000 0.000738 0.007993 0.000000 0.000000 0.000000
0.000000 0.000000 0.000016
5.268287 1.000000 0.000000
764.299377 0.000000
0.000000 0.000000 0.000000 0.000000
0.000000 1.537227
11 0.018443 1.567655 0.001000
0.487000 0.580000 0.780000 0.490000 1.250000 5.968800 0.650000 0.650000
230537.500000 100.000000 0.084000
1.073000 0.050000 0.116600
0.169185 0.087355 0.000486 0.000000
0.000000

0.000000 0.045295 1.358467
0.057076 0.006345 0.964133 5.275095 221.202667
0.000000 0.000730 0.007949 0.000000 0.000000 0.000000
0.000000 0.000000 0.000016
5.291958 1.000000 0.000000
764.299377 0.000000
0.000000 0.000000 0.000000 0.000000
0.000000 1.536709
11 0.018443 1.586098 0.001000
0.487000 0.580000 0.780000 0.490000 1.250000 5.968800 0.650000 0.650000
230537.500000 100.000000 0.084000
1.073000 0.050000 0.116600
0.169189 0.087370 0.000487 0.000000
0.000000

0.000000 0.044254 1.356862
0.057071 0.006344 0.964096 5.274559 221.205444
0.000000 0.000725 0.007942 0.000000 0.000000 0.000000
0.000000 0.000000 0.000016
5.315516 1.000000 0.000000
764.299377 0.000000
0.000000 0.000000 0.000000 0.000000
0.000000 1.536227
11 0.018443 1.604541 0.001000
0.487000 0.580000 0.780000 0.490000 1.250000 5.968800 0.650000 0.650000
230537.500000 100.000000 0.084000
1.073000 0.050000 0.116600
0.169192 0.087387 0.000487 0.000000
0.000000

0.000000 0.043309 1.355488
0.057066 0.006344 0.964067 5.274068 221.208542
0.000000 0.000715 0.007892 0.000000 0.000000 0.000000
0.000000 0.000000 0.000016
5.338979 1.000000 0.000000
764.299377 0.000000
0.000000 0.000000 0.000000 0.000000
0.000000 1.535777
11 0.018443 1.622984 0.001000
0.487000 0.580000 0.780000 0.490000 1.250000 5.968800 0.650000 0.650000
230537.500000 100.000000 0.084000
1.073000 0.050000 0.116600
0.169193 0.087405 0.000487 0.000000
0.000000

0.000000 0.042449 1.354319
0.057062 0.006343 0.964044 5.273626 221.211990
0.000000 0.000706 0.007850 0.000000 0.000000 0.000000
0.000000 0.000000 0.000016
5.362363 1.000000 0.000000
764.299377 0.000000
0.000000 0.000000 0.000000 0.000000
0.000000 1.535366
11 0.018443 1.641427 0.001000
0.487000 0.580000 0.780000 0.490000 1.250000 5.968800 0.650000 0.650000
230537.500000 100.000000 0.084000
1.073000 0.050000 0.116600
0.169197 0.087424 0.000487 0.000000
0.000000

0.000000 0.041668 1.353444
0.057058 0.006343 0.964028 5.273221 221.214844
0.000000 0.000709 0.007896 0.000000 0.000000 0.000000
0.000000 0.000000 0.000016
5.385682 1.000000 0.000000
764.299377 0.000000
0.000000 0.000000 0.000000 0.000000
0.000000 1.534980
11 0.018443 1.659870 0.001000
0.487000 0.580000 0.780000 0.490000 1.250000 5.968800 0.650000 0.650000
230537.500000 100.000000 0.084000
1.073000 0.050000 0.116600
0.169200 0.087417 0.000487 0.000000
0.000000

0.000000 0.040960 1.352760
0.057054 0.006343 0.964019 5.272838 221.218155
0.000000 0.000695 0.007810 0.000000 0.000000 0.000000
0.000000 0.000000 0.000016
5.408952 1.000000 0.000000
764.299377 0.000000
0.000000 0.000000 0.000000 0.000000
0.000000 1.534635
11 0.018443 1.678313 0.001000
0.487000 0.580000 0.780000 0.490000 1.250000 5.968800 0.650000 0.650000
230537.500000 100.000000 0.084000
1.073000 0.050000 0.116600
0.169204 0.087408 0.000487 0.000000
0.000000

0.000000 0.040317 1.352120
0.057052 0.006342 0.964017 5.272522 221.221176
0.000000 0.000683 0.007758 0.000000 0.000000 0.000000
0.000000 0.000000 0.000016
5.432185 1.000000 0.000000
764.299377 0.000000
0.000000 0.000000 0.000000 0.000000
0.000000 1.534311
11 0.018443 1.696756 0.001000
0.487000 0.580000 0.780000 0.490000 1.250000 5.968800 0.650000 0.650000
230537.500000 100.000000 0.084000
1.073000 0.050000 0.116600
0.169206 0.087423 0.000487 0.000000
0.000000

0.000000 0.039733 1.351622
0.057049 0.006342 0.964016 5.272208 221.223969
0.000000 0.000677 0.007715 0.000000 0.000000 0.000000
0.000000 0.000000 0.000016
5.455393 1.000000 0.000000
764.299377 0.000000
0.000000 0.000000 0.000000 0.000000
0.000000 1.534007
11 0.018443 1.715199 0.001000
0.487000 0.580000 0.780000 0.490000 1.250000 5.968800 0.650000 0.650000
230537.500000 100.000000 0.084000
1.073000 0.050000 0.116600
0.169209 0.087497 0.000487 0.000000
0.000000

0.000000 0.039205 1.351256
0.057047 0.006342 0.964020 5.271907 221.226944
0.000000 0.000673 0.007732 0.000000 0.000000 0.000000
0.000000 0.000000 0.000016
5.478587 1.000000 0.000000
764.299377 0.000000
0.000000 0.000000 0.000000 0.000000
0.000000 1.533741
11 0.018443 1.733642 0.001000
0.487000 0.580000 0.780000 0.490000 1.250000 5.968800 0.650000 0.650000
230537.500000 100.000000 0.084000
1.073000 0.050000 0.116600
0.169211 0.087464 0.000487 0.000000
0.000000

0.000000 0.038726 1.351011
0.057045 0.006342 0.964029 5.271654 221.229996
0.000000 0.000665 0.007689 0.000000 0.000000 0.000000
0.000000 0.000000 0.000016
5.501776 1.000000 0.000000
764.299377 0.000000
0.000000 0.000000 0.000000 0.000000
0.000000 1.533502
11 0.018443 1.752085 0.001000
0.487000 0.580000 0.780000 0.490000 1.250000 5.968800 0.650000 0.650000
230537.500000 100.000000 0.084000
1.073000 0.050000 0.116600
0.169215 0.087464 0.000487 0.000000
0.000000

0.000000 0.038293 1.358651
0.057050 0.006342 0.964135 5.271940 221.237213
0.000000 0.000649 0.007605 0.000000 0.000000 0.000000
0.000000 0.000000 0.000016
5.524970 1.000000 0.000000
764.299377 0.000000
0.000000 0.000000 0.000000 0.000000
0.000000 1.533549
11 0.018443 1.770528 0.001000
0.487000 0.580000 0.780000 0.490000 1.250000 5.968800 0.650000 0.650000
230537.500000 100.000000 0.084000
1.073000 0.050000 0.116600
0.169240 0.087405 0.000487 0.000000
0.000000

0.000000 0.037901 1.359484
0.057050 0.006342 0.964162 5.271780 221.240814
0.000000 0.000640 0.007574 0.000000 0.000000 0.000000
0.000000 0.000000 0.000017
5.548176 1.000000 0.000000
764.299377 0.000000
0.000000 0.000000 0.000000 0.000000
0.000000 1.533383
11 0.018443 1.788971 0.001000
0.487000 0.580000 0.780000 0.490000 1.250000 5.968800 0.650000 0.650000
230537.500000 100.000000 0.084000
1.073000 0.050000 0.116600
0.169245 0.087435 0.000487 0.000000
0.000000

0.000000 0.037547 1.359571
0.057049 0.006342 0.964177 5.271564 221.243866
0.000000 0.000631 0.007522 0.000000 0.000000 0.000000
0.000000 0.000000 0.000017
5.571402 1.000000 0.000000
764.299377 0.000000
0.000000 0.000000 0.000000 0.000000
0.000000 1.533217
11 0.018443 1.807414 0.001000
0.487000 0.580000 0.780000 0.490000 1.250000 5.968800 0.650000 0.650000
230537.500000 100.000000 0.084000
1.073000 0.050000 0.116600
0.169248 0.087509 0.000487 0.000000
0.000000

0.000000 0.037228 1.359728
0.057048 0.006342 0.964199 5.271388 221.247055
0.000000 0.000625 0.007494 0.000000 0.000000 0.000000
0.000000 0.000000 0.000017
5.594654 1.000000 0.000000
764.299377 0.000000
0.000000 0.000000 0.000000 0.000000
0.000000 1.533070
11 0.018443 1.825857 0.001000
0.487000 0.580000 0.780000 0.490000 1.250000 5.968800 0.650000 0.650000
230537.500000 100.000000 0.084000
1.073000 0.050000 0.116600
0.169250 0.087475 0.000487 0.000000
0.000000

0.000000 0.036940 1.359959
0.057047 0.006342 0.964222 5.271229 221.250122
0.000000 0.000616 0.007458 0.000000 0.000000 0.000000
0.000000 0.000000 0.000017
5.617937 1.000000 0.000000
764.299377 0.000000
0.000000 0.000000 0.000000 0.000000
0.000000 1.532954
11 0.018443 1.844300 0.001000
0.487000 0.580000 0.780000 0.490000 1.250000 5.968800 0.650000 0.650000
230537.500000 100.000000 0.084000
1.073000 0.050000 0.116600
0.169254 0.087493 0.000487 0.000000
0.000000

0.000000 0.036681 1.360356
0.057047 0.006342 0.964248 5.271079 221.253204
0.000000 0.000605 0.007392 0.000000 0.000000 0.000000
0.000000 0.000000 0.000017
5.641255 1.000000 0.000000
764.299377 0.000000
0.000000 0.000000 0.000000 0.000000
0.000000 1.532847
11 0.018443 1.862743 0.001000
0.487000 0.580000 0.780000 0.490000 1.250000 5.968800 0.650000 0.650000
230537.500000 100.000000 0.084000
1.073000 0.050000 0.116600
0.169257 0.087486 0.000487 0.000000
0.000000

0.000000 0.036448 1.361026
0.057047 0.006342 0.964280 5.270958 221.256302
0.000000 0.000603 0.007382 0.000000 0.000000 0.000000
0.000000 0.000000 0.000017
5.664615 1.000000 0.000000
764.299377 0.000000
0.000000 0.000000 0.000000 0.000000
0.000000 1.532772
11 0.018443 1.881186 0.001000
0.487000 0.580000 0.780000 0.490000 1.250000 5.968800 0.650000 0.650000
230537.500000 100.000000 0.084000
1.073000 0.050000 0.116600
0.169259 0.087477 0.000487 0.000000
0.000000

0.000000 0.036239 1.361436
0.057047 0.006342 0.964313 5.270844 221.259109
0.000000 0.000599 0.007380 0.000000 0.000000 0.000000
0.000000 0.000000 0.000017
5.688019 1.000000 0.000000
764.299377 0.000000
0.000000 0.000000 0.000000 0.000000
0.000000 1.532719
11 0.018443 1.899629 0.001000
0.487000 0.580000 0.780000 0.490000 1.250000 5.968800 0.650000 0.650000
230537.500000 100.000000 0.084000
1.073000 0.050000 0.116600
0.169265 0.087493 0.000487 0.000000
0.000000

0.000000 0.036052 1.361899
0.057047 0.006342 0.964343 5.270735 221.262421
0.000000 0.000587 0.007312 0.000000 0.000000 0.000000
0.000000 0.000000 0.000017
5.711470 1.000000 0.000000
764.299377 0.000000
0.000000 0.000000 0.000000 0.000000
0.000000 1.532681
11 0.018443 1.918072 0.001000
0.487000 0.580000 0.780000 0.490000 1.250000 5.968800 0.650000 0.650000
230537.500000 100.000000 0.084000
1.073000 0.050000 0.116600
0.169265 0.087510 0.000487 0.000000
0.000000

0.000000 0.035884 1.362402
0.057047 0.006342 0.964374 5.270628 221.265274
0.000000 0.000581 0.007277 0.000000 0.000000 0.000000
0.000000 0.000000 0.000017
5.734969 1.000000 0.000000
764.299377 0.000000
0.000000 0.000000 0.000000 0.000000
0.000000 1.532661
11 0.018443 1.936515 0.001000
0.487000 0.580000 0.780000 0.490000 1.250000 5.968800 0.650000 0.650000
230537.500000 100.000000 0.084000
1.073000 0.050000 0.116600
0.169269 0.087527 0.000487 0.000000
0.000000

0.000000 0.035736 1.362951
0.057048 0.006342 0.964408 5.270527 221.267731
0.000000 0.000567 0.007216 0.000000 0.000000 0.000000
0.000000 0.000000 0.000017
5.758520 1.000000 0.000000
764.299377 0.000000
0.000000 0.000000 0.000000 0.000000
0.000000 1.532662
11 0.018443 1.954958 0.001000
0.487000 0.580000 0.780000 0.490000 1.250000 5.968800 0.650000 0.650000
230537.500000 100.000000 0.084000
1.073000 0.050000 0.116600
0.169272 0.087561 0.000488 0.000000
0.000000

0.000000 0.035603 1.364406
0.057049 0.006342 0.964456 5.270511 221.271317
0.000000 0.000559 0.007167 0.000000 0.000000 0.000000
0.000000 0.000000 0.000017
5.782123 1.000000 0.000000
764.299377 0.000000
0.000000 0.000000 0.000000 0.000000
0.000000 1.532715
11 0.018443 1.973401 0.001000
0.487000 0.580000 0.780000 0.490000 1.250000 5.968800 0.650000 0.650000
230537.500000 100.000000 0.084000
1.073000 0.050000 0.116600
0.169278 0.087522 0.000487 0.000000
0.000000

0.000000 0.033818 1.361405
0.057039 0.006341 0.964359 5.269706 221.274887
0.000000 0.047870 0.020499 0.000000 0.000000 0.000000
0.000000 0.000007 0.000000
5.805779 1.000000 0.000000
764.299377 0.000000
0.000000 0.000000 0.000000 0.000000
0.000000 1.532349
11 0.018443 1.991844 0.001000
0.487000 0.580000 0.780000 0.490000 1.250000 5.968800 0.650000 0.650000
230537.500000 100.000000 0.084000
1.073000 0.050000 0.116600
0.169281 0.087593 0.000488 0.000000
0.000000
1.000000
2.000000
0.321000 0.000000
0.000000
0
-0.848378
0 0
0.000000
1
0.000000
1.000000
1.000000
1.000000
0.000000 0.000000 0.000000
0.000000 0.000000
0.000000 0.000000 0.000000 0.000000 0.000000 0.000000 0.000000
0.000000 0.000000 0.000000 0.000000 0.000000 0.000000 0.000000
597
2.000000
1
C:\Input\Ohio1.spf
-1.000000 -1.000000
0.000000
46
46
8.533802
