11
Clay
0.580000 0.612000 0.084000 0.780000 0.530000 1.000000 0.000000 0.000000
1.020000 5.968800 1 0.028600 0.500000 0.050000 0.010000 0.027000 0.963000
0.000000 0.018443 2.000000 188118.593750 100.000000 108
0.173500 2.523000 3.647700 0.000000 1
5.212900 5.212900 6.915800 5.000000 25.000000 100.000000
0.000000 0.000000 0.000000 0.000000 0.000000 0.000000
500.000000 0.000000 0.000000

657.428284 1122.230103 38.138657
7.168273 0.796848 54.753250 337.494537 4418.645996
0.000000 0.096265 0.777165 1.228134 0.000000 0.000000
0.000181 0.000131 0.000086
5.721226 0.779148 0.000000
764.299377 0.000000
0.000000 0.000000 0.000000 0.000000
0.000000 5.636504
11 0.018443 0.018443 0.028600
0.612000 0.580000 0.780000 0.530000 1.020000 5.968800 0.780000 0.780000
188118.593750 100.000000 0.084000
1.073000 0.050000 0.116600
22.662140 4.165471 0.028101 0.000000
720.172607

1.553255 12.613343 41.900112
2.046555 0.227490 31.248497 189.853622 4450.133301
0.000000 0.076511 0.012674 0.614067 0.000000 0.000000
0.000004 0.000080 0.000053
5.615016 0.779148 0.000000
764.299377 0.000000
0.000000 0.000000 0.000000 0.000000
0.000000 2.513829
11 0.018443 0.036886 0.028600
0.612000 0.580000 0.780000 0.530000 1.020000 5.968800 0.780000 0.780000
188118.593750 100.000000 0.084000
1.073000 0.050000 0.116600
3.278138 5.174973 0.035335 0.000000
0.000000

0.000001 10.746330 45.784767
1.974950 0.219524 30.436228 183.529190 4452.915527
0.000000 0.079320 0.008205 0.307034 0.000000 0.000000
0.000003 0.000080 0.000050
5.510184 0.779148 0.000000
764.299377 0.000000
0.000000 0.000000 0.000000 0.000000
0.000000 2.927437
11 0.018443 0.055329 0.028600
0.612000 0.580000 0.780000 0.530000 1.020000 5.968800 0.780000 0.780000
188118.593750 100.000000 0.084000
1.073000 0.050000 0.116600
3.309333 5.912009 0.040771 0.000000
0.000000

0.000000 8.843536 44.677803
1.952008 0.216970 30.274166 181.625671 4453.314941
0.000000 0.085591 0.009256 0.153517 0.000000 0.000000
0.000002 0.000084 0.000046
5.407397 0.779148 0.000000
764.299377 0.000000
0.000000 0.000000 0.000000 0.000000
0.000000 2.897876
11 0.018443 0.073772 0.028600
0.612000 0.580000 0.780000 0.530000 1.020000 5.968800 0.780000 0.780000
188118.593750 100.000000 0.084000
1.073000 0.050000 0.116600
3.310701 6.477535 0.044986 0.000000
0.000000

0.000000 8.888220 45.518253
1.949255 0.216660 30.333733 181.320282 4453.714355
0.000000 0.084833 0.006966 0.076758 0.000000 0.000000
0.000002 0.000084 0.000047
5.307304 0.779148 0.000000
764.299377 0.000000
0.000000 0.000000 0.000000 0.000000
0.000000 2.604505
11 0.018443 0.092215 0.028600
0.612000 0.580000 0.780000 0.530000 1.020000 5.968800 0.780000 0.780000
188118.593750 100.000000 0.084000
1.073000 0.050000 0.116600
3.311609 6.935399 0.048407 0.000000
0.000000

0.000000 9.209750 212.956650
1.926267 0.214102 29.740274 177.268677 4454.199707
0.000000 0.069926 0.004905 0.038379 0.000000 0.000000
0.000001 0.000107 0.000090
5.210525 0.779148 0.000000
764.299377 0.000000
0.000000 0.000000 0.000000 0.000000
0.000000 2.298002
11 0.018443 0.110658 0.028600
0.612000 0.580000 0.780000 0.530000 1.020000 5.968800 0.780000 0.780000
188118.593750 100.000000 0.084000
1.073000 0.050000 0.116600
3.316384 7.150347 0.050119 0.000000
0.000000

0.000000 0.255689 78.912170
1.250063 0.138944 19.650877 116.476242 4462.219238
0.000000 0.061649 0.005119 0.019190 0.000000 0.000000
0.000001 0.000062 0.000043
5.111191 0.649048 0.000000
764.299377 0.000000
0.000000 0.000000 0.000000 0.000000
0.000000 1.955529
11 0.018443 0.129101 0.018000
0.547000 0.580000 0.780000 0.490000 1.150000 5.968800 0.650000 0.650000
212094.484375 100.000000 0.084000
1.073000 0.050000 0.116600
3.325291 10.011887 0.047190 0.000000
0.000000

0.000000 0.241076 73.679726
1.233425 0.137093 19.439510 114.991669 4463.016602
0.000000 0.051890 0.004854 0.009595 0.000000 0.000000
0.000001 0.000056 0.000048
5.008751 0.649048 0.000000
764.299377 0.000000
0.000000 0.000000 0.000000 0.000000
0.000000 1.738447
11 0.018443 0.147544 0.018000
0.547000 0.580000 0.780000 0.490000 1.150000 5.968800 0.650000 0.650000
212094.484375 100.000000 0.084000
1.073000 0.050000 0.116600
3.326367 8.272975 0.038842 0.000000
0.000000

0.000000 8.261454 69.781319
1.227209 0.136401 19.317627 114.097649 4463.482910
0.000000 0.044312 0.004581 0.004797 0.000000 0.000000
0.000001 0.000051 0.000054
4.911190 0.649048 0.000000
764.299377 0.000000
0.000000 0.000000 0.000000 0.000000
0.000000 1.603475
11 0.018443 0.165987 0.018000
0.547000 0.580000 0.780000 0.490000 1.150000 5.968800 0.650000 0.650000
212094.484375 100.000000 0.084000
1.073000 0.050000 0.116600
3.327697 6.501775 0.030272 0.000000
0.000000

0.000000 7.588471 64.816498
1.218351 0.135415 19.220226 113.380196 4464.130859
0.000000 0.038947 0.004449 0.002399 0.000000 0.000000
0.000001 0.000045 0.000060
4.819025 0.649048 0.000000
764.299377 0.000000
0.000000 0.000000 0.000000 0.000000
0.000000 1.494149
11 0.018443 0.184430 0.018000
0.547000 0.580000 0.780000 0.490000 1.150000 5.968800 0.650000 0.650000
212094.484375 100.000000 0.084000
1.073000 0.050000 0.116600
3.333057 5.038625 0.023229 0.000000
0.000000

0.000000 6.799840 58.704075
1.237212 0.137510 19.499292 115.346359 4462.772461
0.000000 0.033912 0.004464 0.001199 0.000000 0.000000
0.000001 0.000036 0.000067
4.732823 0.650000 0.000000
764.299377 0.000000
0.000000 0.000000 0.000000 0.000000
0.000000 1.377381
11 0.018443 0.202873 0.018000
0.547000 0.580000 0.780000 0.490000 1.150000 5.968800 0.650000 0.650000
212094.484375 100.000000 0.084000
1.073000 0.050000 0.116600
3.362761 3.814094 0.017442 0.000000
0.000000

0.000000 5.152084 56.091980
0.591192 0.065708 9.256845 54.700855 1907.307983
0.000000 0.027544 0.002767 0.000600 0.000000 0.000000
0.000000 0.000027 0.000017
4.652325 0.650000 0.000000
764.299377 0.000000
0.000000 0.000000 0.000000 0.000000
0.000000 1.241855
11 0.018443 0.221316 0.009000
0.527000 0.580000 0.780000 0.490000 1.200000 5.968800 0.650000 0.650000
221316.000000 100.000000 0.084000
1.073000 0.050000 0.116600
1.456003 2.480906 0.010386 0.000000
0.000000

0.000000 4.730509 51.382195
0.583893 0.064896 9.164730 54.102913 1907.408691
0.000000 0.020925 0.002543 0.000300 0.000000 0.000000
0.000000 0.000021 0.000022
4.577981 0.650000 0.000000
764.299377 0.000000
0.000000 0.000000 0.000000 0.000000
0.000000 1.101428
11 0.018443 0.239759 0.009000
0.527000 0.580000 0.780000 0.490000 1.200000 5.968800 0.650000 0.650000
221316.000000 100.000000 0.084000
1.073000 0.050000 0.116600
1.456090 1.857119 0.007715 0.000000
0.000000

0.000000 4.515864 47.178131
0.576438 0.064067 9.065722 53.471104 1907.538086
0.000000 0.014501 0.002122 0.000150 0.000000 0.000000
0.000000 0.000011 0.000031
4.510801 0.650000 0.000000
764.299377 0.000000
0.000000 0.000000 0.000000 0.000000
0.000000 0.965759
11 0.018443 0.258202 0.009000
0.527000 0.580000 0.780000 0.490000 1.200000 5.968800 0.650000 0.650000
221316.000000 100.000000 0.084000
1.073000 0.050000 0.116600
1.456168 1.450048 0.005993 0.000000
0.000000

0.000000 4.127454 43.382347
0.570136 0.063366 8.983681 52.947098 1907.649414
0.000000 0.008884 0.001571 0.000075 0.000000 0.000000
0.000000 0.000000 0.000041
4.451042 0.650000 0.000000
764.299377 0.000000
0.000000 0.000000 0.000000 0.000000
0.000000 0.845017
11 0.018443 0.276645 0.009000
0.527000 0.580000 0.780000 0.490000 1.200000 5.968800 0.650000 0.650000
221316.000000 100.000000 0.084000
1.073000 0.050000 0.116600
1.456249 1.184318 0.004878 0.000000
0.000000

0.000000 3.778864 39.949997
0.564275 0.062714 8.907043 52.454895 1907.747559
0.000000 0.004478 0.001033 0.000037 0.000000 0.000000
0.000000 0.000000 0.000041
4.398897 0.650000 0.000000
764.299377 0.000000
0.000000 0.000000 0.000000 0.000000
0.000000 0.744508
11 0.018443 0.295088 0.009000
0.527000 0.580000 0.780000 0.490000 1.200000 5.968800 0.650000 0.650000
221316.000000 100.000000 0.084000
1.073000 0.050000 0.116600
1.456306 1.010380 0.004153 0.000000
0.000000

0.000000 3.557361 37.047710
0.557844 0.061999 8.818610 51.895214 1907.815674
0.000000 0.001593 0.000686 0.000019 0.000000 0.000000
0.000000 0.000000 0.000040
4.354498 0.650000 0.000000
764.299377 0.000000
0.000000 0.000000 0.000000 0.000000
0.000000 0.664373
11 0.018443 0.313531 0.009000
0.527000 0.580000 0.780000 0.490000 1.200000 5.968800 0.650000 0.650000
221316.000000 100.000000 0.084000
1.073000 0.050000 0.116600
1.456356 0.900236 0.003696 0.000000
0.000000

0.000000 3.115281 33.105881
0.434862 0.048331 6.869691 40.398628 1457.401001
0.000000 0.000234 0.000361 0.000009 0.000000 0.000000
0.000000 0.000000 0.000018
4.317432 0.650000 0.000000
764.299377 0.000000
0.000000 0.000000 0.000000 0.000000
0.000000 0.598736
11 0.018443 0.331974 0.006600
0.497000 0.580000 0.780000 0.490000 1.250000 5.968800 0.650000 0.650000
230537.500000 100.000000 0.084000
1.073000 0.050000 0.116600
1.112714 0.740310 0.002749 0.000000
0.000000

0.000000 2.854086 30.350183
0.429684 0.047755 6.818682 40.074154 1457.459473
0.000000 0.000000 0.000326 0.000005 0.000000 0.000000
0.000000 0.000000 0.000016
4.287893 0.650000 0.000000
764.299377 0.000000
0.000000 0.000000 0.000000 0.000000
0.000000 0.546372
11 0.018443 0.350417 0.006600
0.497000 0.580000 0.780000 0.490000 1.250000 5.968800 0.650000 0.650000
230537.500000 100.000000 0.084000
1.073000 0.050000 0.116600
1.112745 0.673946 0.002500 0.000000
0.000000

0.000000 2.616087 28.160807
0.423919 0.047114 6.753608 39.667088 1457.531738
0.000000 0.000000 0.000320 0.000002 0.000000 0.000000
0.000000 0.000000 0.000015
4.266341 0.650000 0.000000
764.299377 0.000000
0.000000 0.000000 0.000000 0.000000
0.000000 0.508247
11 0.018443 0.368860 0.006600
0.497000 0.580000 0.780000 0.490000 1.250000 5.968800 0.650000 0.650000
230537.500000 100.000000 0.084000
1.073000 0.050000 0.116600
1.112740 0.630303 0.002337 0.000000
0.000000

0.000000 2.396331 26.036236
0.420347 0.046717 6.701781 39.339462 1457.558105
0.000000 0.000000 0.000345 0.000001 0.000000 0.000000
0.000000 0.000000 0.000006
4.252683 0.650000 0.000000
764.299377 0.000000
0.000000 0.000000 0.000000 0.000000
0.000000 0.484086
11 0.018443 0.387303 0.006600
0.497000 0.580000 0.780000 0.490000 1.250000 5.968800 0.650000 0.650000
230537.500000 100.000000 0.084000
1.073000 0.050000 0.116600
1.112748 0.602705 0.002234 0.000000
0.000000

0.000000 2.194718 24.134846
0.416918 0.046336 6.652215 39.030293 1457.632324
0.000000 0.000000 0.000341 0.000001 0.000000 0.000000
0.000000 0.000000 0.000003
4.246775 0.650000 0.000000
764.299377 0.000000
0.000000 0.000000 0.000000 0.000000
0.000000 0.468708
11 0.018443 0.405746 0.006600
0.497000 0.580000 0.780000 0.490000 1.250000 5.968800 0.650000 0.650000
230537.500000 100.000000 0.084000
1.073000 0.050000 0.116600
1.112761 0.584347 0.002165 0.000000
0.000000

0.000000 2.024766 20.756941
0.220968 0.024558 3.524652 20.670210 728.835083
0.000000 0.000000 0.000167 0.000000 0.000000 0.000000
0.000000 0.000000 0.000001
4.248435 0.650000 0.000000
764.299377 0.000000
0.000000 0.000000 0.000000 0.000000
0.000000 0.455604
11 0.018443 0.424189 0.003300
0.487000 0.580000 0.780000 0.490000 1.250000 5.968800 0.650000 0.650000
230537.500000 100.000000 0.084000
1.073000 0.050000 0.116600
0.556624 0.381696 0.001385 0.000000
0.000000

0.000000 1.855516 18.997103
0.218893 0.024328 3.492399 20.471441 728.864929
0.000000 0.000000 0.000166 0.000000 0.000000 0.000000
0.000000 0.000000 0.000001
4.257381 0.650000 0.000000
764.299377 0.000000
0.000000 0.000000 0.000000 0.000000
0.000000 0.447026
11 0.018443 0.442632 0.003300
0.487000 0.580000 0.780000 0.490000 1.250000 5.968800 0.650000 0.650000
230537.500000 100.000000 0.084000
1.073000 0.050000 0.116600
0.556617 0.348266 0.001263 0.000000
0.000000

0.000000 1.701700 17.459455
0.216767 0.024091 3.458687 20.267752 728.880737
0.000000 0.000000 0.000165 0.000000 0.000000 0.000000
0.000000 0.000000 0.000002
4.273339 0.650000 0.000000
764.299377 0.000000
0.000000 0.000000 0.000000 0.000000
0.000000 0.442206
11 0.018443 0.461075 0.003300
0.487000 0.580000 0.780000 0.490000 1.250000 5.968800 0.650000 0.650000
230537.500000 100.000000 0.084000
1.073000 0.050000 0.116600
0.556607 0.325328 0.001180 0.000000
0.000000

0.000000 1.561139 16.026953
0.216205 0.024029 3.429798 20.090622 728.908142
0.000000 0.000395 0.001154 0.000000 0.000000 0.000000
0.000000 0.000000 0.000016
4.296010 0.650000 0.000000
764.299377 0.000000
0.000000 0.000000 0.000000 0.000000
0.000000 0.441755
11 0.018443 0.479518 0.003300
0.487000 0.580000 0.780000 0.490000 1.250000 5.968800 0.650000 0.650000
230537.500000 100.000000 0.084000
1.073000 0.050000 0.116600
0.556595 0.309822 0.001123 0.000000
0.000000

0.000000 1.432500 14.769336
0.214155 0.023801 3.400704 19.914492 728.917236
0.000000 0.001096 0.001692 0.000000 0.000000 0.000000
0.000000 0.000000 0.000017
4.325072 0.650000 0.000000
764.299377 0.000000
0.000000 0.000000 0.000000 0.000000
0.000000 0.438974
11 0.018443 0.497961 0.003300
0.487000 0.580000 0.780000 0.490000 1.250000 5.968800 0.650000 0.650000
230537.500000 100.000000 0.084000
1.073000 0.050000 0.116600
0.556586 0.299062 0.001084 0.000000
0.000000

0.000000 1.315044 13.660942
0.212160 0.023579 3.372084 19.741365 728.950623
0.000000 0.001459 0.001930 0.000000 0.000000 0.000000
0.000000 0.000000 0.000017
4.360181 0.650000 0.000000
764.299377 0.000000
0.000000 0.000000 0.000000 0.000000
0.000000 0.435905
11 0.018443 0.516404 0.003300
0.487000 0.580000 0.780000 0.490000 1.250000 5.968800 0.650000 0.650000
230537.500000 100.000000 0.084000
1.073000 0.050000 0.116600
0.556584 0.291272 0.001056 0.000000
0.000000

0.000000 1.256302 11.988210
0.074175 0.008244 1.161633 6.798470 220.900864
0.000000 0.001057 0.000320 0.000000 0.000000 0.000000
0.000000 0.000000 0.000005
4.400976 0.650000 0.000000
764.299377 0.000000
0.000000 0.000000 0.000000 0.000000
0.000000 0.431484
11 0.018443 0.534847 0.001000
0.487000 0.580000 0.780000 0.490000 1.250000 5.968800 0.650000 0.650000
230537.500000 100.000000 0.084000
1.073000 0.050000 0.116600
0.168848 0.148596 0.000538 0.000000
0.000000

0.000000 1.137716 10.969719
0.072897 0.008102 1.143840 6.692102 220.902710
0.000000 0.000625 0.000328 0.000000 0.000000 0.000000
0.000000 0.000000 0.000005
4.447079 0.650000 0.000000
764.299377 0.000000
0.000000 0.000000 0.000000 0.000000
0.000000 0.427296
11 0.018443 0.553290 0.001000
0.487000 0.580000 0.780000 0.490000 1.250000 5.968800 0.650000 0.650000
230537.500000 100.000000 0.084000
1.073000 0.050000 0.116600
0.168831 0.130867 0.000474 0.000000
0.000000

0.000000 1.038540 10.062873
0.071629 0.007961 1.125869 6.584853 220.910065
0.000000 0.000334 0.000384 0.000000 0.000000 0.000000
0.000000 0.000000 0.000006
4.498112 0.650000 0.000000
764.299377 0.000000
0.000000 0.000000 0.000000 0.000000
0.000000 0.423319
11 0.018443 0.571733 0.001000
0.487000 0.580000 0.780000 0.490000 1.250000 5.968800 0.650000 0.650000
230537.500000 100.000000 0.084000
1.073000 0.050000 0.116600
0.168817 0.116271 0.000421 0.000000
0.000000

0.000000 0.950767 9.180953
0.070654 0.007852 1.112443 6.504587 220.912674
0.000000 0.000218 0.000553 0.000000 0.000000 0.000000
0.000000 0.000000 0.000006
4.553690 0.650000 0.000000
764.299377 0.000000
0.000000 0.000000 0.000000 0.000000
0.000000 0.419749
11 0.018443 0.590176 0.001000
0.487000 0.580000 0.780000 0.490000 1.250000 5.968800 0.650000 0.650000
230537.500000 100.000000 0.084000
1.073000 0.050000 0.116600
0.168803 0.105495 0.000382 0.000000
0.000000

0.000000 0.872928 8.413080
0.069636 0.007739 1.098065 6.418622 220.918274
0.000000 0.000202 0.000807 0.000000 0.000000 0.000000
0.000000 0.000000 0.000006
4.613430 0.650000 0.000000
764.299377 0.000000
0.000000 0.000000 0.000000 0.000000
0.000000 0.416670
11 0.018443 0.608619 0.001000
0.487000 0.580000 0.780000 0.490000 1.250000 5.968800 0.650000 0.650000
230537.500000 100.000000 0.084000
1.073000 0.050000 0.116600
0.168790 0.098427 0.000356 0.000000
0.000000

0.000000 0.802878 7.679445
0.068821 0.007649 1.086950 6.351101 220.919144
0.000000 0.000238 0.001049 0.000000 0.000000 0.000000
0.000000 0.000000 0.000006
4.676952 0.650000 0.000000
764.299377 0.000000
0.000000 0.000000 0.000000 0.000000
0.000000 0.414036
11 0.018443 0.627062 0.001000
0.487000 0.580000 0.780000 0.490000 1.250000 5.968800 0.650000 0.650000
230537.500000 100.000000 0.084000
1.073000 0.050000 0.116600
0.168782 0.093650 0.000339 0.000000
0.000000

0.000000 0.738900 6.899990
0.068458 0.007608 1.083016 6.326593 220.923050
0.000000 0.000333 0.001869 0.000000 0.000000 0.000000
0.000000 0.000000 0.000006
4.743880 0.650000 0.000000
764.299377 0.000000
0.000000 0.000000 0.000000 0.000000
0.000000 0.411743
11 0.018443 0.645505 0.001000
0.487000 0.580000 0.780000 0.490000 1.250000 5.968800 0.650000 0.650000
230537.500000 100.000000 0.084000
1.073000 0.050000 0.116600
0.168772 0.091383 0.000331 0.000000
0.000000

0.000000 0.680388 6.315112
0.067692 0.007523 1.072241 6.261976 220.928772
0.000000 0.000467 0.003165 0.000000 0.000000 0.000000
0.000000 0.000000 0.000006
4.813849 0.650000 0.000000
764.299377 0.000000
0.000000 0.000000 0.000000 0.000000
0.000000 0.409814
11 0.018443 0.663948 0.001000
0.487000 0.580000 0.780000 0.490000 1.250000 5.968800 0.650000 0.650000
230537.500000 100.000000 0.084000
1.073000 0.050000 0.116600
0.168763 0.089737 0.000325 0.000000
0.000000

0.000000 0.627427 5.797896
0.066937 0.007439 1.061615 6.197433 220.930573
0.000000 0.000599 0.003803 0.000000 0.000000 0.000000
0.000000 0.000000 0.000006
4.886505 0.650000 0.000000
764.299377 0.000000
0.000000 0.000000 0.000000 0.000000
0.000000 0.408212
11 0.018443 0.682391 0.001000
0.487000 0.580000 0.780000 0.490000 1.250000 5.968800 0.650000 0.650000
230537.500000 100.000000 0.084000
1.073000 0.050000 0.116600
0.168756 0.089268 0.000323 0.000000
0.000000

0.000000 0.579251 5.312601
0.066298 0.007368 1.052659 6.143574 220.937088
0.000000 0.000809 0.005270 0.000000 0.000000 0.000000
0.000000 0.000000 0.000006
4.961503 0.650000 0.000000
764.299377 0.000000
0.000000 0.000000 0.000000 0.000000
0.000000 0.406911
11 0.018443 0.700834 0.001000
0.487000 0.580000 0.780000 0.490000 1.250000 5.968800 0.650000 0.650000
230537.500000 100.000000 0.084000
1.073000 0.050000 0.116600
0.168751 0.087759 0.000318 0.000000
0.000000

0.000000 0.536369 4.893041
0.065632 0.007294 1.043363 6.086052 220.941589
0.000000 0.004032 0.006225 0.000000 0.000000 0.000000
0.000000 0.000005 0.000002
5.038516 0.650000 0.000000
764.299377 0.000000
0.000000 0.000000 0.000000 0.000000
0.000000 0.406445
11 0.018443 0.719277 0.001000
0.487000 0.580000 0.780000 0.490000 1.250000 5.968800 0.650000 0.650000
230537.500000 100.000000 0.084000
1.073000 0.050000 0.116600
0.168747 0.087844 0.000318 0.000000
0.000000

0.000000 0.498718 4.524358
0.064990 0.007223 1.034578 6.029945 220.945938
0.000000 0.016859 0.009585 0.000000 0.000000 0.000000
0.000000 0.000002 0.000000
5.117230 0.650000 0.000000
764.299377 0.000000
0.000000 0.000000 0.000000 0.000000
0.000000 0.475023
11 0.018443 0.737720 0.001000
0.487000 0.580000 0.780000 0.490000 1.250000 5.968800 0.650000 0.650000
230537.500000 100.000000 0.084000
1.073000 0.050000 0.116600
0.168754 0.089026 0.000322 0.000000
0.000000

0.000000 0.464446 4.182396
0.064420 0.007160 1.027220 5.979881 220.954742
0.000000 0.033584 0.011871 0.000000 0.000000 0.000000
0.000001 0.000002 0.000000
5.197346 0.650000 0.000000
764.299377 0.000000
0.000000 0.000000 0.000000 0.000000
0.000000 0.594036
11 0.018443 0.756163 0.001000
0.487000 0.580000 0.780000 0.490000 1.250000 5.968800 0.650000 0.650000
230537.500000 100.000000 0.084000
1.073000 0.050000 0.116600
0.168758 0.089811 0.000325 0.000000
0.000000

0.000000 0.434180 3.868786
0.063913 0.007103 1.021065 5.935094 220.959961
0.000000 0.056532 0.012789 0.000000 0.000000 0.000000
0.000001 0.000001 0.000000
5.278584 0.650000 0.000000
764.299377 0.000000
0.000000 0.000000 0.000000 0.000000
0.000000 0.734252
11 0.018443 0.774606 0.001000
0.487000 0.580000 0.780000 0.490000 1.250000 5.968800 0.650000 0.650000
230537.500000 100.000000 0.084000
1.073000 0.050000 0.116600
0.168770 0.091144 0.000330 0.000000
0.000000

0.000000 0.411417 3.611642
0.063377 0.007044 1.015692 5.885264 220.964523
0.000000 0.215547 0.013441 0.000000 0.000000 0.000000
0.000000 0.000000 0.000000
5.360675 0.650000 0.000000
764.299377 0.000000
0.000000 0.000000 0.000000 0.000000
0.000000 2.016451
11 0.018443 0.793049 0.001000
0.487000 0.580000 0.780000 0.490000 1.250000 5.968800 0.650000 0.650000
230537.500000 100.000000 0.084000
1.073000 0.050000 0.116600
0.168808 0.093188 0.000337 0.000000
0.000000

0.000000 0.391171 3.411530
0.062688 0.006967 1.008561 5.829752 220.978439
0.000000 0.777688 0.013960 0.000000 0.000000 0.000000
0.000000 0.000002 0.000000
5.443372 0.838704 0.000000
764.299377 0.000000
0.000000 0.000000 0.000000 0.000000
0.000000 10.927499
11 0.018443 0.811492 0.001000
0.487000 0.580000 0.780000 0.490000 1.250000 5.968800 0.650000 0.650000
230537.500000 100.000000 0.084000
1.073000 0.050000 0.116600
0.168849 0.093237 0.000436 0.000000
0.000000

0.000000 0.371304 3.251500
0.061832 0.006871 1.001604 5.774282 220.995834
0.000000 0.065815 0.015685 0.000000 0.000000 0.000000
0.000000 0.000006 0.000000
5.519006 1.000000 0.000000
764.299377 0.000000
0.000000 0.000000 0.000000 0.000000
0.000000 2.566329
11 0.018443 0.829935 0.001000
0.487000 0.580000 0.780000 0.490000 1.250000 5.968800 0.650000 0.650000
230537.500000 100.000000 0.084000
1.073000 0.050000 0.116600
0.168904 0.092096 0.000513 0.000000
0.000000

0.000000 0.351776 3.114225
0.061321 0.006814 0.995754 5.724945 221.024765
0.000000 0.059295 0.020816 0.000000 0.000000 0.000000
0.000000 0.000007 0.000000
5.587861 1.000000 0.000000
764.299377 0.000000
0.000000 0.000000 0.000000 0.000000
0.000000 2.473957
11 0.018443 0.848378 0.001000
0.487000 0.580000 0.780000 0.490000 1.250000 5.968800 0.650000 0.650000
230537.500000 100.000000 0.084000
1.073000 0.050000 0.116600
0.168984 0.092150 0.000513 0.000000
0.000000

0.000000 0.396565 3.284937
0.060385 0.006710 0.990066 5.625638 221.281601
0.000000 0.068367 0.020393 0.000000 0.000000 0.000000
0.000000 0.000006 0.000000
5.655983 1.000000 0.000000
764.299377 0.000000
0.000000 0.000000 0.000000 0.000000
0.000000 2.605853
11 0.018443 0.866821 0.001000
0.487000 0.580000 0.780000 0.490000 1.250000 5.968800 0.650000 0.650000
230537.500000 100.000000 0.084000
1.073000 0.050000 0.116600
0.169589 0.086932 0.000484 0.000000
0.000000

0.000000 0.385925 3.199074
0.059907 0.006657 0.984898 5.578660 221.330444
0.000000 0.079580 0.017903 0.000000 0.000000 0.000000
0.000000 0.000005 0.000000
5.723951 1.000000 0.000000
764.299377 0.000000
0.000000 0.000000 0.000000 0.000000
0.000000 2.963318
11 0.018443 0.885264 0.001000
0.487000 0.580000 0.780000 0.490000 1.250000 5.968800 0.650000 0.650000
230537.500000 100.000000 0.084000
1.073000 0.050000 0.116600
0.169699 0.086756 0.000483 0.000000
0.000000

0.000000 0.360883 3.060058
0.059606 0.006624 0.980903 5.550675 221.337891
0.000000 0.074791 0.012356 0.000000 0.000000 0.000000
0.000000 0.000006 0.000000
5.791617 1.000000 0.000000
764.299377 0.000000
0.000000 0.000000 0.000000 0.000000
0.000000 2.850077
11 0.018443 0.903707 0.001000
0.487000 0.580000 0.780000 0.490000 1.250000 5.968800 0.650000 0.650000
230537.500000 100.000000 0.084000
1.073000 0.050000 0.116600
0.169712 0.086686 0.000483 0.000000
0.000000

0.000000 0.337828 2.934054
0.059330 0.006593 0.976958 5.525271 221.342621
0.000000 0.088531 0.012581 0.000000 0.000000 0.000000
0.000000 0.000005 0.000000
5.858850 1.000000 0.000000
764.299377 0.000000
0.000000 0.000000 0.000000 0.000000
0.000000 3.105881
11 0.018443 0.922150 0.001000
0.487000 0.580000 0.780000 0.490000 1.250000 5.968800 0.650000 0.650000
230537.500000 100.000000 0.084000
1.073000 0.050000 0.116600
0.169724 0.086691 0.000483 0.000000
0.000000

0.000000 0.315826 2.813204
0.059090 0.006566 0.973530 5.503250 221.347549
0.000000 0.116670 0.013187 0.000000 0.000000 0.000000
0.000000 0.000004 0.000000
5.925535 1.000000 0.000000
764.299377 0.000000
0.000000 0.000000 0.000000 0.000000
0.000000 3.342734
11 0.018443 0.940593 0.001000
0.487000 0.580000 0.780000 0.490000 1.250000 5.968800 0.650000 0.650000
230537.500000 100.000000 0.084000
1.073000 0.050000 0.116600
0.169727 0.086630 0.000482 0.000000
0.000000

0.000000 0.295628 2.703023
0.058872 0.006542 0.970407 5.483289 221.351654
0.000000 0.181170 0.013872 0.000000 0.000000 0.000000
0.000000 0.000003 0.000000
5.991574 1.000000 0.000000
764.299377 0.000000
0.000000 0.000000 0.000000 0.000000
0.000000 3.724933
11 0.018443 0.959036 0.001000
0.487000 0.580000 0.780000 0.490000 1.250000 5.968800 0.650000 0.650000
230537.500000 100.000000 0.084000
1.073000 0.050000 0.116600
0.169731 0.086702 0.000483 0.000000
0.000000

0.000000 0.277698 2.603997
0.058670 0.006520 0.967860 5.464349 221.356110
0.000000 0.291808 0.014375 0.000000 0.000000 0.000000
0.000000 0.000002 0.000000
6.056878 1.000000 0.000000
764.299377 0.000000
0.000000 0.000000 0.000000 0.000000
0.000000 3.981880
11 0.018443 0.977479 0.001000
0.487000 0.580000 0.780000 0.490000 1.250000 5.968800 0.650000 0.650000
230537.500000 100.000000 0.084000
1.073000 0.050000 0.116600
0.169735 0.086746 0.000483 0.000000
0.000000

0.000000 0.261406 2.514210
0.058485 0.006499 0.965671 5.446940 221.360550
0.000000 0.462110 0.014577 0.000000 0.000000 0.000000
0.000000 0.000001 0.000000
6.121375 1.000000 0.000000
764.299377 0.000000
0.000000 0.000000 0.000000 0.000000
0.000000 4.338902
11 0.018443 0.995922 0.001000
0.487000 0.580000 0.780000 0.490000 1.250000 5.968800 0.650000 0.650000
230537.500000 100.000000 0.084000
1.073000 0.050000 0.116600
0.169741 0.086730 0.000483 0.000000
0.000000

0.000000 0.245853 2.430312
0.058322 0.006481 0.963412 5.431918 221.364502
0.000000 0.656181 0.014857 0.000000 0.000000 0.000000
0.000000 0.000001 0.000000
6.185003 1.000000 0.000000
764.299377 0.000000
0.000000 0.000000 0.000000 0.000000
0.000000 4.829070
11 0.018443 1.014365 0.001000
0.487000 0.580000 0.780000 0.490000 1.250000 5.968800 0.650000 0.650000
230537.500000 100.000000 0.084000
1.073000 0.050000 0.116600
0.169742 0.086818 0.000483 0.000000
0.000000

0.000000 0.231498 2.353409
0.058174 0.006465 0.961305 5.418429 221.367615
0.000000 0.772865 0.015069 0.000000 0.000000 0.000000
0.000000 0.000001 0.000000
6.247710 1.000000 0.000000
764.299377 0.000000
0.000000 0.000000 0.000000 0.000000
0.000000 5.368899
11 0.018443 1.032808 0.001000
0.487000 0.580000 0.780000 0.490000 1.250000 5.968800 0.650000 0.650000
230537.500000 100.000000 0.084000
1.073000 0.050000 0.116600
0.169746 0.086907 0.000484 0.000000
0.000000

0.000000 0.218895 2.286083
0.058036 0.006449 0.959677 5.405364 221.372269
0.000000 0.646597 0.015371 0.000000 0.000000 0.000000
0.000000 0.000001 0.000000
6.309454 1.000000 0.000000
764.299377 0.000000
0.000000 0.000000 0.000000 0.000000
0.000000 4.725429
11 0.018443 1.051251 0.001000
0.487000 0.580000 0.780000 0.490000 1.250000 5.968800 0.650000 0.650000
230537.500000 100.000000 0.084000
1.073000 0.050000 0.116600
0.169751 0.086736 0.000483 0.000000
0.000000

0.000000 0.207622 2.226206
0.057908 0.006435 0.958438 5.393046 221.378143
0.000000 0.919435 0.015827 0.000000 0.000000 0.000000
0.000000 0.000001 0.000000
6.370203 1.000000 0.000000
764.299377 0.000000
0.000000 0.000000 0.000000 0.000000
0.000000 7.135355
11 0.018443 1.069694 0.001000
0.487000 0.580000 0.780000 0.490000 1.250000 5.968800 0.650000 0.650000
230537.500000 100.000000 0.084000
1.073000 0.050000 0.116600
0.169761 0.086998 0.000484 0.000000
0.000000

0.000000 0.198046 2.176286
0.057786 0.006421 0.957856 5.380606 221.386108
0.000000 0.778733 0.015758 0.000000 0.000000 0.000000
0.000000 0.000001 0.000000
6.429929 1.000000 0.000000
764.299377 0.000000
0.000000 0.000000 0.000000 0.000000
0.000000 7.183367
11 0.018443 1.088137 0.001000
0.487000 0.580000 0.780000 0.490000 1.250000 5.968800 0.650000 0.650000
230537.500000 100.000000 0.084000
1.073000 0.050000 0.116600
0.169779 0.086912 0.000484 0.000000
0.000000

0.000000 0.189139 2.128745
0.057677 0.006409 0.957621 5.369228 221.395325
0.000000 0.853864 0.015115 0.000000 0.000000 0.000000
0.000000 0.000001 0.000000
6.488616 1.000000 0.000000
764.299377 0.000000
0.000000 0.000000 0.000000 0.000000
0.000000 8.068080
11 0.018443 1.106580 0.001000
0.487000 0.580000 0.780000 0.490000 1.250000 5.968800 0.650000 0.650000
230537.500000 100.000000 0.084000
1.073000 0.050000 0.116600
0.169790 0.086981 0.000484 0.000000
0.000000

0.000000 0.180413 2.082904
0.057582 0.006399 0.957076 5.359748 221.400360
0.000000 0.641061 0.015851 0.000000 0.000000 0.000000
0.000000 0.000001 0.000000
6.546248 1.000000 0.000000
764.299377 0.000000
0.000000 0.000000 0.000000 0.000000
0.000000 10.471133
11 0.018443 1.125023 0.001000
0.487000 0.580000 0.780000 0.490000 1.250000 5.968800 0.650000 0.650000
230537.500000 100.000000 0.084000
1.073000 0.050000 0.116600
0.169798 0.087156 0.000485 0.000000
0.000000

0.000000 0.179188 2.074252
0.057448 0.006384 0.963172 5.338882 221.431702
0.000000 0.059119 0.015565 0.000000 0.000000 0.000000
0.000001 0.000010 0.000001
6.602819 1.000000 0.000000
764.299377 0.000000
0.000000 0.000000 0.000000 0.000000
0.000000 5.060806
11 0.018443 1.143466 0.001000
0.487000 0.580000 0.780000 0.490000 1.250000 5.968800 0.650000 0.650000
230537.500000 100.000000 0.084000
1.073000 0.050000 0.116600
0.169866 0.086669 0.000483 0.000000
0.000000

0.000000 0.173544 2.047375
0.057359 0.006374 0.965054 5.327358 221.445419
0.000000 0.004991 0.014202 0.000000 0.000000 0.000000
0.000000 0.000010 0.000014
6.658327 1.000000 0.000000
764.299377 0.000000
0.000000 0.000000 0.000000 0.000000
0.000000 5.039277
11 0.018443 1.161909 0.001000
0.487000 0.580000 0.780000 0.490000 1.250000 5.968800 0.650000 0.650000
230537.500000 100.000000 0.084000
1.073000 0.050000 0.116600
0.169896 0.086643 0.000482 0.000000
0.000000

0.000000 0.165541 2.010188
0.057298 0.006367 0.964148 5.321851 221.447723
0.000000 0.002546 0.014401 0.000000 0.000000 0.000000
0.000000 0.000003 0.000020
6.712770 1.000000 0.000000
764.299377 0.000000
0.000000 0.000000 0.000000 0.000000
0.000000 5.040303
11 0.018443 1.180352 0.001000
0.487000 0.580000 0.780000 0.490000 1.250000 5.968800 0.650000 0.650000
230537.500000 100.000000 0.084000
1.073000 0.050000 0.116600
0.169900 0.086664 0.000483 0.000000
0.000000

0.000000 0.158199 1.975493
0.057242 0.006361 0.963332 5.316844 221.450256
0.000000 0.002558 0.014636 0.000000 0.000000 0.000000
0.000000 0.000003 0.000020
6.766156 1.000000 0.000000
764.299377 0.000000
0.000000 0.000000 0.000000 0.000000
0.000000 5.040322
11 0.018443 1.198795 0.001000
0.487000 0.580000 0.780000 0.490000 1.250000 5.968800 0.650000 0.650000
230537.500000 100.000000 0.084000
1.073000 0.050000 0.116600
0.169901 0.086752 0.000483 0.000000
0.000000

0.000000 0.151507 1.944101
0.057191 0.006355 0.962596 5.312280 221.452362
0.000000 0.002611 0.014750 0.000000 0.000000 0.000000
0.000000 0.000003 0.000020
6.818490 1.000000 0.000000
764.299377 0.000000
0.000000 0.000000 0.000000 0.000000
0.000000 5.042088
11 0.018443 1.217238 0.001000
0.487000 0.580000 0.780000 0.490000 1.250000 5.968800 0.650000 0.650000
230537.500000 100.000000 0.084000
1.073000 0.050000 0.116600
0.169903 0.086693 0.000483 0.000000
0.000000

0.000000 0.145449 1.916572
0.057145 0.006350 0.961915 5.308046 221.454803
0.000000 0.002724 0.014947 0.000000 0.000000 0.000000
0.000000 0.000004 0.000020
6.869782 1.000000 0.000000
764.299377 0.000000
0.000000 0.000000 0.000000 0.000000
0.000000 5.043026
11 0.018443 1.235681 0.001000
0.487000 0.580000 0.780000 0.490000 1.250000 5.968800 0.650000 0.650000
230537.500000 100.000000 0.084000
1.073000 0.050000 0.116600
0.169908 0.086758 0.000483 0.000000
0.000000

0.000000 0.139925 1.893515
0.057102 0.006345 0.961300 5.304165 221.457077
0.000000 0.002805 0.015107 0.000000 0.000000 0.000000
0.000000 0.000004 0.000020
6.920045 1.000000 0.000000
764.299377 0.000000
0.000000 0.000000 0.000000 0.000000
0.000000 5.047072
11 0.018443 1.254124 0.001000
0.487000 0.580000 0.780000 0.490000 1.250000 5.968800 0.650000 0.650000
230537.500000 100.000000 0.084000
1.073000 0.050000 0.116600
0.169916 0.086766 0.000483 0.000000
0.000000

0.000000 0.135046 1.875206
0.057061 0.006341 0.960711 5.300439 221.459305
0.000000 0.002872 0.015239 0.000000 0.000000 0.000000
0.000000 0.000004 0.000020
6.969292 1.000000 0.000000
764.299377 0.000000
0.000000 0.000000 0.000000 0.000000
0.000000 5.051294
11 0.018443 1.272567 0.001000
0.487000 0.580000 0.780000 0.490000 1.250000 5.968800 0.650000 0.650000
230537.500000 100.000000 0.084000
1.073000 0.050000 0.116600
0.169930 0.086852 0.000484 0.000000
0.000000

0.000000 0.114436 1.758107
0.056795 0.006311 0.956461 5.276535 221.511612
0.000000 0.003306 0.016011 0.000000 0.000000 0.000000
0.000000 0.000006 0.000019
7.017539 1.000000 0.000000
764.299377 0.000000
0.000000 0.000000 0.000000 0.000000
0.000000 5.010852
11 0.018443 1.291010 0.001000
0.487000 0.580000 0.780000 0.490000 1.250000 5.968800 0.650000 0.650000
230537.500000 100.000000 0.084000
1.073000 0.050000 0.116600
0.170081 0.086308 0.000481 0.000000
0.000000

0.000000 0.111565 1.752076
0.056784 0.006310 0.956348 5.275458 221.513184
0.000000 0.003356 0.016023 0.000000 0.000000 0.000000
0.000000 0.000006 0.000019
7.064800 1.000000 0.000000
764.299377 0.000000
0.000000 0.000000 0.000000 0.000000
0.000000 5.008674
11 0.018443 1.309453 0.001000
0.487000 0.580000 0.780000 0.490000 1.250000 5.968800 0.650000 0.650000
230537.500000 100.000000 0.084000
1.073000 0.050000 0.116600
0.170080 0.086326 0.000481 0.000000
0.000000

0.000000 0.108946 1.746629
0.056773 0.006309 0.956249 5.274459 221.514771
0.000000 0.003395 0.016058 0.000000 0.000000 0.000000
0.000000 0.000006 0.000019
7.111094 1.000000 0.000000
764.299377 0.000000
0.000000 0.000000 0.000000 0.000000
0.000000 5.006635
11 0.018443 1.327896 0.001000
0.487000 0.580000 0.780000 0.490000 1.250000 5.968800 0.650000 0.650000
230537.500000 100.000000 0.084000
1.073000 0.050000 0.116600
0.170081 0.086346 0.000481 0.000000
0.000000

0.000000 0.106555 1.741724
0.056764 0.006308 0.956163 5.273541 221.516693
0.000000 0.003397 0.016036 0.000000 0.000000 0.000000
0.000000 0.000006 0.000019
7.156438 1.000000 0.000000
764.299377 0.000000
0.000000 0.000000 0.000000 0.000000
0.000000 5.004734
11 0.018443 1.346339 0.001000
0.487000 0.580000 0.780000 0.490000 1.250000 5.968800 0.650000 0.650000
230537.500000 100.000000 0.084000
1.073000 0.050000 0.116600
0.170085 0.086395 0.000481 0.000000
0.000000

0.000000 0.104374 1.737451
0.056755 0.006307 0.956091 5.272710 221.518539
0.000000 0.003386 0.016024 0.000000 0.000000 0.000000
0.000000 0.000006 0.000019
7.200850 1.000000 0.000000
764.299377 0.000000
0.000000 0.000000 0.000000 0.000000
0.000000 5.002956
11 0.018443 1.364782 0.001000
0.487000 0.580000 0.780000 0.490000 1.250000 5.968800 0.650000 0.650000
230537.500000 100.000000 0.084000
1.073000 0.050000 0.116600
0.170085 0.086359 0.000481 0.000000
0.000000

0.000000 0.102383 1.733458
0.056747 0.006306 0.956026 5.271932 221.520309
0.000000 0.003401 0.016059 0.000000 0.000000 0.000000
0.000000 0.000006 0.000019
7.244349 1.000000 0.000000
764.299377 0.000000
0.000000 0.000000 0.000000 0.000000
0.000000 5.001300
11 0.018443 1.383225 0.001000
0.487000 0.580000 0.780000 0.490000 1.250000 5.968800 0.650000 0.650000
230537.500000 100.000000 0.084000
1.073000 0.050000 0.116600
0.170086 0.086379 0.000481 0.000000
0.000000

0.000000 0.100567 1.730241
0.056740 0.006305 0.955974 5.271224 221.522217
0.000000 0.003406 0.016045 0.000000 0.000000 0.000000
0.000000 0.000006 0.000019
7.286952 1.000000 0.000000
764.299377 0.000000
0.000000 0.000000 0.000000 0.000000
0.000000 4.999762
11 0.018443 1.401668 0.001000
0.487000 0.580000 0.780000 0.490000 1.250000 5.968800 0.650000 0.650000
230537.500000 100.000000 0.084000
1.073000 0.050000 0.116600
0.170088 0.086390 0.000481 0.000000
0.000000

0.000000 0.098909 1.731054
0.056733 0.006305 0.955913 5.270483 221.524200
0.000000 0.003357 0.015931 0.000000 0.000000 0.000000
0.000000 0.000006 0.000020
7.328680 1.000000 0.000000
764.299377 0.000000
0.000000 0.000000 0.000000 0.000000
0.000000 4.998254
11 0.018443 1.420111 0.001000
0.487000 0.580000 0.780000 0.490000 1.250000 5.968800 0.650000 0.650000
230537.500000 100.000000 0.084000
1.073000 0.050000 0.116600
0.170099 0.086393 0.000481 0.000000
0.000000

0.000000 0.097397 1.728314
0.056727 0.006304 0.955880 5.269883 221.525726
0.000000 0.003363 0.015932 0.000000 0.000000 0.000000
0.000000 0.000006 0.000020
7.369548 1.000000 0.000000
764.299377 0.000000
0.000000 0.000000 0.000000 0.000000
0.000000 4.996926
11 0.018443 1.438554 0.001000
0.487000 0.580000 0.780000 0.490000 1.250000 5.968800 0.650000 0.650000
230537.500000 100.000000 0.084000
1.073000 0.050000 0.116600
0.170100 0.086386 0.000481 0.000000
0.000000

0.000000 0.096017 1.725941
0.056722 0.006303 0.955851 5.269328 221.527527
0.000000 0.003360 0.015975 0.000000 0.000000 0.000000
0.000000 0.000006 0.000020
7.409577 1.000000 0.000000
764.299377 0.000000
0.000000 0.000000 0.000000 0.000000
0.000000 4.995720
11 0.018443 1.456997 0.001000
0.487000 0.580000 0.780000 0.490000 1.250000 5.968800 0.650000 0.650000
230537.500000 100.000000 0.084000
1.073000 0.050000 0.116600
0.170102 0.086375 0.000481 0.000000
0.000000

0.000000 0.094759 1.723699
0.056717 0.006303 0.955830 5.268816 221.529007
0.000000 0.003332 0.015908 0.000000 0.000000 0.000000
0.000000 0.000006 0.000020
7.448783 1.000000 0.000000
764.299377 0.000000
0.000000 0.000000 0.000000 0.000000
0.000000 4.994635
11 0.018443 1.475440 0.001000
0.487000 0.580000 0.780000 0.490000 1.250000 5.968800 0.650000 0.650000
230537.500000 100.000000 0.084000
1.073000 0.050000 0.116600
0.170103 0.086394 0.000481 0.000000
0.000000

0.000000 0.093610 1.721708
0.056713 0.006302 0.955818 5.268356 221.530731
0.000000 0.003311 0.015854 0.000000 0.000000 0.000000
0.000000 0.000006 0.000020
7.487185 1.000000 0.000000
764.299377 0.000000
0.000000 0.000000 0.000000 0.000000
0.000000 4.993624
11 0.018443 1.493883 0.001000
0.487000 0.580000 0.780000 0.490000 1.250000 5.968800 0.650000 0.650000
230537.500000 100.000000 0.084000
1.073000 0.050000 0.116600
0.170104 0.086411 0.000481 0.000000
0.000000

0.000000 0.092563 1.719946
0.056709 0.006302 0.955809 5.267927 221.532776
0.000000 0.003290 0.015826 0.000000 0.000000 0.000000
0.000000 0.000006 0.000021
7.524798 1.000000 0.000000
764.299377 0.000000
0.000000 0.000000 0.000000 0.000000
0.000000 4.992759
11 0.018443 1.512326 0.001000
0.487000 0.580000 0.780000 0.490000 1.250000 5.968800 0.650000 0.650000
230537.500000 100.000000 0.084000
1.073000 0.050000 0.116600
0.170107 0.086431 0.000481 0.000000
0.000000

0.000000 0.091608 1.718394
0.056705 0.006301 0.955803 5.267517 221.534668
0.000000 0.003262 0.015771 0.000000 0.000000 0.000000
0.000000 0.000005 0.000021
7.561639 1.000000 0.000000
764.299377 0.000000
0.000000 0.000000 0.000000 0.000000
0.000000 4.991960
11 0.018443 1.530769 0.001000
0.487000 0.580000 0.780000 0.490000 1.250000 5.968800 0.650000 0.650000
230537.500000 100.000000 0.084000
1.073000 0.050000 0.116600
0.170108 0.086450 0.000481 0.000000
0.000000

0.000000 0.090736 1.717272
0.056701 0.006301 0.955803 5.267133 221.535995
0.000000 0.003257 0.015763 0.000000 0.000000 0.000000
0.000000 0.000005 0.000021
7.597725 1.000000 0.000000
764.299377 0.000000
0.000000 0.000000 0.000000 0.000000
0.000000 4.991299
11 0.018443 1.549212 0.001000
0.487000 0.580000 0.780000 0.490000 1.250000 5.968800 0.650000 0.650000
230537.500000 100.000000 0.084000
1.073000 0.050000 0.116600
0.170109 0.086442 0.000481 0.000000
0.000000

0.000000 0.089942 1.716417
0.056698 0.006301 0.955808 5.266787 221.537613
0.000000 0.003258 0.015762 0.000000 0.000000 0.000000
0.000000 0.000005 0.000021
7.633071 1.000000 0.000000
764.299377 0.000000
0.000000 0.000000 0.000000 0.000000
0.000000 4.990718
11 0.018443 1.567655 0.001000
0.487000 0.580000 0.780000 0.490000 1.250000 5.968800 0.650000 0.650000
230537.500000 100.000000 0.084000
1.073000 0.050000 0.116600
0.170111 0.086433 0.000481 0.000000
0.000000

0.000000 0.089217 1.715484
0.056696 0.006300 0.955813 5.266462 221.539474
0.000000 0.003207 0.015628 0.000000 0.000000 0.000000
0.000000 0.000005 0.000022
7.667692 1.000000 0.000000
764.299377 0.000000
0.000000 0.000000 0.000000 0.000000
0.000000 4.990242
11 0.018443 1.586098 0.001000
0.487000 0.580000 0.780000 0.490000 1.250000 5.968800 0.650000 0.650000
230537.500000 100.000000 0.084000
1.073000 0.050000 0.116600
0.170114 0.086450 0.000481 0.000000
0.000000

0.000000 0.088555 1.714696
0.056693 0.006300 0.955824 5.266166 221.541138
0.000000 0.003197 0.015651 0.000000 0.000000 0.000000
0.000000 0.000005 0.000022
7.701602 1.000000 0.000000
764.299377 0.000000
0.000000 0.000000 0.000000 0.000000
0.000000 4.989870
11 0.018443 1.604541 0.001000
0.487000 0.580000 0.780000 0.490000 1.250000 5.968800 0.650000 0.650000
230537.500000 100.000000 0.084000
1.073000 0.050000 0.116600
0.170115 0.086467 0.000482 0.000000
0.000000

0.000000 0.087953 1.714044
0.056691 0.006300 0.955842 5.265891 221.543289
0.000000 0.003164 0.015584 0.000000 0.000000 0.000000
0.000000 0.000005 0.000022
7.734817 1.000000 0.000000
764.299377 0.000000
0.000000 0.000000 0.000000 0.000000
0.000000 4.989590
11 0.018443 1.622984 0.001000
0.487000 0.580000 0.780000 0.490000 1.250000 5.968800 0.650000 0.650000
230537.500000 100.000000 0.084000
1.073000 0.050000 0.116600
0.170116 0.086486 0.000482 0.000000
0.000000

0.000000 0.087404 1.713509
0.056689 0.006300 0.955857 5.265624 221.545074
0.000000 0.003122 0.015521 0.000000 0.000000 0.000000
0.000000 0.000005 0.000022
7.767347 1.000000 0.000000
764.299377 0.000000
0.000000 0.000000 0.000000 0.000000
0.000000 4.989403
11 0.018443 1.641427 0.001000
0.487000 0.580000 0.780000 0.490000 1.250000 5.968800 0.650000 0.650000
230537.500000 100.000000 0.084000
1.073000 0.050000 0.116600
0.170118 0.086506 0.000482 0.000000
0.000000

0.000000 0.086903 1.713217
0.056687 0.006299 0.955875 5.265378 221.546860
0.000000 0.003092 0.015459 0.000000 0.000000 0.000000
0.000000 0.000004 0.000023
7.799208 1.000000 0.000000
764.299377 0.000000
0.000000 0.000000 0.000000 0.000000
0.000000 4.989337
11 0.018443 1.659870 0.001000
0.487000 0.580000 0.780000 0.490000 1.250000 5.968800 0.650000 0.650000
230537.500000 100.000000 0.084000
1.073000 0.050000 0.116600
0.170120 0.086501 0.000482 0.000000
0.000000

0.000000 0.086447 1.713045
0.056685 0.006299 0.955894 5.265151 221.548721
0.000000 0.003087 0.015439 0.000000 0.000000 0.000000
0.000000 0.000004 0.000023
7.830410 1.000000 0.000000
764.299377 0.000000
0.000000 0.000000 0.000000 0.000000
0.000000 4.989326
11 0.018443 1.678313 0.001000
0.487000 0.580000 0.780000 0.490000 1.250000 5.968800 0.650000 0.650000
230537.500000 100.000000 0.084000
1.073000 0.050000 0.116600
0.170122 0.086493 0.000482 0.000000
0.000000

0.000000 0.086031 1.712822
0.056684 0.006299 0.955921 5.264947 221.550522
0.000000 0.003059 0.015372 0.000000 0.000000 0.000000
0.000000 0.000004 0.000023
7.860967 1.000000 0.000000
764.299377 0.000000
0.000000 0.000000 0.000000 0.000000
0.000000 4.989473
11 0.018443 1.696756 0.001000
0.487000 0.580000 0.780000 0.490000 1.250000 5.968800 0.650000 0.650000
230537.500000 100.000000 0.084000
1.073000 0.050000 0.116600
0.170124 0.086510 0.000482 0.000000
0.000000

0.000000 0.085651 1.712677
0.056682 0.006299 0.955945 5.264743 221.552277
0.000000 0.003068 0.015365 0.000000 0.000000 0.000000
0.000000 0.000004 0.000023
7.890889 1.000000 0.000000
764.299377 0.000000
0.000000 0.000000 0.000000 0.000000
0.000000 4.989747
11 0.018443 1.715199 0.001000
0.487000 0.580000 0.780000 0.490000 1.250000 5.968800 0.650000 0.650000
230537.500000 100.000000 0.084000
1.073000 0.050000 0.116600
0.170125 0.086585 0.000482 0.000000
0.000000

0.000000 0.085306 1.712612
0.056681 0.006299 0.955970 5.264551 221.554062
0.000000 0.003009 0.015258 0.000000 0.000000 0.000000
0.000000 0.000004 0.000023
7.920186 1.000000 0.000000
764.299377 0.000000
0.000000 0.000000 0.000000 0.000000
0.000000 4.989983
11 0.018443 1.733642 0.001000
0.487000 0.580000 0.780000 0.490000 1.250000 5.968800 0.650000 0.650000
230537.500000 100.000000 0.084000
1.073000 0.050000 0.116600
0.170126 0.086553 0.000482 0.000000
0.000000

0.000000 0.084992 1.712616
0.056679 0.006299 0.955997 5.264378 221.555725
0.000000 0.002961 0.015161 0.000000 0.000000 0.000000
0.000000 0.000004 0.000024
7.948868 1.000000 0.000000
764.299377 0.000000
0.000000 0.000000 0.000000 0.000000
0.000000 4.990359
11 0.018443 1.752085 0.001000
0.487000 0.580000 0.780000 0.490000 1.250000 5.968800 0.650000 0.650000
230537.500000 100.000000 0.084000
1.073000 0.050000 0.116600
0.170128 0.086554 0.000482 0.000000
0.000000

0.000000 0.084705 1.722596
0.056677 0.006298 0.955989 5.264009 221.561661
0.000000 0.002913 0.015095 0.000000 0.000000 0.000000
0.000000 0.000003 0.000024
7.976945 1.000000 0.000000
764.299377 0.000000
0.000000 0.000000 0.000000 0.000000
0.000000 4.990453
11 0.018443 1.770528 0.001000
0.487000 0.580000 0.780000 0.490000 1.250000 5.968800 0.650000 0.650000
230537.500000 100.000000 0.084000
1.073000 0.050000 0.116600
0.170153 0.086496 0.000482 0.000000
0.000000

0.000000 0.084444 1.723830
0.056676 0.006298 0.956015 5.263826 221.563995
0.000000 0.002897 0.015032 0.000000 0.000000 0.000000
0.000000 0.000003 0.000024
8.004427 1.000000 0.000000
764.299377 0.000000
0.000000 0.000000 0.000000 0.000000
0.000000 4.990888
11 0.018443 1.788971 0.001000
0.487000 0.580000 0.780000 0.490000 1.250000 5.968800 0.650000 0.650000
230537.500000 100.000000 0.084000
1.073000 0.050000 0.116600
0.170157 0.086528 0.000482 0.000000
0.000000

0.000000 0.084207 1.724045
0.056674 0.006298 0.956043 5.263659 221.565811
0.000000 0.002890 0.015060 0.000000 0.000000 0.000000
0.000000 0.000003 0.000024
8.031322 1.000000 0.000000
764.299377 0.000000
0.000000 0.000000 0.000000 0.000000
0.000000 4.991519
11 0.018443 1.807414 0.001000
0.487000 0.580000 0.780000 0.490000 1.250000 5.968800 0.650000 0.650000
230537.500000 100.000000 0.084000
1.073000 0.050000 0.116600
0.170158 0.086604 0.000482 0.000000
0.000000

0.000000 0.083991 1.724297
0.056674 0.006298 0.956073 5.263512 221.567810
0.000000 0.002849 0.014955 0.000000 0.000000 0.000000
0.000000 0.000003 0.000025
8.057637 1.000000 0.000000
764.299377 0.000000
0.000000 0.000000 0.000000 0.000000
0.000000 4.992168
11 0.018443 1.825857 0.001000
0.487000 0.580000 0.780000 0.490000 1.250000 5.968800 0.650000 0.650000
230537.500000 100.000000 0.084000
1.073000 0.050000 0.116600
0.170160 0.086570 0.000482 0.000000
0.000000

0.000000 0.083794 1.724594
0.056673 0.006298 0.956105 5.263381 221.569839
0.000000 0.002778 0.014821 0.000000 0.000000 0.000000
0.000000 0.000003 0.000025
8.083383 1.000000 0.000000
764.299377 0.000000
0.000000 0.000000 0.000000 0.000000
0.000000 4.992915
11 0.018443 1.844300 0.001000
0.487000 0.580000 0.780000 0.490000 1.250000 5.968800 0.650000 0.650000
230537.500000 100.000000 0.084000
1.073000 0.050000 0.116600
0.170161 0.086589 0.000482 0.000000
0.000000

0.000000 0.083616 1.725052
0.056672 0.006298 0.956136 5.263242 221.571823
0.000000 0.002767 0.014797 0.000000 0.000000 0.000000
0.000000 0.000002 0.000025
8.108564 1.000000 0.000000
764.299377 0.000000
0.000000 0.000000 0.000000 0.000000
0.000000 4.993780
11 0.018443 1.862743 0.001000
0.487000 0.580000 0.780000 0.490000 1.250000 5.968800 0.650000 0.650000
230537.500000 100.000000 0.084000
1.073000 0.050000 0.116600
0.170164 0.086584 0.000482 0.000000
0.000000

0.000000 0.083454 1.725818
0.056671 0.006298 0.956168 5.263117 221.573624
0.000000 0.002741 0.014747 0.000000 0.000000 0.000000
0.000000 0.000002 0.000025
8.133189 1.000000 0.000000
764.299377 0.000000
0.000000 0.000000 0.000000 0.000000
0.000000 4.994688
11 0.018443 1.881186 0.001000
0.487000 0.580000 0.780000 0.490000 1.250000 5.968800 0.650000 0.650000
230537.500000 100.000000 0.084000
1.073000 0.050000 0.116600
0.170166 0.086576 0.000482 0.000000
0.000000

0.000000 0.083306 1.726216
0.056671 0.006298 0.956202 5.262998 221.575287
0.000000 0.002692 0.014626 0.000000 0.000000 0.000000
0.000000 0.000002 0.000026
8.157263 1.000000 0.000000
764.299377 0.000000
0.000000 0.000000 0.000000 0.000000
0.000000 4.995682
11 0.018443 1.899629 0.001000
0.487000 0.580000 0.780000 0.490000 1.250000 5.968800 0.650000 0.650000
230537.500000 100.000000 0.084000
1.073000 0.050000 0.116600
0.170169 0.086593 0.000482 0.000000
0.000000

0.000000 0.083172 1.726644
0.056670 0.006298 0.956236 5.262889 221.577499
0.000000 0.002664 0.014554 0.000000 0.000000 0.000000
0.000000 0.000002 0.000026
8.180794 1.000000 0.000000
764.299377 0.000000
0.000000 0.000000 0.000000 0.000000
0.000000 4.996760
11 0.018443 1.918072 0.001000
0.487000 0.580000 0.780000 0.490000 1.250000 5.968800 0.650000 0.650000
230537.500000 100.000000 0.084000
1.073000 0.050000 0.116600
0.170169 0.086612 0.000482 0.000000
0.000000

0.000000 0.083050 1.727093
0.056670 0.006298 0.956266 5.262774 221.579300
0.000000 0.002664 0.014556 0.000000 0.000000 0.000000
0.000000 0.000002 0.000026
8.203784 1.000000 0.000000
764.299377 0.000000
0.000000 0.000000 0.000000 0.000000
0.000000 4.997961
11 0.018443 1.936515 0.001000
0.487000 0.580000 0.780000 0.490000 1.250000 5.968800 0.650000 0.650000
230537.500000 100.000000 0.084000
1.073000 0.050000 0.116600
0.170171 0.086630 0.000482 0.000000
0.000000

0.000000 0.082940 1.727570
0.056669 0.006297 0.956301 5.262668 221.580627
0.000000 0.002631 0.014457 0.000000 0.000000 0.000000
0.000000 0.000002 0.000026
8.226242 1.000000 0.000000
764.299377 0.000000
0.000000 0.000000 0.000000 0.000000
0.000000 4.999250
11 0.018443 1.954958 0.001000
0.487000 0.580000 0.780000 0.490000 1.250000 5.968800 0.650000 0.650000
230537.500000 100.000000 0.084000
1.073000 0.050000 0.116600
0.170173 0.086665 0.000483 0.000000
0.000000

0.000000 0.082840 1.729175
0.056669 0.006297 0.956335 5.262563 221.583435
0.000000 0.002591 0.014402 0.000000 0.000000 0.000000
0.000000 0.000002 0.000026
8.248172 1.000000 0.000000
764.299377 0.000000
0.000000 0.000000 0.000000 0.000000
0.000000 5.000492
11 0.018443 1.973401 0.001000
0.487000 0.580000 0.780000 0.490000 1.250000 5.968800 0.650000 0.650000
230537.500000 100.000000 0.084000
1.073000 0.050000 0.116600
0.170177 0.086628 0.000482 0.000000
0.000000

0.000000 0.081725 1.727920
0.056664 0.006297 0.956312 5.262147 221.585876
0.000000 0.058625 0.022387 0.000000 0.000000 0.000000
0.000001 0.000012 0.000001
8.269578 1.000000 0.000000
764.299377 0.000000
0.000000 0.000000 0.000000 0.000000
0.000000 5.001546
11 0.018443 1.991844 0.001000
0.487000 0.580000 0.780000 0.490000 1.250000 5.968800 0.650000 0.650000
230537.500000 100.000000 0.084000
1.073000 0.050000 0.116600
0.170180 0.086699 0.000483 0.000000
0.000000
1.000000
2.000000
0.321000 0.000000
0.000000
0
-0.811492
0 0
0.000000
1
0.000000
1.000000
1.000000
1.000000
0.000000 0.000000 0.000000
0.000000 0.000000
0.000000 0.000000 0.000000 0.000000 0.000000 0.000000 0.000000
0.000000 0.000000 0.000000 0.000000 0.000000 0.000000 0.000000
643
2.000000
1
C:\Input\Ohio1.spf
-1.000000 -1.000000
0.000000
44
44
6.000000
