11
Clay
0.580000 0.612000 0.084000 0.780000 0.530000 1.000000 0.000000 0.000000
1.020000 5.968800 1 0.028600 0.500000 0.050000 0.010000 0.027000 0.963000
0.000000 0.018443 2.000000 188118.593750 100.000000 108
0.173500 2.523000 3.647700 0.000000 1
5.212900 5.212900 6.915800 5.000000 25.000000 100.000000
0.000000 0.000000 0.000000 0.000000 198.620041 302.964203
500.000000 0.000000 0.000000

0.008376 518.061401 1056.589966
5.238643 0.618822 77.350525 479.379974 4402.514648
0.000000 0.000000 0.023422 1.193838 0.000000 0.000000
0.000006 0.000000 0.000007
-1.636577 0.000010 87.115913
764.299377 0.000000
1.089026 0.000000 0.000000 0.000000
0.000000 0.254772
11 0.018443 0.018443 0.028600
0.612000 0.580000 0.780000 0.530000 1.020000 5.968800 0.780000 0.780000
188118.593750 100.000000 0.084000
1.073000 0.050000 0.116600
6.185903 13.083861 0.009435 0.000000
537.987793

0.015381 12.653286 107.264236
4.264682 0.497801 68.089249 415.824677 4419.104492
0.000000 0.000000 0.011996 0.609933 0.000000 0.000000
0.000005 0.000001 0.000099
-1.432505 0.000010 87.117050
764.299377 0.000000
0.289738 0.000000 0.000000 0.000000
0.000000 0.123759
11 0.018443 0.036886 0.028600
0.612000 0.580000 0.780000 0.530000 1.020000 5.968800 0.780000 0.780000
188118.593750 100.000000 0.084000
1.073000 0.050000 0.116600
6.225771 15.725344 0.013956 0.000000
410.437103

0.021144 8.948565 93.208923
4.302885 0.487225 68.996391 418.083038 4419.352051
0.000000 0.000061 0.019446 0.307034 0.000000 0.000000
0.000004 0.000000 0.000073
-1.229505 0.000010 87.118088
764.299377 0.000000
0.183406 0.000000 0.000000 0.000000
0.000000 0.164163
11 0.018443 0.055329 0.028600
0.612000 0.580000 0.780000 0.530000 1.020000 5.968800 0.780000 0.780000
188118.593750 100.000000 0.084000
1.073000 0.050000 0.116600
6.234470 17.528502 0.017632 0.000000
456.201385

0.025604 8.196057 86.490944
3.773480 0.419371 60.681076 365.777557 4418.739746
0.000000 0.000263 0.018784 0.153517 0.000000 0.000000
0.000005 0.000000 0.000058
-1.028041 0.000010 87.119026
764.299377 0.000000
0.133407 0.000000 0.000000 0.000000
0.000000 0.219981
11 0.018443 0.073772 0.028600
0.612000 0.580000 0.780000 0.530000 1.020000 5.968800 0.780000 0.780000
188118.593750 100.000000 0.084000
1.073000 0.050000 0.116600
6.239261 18.981052 0.020954 0.000000
0.000000

0.029402 7.461502 80.259010
3.794612 0.421722 60.867130 365.504822 4418.922363
0.000000 0.000000 0.017450 0.076758 0.000000 0.000000
0.000005 0.000000 0.000054
-0.828622 0.000010 87.119888
764.299377 0.000000
0.107469 0.000000 0.000000 0.000000
0.000000 0.285657
11 0.018443 0.092215 0.028600
0.612000 0.580000 0.780000 0.530000 1.020000 5.968800 0.780000 0.780000
188118.593750 100.000000 0.084000
1.073000 0.050000 0.116600
6.242713 19.780346 0.022930 0.000000
0.000000

0.032668 6.786741 140.274109
3.813326 0.423806 61.000996 365.241058 4419.094238
0.000000 0.000000 0.014775 0.038379 0.000000 0.000000
0.000005 0.000000 0.000046
-0.631710 0.000010 87.120674
764.299377 0.000000
0.081836 0.000000 0.000000 0.000000
0.000000 0.342827
11 0.018443 0.110658 0.028600
0.612000 0.580000 0.780000 0.530000 1.020000 5.968800 0.780000 0.780000
188118.593750 100.000000 0.084000
1.073000 0.050000 0.116600
6.245378 20.492779 0.024776 0.000000
0.000000

0.047956 6.108438 134.950562
3.852147 0.428130 61.511944 366.127441 4419.252930
0.000000 0.000000 0.010803 0.019190 0.000000 0.000000
0.000005 0.000000 0.000013
-0.425795 0.000010 64.661713
764.299377 0.000000
0.055374 0.000000 0.000000 0.000000
0.000000 0.398868
11 0.018443 0.129101 0.018000
0.547000 0.580000 0.780000 0.490000 1.150000 5.968800 0.650000 0.650000
212094.484375 100.000000 0.084000
1.073000 0.050000 0.116600
6.259698 22.835279 0.018061 0.000000
0.000000

0.051132 5.549099 128.772781
3.877414 0.430943 61.596260 365.893463 4419.384766
0.000000 0.000000 0.005810 0.009595 0.000000 0.000000
0.000005 0.000000 0.000013
-0.205931 0.000010 64.662361
764.299377 0.000000
0.026778 0.000000 0.000000 0.000000
0.000000 0.428351
11 0.018443 0.147544 0.018000
0.547000 0.580000 0.780000 0.490000 1.150000 5.968800 0.650000 0.650000
212094.484375 100.000000 0.084000
1.073000 0.050000 0.116600
6.261103 22.519682 0.017485 0.000000
0.000000

0.057853 10.258173 123.464195
3.901190 0.433614 61.668751 365.568390 4419.424805
0.000000 0.000000 0.000877 0.004797 0.000000 0.000000
0.000001 0.000000 0.000030
0.000000 0.513480 12.861477
764.299377 0.000000
0.000000 0.000000 0.000000 0.000000
0.000000 0.462325
11 0.018443 0.165987 0.018000
0.547000 0.580000 0.780000 0.490000 1.150000 5.968800 0.650000 0.650000
212094.484375 100.000000 0.084000
1.073000 0.050000 0.116600
6.265339 22.127243 0.094088 0.000000
0.000000

0.090742 9.850255 120.350639
3.922023 0.435937 62.113480 367.278198 4419.237793
0.000000 0.000062 0.000799 0.002399 0.000000 0.000000
0.000001 0.000000 0.000040
0.209528 0.640974 0.000000
764.299377 0.000000
0.000000 0.000000 0.000000 0.000000
0.000000 0.486560
11 0.018443 0.184430 0.018000
0.547000 0.580000 0.780000 0.490000 1.150000 5.968800 0.650000 0.650000
212094.484375 100.000000 0.084000
1.073000 0.050000 0.116600
6.285019 21.906199 0.111944 0.000000
0.000000

0.283294 16.384331 121.580254
4.009663 0.445682 63.187012 375.476990 4416.201172
0.000000 0.000068 0.000847 0.001199 0.000000 0.000000
0.000001 0.000000 0.000044
0.416477 0.649948 0.000000
764.299377 0.000000
0.000000 0.000000 0.000000 0.000000
0.000000 0.533146
11 0.018443 0.202873 0.018000
0.547000 0.580000 0.780000 0.490000 1.150000 5.968800 0.650000 0.650000
212094.484375 100.000000 0.084000
1.073000 0.050000 0.116600
6.362909 21.133850 0.108828 0.000000
0.000000

0.024954 16.560783 123.356544
0.877131 0.097496 13.788342 81.854744 1894.251709
0.000000 0.000000 0.000103 0.000600 0.000000 0.000000
0.000000 0.000000 0.000011
0.619688 0.649951 0.000000
764.299377 0.000000
0.000000 0.000000 0.000000 0.000000
0.000000 0.539263
11 0.018443 0.221316 0.009000
0.527000 0.580000 0.780000 0.490000 1.200000 5.968800 0.650000 0.650000
221316.000000 100.000000 0.084000
1.073000 0.050000 0.116600
1.425878 9.427852 0.040942 0.000000
0.000000

0.023479 15.194861 112.414406
0.842375 0.093634 13.249587 78.576820 1894.427368
0.000000 0.000000 0.000160 0.000300 0.000000 0.000000
0.000000 0.000000 0.000009
0.819417 0.649955 0.000000
764.299377 0.000000
0.000000 0.000000 0.000000 0.000000
0.000000 0.606137
11 0.018443 0.239759 0.009000
0.527000 0.580000 0.780000 0.490000 1.200000 5.968800 0.650000 0.650000
221316.000000 100.000000 0.084000
1.073000 0.050000 0.116600
1.426001 6.947404 0.029661 0.000000
0.000000

0.022025 13.986094 105.891350
0.798647 0.088775 12.563227 74.437263 1894.616821
0.000000 0.000000 0.000115 0.000150 0.000000 0.000000
0.000000 0.000000 0.000008
1.013661 0.649959 0.000000
764.299377 0.000000
0.000000 0.000000 0.000000 0.000000
0.000000 0.693440
11 0.018443 0.258202 0.009000
0.527000 0.580000 0.780000 0.490000 1.200000 5.968800 0.650000 0.650000
221316.000000 100.000000 0.084000
1.073000 0.050000 0.116600
1.426116 5.132726 0.021647 0.000000
0.000000

0.020593 12.814636 97.151939
0.768825 0.085462 12.095502 71.608612 1894.834595
0.000000 0.000000 0.000128 0.000075 0.000000 0.000000
0.000000 0.000000 0.000006
1.202211 0.649963 0.000000
764.299377 0.000000
0.000000 0.000000 0.000000 0.000000
0.000000 0.784454
11 0.018443 0.276645 0.009000
0.527000 0.580000 0.780000 0.490000 1.200000 5.968800 0.650000 0.650000
221316.000000 100.000000 0.084000
1.073000 0.050000 0.116600
1.426219 3.806331 0.015912 0.000000
0.000000

0.019190 11.725404 88.157425
0.744872 0.082801 11.725949 69.373444 1894.988892
0.000000 0.000000 0.000141 0.000037 0.000000 0.000000
0.000000 0.000000 0.000005
1.384905 0.649966 0.000000
764.299377 0.000000
0.000000 0.000000 0.000000 0.000000
0.000000 0.870306
11 0.018443 0.295088 0.009000
0.527000 0.580000 0.780000 0.490000 1.200000 5.968800 0.650000 0.650000
221316.000000 100.000000 0.084000
1.073000 0.050000 0.116600
1.426288 2.826037 0.011738 0.000000
0.000000

0.017860 10.712140 80.136597
0.723087 0.080381 11.380647 67.286682 1895.147949
0.000000 0.000000 0.000185 0.000019 0.000000 0.000000
0.000000 0.000000 0.000005
1.561623 0.649969 0.000000
764.299377 0.000000
0.000000 0.000000 0.000000 0.000000
0.000000 0.946903
11 0.018443 0.313531 0.009000
0.527000 0.580000 0.780000 0.490000 1.200000 5.968800 0.650000 0.650000
221316.000000 100.000000 0.084000
1.073000 0.050000 0.116600
1.426338 2.126321 0.008791 0.000000
0.000000

0.016506 9.820589 76.186432
0.578393 0.064297 9.102738 53.789173 1447.860107
0.000000 0.000000 0.000122 0.000009 0.000000 0.000000
0.000000 0.000000 0.000003
1.734566 0.649970 0.000000
764.299377 0.000000
0.000000 0.000000 0.000000 0.000000
0.000000 1.002665
11 0.018443 0.331974 0.006600
0.497000 0.580000 0.780000 0.490000 1.250000 5.968800 0.650000 0.650000
230537.500000 100.000000 0.084000
1.073000 0.050000 0.116600
1.090131 1.627463 0.006070 0.000000
0.000000

0.014831 8.918282 68.613617
0.563154 0.062604 8.863199 52.343117 1447.935425
0.000000 0.000000 0.000146 0.000005 0.000000 0.000000
0.000000 0.000000 0.000002
1.903612 0.649973 0.000000
764.299377 0.000000
0.000000 0.000000 0.000000 0.000000
0.000000 1.051543
11 0.018443 0.350417 0.006600
0.497000 0.580000 0.780000 0.490000 1.250000 5.968800 0.650000 0.650000
230537.500000 100.000000 0.084000
1.073000 0.050000 0.116600
1.090069 1.258482 0.004683 0.000000
0.000000

0.013731 8.155126 61.975113
0.549858 0.061127 8.628273 50.932529 1448.037964
0.000000 0.000000 0.000156 0.000002 0.000000 0.000000
0.000000 0.000000 0.000003
2.066423 0.650000 0.000000
764.299377 0.000000
0.000000 0.000000 0.000000 0.000000
0.000000 1.086264
11 0.018443 0.368860 0.006600
0.497000 0.580000 0.780000 0.490000 1.250000 5.968800 0.650000 0.650000
230537.500000 100.000000 0.084000
1.073000 0.050000 0.116600
1.090042 1.011552 0.003758 0.000000
0.000000

0.012698 7.458578 55.557514
0.537415 0.059745 8.433771 49.763451 1448.134888
0.000000 0.000000 0.000135 0.000001 0.000000 0.000000
0.000000 0.000000 0.000003
2.223041 0.650000 0.000000
764.299377 0.000000
0.000000 0.000000 0.000000 0.000000
0.000000 1.099263
11 0.018443 0.387303 0.006600
0.497000 0.580000 0.780000 0.490000 1.250000 5.968800 0.650000 0.650000
230537.500000 100.000000 0.084000
1.073000 0.050000 0.116600
1.090023 0.847789 0.003147 0.000000
0.000000

0.011731 6.803380 49.921974
0.525153 0.058382 8.245866 48.636322 1448.234985
0.000000 0.000000 0.000189 0.000001 0.000000 0.000000
0.000000 0.000000 0.000002
2.373545 0.650000 0.000000
764.299377 0.000000
0.000000 0.000000 0.000000 0.000000
0.000000 1.096661
11 0.018443 0.405746 0.006600
0.497000 0.580000 0.780000 0.490000 1.250000 5.968800 0.650000 0.650000
230537.500000 100.000000 0.084000
1.073000 0.050000 0.116600
1.090020 0.741601 0.002751 0.000000
0.000000

0.010830 6.277189 51.126965
0.308650 0.034314 4.837007 28.520336 724.265320
0.000000 0.000000 0.000112 0.000000 0.000000 0.000000
0.000000 0.000000 0.000001
2.518707 0.650000 0.000000
764.299377 0.000000
0.000000 0.000000 0.000000 0.000000
0.000000 1.072101
11 0.018443 0.424189 0.003300
0.487000 0.580000 0.780000 0.490000 1.250000 5.968800 0.650000 0.650000
230537.500000 100.000000 0.084000
1.073000 0.050000 0.116600
0.545706 0.546722 0.001985 0.000000
0.000000

0.009995 5.719372 45.922195
0.300446 0.033402 4.706676 27.742189 724.304077
0.000000 0.000000 0.000116 0.000000 0.000000 0.000000
0.000000 0.000000 0.000001
2.658714 0.650000 0.000000
764.299377 0.000000
0.000000 0.000000 0.000000 0.000000
0.000000 1.041721
11 0.018443 0.442632 0.003300
0.487000 0.580000 0.780000 0.490000 1.250000 5.968800 0.650000 0.650000
230537.500000 100.000000 0.084000
1.073000 0.050000 0.116600
0.545657 0.464496 0.001685 0.000000
0.000000

0.009204 5.214496 41.255386
0.292521 0.032522 4.583580 27.009727 724.330383
0.000000 0.000000 0.000112 0.000000 0.000000 0.000000
0.000000 0.000000 0.000001
2.793058 0.650000 0.000000
764.299377 0.000000
0.000000 0.000000 0.000000 0.000000
0.000000 1.002999
11 0.018443 0.461075 0.003300
0.487000 0.580000 0.780000 0.490000 1.250000 5.968800 0.650000 0.650000
230537.500000 100.000000 0.084000
1.073000 0.050000 0.116600
0.545596 0.407069 0.001476 0.000000
0.000000

0.008466 4.758832 37.019051
0.285225 0.031711 4.469970 26.334694 724.358154
0.000000 0.000000 0.000130 0.000000 0.000000 0.000000
0.000000 0.000000 0.000001
2.921923 0.650000 0.000000
764.299377 0.000000
0.000000 0.000000 0.000000 0.000000
0.000000 0.958639
11 0.018443 0.479518 0.003300
0.487000 0.580000 0.780000 0.490000 1.250000 5.968800 0.650000 0.650000
230537.500000 100.000000 0.084000
1.073000 0.050000 0.116600
0.545556 0.367125 0.001331 0.000000
0.000000

0.007794 4.341390 33.236732
0.278234 0.030934 4.362503 25.694750 724.389465
0.000000 0.000000 0.000133 0.000000 0.000000 0.000000
0.000000 0.000000 0.000001
3.045511 0.650000 0.000000
764.299377 0.000000
0.000000 0.000000 0.000000 0.000000
0.000000 0.910973
11 0.018443 0.497961 0.003300
0.487000 0.580000 0.780000 0.490000 1.250000 5.968800 0.650000 0.650000
230537.500000 100.000000 0.084000
1.073000 0.050000 0.116600
0.545514 0.338826 0.001228 0.000000
0.000000

0.007171 3.960848 29.766233
0.271977 0.030239 4.265705 25.118660 724.424866
0.000000 0.000000 0.000129 0.000000 0.000000 0.000000
0.000000 0.000000 0.000001
3.164039 0.650000 0.000000
764.299377 0.000000
0.000000 0.000000 0.000000 0.000000
0.000000 0.862528
11 0.018443 0.516404 0.003300
0.487000 0.580000 0.780000 0.490000 1.250000 5.968800 0.650000 0.650000
230537.500000 100.000000 0.084000
1.073000 0.050000 0.116600
0.545479 0.318588 0.001155 0.000000
0.000000

0.006591 4.079967 32.221310
0.116484 0.012951 1.826233 10.751836 219.601334
0.000000 0.000000 0.000055 0.000000 0.000000 0.000000
0.000000 0.000000 0.000000
3.277734 0.650000 0.000000
764.299377 0.000000
0.000000 0.000000 0.000000 0.000000
0.000000 0.808277
11 0.018443 0.534847 0.001000
0.487000 0.580000 0.780000 0.490000 1.250000 5.968800 0.650000 0.650000
230537.500000 100.000000 0.084000
1.073000 0.050000 0.116600
0.165838 0.209978 0.000761 0.000000
0.000000

0.006049 3.596977 29.262102
0.112165 0.012471 1.757287 10.344490 219.601746
0.000000 0.000000 0.000057 0.000000 0.000000 0.000000
0.000000 0.000000 0.000000
3.386835 0.650000 0.000000
764.299377 0.000000
0.000000 0.000000 0.000000 0.000000
0.000000 0.762222
11 0.018443 0.553290 0.001000
0.487000 0.580000 0.780000 0.490000 1.250000 5.968800 0.650000 0.650000
230537.500000 100.000000 0.084000
1.073000 0.050000 0.116600
0.165782 0.177392 0.000642 0.000000
0.000000

0.005557 3.192672 26.537329
0.108118 0.012021 1.694081 9.970532 219.608795
0.000000 0.000000 0.000053 0.000000 0.000000 0.000000
0.000000 0.000000 0.000000
3.491581 0.650000 0.000000
764.299377 0.000000
0.000000 0.000000 0.000000 0.000000
0.000000 0.719544
11 0.018443 0.571733 0.001000
0.487000 0.580000 0.780000 0.490000 1.250000 5.968800 0.650000 0.650000
230537.500000 100.000000 0.084000
1.073000 0.050000 0.116600
0.165732 0.151915 0.000550 0.000000
0.000000

0.005104 2.860457 23.948786
0.104696 0.011641 1.639931 9.650121 219.611954
0.000000 0.000000 0.000053 0.000000 0.000000 0.000000
0.000000 0.000000 0.000000
3.592216 0.650000 0.000000
764.299377 0.000000
0.000000 0.000000 0.000000 0.000000
0.000000 0.680335
11 0.018443 0.590176 0.001000
0.487000 0.580000 0.780000 0.490000 1.250000 5.968800 0.650000 0.650000
230537.500000 100.000000 0.084000
1.073000 0.050000 0.116600
0.165688 0.132265 0.000479 0.000000
0.000000

0.004686 2.579960 21.535244
0.101651 0.011302 1.592506 9.369430 219.616364
0.000000 0.000000 0.000056 0.000000 0.000000 0.000000
0.000000 0.000000 0.000000
3.688980 0.650000 0.000000
764.299377 0.000000
0.000000 0.000000 0.000000 0.000000
0.000000 0.644625
11 0.018443 0.608619 0.001000
0.487000 0.580000 0.780000 0.490000 1.250000 5.968800 0.650000 0.650000
230537.500000 100.000000 0.084000
1.073000 0.050000 0.116600
0.165647 0.118160 0.000428 0.000000
0.000000

0.004300 2.336055 19.296122
0.099029 0.011011 1.550541 9.121141 219.620300
0.000000 0.000000 0.000054 0.000000 0.000000 0.000000
0.000000 0.000000 0.000000
3.782113 0.650000 0.000000
764.299377 0.000000
0.000000 0.000000 0.000000 0.000000
0.000000 0.612795
11 0.018443 0.627062 0.001000
0.487000 0.580000 0.780000 0.490000 1.250000 5.968800 0.650000 0.650000
230537.500000 100.000000 0.084000
1.073000 0.050000 0.116600
0.165609 0.108101 0.000391 0.000000
0.000000

0.003947 2.121075 17.183464
0.096754 0.010758 1.515544 8.913934 219.625046
0.000000 0.000000 0.000054 0.000000 0.000000 0.000000
0.000000 0.000000 0.000000
3.871848 0.650000 0.000000
764.299377 0.000000
0.000000 0.000000 0.000000 0.000000
0.000000 0.584799
11 0.018443 0.645505 0.001000
0.487000 0.580000 0.780000 0.490000 1.250000 5.968800 0.650000 0.650000
230537.500000 100.000000 0.084000
1.073000 0.050000 0.116600
0.165580 0.102081 0.000370 0.000000
0.000000

0.003637 1.928579 15.315722
0.094603 0.010519 1.480413 8.706117 219.631088
0.000000 0.000000 0.000055 0.000000 0.000000 0.000000
0.000000 0.000000 0.000000
3.958416 0.650000 0.000000
764.299377 0.000000
0.000000 0.000000 0.000000 0.000000
0.000000 0.560891
11 0.018443 0.663948 0.001000
0.487000 0.580000 0.780000 0.490000 1.250000 5.968800 0.650000 0.650000
230537.500000 100.000000 0.084000
1.073000 0.050000 0.116600
0.165551 0.097193 0.000352 0.000000
0.000000

0.003346 1.755906 13.661290
0.092395 0.010273 1.445655 8.500663 219.639359
0.000000 0.000000 0.000055 0.000000 0.000000 0.000000
0.000000 0.000000 0.000000
4.042037 0.650000 0.000000
764.299377 0.000000
0.000000 0.000000 0.000000 0.000000
0.000000 0.540376
11 0.018443 0.682391 0.001000
0.487000 0.580000 0.780000 0.490000 1.250000 5.968800 0.650000 0.650000
230537.500000 100.000000 0.084000
1.073000 0.050000 0.116600
0.165525 0.094774 0.000343 0.000000
0.000000

0.003067 1.600640 12.102728
0.090533 0.010066 1.416739 8.329670 219.643951
0.000000 0.000000 0.000055 0.000000 0.000000 0.000000
0.000000 0.000000 0.000000
4.122923 0.650000 0.000000
764.299377 0.000000
0.000000 0.000000 0.000000 0.000000
0.000000 0.522616
11 0.018443 0.700834 0.001000
0.487000 0.580000 0.780000 0.490000 1.250000 5.968800 0.650000 0.650000
230537.500000 100.000000 0.084000
1.073000 0.050000 0.116600
0.165505 0.092406 0.000334 0.000000
0.000000

0.002829 1.461860 10.513268
0.089419 0.009943 1.400088 8.230927 219.650955
0.000000 0.000000 0.000056 0.000000 0.000000 0.000000
0.000000 0.000000 0.000000
4.201277 0.650000 0.000000
764.299377 0.000000
0.000000 0.000000 0.000000 0.000000
0.000000 0.507068
11 0.018443 0.719277 0.001000
0.487000 0.580000 0.780000 0.490000 1.250000 5.968800 0.650000 0.650000
230537.500000 100.000000 0.084000
1.073000 0.050000 0.116600
0.165492 0.094133 0.000341 0.000000
0.000000

0.002621 1.337127 9.281570
0.087628 0.009743 1.373109 8.069262 219.659409
0.000000 0.000000 0.000056 0.000000 0.000000 0.000000
0.000000 0.000000 0.000000
4.277292 0.650000 0.000000
764.299377 0.000000
0.000000 0.000000 0.000000 0.000000
0.000000 0.493059
11 0.018443 0.737720 0.001000
0.487000 0.580000 0.780000 0.490000 1.250000 5.968800 0.650000 0.650000
230537.500000 100.000000 0.084000
1.073000 0.050000 0.116600
0.165493 0.096983 0.000351 0.000000
0.000000

0.002425 1.221271 8.328982
0.085396 0.009495 1.339233 7.865952 219.668152
0.000000 0.000000 0.000055 0.000000 0.000000 0.000000
0.000000 0.000000 0.000000
4.351150 0.650000 0.000000
764.299377 0.000000
0.000000 0.000000 0.000000 0.000000
0.000000 0.480026
11 0.018443 0.756163 0.001000
0.487000 0.580000 0.780000 0.490000 1.250000 5.968800 0.650000 0.650000
230537.500000 100.000000 0.084000
1.073000 0.050000 0.116600
0.165501 0.097996 0.000355 0.000000
0.000000

0.002296 1.123189 7.580580
0.082972 0.009226 1.302980 7.640673 219.681412
0.000000 0.000000 0.000055 0.000000 0.000000 0.000000
0.000000 0.000000 0.000000
4.423022 0.650000 0.000000
764.299377 0.000000
0.000000 0.000000 0.000000 0.000000
0.000000 0.467630
11 0.018443 0.774606 0.001000
0.487000 0.580000 0.780000 0.490000 1.250000 5.968800 0.650000 0.650000
230537.500000 100.000000 0.084000
1.073000 0.050000 0.116600
0.165528 0.100858 0.000365 0.000000
0.000000

0.002220 1.037508 6.909738
0.080761 0.008980 1.271257 7.435819 219.695541
0.000000 0.000000 0.000059 0.000000 0.000000 0.000000
0.000000 0.000000 0.000000
4.493069 0.650000 0.000000
764.299377 0.000000
0.000000 0.000000 0.000000 0.000000
0.000000 0.455554
11 0.018443 0.793049 0.001000
0.487000 0.580000 0.780000 0.490000 1.250000 5.968800 0.650000 0.650000
230537.500000 100.000000 0.084000
1.073000 0.050000 0.116600
0.165593 0.105573 0.000382 0.000000
0.000000

0.002130 0.959284 6.331960
0.078687 0.008750 1.240864 7.243083 219.715210
0.000000 0.000000 0.000059 0.000000 0.000000 0.000000
0.000000 0.000000 0.000000
4.561442 0.650000 0.000000
764.299377 0.000000
0.000000 0.000000 0.000000 0.000000
0.000000 0.443650
11 0.018443 0.811492 0.001000
0.487000 0.580000 0.780000 0.490000 1.250000 5.968800 0.650000 0.650000
230537.500000 100.000000 0.084000
1.073000 0.050000 0.116600
0.165679 0.104436 0.000378 0.000000
0.000000

0.002064 0.890512 5.818051
0.076817 0.008542 1.214014 7.067479 219.747849
0.000000 0.000000 0.000057 0.000000 0.000000 0.000000
0.000000 0.000000 0.000000
4.628281 0.650000 0.000000
764.299377 0.000000
0.000000 0.000000 0.000000 0.000000
0.000000 0.431956
11 0.018443 0.829935 0.001000
0.487000 0.580000 0.780000 0.490000 1.250000 5.968800 0.650000 0.650000
230537.500000 100.000000 0.084000
1.073000 0.050000 0.116600
0.165796 0.105421 0.000382 0.000000
0.000000

0.003019 0.897560 5.497497
0.076170 0.008470 1.182742 6.869583 219.859375
0.000000 0.000845 0.031337 0.000000 0.000000 0.000000
0.000001 0.000000 0.000006
4.693714 0.650000 0.000000
764.299377 0.000000
0.000000 0.000000 0.000000 0.000000
0.000000 0.423771
11 0.018443 0.848378 0.001000
0.487000 0.580000 0.780000 0.490000 1.250000 5.968800 0.650000 0.650000
230537.500000 100.000000 0.084000
1.073000 0.050000 0.116600
0.166130 0.100402 0.000363 0.000000
0.000000

0.004447 0.942228 5.590197
0.074070 0.008236 1.160880 6.648298 220.261017
0.000000 0.000810 0.022426 0.000000 0.000000 0.000000
0.000001 0.000000 0.000006
4.757863 0.650000 0.000000
764.299377 0.000000
0.000000 0.000000 0.000000 0.000000
0.000000 0.413581
11 0.018443 0.866821 0.001000
0.487000 0.580000 0.780000 0.490000 1.250000 5.968800 0.650000 0.650000
230537.500000 100.000000 0.084000
1.073000 0.050000 0.116600
0.167201 0.091268 0.000330 0.000000
0.000000

0.004392 0.908156 5.386916
0.072262 0.008035 1.136108 6.484095 220.423004
0.000000 0.000994 0.021537 0.000000 0.000000 0.000000
0.000001 0.000000 0.000006
4.820837 0.650000 0.000000
764.299377 0.000000
0.000000 0.000000 0.000000 0.000000
0.000000 0.403533
11 0.018443 0.885264 0.001000
0.487000 0.580000 0.780000 0.490000 1.250000 5.968800 0.650000 0.650000
230537.500000 100.000000 0.084000
1.073000 0.050000 0.116600
0.167555 0.089937 0.000326 0.000000
0.000000

0.004053 0.832459 5.035707
0.070762 0.007869 1.115169 6.361575 220.440933
0.000000 0.001484 0.022482 0.000000 0.000000 0.000000
0.000000 0.000000 0.000006
4.882739 0.650000 0.000000
764.299377 0.000000
0.000000 0.000000 0.000000 0.000000
0.000000 0.394279
11 0.018443 0.903707 0.001000
0.487000 0.580000 0.780000 0.490000 1.250000 5.968800 0.650000 0.650000
230537.500000 100.000000 0.084000
1.073000 0.050000 0.116600
0.167582 0.089745 0.000325 0.000000
0.000000

0.003718 0.761682 4.664227
0.069546 0.007733 1.098656 6.266088 220.451523
0.000000 0.002737 0.023207 0.000000 0.000000 0.000000
0.000000 0.000002 0.000004
4.943664 0.650000 0.000000
764.299377 0.000000
0.000000 0.000000 0.000000 0.000000
0.000000 0.386321
11 0.018443 0.922150 0.001000
0.487000 0.580000 0.780000 0.490000 1.250000 5.968800 0.650000 0.650000
230537.500000 100.000000 0.084000
1.073000 0.050000 0.116600
0.167599 0.089680 0.000325 0.000000
0.000000

0.003426 0.698312 4.325445
0.068430 0.007609 1.083693 6.178246 220.464905
0.000000 0.006030 0.022988 0.000000 0.000000 0.000000
0.000000 0.000004 0.000002
5.003698 0.650000 0.000000
764.299377 0.000000
0.000000 0.000000 0.000000 0.000000
0.000000 0.379837
11 0.018443 0.940593 0.001000
0.487000 0.580000 0.780000 0.490000 1.250000 5.968800 0.650000 0.650000
230537.500000 100.000000 0.084000
1.073000 0.050000 0.116600
0.167613 0.089537 0.000324 0.000000
0.000000

0.003142 0.651610 4.110078
0.067374 0.007492 1.068503 6.090513 220.567108
0.000000 0.014136 0.020702 0.000000 0.000000 0.000000
0.000001 0.000004 0.000001
5.062922 0.650000 0.000000
764.299377 0.000000
0.000000 0.000000 0.000000 0.000000
0.000000 0.375020
11 0.018443 0.959036 0.001000
0.487000 0.580000 0.780000 0.490000 1.250000 5.968800 0.650000 0.650000
230537.500000 100.000000 0.084000
1.073000 0.050000 0.116600
0.167810 0.088781 0.000321 0.000000
0.000000

0.002880 0.596357 3.823750
0.066453 0.007390 1.056106 6.018846 220.573959
0.000000 0.032048 0.015193 0.000000 0.000000 0.000000
0.000001 0.000002 0.000000
5.121410 0.650000 0.000000
764.299377 0.000000
0.000000 0.000000 0.000000 0.000000
0.000000 0.371882
11 0.018443 0.977479 0.001000
0.487000 0.580000 0.780000 0.490000 1.250000 5.968800 0.650000 0.650000
230537.500000 100.000000 0.084000
1.073000 0.050000 0.116600
0.167812 0.088814 0.000321 0.000000
0.000000

0.002653 0.546357 3.571334
0.065588 0.007293 1.044554 5.950623 220.582565
0.000000 0.068294 0.013781 0.000000 0.000000 0.000000
0.000000 0.000001 0.000000
5.179230 0.650000 0.000000
764.299377 0.000000
0.000000 0.000000 0.000000 0.000000
0.000000 0.370900
11 0.018443 0.995922 0.001000
0.487000 0.580000 0.780000 0.490000 1.250000 5.968800 0.650000 0.650000
230537.500000 100.000000 0.084000
1.073000 0.050000 0.116600
0.167822 0.088821 0.000322 0.000000
0.000000

0.002436 0.500230 3.339626
0.064790 0.007205 1.033957 5.888785 220.589691
0.000000 0.154382 0.014813 0.000000 0.000000 0.000000
0.000000 0.000001 0.000000
5.235542 0.696722 0.000000
764.299377 0.000000
0.000000 0.000000 0.000000 0.000000
0.000000 0.408190
11 0.018443 1.014365 0.001000
0.487000 0.580000 0.780000 0.490000 1.250000 5.968800 0.650000 0.650000
230537.500000 100.000000 0.084000
1.073000 0.050000 0.116600
0.167822 0.088924 0.000345 0.000000
0.000000

0.002254 0.459070 3.130338
0.063025 0.007005 1.024653 5.832394 220.595428
0.000000 0.502555 0.015684 0.000000 0.000000 0.000000
0.000000 0.000000 0.000000
5.285775 1.000000 0.000000
764.299377 0.000000
0.000000 0.000000 0.000000 0.000000
0.000000 0.701719
11 0.018443 1.032808 0.001000
0.487000 0.580000 0.780000 0.490000 1.250000 5.968800 0.650000 0.650000
230537.500000 100.000000 0.084000
1.073000 0.050000 0.116600
0.167829 0.089089 0.000496 0.000000
0.000000

0.002079 0.421189 2.941540
0.062430 0.006939 1.015967 5.780341 220.603348
0.000000 1.109903 0.016248 0.000000 0.000000 0.000000
0.000000 0.000000 0.000000
5.331516 1.000000 0.000000
764.299377 0.000000
0.000000 0.000000 0.000000 0.000000
0.000000 0.791296
11 0.018443 1.051251 0.001000
0.487000 0.580000 0.780000 0.490000 1.250000 5.968800 0.650000 0.650000
230537.500000 100.000000 0.084000
1.073000 0.050000 0.116600
0.167841 0.088856 0.000495 0.000000
0.000000

0.001908 0.385975 2.769017
0.061892 0.006879 1.007990 5.733565 220.613083
0.000000 2.083613 0.016384 0.000000 0.000000 0.000000
0.000000 0.000000 0.000000
5.376735 1.000000 0.000000
764.299377 0.000000
0.000000 0.000000 0.000000 0.000000
0.000000 0.916275
11 0.018443 1.069694 0.001000
0.487000 0.580000 0.780000 0.490000 1.250000 5.968800 0.650000 0.650000
230537.500000 100.000000 0.084000
1.073000 0.050000 0.116600
0.167850 0.089149 0.000496 0.000000
0.000000

0.001752 0.353926 2.614517
0.061406 0.006825 1.000786 5.691228 220.624222
0.000000 3.336972 0.017125 0.000000 0.000000 0.000000
0.000000 0.000000 0.000000
5.421472 1.000000 0.000000
764.299377 0.000000
0.000000 0.000000 0.000000 0.000000
0.000000 1.072373
11 0.018443 1.088137 0.001000
0.487000 0.580000 0.780000 0.490000 1.250000 5.968800 0.650000 0.650000
230537.500000 100.000000 0.084000
1.073000 0.050000 0.116600
0.167872 0.089137 0.000496 0.000000
0.000000

0.001608 0.324597 2.472235
0.060962 0.006776 0.994229 5.652591 220.635696
0.000000 4.587949 0.017667 0.000000 0.000000 0.000000
0.000000 0.000000 0.000000
5.465766 1.000000 0.000000
764.299377 0.000000
0.000000 0.000000 0.000000 0.000000
0.000000 1.250612
11 0.018443 1.106580 0.001000
0.487000 0.580000 0.780000 0.490000 1.250000 5.968800 0.650000 0.650000
230537.500000 100.000000 0.084000
1.073000 0.050000 0.116600
0.167883 0.089254 0.000497 0.000000
0.000000

0.001476 0.297759 2.341394
0.060557 0.006731 0.988260 5.617331 220.643860
0.000000 5.398133 0.018206 0.000000 0.000000 0.000000
0.000000 0.000000 0.000000
5.509651 1.000000 0.000000
764.299377 0.000000
0.000000 0.000000 0.000000 0.000000
0.000000 1.439020
11 0.018443 1.125023 0.001000
0.487000 0.580000 0.780000 0.490000 1.250000 5.968800 0.650000 0.650000
230537.500000 100.000000 0.084000
1.073000 0.050000 0.116600
0.167894 0.089475 0.000498 0.000000
0.000000

0.001356 0.274273 2.241800
0.060209 0.006692 0.983167 5.586900 220.677734
0.000000 5.463578 0.018653 0.000000 0.000000 0.000000
0.000000 0.000000 0.000000
5.553158 1.000000 0.000000
764.299377 0.000000
0.000000 0.000000 0.000000 0.000000
0.000000 1.507984
11 0.018443 1.143466 0.001000
0.487000 0.580000 0.780000 0.490000 1.250000 5.968800 0.650000 0.650000
230537.500000 100.000000 0.084000
1.073000 0.050000 0.116600
0.167966 0.088998 0.000496 0.000000
0.000000

0.001248 0.252321 2.140140
0.059883 0.006656 0.978493 5.558321 220.695786
0.000000 6.099691 0.018852 0.000000 0.000000 0.000000
0.000000 0.000000 0.000000
5.596317 1.000000 0.000000
764.299377 0.000000
0.000000 0.000000 0.000000 0.000000
0.000000 1.954948
11 0.018443 1.161909 0.001000
0.487000 0.580000 0.780000 0.490000 1.250000 5.968800 0.650000 0.650000
230537.500000 100.000000 0.084000
1.073000 0.050000 0.116600
0.167998 0.089080 0.000496 0.000000
0.000000

0.001180 0.233712 2.044206
0.059569 0.006621 0.975012 5.529739 220.702423
0.000000 5.269848 0.019645 0.000000 0.000000 0.000000
0.000000 0.000000 0.000000
5.639151 1.000000 0.000000
764.299377 0.000000
0.000000 0.000000 0.000000 0.000000
0.000000 2.026749
11 0.018443 1.180352 0.001000
0.487000 0.580000 0.780000 0.490000 1.250000 5.968800 0.650000 0.650000
230537.500000 100.000000 0.084000
1.073000 0.050000 0.116600
0.168014 0.089070 0.000496 0.000000
0.000000

0.001153 0.218561 1.961276
0.059276 0.006588 0.973020 5.501490 220.712097
0.000000 5.038292 0.018408 0.000000 0.000000 0.000000
0.000000 0.000000 0.000000
5.681685 1.000000 0.000000
764.299377 0.000000
0.000000 0.000000 0.000000 0.000000
0.000000 2.227012
11 0.018443 1.198795 0.001000
0.487000 0.580000 0.780000 0.490000 1.250000 5.968800 0.650000 0.650000
230537.500000 100.000000 0.084000
1.073000 0.050000 0.116600
0.168037 0.089113 0.000496 0.000000
0.000000

0.001067 0.201335 1.877985
0.059026 0.006561 0.969717 5.479389 220.717377
0.000000 5.230461 0.018669 0.000000 0.000000 0.000000
0.000000 0.000000 0.000000
5.723940 1.000000 0.000000
764.299377 0.000000
0.000000 0.000000 0.000000 0.000000
0.000000 2.604512
11 0.018443 1.217238 0.001000
0.487000 0.580000 0.780000 0.490000 1.250000 5.968800 0.650000 0.650000
230537.500000 100.000000 0.084000
1.073000 0.050000 0.116600
0.168044 0.089097 0.000496 0.000000
0.000000

0.000981 0.185153 1.801438
0.058801 0.006536 0.966537 5.459797 220.722198
0.000000 5.579519 0.018978 0.000000 0.000000 0.000000
0.000000 0.000000 0.000000
5.765934 1.000000 0.000000
764.299377 0.000000
0.000000 0.000000 0.000000 0.000000
0.000000 3.053726
11 0.018443 1.235681 0.001000
0.487000 0.580000 0.780000 0.490000 1.250000 5.968800 0.650000 0.650000
230537.500000 100.000000 0.084000
1.073000 0.050000 0.116600
0.168052 0.089217 0.000497 0.000000
0.000000

0.000907 0.171155 1.738732
0.058599 0.006513 0.963896 5.441924 220.731705
0.000000 6.417192 0.018954 0.000000 0.000000 0.000000
0.000000 0.000000 0.000000
5.807685 1.000000 0.000000
764.299377 0.000000
0.000000 0.000000 0.000000 0.000000
0.000000 3.604806
11 0.018443 1.254124 0.001000
0.487000 0.580000 0.780000 0.490000 1.250000 5.968800 0.650000 0.650000
230537.500000 100.000000 0.084000
1.073000 0.050000 0.116600
0.168078 0.089227 0.000497 0.000000
0.000000

0.000832 0.158144 1.683099
0.058420 0.006493 0.961374 5.426323 220.739822
0.000000 3.781892 0.019216 0.000000 0.000000 0.000000
0.000000 0.000000 0.000000
5.849208 1.000000 0.000000
764.299377 0.000000
0.000000 0.000000 0.000000 0.000000
0.000000 4.379683
11 0.018443 1.272567 0.001000
0.487000 0.580000 0.780000 0.490000 1.250000 5.968800 0.650000 0.650000
230537.500000 100.000000 0.084000
1.073000 0.050000 0.116600
0.168110 0.089501 0.000498 0.000000
0.000000

0.001160 0.105679 1.206966
0.057339 0.006373 0.960617 5.318714 220.893265
0.000000 0.009473 0.021024 0.000000 0.000000 0.000000
0.000000 0.000015 0.000007
5.890516 1.000000 0.000000
764.299377 0.000000
0.000000 0.000000 0.000000 0.000000
0.000000 1.642421
11 0.018443 1.291010 0.001000
0.487000 0.580000 0.780000 0.490000 1.250000 5.968800 0.650000 0.650000
230537.500000 100.000000 0.084000
1.073000 0.050000 0.116600
0.168482 0.087911 0.000490 0.000000
0.000000

0.001061 0.097992 1.198487
0.057282 0.006367 0.959792 5.313683 220.897217
0.000000 0.009863 0.021123 0.000000 0.000000 0.000000
0.000000 0.000016 0.000006
5.931622 1.000000 0.000000
764.299377 0.000000
0.000000 0.000000 0.000000 0.000000
0.000000 1.639783
11 0.018443 1.309453 0.001000
0.487000 0.580000 0.780000 0.490000 1.250000 5.968800 0.650000 0.650000
230537.500000 100.000000 0.084000
1.073000 0.050000 0.116600
0.168483 0.087925 0.000490 0.000000
0.000000

0.000971 0.090976 1.190847
0.057229 0.006361 0.959045 5.309086 220.900742
0.000000 0.009954 0.021104 0.000000 0.000000 0.000000
0.000000 0.000016 0.000006
5.972534 1.000000 0.000000
764.299377 0.000000
0.000000 0.000000 0.000000 0.000000
0.000000 1.637320
11 0.018443 1.327896 0.001000
0.487000 0.580000 0.780000 0.490000 1.250000 5.968800 0.650000 0.650000
230537.500000 100.000000 0.084000
1.073000 0.050000 0.116600
0.168486 0.087944 0.000490 0.000000
0.000000

0.000888 0.084573 1.183975
0.057181 0.006356 0.958375 5.304916 220.905197
0.000000 0.010033 0.021089 0.000000 0.000000 0.000000
0.000000 0.000016 0.000007
6.013262 1.000000 0.000000
764.299377 0.000000
0.000000 0.000000 0.000000 0.000000
0.000000 1.635037
11 0.018443 1.346339 0.001000
0.487000 0.580000 0.780000 0.490000 1.250000 5.968800 0.650000 0.650000
230537.500000 100.000000 0.084000
1.073000 0.050000 0.116600
0.168491 0.087989 0.000490 0.000000
0.000000

0.000813 0.078731 1.177899
0.057138 0.006351 0.957775 5.301154 220.909332
0.000000 0.010116 0.021164 0.000000 0.000000 0.000000
0.000000 0.000016 0.000007
6.053813 1.000000 0.000000
764.299377 0.000000
0.000000 0.000000 0.000000 0.000000
0.000000 1.632926
11 0.018443 1.364782 0.001000
0.487000 0.580000 0.780000 0.490000 1.250000 5.968800 0.650000 0.650000
230537.500000 100.000000 0.084000
1.073000 0.050000 0.116600
0.168494 0.087951 0.000490 0.000000
0.000000

0.000743 0.073398 1.172351
0.057099 0.006347 0.957230 5.297690 220.912842
0.000000 0.010158 0.021121 0.000000 0.000000 0.000000
0.000000 0.000016 0.000007
6.094193 1.000000 0.000000
764.299377 0.000000
0.000000 0.000000 0.000000 0.000000
0.000000 1.630966
11 0.018443 1.383225 0.001000
0.487000 0.580000 0.780000 0.490000 1.250000 5.968800 0.650000 0.650000
230537.500000 100.000000 0.084000
1.073000 0.050000 0.116600
0.168495 0.087969 0.000490 0.000000
0.000000

0.000680 0.068532 1.167628
0.057064 0.006343 0.956752 5.294597 220.916733
0.000000 0.010187 0.021140 0.000000 0.000000 0.000000
0.000000 0.000016 0.000007
6.134408 1.000000 0.000000
764.299377 0.000000
0.000000 0.000000 0.000000 0.000000
0.000000 1.629163
11 0.018443 1.401668 0.001000
0.487000 0.580000 0.780000 0.490000 1.250000 5.968800 0.650000 0.650000
230537.500000 100.000000 0.084000
1.073000 0.050000 0.116600
0.168501 0.087977 0.000490 0.000000
0.000000

0.000622 0.064093 1.165830
0.057036 0.006340 0.956382 5.292110 220.920654
0.000000 0.010217 0.021161 0.000000 0.000000 0.000000
0.000000 0.000016 0.000007
6.174459 1.000000 0.000000
764.299377 0.000000
0.000000 0.000000 0.000000 0.000000
0.000000 1.627601
11 0.018443 1.420111 0.001000
0.487000 0.580000 0.780000 0.490000 1.250000 5.968800 0.650000 0.650000
230537.500000 100.000000 0.084000
1.073000 0.050000 0.116600
0.168512 0.087977 0.000490 0.000000
0.000000

0.000569 0.060043 1.161975
0.057007 0.006336 0.955995 5.289529 220.924316
0.000000 0.010227 0.021128 0.000000 0.000000 0.000000
0.000000 0.000016 0.000007
6.214352 1.000000 0.000000
764.299377 0.000000
0.000000 0.000000 0.000000 0.000000
0.000000 1.626041
11 0.018443 1.438554 0.001000
0.487000 0.580000 0.780000 0.490000 1.250000 5.968800 0.650000 0.650000
230537.500000 100.000000 0.084000
1.073000 0.050000 0.116600
0.168516 0.087967 0.000490 0.000000
0.000000

0.000521 0.056348 1.158595
0.056981 0.006333 0.955649 5.287193 220.927917
0.000000 0.010243 0.021097 0.000000 0.000000 0.000000
0.000000 0.000016 0.000007
6.254085 1.000000 0.000000
764.299377 0.000000
0.000000 0.000000 0.000000 0.000000
0.000000 1.624596
11 0.018443 1.456997 0.001000
0.487000 0.580000 0.780000 0.490000 1.250000 5.968800 0.650000 0.650000
230537.500000 100.000000 0.084000
1.073000 0.050000 0.116600
0.168520 0.087955 0.000490 0.000000
0.000000

0.000476 0.052978 1.155517
0.056957 0.006331 0.955341 5.285053 220.931396
0.000000 0.010252 0.021072 0.000000 0.000000 0.000000
0.000000 0.000016 0.000007
6.293659 1.000000 0.000000
764.299377 0.000000
0.000000 0.000000 0.000000 0.000000
0.000000 1.623248
11 0.018443 1.475440 0.001000
0.487000 0.580000 0.780000 0.490000 1.250000 5.968800 0.650000 0.650000
230537.500000 100.000000 0.084000
1.073000 0.050000 0.116600
0.168524 0.087970 0.000490 0.000000
0.000000

0.000436 0.049904 1.152810
0.056936 0.006328 0.955071 5.283134 220.934692
0.000000 0.010238 0.021090 0.000000 0.000000 0.000000
0.000000 0.000017 0.000007
6.333074 1.000000 0.000000
764.299377 0.000000
0.000000 0.000000 0.000000 0.000000
0.000000 1.621997
11 0.018443 1.493883 0.001000
0.487000 0.580000 0.780000 0.490000 1.250000 5.968800 0.650000 0.650000
230537.500000 100.000000 0.084000
1.073000 0.050000 0.116600
0.168526 0.087984 0.000490 0.000000
0.000000

0.000398 0.047100 1.150426
0.056917 0.006326 0.954829 5.281374 220.938690
0.000000 0.010198 0.020999 0.000000 0.000000 0.000000
0.000000 0.000017 0.000007
6.372328 1.000000 0.000000
764.299377 0.000000
0.000000 0.000000 0.000000 0.000000
0.000000 1.620835
11 0.018443 1.512326 0.001000
0.487000 0.580000 0.780000 0.490000 1.250000 5.968800 0.650000 0.650000
230537.500000 100.000000 0.084000
1.073000 0.050000 0.116600
0.168531 0.088001 0.000490 0.000000
0.000000

0.000364 0.044545 1.148344
0.056899 0.006324 0.954611 5.279752 220.942841
0.000000 0.010218 0.020998 0.000000 0.000000 0.000000
0.000000 0.000017 0.000007
6.411419 1.000000 0.000000
764.299377 0.000000
0.000000 0.000000 0.000000 0.000000
0.000000 1.619762
11 0.018443 1.530769 0.001000
0.487000 0.580000 0.780000 0.490000 1.250000 5.968800 0.650000 0.650000
230537.500000 100.000000 0.084000
1.073000 0.050000 0.116600
0.168534 0.088019 0.000490 0.000000
0.000000

0.000333 0.042214 1.146695
0.056883 0.006323 0.954425 5.278315 220.946472
0.000000 0.010179 0.020975 0.000000 0.000000 0.000000
0.000000 0.000017 0.000008
6.450345 1.000000 0.000000
764.299377 0.000000
0.000000 0.000000 0.000000 0.000000
0.000000 1.618768
11 0.018443 1.549212 0.001000
0.487000 0.580000 0.780000 0.490000 1.250000 5.968800 0.650000 0.650000
230537.500000 100.000000 0.084000
1.073000 0.050000 0.116600
0.168538 0.088007 0.000490 0.000000
0.000000

0.000305 0.040090 1.145359
0.056870 0.006321 0.954269 5.277051 220.950195
0.000000 0.010211 0.020967 0.000000 0.000000 0.000000
0.000000 0.000017 0.000008
6.489101 1.000000 0.000000
764.299377 0.000000
0.000000 0.000000 0.000000 0.000000
0.000000 1.617856
11 0.018443 1.567655 0.001000
0.487000 0.580000 0.780000 0.490000 1.250000 5.968800 0.650000 0.650000
230537.500000 100.000000 0.084000
1.073000 0.050000 0.116600
0.168541 0.087996 0.000490 0.000000
0.000000

0.000279 0.038153 1.144093
0.056857 0.006320 0.954125 5.275839 220.954285
0.000000 0.010179 0.020928 0.000000 0.000000 0.000000
0.000000 0.000017 0.000008
6.527684 1.000000 0.000000
764.299377 0.000000
0.000000 0.000000 0.000000 0.000000
0.000000 1.616996
11 0.018443 1.586098 0.001000
0.487000 0.580000 0.780000 0.490000 1.250000 5.968800 0.650000 0.650000
230537.500000 100.000000 0.084000
1.073000 0.050000 0.116600
0.168547 0.088011 0.000490 0.000000
0.000000

0.000255 0.036387 1.143039
0.056846 0.006318 0.954005 5.274771 220.958054
0.000000 0.010111 0.020884 0.000000 0.000000 0.000000
0.000000 0.000017 0.000008
6.566089 1.000000 0.000000
764.299377 0.000000
0.000000 0.000000 0.000000 0.000000
0.000000 1.616200
11 0.018443 1.604541 0.001000
0.487000 0.580000 0.780000 0.490000 1.250000 5.968800 0.650000 0.650000
230537.500000 100.000000 0.084000
1.073000 0.050000 0.116600
0.168550 0.088027 0.000490 0.000000
0.000000

0.000234 0.034780 1.142173
0.056836 0.006317 0.953900 5.273810 220.962265
0.000000 0.010039 0.020773 0.000000 0.000000 0.000000
0.000000 0.000017 0.000008
6.604311 1.000000 0.000000
764.299377 0.000000
0.000000 0.000000 0.000000 0.000000
0.000000 1.615467
11 0.018443 1.622984 0.001000
0.487000 0.580000 0.780000 0.490000 1.250000 5.968800 0.650000 0.650000
230537.500000 100.000000 0.084000
1.073000 0.050000 0.116600
0.168552 0.088044 0.000490 0.000000
0.000000

0.000214 0.033315 1.141477
0.056827 0.006316 0.953815 5.272935 220.966599
0.000000 0.009995 0.020705 0.000000 0.000000 0.000000
0.000000 0.000017 0.000008
6.642344 1.000000 0.000000
764.299377 0.000000
0.000000 0.000000 0.000000 0.000000
0.000000 1.614778
11 0.018443 1.641427 0.001000
0.487000 0.580000 0.780000 0.490000 1.250000 5.968800 0.650000 0.650000
230537.500000 100.000000 0.084000
1.073000 0.050000 0.116600
0.168557 0.088062 0.000490 0.000000
0.000000

0.000195 0.031981 1.141026
0.056819 0.006316 0.953744 5.272149 220.970383
0.000000 0.010000 0.020693 0.000000 0.000000 0.000000
0.000000 0.000017 0.000008
6.680182 1.000000 0.000000
764.299377 0.000000
0.000000 0.000000 0.000000 0.000000
0.000000 1.614159
11 0.018443 1.659870 0.001000
0.487000 0.580000 0.780000 0.490000 1.250000 5.968800 0.650000 0.650000
230537.500000 100.000000 0.084000
1.073000 0.050000 0.116600
0.168561 0.088054 0.000490 0.000000
0.000000

0.000179 0.030766 1.140732
0.056812 0.006315 0.953687 5.271430 220.974564
0.000000 0.009921 0.020638 0.000000 0.000000 0.000000
0.000000 0.000017 0.000008
6.717822 1.000000 0.000000
764.299377 0.000000
0.000000 0.000000 0.000000 0.000000
0.000000 1.613585
11 0.018443 1.678313 0.001000
0.487000 0.580000 0.780000 0.490000 1.250000 5.968800 0.650000 0.650000
230537.500000 100.000000 0.084000
1.073000 0.050000 0.116600
0.168565 0.088044 0.000490 0.000000
0.000000

0.000163 0.029661 1.140473
0.056806 0.006314 0.953644 5.270820 220.978699
0.000000 0.009840 0.020580 0.000000 0.000000 0.000000
0.000000 0.000017 0.000009
6.755256 1.000000 0.000000
764.299377 0.000000
0.000000 0.000000 0.000000 0.000000
0.000000 1.613049
11 0.018443 1.696756 0.001000
0.487000 0.580000 0.780000 0.490000 1.250000 5.968800 0.650000 0.650000
230537.500000 100.000000 0.084000
1.073000 0.050000 0.116600
0.168569 0.088059 0.000490 0.000000
0.000000

0.000149 0.028654 1.140330
0.056800 0.006314 0.953608 5.270226 220.982330
0.000000 0.009799 0.020520 0.000000 0.000000 0.000000
0.000000 0.000017 0.000009
6.792479 1.000000 0.000000
764.299377 0.000000
0.000000 0.000000 0.000000 0.000000
0.000000 1.612553
11 0.018443 1.715199 0.001000
0.487000 0.580000 0.780000 0.490000 1.250000 5.968800 0.650000 0.650000
230537.500000 100.000000 0.084000
1.073000 0.050000 0.116600
0.168572 0.088131 0.000491 0.000000
0.000000

0.000137 0.027738 1.140295
0.056796 0.006313 0.953580 5.269696 220.986145
0.000000 0.009765 0.020443 0.000000 0.000000 0.000000
0.000000 0.000017 0.000009
6.829484 1.000000 0.000000
764.299377 0.000000
0.000000 0.000000 0.000000 0.000000
0.000000 1.612110
11 0.018443 1.733642 0.001000
0.487000 0.580000 0.780000 0.490000 1.250000 5.968800 0.650000 0.650000
230537.500000 100.000000 0.084000
1.073000 0.050000 0.116600
0.168575 0.088098 0.000491 0.000000
0.000000

0.000125 0.026906 1.140359
0.056791 0.006313 0.953563 5.269229 220.990067
0.000000 0.009733 0.020407 0.000000 0.000000 0.000000
0.000000 0.000017 0.000009
6.866268 1.000000 0.000000
764.299377 0.000000
0.000000 0.000000 0.000000 0.000000
0.000000 1.611705
11 0.018443 1.752085 0.001000
0.487000 0.580000 0.780000 0.490000 1.250000 5.968800 0.650000 0.650000
230537.500000 100.000000 0.084000
1.073000 0.050000 0.116600
0.168580 0.088096 0.000491 0.000000
0.000000

0.000114 0.026149 1.147080
0.056799 0.006313 0.953723 5.269720 220.998047
0.000000 0.009595 0.020316 0.000000 0.000000 0.000000
0.000000 0.000017 0.000009
6.902822 1.000000 0.000000
764.299377 0.000000
0.000000 0.000000 0.000000 0.000000
0.000000 1.611633
11 0.018443 1.770528 0.001000
0.487000 0.580000 0.780000 0.490000 1.250000 5.968800 0.650000 0.650000
230537.500000 100.000000 0.084000
1.073000 0.050000 0.116600
0.168605 0.088036 0.000490 0.000000
0.000000

0.000105 0.025460 1.148051
0.056797 0.006313 0.953738 5.269431 221.002441
0.000000 0.009536 0.020303 0.000000 0.000000 0.000000
0.000000 0.000017 0.000009
6.939145 1.000000 0.000000
764.299377 0.000000
0.000000 0.000000 0.000000 0.000000
0.000000 1.611326
11 0.018443 1.788971 0.001000
0.487000 0.580000 0.780000 0.490000 1.250000 5.968800 0.650000 0.650000
230537.500000 100.000000 0.084000
1.073000 0.050000 0.116600
0.168611 0.088067 0.000490 0.000000
0.000000

0.000096 0.024835 1.148391
0.056794 0.006313 0.953741 5.269075 221.006439
0.000000 0.009467 0.020197 0.000000 0.000000 0.000000
0.000000 0.000017 0.000010
6.975230 1.000000 0.000000
764.299377 0.000000
0.000000 0.000000 0.000000 0.000000
0.000000 1.611018
11 0.018443 1.807414 0.001000
0.487000 0.580000 0.780000 0.490000 1.250000 5.968800 0.650000 0.650000
230537.500000 100.000000 0.084000
1.073000 0.050000 0.116600
0.168615 0.088139 0.000491 0.000000
0.000000

0.000087 0.024269 1.148787
0.056792 0.006313 0.953754 5.268774 221.010635
0.000000 0.009401 0.020117 0.000000 0.000000 0.000000
0.000000 0.000017 0.000010
7.011074 1.000000 0.000000
764.299377 0.000000
0.000000 0.000000 0.000000 0.000000
0.000000 1.610744
11 0.018443 1.825857 0.001000
0.487000 0.580000 0.780000 0.490000 1.250000 5.968800 0.650000 0.650000
230537.500000 100.000000 0.084000
1.073000 0.050000 0.116600
0.168618 0.088105 0.000491 0.000000
0.000000

0.000080 0.023753 1.149244
0.056790 0.006312 0.953772 5.268499 221.014420
0.000000 0.009381 0.020107 0.000000 0.000000 0.000000
0.000000 0.000017 0.000010
7.046670 1.000000 0.000000
764.299377 0.000000
0.000000 0.000000 0.000000 0.000000
0.000000 1.610500
11 0.018443 1.844300 0.001000
0.487000 0.580000 0.780000 0.490000 1.250000 5.968800 0.650000 0.650000
230537.500000 100.000000 0.084000
1.073000 0.050000 0.116600
0.168622 0.088121 0.000491 0.000000
0.000000

0.000073 0.023287 1.149836
0.056788 0.006312 0.953794 5.268266 221.018219
0.000000 0.009329 0.020056 0.000000 0.000000 0.000000
0.000000 0.000017 0.000010
7.082019 1.000000 0.000000
764.299377 0.000000
0.000000 0.000000 0.000000 0.000000
0.000000 1.610286
11 0.018443 1.862743 0.001000
0.487000 0.580000 0.780000 0.490000 1.250000 5.968800 0.650000 0.650000
230537.500000 100.000000 0.084000
1.073000 0.050000 0.116600
0.168627 0.088114 0.000491 0.000000
0.000000

0.000067 0.022864 1.150660
0.056787 0.006312 0.953829 5.268081 221.021957
0.000000 0.009280 0.020025 0.000000 0.000000 0.000000
0.000000 0.000017 0.000010
7.117115 1.000000 0.000000
764.299377 0.000000
0.000000 0.000000 0.000000 0.000000
0.000000 1.610103
11 0.018443 1.881186 0.001000
0.487000 0.580000 0.780000 0.490000 1.250000 5.968800 0.650000 0.650000
230537.500000 100.000000 0.084000
1.073000 0.050000 0.116600
0.168629 0.088103 0.000491 0.000000
0.000000

0.000061 0.022480 1.151261
0.056787 0.006312 0.953864 5.267910 221.025711
0.000000 0.009200 0.019872 0.000000 0.000000 0.000000
0.000000 0.000017 0.000010
7.151956 1.000000 0.000000
764.299377 0.000000
0.000000 0.000000 0.000000 0.000000
0.000000 1.609939
11 0.018443 1.899629 0.001000
0.487000 0.580000 0.780000 0.490000 1.250000 5.968800 0.650000 0.650000
230537.500000 100.000000 0.084000
1.073000 0.050000 0.116600
0.168636 0.088119 0.000491 0.000000
0.000000

0.000056 0.022134 1.151905
0.056786 0.006312 0.953897 5.267734 221.029556
0.000000 0.009178 0.019837 0.000000 0.000000 0.000000
0.000000 0.000017 0.000010
7.186540 1.000000 0.000000
764.299377 0.000000
0.000000 0.000000 0.000000 0.000000
0.000000 1.609799
11 0.018443 1.918072 0.001000
0.487000 0.580000 0.780000 0.490000 1.250000 5.968800 0.650000 0.650000
230537.500000 100.000000 0.084000
1.073000 0.050000 0.116600
0.168637 0.088135 0.000491 0.000000
0.000000

0.000051 0.021820 1.152580
0.056785 0.006312 0.953935 5.267577 221.033340
0.000000 0.009096 0.019758 0.000000 0.000000 0.000000
0.000000 0.000017 0.000010
7.220865 1.000000 0.000000
764.299377 0.000000
0.000000 0.000000 0.000000 0.000000
0.000000 1.609677
11 0.018443 1.936515 0.001000
0.487000 0.580000 0.780000 0.490000 1.250000 5.968800 0.650000 0.650000
230537.500000 100.000000 0.084000
1.073000 0.050000 0.116600
0.168642 0.088151 0.000491 0.000000
0.000000

0.000047 0.021538 1.153294
0.056785 0.006312 0.953976 5.267455 221.036591
0.000000 0.009066 0.019745 0.000000 0.000000 0.000000
0.000000 0.000017 0.000011
7.254932 1.000000 0.000000
764.299377 0.000000
0.000000 0.000000 0.000000 0.000000
0.000000 1.609582
11 0.018443 1.954958 0.001000
0.487000 0.580000 0.780000 0.490000 1.250000 5.968800 0.650000 0.650000
230537.500000 100.000000 0.084000
1.073000 0.050000 0.116600
0.168645 0.088185 0.000491 0.000000
0.000000

0.000043 0.021282 1.154771
0.056786 0.006312 0.954041 5.267447 221.041046
0.000000 0.009015 0.019650 0.000000 0.000000 0.000000
0.000000 0.000017 0.000011
7.288741 1.000000 0.000000
764.299377 0.000000
0.000000 0.000000 0.000000 0.000000
0.000000 1.609544
11 0.018443 1.973401 0.001000
0.487000 0.580000 0.780000 0.490000 1.250000 5.968800 0.650000 0.650000
230537.500000 100.000000 0.084000
1.073000 0.050000 0.116600
0.168652 0.088144 0.000491 0.000000
0.000000

0.000039 0.020152 1.152475
0.056773 0.006311 0.953877 5.266190 221.045441
0.000000 0.048151 0.022656 0.000000 0.000000 0.000000
0.000001 0.000011 0.000001
7.322292 1.000000 0.000000
764.299377 0.000000
0.000000 0.000000 0.000000 0.000000
0.000000 1.609048
11 0.018443 1.991844 0.001000
0.487000 0.580000 0.780000 0.490000 1.250000 5.968800 0.650000 0.650000
230537.500000 100.000000 0.084000
1.073000 0.050000 0.116600
0.168656 0.088215 0.000491 0.000000
0.000000
1.000000
2.000000
0.321000 0.000000
0.000000
0
-1.032808
0 0
0.000000
1
0.000000
1.000000
1.000000
1.000000
0.000000 0.000000 0.000000
0.000000 0.000000
0.000000 0.000000 0.000000 0.000000 0.000000 0.000000 0.000000
0.000000 0.000000 0.000000 0.000000 0.000000 0.000000 0.000000
199
2.000000
1
C:\Input\Ohio1.spf
-1.000000 -1.000000
0.000000
56
56
8.533802
