11
Clay
0.580000 0.612000 0.084000 0.780000 0.530000 1.000000 0.000000 0.000000
1.020000 5.968800 1 0.028600 0.500000 0.050000 0.010000 0.027000 0.963000
0.000000 0.018443 2.000000 188122.468750 100.000000 108
0.173500 2.523000 3.647700 0.000000 1
5.212900 5.212900 6.915800 5.000000 25.000000 100.000000
0.000000 0.000000 0.000000 0.000000 0.000000 0.000000
500.000000 0.000000 0.000000

0.000000 0.542620 20.107161
1.237561 0.266539 9.207454 109.044693 4450.847656
0.000000 0.000000 0.020460 1.058406 0.000000 0.000000
0.000012 0.000006 0.000336
1.639679 0.761262 0.000000
764.299377 0.000000
0.381301 0.000000 0.000000 0.000000
0.000000 0.053373
11 0.018443 0.018443 0.028600
0.612000 0.580000 0.780000 0.530000 1.020000 5.968800 0.780000 0.780000
188122.468750 100.000000 0.084000
1.073000 0.050000 0.116600
3.337154 1.637202 0.010820 0.000000
0.000000

0.000000 0.635712 20.108250
1.252044 0.268991 9.545239 109.928703 4481.206543
0.000000 0.000000 0.011694 0.596139 0.000000 0.000000
0.000018 0.000008 0.000490
1.695544 0.761262 0.000000
764.299377 0.000000
0.400065 0.000000 0.000000 0.000000
0.000000 0.066115
11 0.018443 0.036887 0.028600
0.612000 0.580000 0.780000 0.530000 1.020000 5.968800 0.780000 0.780000
188122.468750 100.000000 0.084000
1.073000 0.050000 0.116600
3.363418 1.679374 0.011103 0.000000
0.000000

0.000000 0.684032 20.061323
1.244881 0.261179 9.683082 109.988182 4481.274414
0.000000 0.000000 0.005917 0.301275 0.000000 0.000000
0.000017 0.000010 0.000458
1.751001 0.761262 0.000000
764.299377 0.000000
0.327676 0.000000 0.000000 0.000000
0.000000 0.071452
11 0.018443 0.055330 0.028600
0.612000 0.580000 0.780000 0.530000 1.020000 5.968800 0.780000 0.780000
188122.468750 100.000000 0.084000
1.073000 0.050000 0.116600
3.365202 1.699135 0.011235 0.000000
0.000000

0.000000 0.691469 20.057215
1.256238 0.272628 9.761648 109.994797 4481.319336
0.000000 0.000000 0.003154 0.152695 0.000000 0.000000
0.000018 0.000011 0.000435
1.805853 0.761262 0.000000
764.299377 0.000000
0.309440 0.000000 0.000000 0.000000
0.000000 0.070164
11 0.018443 0.073774 0.028600
0.612000 0.580000 0.780000 0.530000 1.020000 5.968800 0.780000 0.780000
188122.468750 100.000000 0.084000
1.073000 0.050000 0.116600
3.366240 1.711049 0.011315 0.000000
0.000000

0.000000 0.707443 20.080151
1.275723 0.292337 9.802383 109.989822 4481.350586
0.000000 0.000000 0.002400 0.076760 0.000000 0.000000
0.000017 0.000011 0.000403
1.859908 0.761262 0.000000
764.299377 0.000000
0.264265 0.000000 0.000000 0.000000
0.000000 0.069777
11 0.018443 0.092217 0.028600
0.612000 0.580000 0.780000 0.530000 1.020000 5.968800 0.780000 0.780000
188122.468750 100.000000 0.084000
1.073000 0.050000 0.116600
3.366782 1.719382 0.011371 0.000000
0.000000

0.000000 0.718674 22.308765
1.296583 0.316223 9.827953 109.934578 4481.364746
0.000000 0.000000 0.002413 0.038380 0.000000 0.000000
0.000017 0.000012 0.000367
1.912986 0.761262 0.000000
764.299377 0.000000
0.208702 0.000000 0.000000 0.000000
0.000000 0.071186
11 0.018443 0.110660 0.028600
0.612000 0.580000 0.780000 0.530000 1.020000 5.968800 0.780000 0.780000
188122.468750 100.000000 0.084000
1.073000 0.050000 0.116600
3.367184 1.722144 0.011389 0.000000
0.000000

0.000000 0.735366 22.338043
1.325990 0.344941 9.864004 109.930054 4481.379883
0.000000 0.000000 0.002528 0.019190 0.000000 0.000000
0.000017 0.000005 0.000179
1.968560 0.629334 0.000000
764.299377 0.000000
0.144128 0.000000 0.000000 0.000000
0.000000 0.077580
11 0.018443 0.129104 0.018000
0.547000 0.580000 0.780000 0.490000 1.150000 5.968800 0.650000 0.650000
212098.859375 100.000000 0.084000
1.073000 0.050000 0.116600
3.367663 1.752786 0.007588 0.000000
0.000000

0.000000 0.725635 22.326080
1.349884 0.369157 9.856565 109.950958 4481.391113
0.000000 0.000000 0.002621 0.009595 0.000000 0.000000
0.000017 0.000006 0.000154
2.027060 0.629334 0.000000
764.299377 0.000000
0.076297 0.000000 0.000000 0.000000
0.000000 0.083305
11 0.018443 0.147547 0.018000
0.547000 0.580000 0.780000 0.490000 1.150000 5.968800 0.650000 0.650000
212098.859375 100.000000 0.084000
1.073000 0.050000 0.116600
3.367535 1.754531 0.007596 0.000000
0.000000

0.000000 1.015965 22.356773
1.366058 0.385796 9.904335 110.007904 4481.408203
0.000000 0.000000 0.002572 0.004797 0.000000 0.000000
0.000016 0.000006 0.000144
2.084136 0.629334 0.000000
764.299377 0.000000
0.022081 0.000000 0.000000 0.000000
0.000000 0.089263
11 0.018443 0.165990 0.018000
0.547000 0.580000 0.780000 0.490000 1.150000 5.968800 0.650000 0.650000
212098.859375 100.000000 0.084000
1.073000 0.050000 0.116600
3.368093 1.752934 0.007589 0.000000
0.000000

0.000000 1.272084 22.610682
1.389357 0.389169 10.255305 109.903709 4481.581543
0.000000 0.001043 0.003984 0.002399 0.000000 0.000000
0.000016 0.000006 0.000139
2.139642 0.629334 0.000000
764.299377 0.000000
0.000000 0.000000 0.000000 0.000000
0.000000 0.131694
11 0.018443 0.184434 0.018000
0.547000 0.580000 0.780000 0.490000 1.150000 5.968800 0.650000 0.650000
212098.859375 100.000000 0.084000
1.073000 0.050000 0.116600
3.372740 1.738638 0.007526 0.000000
0.000000

0.000000 7.171180 24.470617
1.359361 0.368924 13.087237 107.714439 4482.144531
0.000000 0.001385 0.000890 0.001199 0.000000 0.000000
0.000010 0.000006 0.000137
2.193222 0.650000 0.000000
764.299377 0.000000
0.000000 0.000000 0.000000 0.000000
0.000000 0.089520
11 0.018443 0.202877 0.018000
0.547000 0.580000 0.780000 0.490000 1.150000 5.968800 0.650000 0.650000
212098.859375 100.000000 0.084000
1.073000 0.050000 0.116600
3.407433 1.697668 0.007585 0.000000
0.000000

0.000000 0.000000 16.385937
0.593331 0.157132 7.772675 45.637672 1915.458374
0.000000 0.028886 0.008843 0.000600 0.000000 0.000000
0.000007 0.000029 0.000013
2.245200 0.650000 0.000000
764.299377 0.000000
0.000000 0.000000 0.000000 0.000000
0.000000 0.088956
11 0.018443 0.221321 0.009000
0.527000 0.580000 0.780000 0.490000 1.200000 5.968800 0.650000 0.650000
221320.562500 100.000000 0.084000
1.073000 0.050000 0.116600
1.474468 0.840745 0.003447 0.000000
0.000000

0.000000 0.000000 16.411989
0.588347 0.152190 7.779869 45.638195 1915.487671
0.000000 0.043182 0.008689 0.000300 0.000000 0.000000
0.000007 0.000031 0.000010
2.295659 0.650000 0.000000
764.299377 0.000000
0.000000 0.000000 0.000000 0.000000
0.000000 0.106918
11 0.018443 0.239764 0.009000
0.527000 0.580000 0.780000 0.490000 1.200000 5.968800 0.650000 0.650000
221320.562500 100.000000 0.084000
1.073000 0.050000 0.116600
1.474517 0.803557 0.003294 0.000000
0.000000

0.000000 0.000000 16.435987
0.582034 0.145889 7.786961 45.641682 1915.515015
0.000000 0.049635 0.008511 0.000150 0.000000 0.000000
0.000007 0.000030 0.000009
2.344078 0.650000 0.000000
764.299377 0.000000
0.000000 0.000000 0.000000 0.000000
0.000000 0.131473
11 0.018443 0.258207 0.009000
0.527000 0.580000 0.780000 0.490000 1.200000 5.968800 0.650000 0.650000
221320.562500 100.000000 0.084000
1.073000 0.050000 0.116600
1.474566 0.778815 0.003192 0.000000
0.000000

0.000000 0.000000 16.457386
0.569631 0.133391 7.795300 45.656269 1915.540771
0.000000 0.054060 0.008334 0.000075 0.000000 0.000000
0.000006 0.000028 0.000007
2.390400 0.650000 0.000000
764.299377 0.000000
0.000000 0.000000 0.000000 0.000000
0.000000 0.160374
11 0.018443 0.276651 0.009000
0.527000 0.580000 0.780000 0.490000 1.200000 5.968800 0.650000 0.650000
221320.562500 100.000000 0.084000
1.073000 0.050000 0.116600
1.474608 0.761973 0.003123 0.000000
0.000000

0.000000 0.000000 16.468124
0.563091 0.126840 7.799563 45.664207 1915.570435
0.000000 0.057576 0.007752 0.000037 0.000000 0.000000
0.000006 0.000026 0.000006
2.434593 0.650000 0.000000
764.299377 0.000000
0.000000 0.000000 0.000000 0.000000
0.000000 0.192909
11 0.018443 0.295094 0.009000
0.527000 0.580000 0.780000 0.490000 1.200000 5.968800 0.650000 0.650000
221320.562500 100.000000 0.084000
1.073000 0.050000 0.116600
1.474629 0.750156 0.003074 0.000000
0.000000

0.000000 0.000000 16.470224
0.556445 0.120172 7.801955 45.675041 1915.587036
0.000000 0.062171 0.007334 0.000019 0.000000 0.000000
0.000006 0.000024 0.000006
2.476645 0.650000 0.000000
764.299377 0.000000
0.000000 0.000000 0.000000 0.000000
0.000000 0.229276
11 0.018443 0.313537 0.009000
0.527000 0.580000 0.780000 0.490000 1.200000 5.968800 0.650000 0.650000
221320.562500 100.000000 0.084000
1.073000 0.050000 0.116600
1.474631 0.742007 0.003040 0.000000
0.000000

0.000000 0.000000 12.592963
0.419755 0.086470 5.963921 34.896183 1463.306396
0.000000 0.070749 0.007211 0.000009 0.000000 0.000000
0.000004 0.000012 0.000003
2.517094 0.650000 0.000000
764.299377 0.000000
0.000000 0.000000 0.000000 0.000000
0.000000 0.268596
11 0.018443 0.331981 0.006600
0.497000 0.580000 0.780000 0.490000 1.250000 5.968800 0.650000 0.650000
230542.250000 100.000000 0.084000
1.073000 0.050000 0.116600
1.126480 0.589278 0.002184 0.000000
0.000000

0.000000 0.000000 12.604301
0.413883 0.080566 5.968133 34.902679 1463.327393
0.000000 0.083231 0.006623 0.000005 0.000000 0.000000
0.000004 0.000010 0.000003
2.555933 0.650000 0.000000
764.299377 0.000000
0.000000 0.000000 0.000000 0.000000
0.000000 0.314639
11 0.018443 0.350424 0.006600
0.497000 0.580000 0.780000 0.490000 1.250000 5.968800 0.650000 0.650000
230542.250000 100.000000 0.084000
1.073000 0.050000 0.116600
1.126504 0.579172 0.002146 0.000000
0.000000

0.000000 0.000000 12.613314
0.408719 0.075376 5.971610 34.908688 1463.339844
0.000000 0.100594 0.006068 0.000002 0.000000 0.000000
0.000003 0.000009 0.000003
2.592662 0.650000 0.000000
764.299377 0.000000
0.000000 0.000000 0.000000 0.000000
0.000000 0.366859
11 0.018443 0.368868 0.006600
0.497000 0.580000 0.780000 0.490000 1.250000 5.968800 0.650000 0.650000
230542.250000 100.000000 0.084000
1.073000 0.050000 0.116600
1.126519 0.572438 0.002121 0.000000
0.000000

0.000000 0.000000 12.622916
0.403515 0.070139 5.975234 34.914764 1463.352783
0.000000 0.124860 0.005403 0.000001 0.000000 0.000000
0.000003 0.000008 0.000003
2.627347 0.650000 0.000000
764.299377 0.000000
0.000000 0.000000 0.000000 0.000000
0.000000 0.425224
11 0.018443 0.387311 0.006600
0.497000 0.580000 0.780000 0.490000 1.250000 5.968800 0.650000 0.650000
230542.250000 100.000000 0.084000
1.073000 0.050000 0.116600
1.126538 0.567343 0.002102 0.000000
0.000000

0.000000 0.000000 12.631422
0.398271 0.064858 5.978638 34.921227 1463.370972
0.000000 0.157271 0.004685 0.000001 0.000000 0.000000
0.000002 0.000007 0.000004
2.660071 0.650000 0.000000
764.299377 0.000000
0.000000 0.000000 0.000000 0.000000
0.000000 0.488901
11 0.018443 0.405754 0.006600
0.497000 0.580000 0.780000 0.490000 1.250000 5.968800 0.650000 0.650000
230542.250000 100.000000 0.084000
1.073000 0.050000 0.116600
1.126553 0.563661 0.002088 0.000000
0.000000

0.000000 0.000000 6.319545
0.196365 0.029635 2.990969 17.464161 731.686584
0.000000 0.198810 0.003304 0.000000 0.000000 0.000000
0.000001 0.000002 0.000002
2.691077 0.650000 0.000000
764.299377 0.000000
0.000000 0.000000 0.000000 0.000000
0.000000 0.553762
11 0.018443 0.424198 0.003300
0.487000 0.580000 0.780000 0.490000 1.250000 5.968800 0.650000 0.650000
230542.250000 100.000000 0.084000
1.073000 0.050000 0.116600
0.563284 0.308939 0.001120 0.000000
0.000000

0.000000 0.000000 6.322459
0.194324 0.027582 2.992211 17.466801 731.695129
0.000000 0.246889 0.002775 0.000000 0.000000 0.000000
0.000001 0.000002 0.000002
2.720492 0.650000 0.000000
764.299377 0.000000
0.000000 0.000000 0.000000 0.000000
0.000000 0.621408
11 0.018443 0.442641 0.003300
0.487000 0.580000 0.780000 0.490000 1.250000 5.968800 0.650000 0.650000
230542.250000 100.000000 0.084000
1.073000 0.050000 0.116600
0.563291 0.299225 0.001085 0.000000
0.000000

0.000000 0.000000 6.325312
0.192743 0.025990 2.993296 17.468637 731.697083
0.000000 0.298206 0.002403 0.000000 0.000000 0.000000
0.000001 0.000002 0.000002
2.748296 0.650000 0.000000
764.299377 0.000000
0.000000 0.000000 0.000000 0.000000
0.000000 0.686403
11 0.018443 0.461084 0.003300
0.487000 0.580000 0.780000 0.490000 1.250000 5.968800 0.650000 0.650000
230542.250000 100.000000 0.084000
1.073000 0.050000 0.116600
0.563299 0.292870 0.001061 0.000000
0.000000

0.000000 0.000000 6.327077
0.191143 0.024372 2.994150 17.470800 731.704956
0.000000 0.349566 0.002019 0.000000 0.000000 0.000000
0.000000 0.000002 0.000002
2.774628 0.650000 0.000000
764.299377 0.000000
0.000000 0.000000 0.000000 0.000000
0.000000 0.744694
11 0.018443 0.479528 0.003300
0.487000 0.580000 0.780000 0.490000 1.250000 5.968800 0.650000 0.650000
230542.250000 100.000000 0.084000
1.073000 0.050000 0.116600
0.563300 0.288484 0.001046 0.000000
0.000000

0.000000 0.000000 6.329691
0.189416 0.022622 2.995234 17.473083 731.706421
0.000000 0.396803 0.001626 0.000000 0.000000 0.000000
0.000000 0.000001 0.000001
2.799631 0.650000 0.000000
764.299377 0.000000
0.000000 0.000000 0.000000 0.000000
0.000000 0.792458
11 0.018443 0.497971 0.003300
0.487000 0.580000 0.780000 0.490000 1.250000 5.968800 0.650000 0.650000
230542.250000 100.000000 0.084000
1.073000 0.050000 0.116600
0.563302 0.285369 0.001034 0.000000
0.000000

0.000000 0.000000 6.331735
0.187682 0.020865 2.996186 17.475344 731.715088
0.000000 0.435523 0.001356 0.000000 0.000000 0.000000
0.000000 0.000001 0.000000
2.823456 0.650000 0.000000
764.299377 0.000000
0.000000 0.000000 0.000000 0.000000
0.000000 0.826574
11 0.018443 0.516415 0.003300
0.487000 0.580000 0.780000 0.490000 1.250000 5.968800 0.650000 0.650000
230542.250000 100.000000 0.084000
1.073000 0.050000 0.116600
0.563307 0.283185 0.001026 0.000000
0.000000

0.000000 0.000000 1.919021
0.056873 0.006323 0.908005 5.295447 221.732590
0.000000 0.461617 0.001800 0.000000 0.000000 0.000000
0.000000 0.000000 0.000000
2.846261 0.650000 0.000000
764.299377 0.000000
0.000000 0.000000 0.000000 0.000000
0.000000 0.843492
11 0.018443 0.534858 0.001000
0.487000 0.580000 0.780000 0.490000 1.250000 5.968800 0.650000 0.650000
230542.250000 100.000000 0.084000
1.073000 0.050000 0.116600
0.170701 0.105155 0.000381 0.000000
0.000000

0.000000 0.000000 1.919558
0.056873 0.006323 0.908122 5.295293 221.732895
0.000000 0.472695 0.001826 0.000000 0.000000 0.000000
0.000000 0.000000 0.000000
2.868207 0.650000 0.000000
764.299377 0.000000
0.000000 0.000000 0.000000 0.000000
0.000000 0.845327
11 0.018443 0.553301 0.001000
0.487000 0.580000 0.780000 0.490000 1.250000 5.968800 0.650000 0.650000
230542.250000 100.000000 0.084000
1.073000 0.050000 0.116600
0.170702 0.098578 0.000357 0.000000
0.000000

0.000000 0.000000 1.920296
0.056873 0.006323 0.908283 5.295049 221.734482
0.000000 0.468038 0.001860 0.000000 0.000000 0.000000
0.000000 0.000000 0.000000
2.889455 0.650000 0.000000
764.299377 0.000000
0.000000 0.000000 0.000000 0.000000
0.000000 0.831343
11 0.018443 0.571745 0.001000
0.487000 0.580000 0.780000 0.490000 1.250000 5.968800 0.650000 0.650000
230542.250000 100.000000 0.084000
1.073000 0.050000 0.116600
0.170703 0.094162 0.000341 0.000000
0.000000

0.000000 0.000000 1.920883
0.056874 0.006323 0.908412 5.294878 221.735214
0.000000 0.448572 0.001900 0.000000 0.000000 0.000000
0.000000 0.000000 0.000000
2.910169 0.650000 0.000000
764.299377 0.000000
0.000000 0.000000 0.000000 0.000000
0.000000 0.803106
11 0.018443 0.590188 0.001000
0.487000 0.580000 0.780000 0.490000 1.250000 5.968800 0.650000 0.650000
230542.250000 100.000000 0.084000
1.073000 0.050000 0.116600
0.170703 0.091066 0.000330 0.000000
0.000000

0.000000 0.000000 1.921425
0.056876 0.006323 0.908530 5.294713 221.735397
0.000000 0.416636 0.001910 0.000000 0.000000 0.000000
0.000000 0.000000 0.000000
2.930509 0.650000 0.000000
764.299377 0.000000
0.000000 0.000000 0.000000 0.000000
0.000000 0.763031
11 0.018443 0.608632 0.001000
0.487000 0.580000 0.780000 0.490000 1.250000 5.968800 0.650000 0.650000
230542.250000 100.000000 0.084000
1.073000 0.050000 0.116600
0.170705 0.088850 0.000322 0.000000
0.000000

0.000000 0.000000 1.921862
0.056879 0.006323 0.908623 5.294586 221.737427
0.000000 0.375540 0.001922 0.000000 0.000000 0.000000
0.000000 0.000000 0.000000
2.950636 0.650000 0.000000
764.299377 0.000000
0.000000 0.000000 0.000000 0.000000
0.000000 0.714018
11 0.018443 0.627075 0.001000
0.487000 0.580000 0.780000 0.490000 1.250000 5.968800 0.650000 0.650000
230542.250000 100.000000 0.084000
1.073000 0.050000 0.116600
0.170707 0.087246 0.000316 0.000000
0.000000

0.000000 0.000000 1.921911
0.056882 0.006324 0.908635 5.294560 221.737564
0.000000 0.426849 0.001926 0.000000 0.000000 0.000000
0.000000 0.000000 0.000000
2.970704 0.650000 0.000000
764.299377 0.000000
0.000000 0.000000 0.000000 0.000000
0.000000 0.659097
11 0.018443 0.645518 0.001000
0.487000 0.580000 0.780000 0.490000 1.250000 5.968800 0.650000 0.650000
230542.250000 100.000000 0.084000
1.073000 0.050000 0.116600
0.170706 0.086113 0.000312 0.000000
0.000000

0.000000 0.000000 1.921859
0.056886 0.006324 0.908621 5.294577 221.739487
0.000000 0.731534 0.001881 0.000000 0.000000 0.000000
0.000000 0.000000 0.000000
2.990865 0.650000 0.000000
764.299377 0.000000
0.000000 0.000000 0.000000 0.000000
0.000000 0.796238
11 0.018443 0.663962 0.001000
0.487000 0.580000 0.780000 0.490000 1.250000 5.968800 0.650000 0.650000
230542.250000 100.000000 0.084000
1.073000 0.050000 0.116600
0.170706 0.085461 0.000309 0.000000
0.000000

0.000000 0.000000 1.921959
0.056854 0.006320 0.908650 5.294579 221.739670
0.000000 1.201774 0.001874 0.000000 0.000000 0.000000
0.000000 0.000000 0.000000
3.011265 0.650000 0.000000
764.299377 0.000000
0.000000 0.000000 0.000000 0.000000
0.000000 1.325074
11 0.018443 0.682405 0.001000
0.487000 0.580000 0.780000 0.490000 1.250000 5.968800 0.650000 0.650000
230542.250000 100.000000 0.084000
1.073000 0.050000 0.116600
0.170707 0.085359 0.000309 0.000000
0.000000

0.000000 0.000000 1.922376
0.056826 0.006317 0.908744 5.294473 221.739853
0.000000 0.986452 0.002006 0.000000 0.000000 0.000000
0.000000 0.000000 0.000000
3.032043 0.650000 0.000000
764.299377 0.000000
0.000000 0.000000 0.000000 0.000000
0.000000 1.057814
11 0.018443 0.700849 0.001000
0.487000 0.580000 0.780000 0.490000 1.250000 5.968800 0.650000 0.650000
230542.250000 100.000000 0.084000
1.073000 0.050000 0.116600
0.170707 0.085072 0.000308 0.000000
0.000000

0.000000 0.000000 1.922849
0.056759 0.006309 0.908858 5.294383 221.741806
0.000000 0.927270 0.002345 0.000000 0.000000 0.000000
0.000000 0.000000 0.000000
3.051333 0.650000 0.000000
764.299377 0.000000
0.000000 0.000000 0.000000 0.000000
0.000000 0.902745
11 0.018443 0.719292 0.001000
0.487000 0.580000 0.780000 0.490000 1.250000 5.968800 0.650000 0.650000
230542.250000 100.000000 0.084000
1.073000 0.050000 0.116600
0.170708 0.085335 0.000309 0.000000
0.000000

0.000000 0.000000 1.923675
0.056749 0.006308 0.909039 5.294137 221.742371
0.000000 0.866099 0.002616 0.000000 0.000000 0.000000
0.000000 0.000000 0.000000
3.069553 0.650000 0.000000
764.299377 0.000000
0.000000 0.000000 0.000000 0.000000
0.000000 0.769925
11 0.018443 0.737735 0.001000
0.487000 0.580000 0.780000 0.490000 1.250000 5.968800 0.650000 0.650000
230542.250000 100.000000 0.084000
1.073000 0.050000 0.116600
0.170710 0.085283 0.000309 0.000000
0.000000

0.000000 0.000000 1.924737
0.056643 0.006295 0.909288 5.293917 221.743423
0.000000 0.806220 0.002800 0.000000 0.000000 0.000000
0.000000 0.000000 0.000000
3.088475 0.943880 0.000000
764.299377 0.000000
0.000000 0.000000 0.000000 0.000000
0.000000 0.606886
11 0.018443 0.756179 0.001000
0.487000 0.580000 0.780000 0.490000 1.250000 5.968800 0.650000 0.650000
230542.250000 100.000000 0.084000
1.073000 0.050000 0.116600
0.170711 0.085202 0.000448 0.000000
0.000000

0.000000 0.000000 1.925638
0.056599 0.006290 0.909492 5.293670 221.745972
0.000000 1.078643 0.003045 0.000000 0.000000 0.000000
0.000000 0.000000 0.000000
3.108310 1.000000 0.000000
764.299377 0.000000
0.000000 0.000000 0.000000 0.000000
0.000000 0.563013
11 0.018443 0.774622 0.001000
0.487000 0.580000 0.780000 0.490000 1.250000 5.968800 0.650000 0.650000
230542.250000 100.000000 0.084000
1.073000 0.050000 0.116600
0.170714 0.086180 0.000480 0.000000
0.000000

0.000000 0.000000 1.929360
0.056599 0.006290 0.910300 5.292543 221.747849
0.000000 2.579591 0.003296 0.000000 0.000000 0.000000
0.000000 0.000000 0.000000
3.129143 1.000000 0.000000
764.299377 0.000000
0.000000 0.000000 0.000000 0.000000
0.000000 0.819121
11 0.018443 0.793066 0.001000
0.487000 0.580000 0.780000 0.490000 1.250000 5.968800 0.650000 0.650000
230542.250000 100.000000 0.084000
1.073000 0.050000 0.116600
0.170720 0.087501 0.000487 0.000000
0.000000

0.000000 0.000000 1.934417
0.056598 0.006290 0.911399 5.290963 221.751617
0.000000 5.037337 0.003864 0.000000 0.000000 0.000000
0.000000 0.000000 0.000000
3.151048 1.000000 0.000000
764.299377 0.000000
0.000000 0.000000 0.000000 0.000000
0.000000 1.766018
11 0.018443 0.811509 0.001000
0.487000 0.580000 0.780000 0.490000 1.250000 5.968800 0.650000 0.650000
230542.250000 100.000000 0.084000
1.073000 0.050000 0.116600
0.170731 0.087412 0.000487 0.000000
0.000000

0.000000 0.000000 1.943717
0.056594 0.006290 0.913412 5.288111 221.758881
0.000000 3.596118 0.005106 0.000000 0.000000 0.000000
0.000000 0.000000 0.000000
3.174086 1.000000 0.000000
764.299377 0.000000
0.000000 0.000000 0.000000 0.000000
0.000000 1.270726
11 0.018443 0.829952 0.001000
0.487000 0.580000 0.780000 0.490000 1.250000 5.968800 0.650000 0.650000
230542.250000 100.000000 0.084000
1.073000 0.050000 0.116600
0.170749 0.087161 0.000485 0.000000
0.000000

0.000000 0.000000 1.961174
0.056584 0.006289 0.917171 5.282731 221.771988
0.000000 5.377612 0.005638 0.000000 0.000000 0.000000
0.000000 0.000000 0.000000
3.198310 1.000000 0.000000
764.299377 0.000000
0.000000 0.000000 0.000000 0.000000
0.000000 2.489332
11 0.018443 0.848396 0.001000
0.487000 0.580000 0.780000 0.490000 1.250000 5.968800 0.650000 0.650000
230542.250000 100.000000 0.084000
1.073000 0.050000 0.116600
0.170783 0.087710 0.000488 0.000000
0.000000

0.000000 0.000000 2.083736
0.056490 0.006278 0.942799 5.244948 221.868378
0.000000 0.420384 0.009445 0.000000 0.000000 0.000000
0.000000 0.000000 0.000000
3.223759 1.000000 0.000000
764.299377 0.000000
0.000000 0.000000 0.000000 0.000000
0.000000 0.251108
11 0.018443 0.866839 0.001000
0.487000 0.580000 0.780000 0.490000 1.250000 5.968800 0.650000 0.650000
230542.250000 100.000000 0.084000
1.073000 0.050000 0.116600
0.171013 0.085128 0.000474 0.000000
0.000000

0.000000 0.000000 2.089816
0.056487 0.006278 0.944034 5.243056 221.873169
0.000000 0.036666 0.007944 0.000000 0.000000 0.000000
0.000000 0.000004 0.000000
3.250465 1.000000 0.000000
764.299377 0.000000
0.000000 0.000000 0.000000 0.000000
0.000000 0.240324
11 0.018443 0.885283 0.001000
0.487000 0.580000 0.780000 0.490000 1.250000 5.968800 0.650000 0.650000
230542.250000 100.000000 0.084000
1.073000 0.050000 0.116600
0.171024 0.085099 0.000474 0.000000
0.000000

0.000000 0.000000 2.091470
0.056489 0.006278 0.944369 5.242539 221.873703
0.000000 0.014770 0.007555 0.000000 0.000000 0.000000
0.000000 0.000007 0.000001
3.278448 1.000000 0.000000
764.299377 0.000000
0.000000 0.000000 0.000000 0.000000
0.000000 0.237764
11 0.018443 0.903726 0.001000
0.487000 0.580000 0.780000 0.490000 1.250000 5.968800 0.650000 0.650000
230542.250000 100.000000 0.084000
1.073000 0.050000 0.116600
0.171027 0.085136 0.000474 0.000000
0.000000

0.000000 0.000000 2.091692
0.056492 0.006279 0.944414 5.242468 221.874146
0.000000 0.014528 0.007570 0.000000 0.000000 0.000000
0.000000 0.000008 0.000001
3.307718 1.000000 0.000000
764.299377 0.000000
0.000000 0.000000 0.000000 0.000000
0.000000 0.236848
11 0.018443 0.922170 0.001000
0.487000 0.580000 0.780000 0.490000 1.250000 5.968800 0.650000 0.650000
230542.250000 100.000000 0.084000
1.073000 0.050000 0.116600
0.171027 0.085211 0.000475 0.000000
0.000000

0.000000 0.000000 2.091734
0.056495 0.006279 0.944422 5.242448 221.874756
0.000000 0.014742 0.007586 0.000000 0.000000 0.000000
0.000000 0.000008 0.000001
3.338277 1.000000 0.000000
764.299377 0.000000
0.000000 0.000000 0.000000 0.000000
0.000000 0.235088
11 0.018443 0.940613 0.001000
0.487000 0.580000 0.780000 0.490000 1.250000 5.968800 0.650000 0.650000
230542.250000 100.000000 0.084000
1.073000 0.050000 0.116600
0.171027 0.085150 0.000474 0.000000
0.000000

0.000000 0.000000 2.091920
0.056498 0.006279 0.944458 5.242393 221.875107
0.000000 0.015275 0.007644 0.000000 0.000000 0.000000
0.000000 0.000008 0.000001
3.370120 1.000000 0.000000
764.299377 0.000000
0.000000 0.000000 0.000000 0.000000
0.000000 0.233635
11 0.018443 0.959056 0.001000
0.487000 0.580000 0.780000 0.490000 1.250000 5.968800 0.650000 0.650000
230542.250000 100.000000 0.084000
1.073000 0.050000 0.116600
0.171028 0.085142 0.000474 0.000000
0.000000

0.000000 0.000000 2.091886
0.056502 0.006280 0.944451 5.242395 221.875443
0.000000 0.015862 0.007692 0.000000 0.000000 0.000000
0.000000 0.000008 0.000001
3.403232 1.000000 0.000000
764.299377 0.000000
0.000000 0.000000 0.000000 0.000000
0.000000 0.232539
11 0.018443 0.977500 0.001000
0.487000 0.580000 0.780000 0.490000 1.250000 5.968800 0.650000 0.650000
230542.250000 100.000000 0.084000
1.073000 0.050000 0.116600
0.171028 0.085161 0.000474 0.000000
0.000000

0.000000 0.000000 2.091850
0.056505 0.006280 0.944442 5.242405 221.876083
0.000000 0.016418 0.007736 0.000000 0.000000 0.000000
0.000000 0.000008 0.000001
3.437590 1.000000 0.000000
764.299377 0.000000
0.000000 0.000000 0.000000 0.000000
0.000000 0.231460
11 0.018443 0.995943 0.001000
0.487000 0.580000 0.780000 0.490000 1.250000 5.968800 0.650000 0.650000
230542.250000 100.000000 0.084000
1.073000 0.050000 0.116600
0.171027 0.085180 0.000474 0.000000
0.000000

0.000000 0.000000 2.091810
0.056508 0.006280 0.944433 5.242407 221.876312
0.000000 0.016957 0.007745 0.000000 0.000000 0.000000
0.000000 0.000008 0.000001
3.473168 1.000000 0.000000
764.299377 0.000000
0.000000 0.000000 0.000000 0.000000
0.000000 0.230405
11 0.018443 1.014387 0.001000
0.487000 0.580000 0.780000 0.490000 1.250000 5.968800 0.650000 0.650000
230542.250000 100.000000 0.084000
1.073000 0.050000 0.116600
0.171028 0.085201 0.000474 0.000000
0.000000

0.000000 0.000000 2.091763
0.056512 0.006281 0.944423 5.242421 221.876648
0.000000 0.017520 0.007770 0.000000 0.000000 0.000000
0.000000 0.000008 0.000001
3.509931 1.000000 0.000000
764.299377 0.000000
0.000000 0.000000 0.000000 0.000000
0.000000 0.229393
11 0.018443 1.032830 0.001000
0.487000 0.580000 0.780000 0.490000 1.250000 5.968800 0.650000 0.650000
230542.250000 100.000000 0.084000
1.073000 0.050000 0.116600
0.171027 0.085222 0.000475 0.000000
0.000000

0.000000 0.000000 2.091781
0.056515 0.006281 0.944424 5.242405 221.877136
0.000000 0.018674 0.007886 0.000000 0.000000 0.000000
0.000000 0.000008 0.000001
3.547838 1.000000 0.000000
764.299377 0.000000
0.000000 0.000000 0.000000 0.000000
0.000000 0.228254
11 0.018443 1.051273 0.001000
0.487000 0.580000 0.780000 0.490000 1.250000 5.968800 0.650000 0.650000
230542.250000 100.000000 0.084000
1.073000 0.050000 0.116600
0.171027 0.085218 0.000475 0.000000
0.000000

0.000000 0.000000 2.091917
0.056519 0.006282 0.944452 5.242360 221.877563
0.000000 0.019528 0.007899 0.000000 0.000000 0.000000
0.000000 0.000008 0.000001
3.586846 1.000000 0.000000
764.299377 0.000000
0.000000 0.000000 0.000000 0.000000
0.000000 0.227071
11 0.018443 1.069717 0.001000
0.487000 0.580000 0.780000 0.490000 1.250000 5.968800 0.650000 0.650000
230542.250000 100.000000 0.084000
1.073000 0.050000 0.116600
0.171028 0.085211 0.000475 0.000000
0.000000

0.000000 0.000000 2.091861
0.056522 0.006282 0.944439 5.242376 221.877884
0.000000 0.020041 0.007887 0.000000 0.000000 0.000000
0.000000 0.000008 0.000001
3.626905 1.000000 0.000000
764.299377 0.000000
0.000000 0.000000 0.000000 0.000000
0.000000 0.226270
11 0.018443 1.088160 0.001000
0.487000 0.580000 0.780000 0.490000 1.250000 5.968800 0.650000 0.650000
230542.250000 100.000000 0.084000
1.073000 0.050000 0.116600
0.171028 0.085230 0.000475 0.000000
0.000000

0.000000 0.000000 2.091798
0.056526 0.006282 0.944424 5.242390 221.878403
0.000000 0.020512 0.007907 0.000000 0.000000 0.000000
0.000000 0.000009 0.000001
3.667963 1.000000 0.000000
764.299377 0.000000
0.000000 0.000000 0.000000 0.000000
0.000000 0.225603
11 0.018443 1.106603 0.001000
0.487000 0.580000 0.780000 0.490000 1.250000 5.968800 0.650000 0.650000
230542.250000 100.000000 0.084000
1.073000 0.050000 0.116600
0.171027 0.085250 0.000475 0.000000
0.000000

0.000000 0.000000 2.091730
0.056529 0.006283 0.944410 5.242407 221.878586
0.000000 0.021077 0.007944 0.000000 0.000000 0.000000
0.000000 0.000009 0.000001
3.709963 1.000000 0.000000
764.299377 0.000000
0.000000 0.000000 0.000000 0.000000
0.000000 0.225071
11 0.018443 1.125047 0.001000
0.487000 0.580000 0.780000 0.490000 1.250000 5.968800 0.650000 0.650000
230542.250000 100.000000 0.084000
1.073000 0.050000 0.116600
0.171027 0.085271 0.000475 0.000000
0.000000

0.000000 0.000000 2.091662
0.056533 0.006283 0.944395 5.242425 221.878662
0.000000 0.020067 0.007899 0.000000 0.000000 0.000000
0.000000 0.000009 0.000001
3.752848 1.000000 0.000000
764.299377 0.000000
0.000000 0.000000 0.000000 0.000000
0.000000 0.224871
11 0.018443 1.143490 0.001000
0.487000 0.580000 0.780000 0.490000 1.250000 5.968800 0.650000 0.650000
230542.250000 100.000000 0.084000
1.073000 0.050000 0.116600
0.171027 0.085292 0.000475 0.000000
0.000000

0.000000 0.000000 2.091777
0.056536 0.006284 0.944417 5.242383 221.878937
0.000000 0.017419 0.007718 0.000000 0.000000 0.000000
0.000000 0.000010 0.000002
3.796556 1.000000 0.000000
764.299377 0.000000
0.000000 0.000000 0.000000 0.000000
0.000000 0.224405
11 0.018443 1.161933 0.001000
0.487000 0.580000 0.780000 0.490000 1.250000 5.968800 0.650000 0.650000
230542.250000 100.000000 0.084000
1.073000 0.050000 0.116600
0.171028 0.085290 0.000475 0.000000
0.000000

0.000000 0.000000 2.092288
0.056540 0.006284 0.944521 5.242222 221.879227
0.000000 0.017791 0.007761 0.000000 0.000000 0.000000
0.000000 0.000010 0.000002
3.841025 1.000000 0.000000
764.299377 0.000000
0.000000 0.000000 0.000000 0.000000
0.000000 0.223197
11 0.018443 1.180377 0.001000
0.487000 0.580000 0.780000 0.490000 1.250000 5.968800 0.650000 0.650000
230542.250000 100.000000 0.084000
1.073000 0.050000 0.116600
0.171028 0.085295 0.000475 0.000000
0.000000

0.000000 0.000000 2.092435
0.056543 0.006285 0.944548 5.242166 221.879410
0.000000 0.020861 0.007938 0.000000 0.000000 0.000000
0.000000 0.000010 0.000001
3.886192 1.000000 0.000000
764.299377 0.000000
0.000000 0.000000 0.000000 0.000000
0.000000 0.223732
11 0.018443 1.198820 0.001000
0.487000 0.580000 0.780000 0.490000 1.250000 5.968800 0.650000 0.650000
230542.250000 100.000000 0.084000
1.073000 0.050000 0.116600
0.171029 0.085376 0.000475 0.000000
0.000000

0.000000 0.000000 2.092593
0.056546 0.006285 0.944580 5.242115 221.879639
0.000000 0.022810 0.007998 0.000000 0.000000 0.000000
0.000000 0.000009 0.000001
3.931990 1.000000 0.000000
764.299377 0.000000
0.000000 0.000000 0.000000 0.000000
0.000000 0.222165
11 0.018443 1.217263 0.001000
0.487000 0.580000 0.780000 0.490000 1.250000 5.968800 0.650000 0.650000
230542.250000 100.000000 0.084000
1.073000 0.050000 0.116600
0.171029 0.085293 0.000475 0.000000
0.000000

0.000000 0.000000 2.092568
0.056550 0.006285 0.944573 5.242111 221.880295
0.000000 0.031019 0.008279 0.000000 0.000000 0.000000
0.000000 0.000008 0.000001
3.978357 1.000000 0.000000
764.299377 0.000000
0.000000 0.000000 0.000000 0.000000
0.000000 0.222924
11 0.018443 1.235707 0.001000
0.487000 0.580000 0.780000 0.490000 1.250000 5.968800 0.650000 0.650000
230542.250000 100.000000 0.084000
1.073000 0.050000 0.116600
0.171029 0.085357 0.000475 0.000000
0.000000

0.000000 0.000000 2.094743
0.056551 0.006286 0.945014 5.241429 221.880661
0.000000 0.035734 0.008342 0.000000 0.000000 0.000000
0.000000 0.000007 0.000001
4.025225 1.000000 0.000000
764.299377 0.000000
0.000000 0.000000 0.000000 0.000000
0.000000 0.219080
11 0.018443 1.254150 0.001000
0.487000 0.580000 0.780000 0.490000 1.250000 5.968800 0.650000 0.650000
230542.250000 100.000000 0.084000
1.073000 0.050000 0.116600
0.171033 0.085317 0.000475 0.000000
0.000000

0.000000 0.000000 2.094696
0.056555 0.006286 0.945002 5.241441 221.881271
0.000000 0.036356 0.008329 0.000000 0.000000 0.000000
0.000000 0.000007 0.000001
4.072532 1.000000 0.000000
764.299377 0.000000
0.000000 0.000000 0.000000 0.000000
0.000000 0.219105
11 0.018443 1.272593 0.001000
0.487000 0.580000 0.780000 0.490000 1.250000 5.968800 0.650000 0.650000
230542.250000 100.000000 0.084000
1.073000 0.050000 0.116600
0.171033 0.085335 0.000475 0.000000
0.000000

0.000000 0.000000 2.094642
0.056558 0.006286 0.944989 5.241448 221.881531
0.000000 0.035943 0.008312 0.000000 0.000000 0.000000
0.000000 0.000007 0.000001
4.120212 1.000000 0.000000
764.299377 0.000000
0.000000 0.000000 0.000000 0.000000
0.000000 0.219260
11 0.018443 1.291037 0.001000
0.487000 0.580000 0.780000 0.490000 1.250000 5.968800 0.650000 0.650000
230542.250000 100.000000 0.084000
1.073000 0.050000 0.116600
0.171033 0.085355 0.000475 0.000000
0.000000

0.000000 0.000000 2.094588
0.056562 0.006287 0.944978 5.241455 221.881775
0.000000 0.035234 0.008302 0.000000 0.000000 0.000000
0.000000 0.000008 0.000001
4.168201 1.000000 0.000000
764.299377 0.000000
0.000000 0.000000 0.000000 0.000000
0.000000 0.219553
11 0.018443 1.309480 0.001000
0.487000 0.580000 0.780000 0.490000 1.250000 5.968800 0.650000 0.650000
230542.250000 100.000000 0.084000
1.073000 0.050000 0.116600
0.171032 0.085375 0.000475 0.000000
0.000000

0.000000 0.000000 2.094531
0.056565 0.006287 0.944966 5.241479 221.881943
0.000000 0.035560 0.008281 0.000000 0.000000 0.000000
0.000000 0.000008 0.000001
4.216437 1.000000 0.000000
764.299377 0.000000
0.000000 0.000000 0.000000 0.000000
0.000000 0.219998
11 0.018443 1.327923 0.001000
0.487000 0.580000 0.780000 0.490000 1.250000 5.968800 0.650000 0.650000
230542.250000 100.000000 0.084000
1.073000 0.050000 0.116600
0.171032 0.085396 0.000476 0.000000
0.000000

0.000000 0.000000 2.094495
0.056568 0.006288 0.944957 5.241483 221.882339
0.000000 0.031970 0.008209 0.000000 0.000000 0.000000
0.000000 0.000009 0.000001
4.264859 1.000000 0.000000
764.299377 0.000000
0.000000 0.000000 0.000000 0.000000
0.000000 0.221416
11 0.018443 1.346367 0.001000
0.487000 0.580000 0.780000 0.490000 1.250000 5.968800 0.650000 0.650000
230542.250000 100.000000 0.084000
1.073000 0.050000 0.116600
0.171033 0.085446 0.000476 0.000000
0.000000

0.000000 0.000000 2.094646
0.056571 0.006288 0.944986 5.241434 221.882706
0.000000 0.027548 0.008093 0.000000 0.000000 0.000000
0.000000 0.000010 0.000001
4.313406 1.000000 0.000000
764.299377 0.000000
0.000000 0.000000 0.000000 0.000000
0.000000 0.221251
11 0.018443 1.364810 0.001000
0.487000 0.580000 0.780000 0.490000 1.250000 5.968800 0.650000 0.650000
230542.250000 100.000000 0.084000
1.073000 0.050000 0.116600
0.171033 0.085413 0.000476 0.000000
0.000000

0.000000 0.000000 2.094593
0.056575 0.006288 0.944974 5.241441 221.882904
0.000000 0.026079 0.008040 0.000000 0.000000 0.000000
0.000000 0.000011 0.000002
4.362021 1.000000 0.000000
764.299377 0.000000
0.000000 0.000000 0.000000 0.000000
0.000000 0.222206
11 0.018443 1.383253 0.001000
0.487000 0.580000 0.780000 0.490000 1.250000 5.968800 0.650000 0.650000
230542.250000 100.000000 0.084000
1.073000 0.050000 0.116600
0.171032 0.085434 0.000476 0.000000
0.000000

0.000000 0.000000 2.095026
0.056577 0.006289 0.945061 5.241304 221.883194
0.000000 0.020550 0.007824 0.000000 0.000000 0.000000
0.000000 0.000012 0.000002
4.410647 1.000000 0.000000
764.299377 0.000000
0.000000 0.000000 0.000000 0.000000
0.000000 0.221635
11 0.018443 1.401697 0.001000
0.487000 0.580000 0.780000 0.490000 1.250000 5.968800 0.650000 0.650000
230542.250000 100.000000 0.084000
1.073000 0.050000 0.116600
0.171033 0.085446 0.000476 0.000000
0.000000

0.000000 0.000000 2.100165
0.056576 0.006288 0.946100 5.239697 221.883591
0.000000 0.017258 0.007650 0.000000 0.000000 0.000000
0.000000 0.000013 0.000003
4.459229 1.000000 0.000000
764.299377 0.000000
0.000000 0.000000 0.000000 0.000000
0.000000 0.213774
11 0.018443 1.420140 0.001000
0.487000 0.580000 0.780000 0.490000 1.250000 5.968800 0.650000 0.650000
230542.250000 100.000000 0.084000
1.073000 0.050000 0.116600
0.171043 0.085451 0.000476 0.000000
0.000000

0.000000 0.000000 2.100312
0.056579 0.006289 0.946128 5.239649 221.883850
0.000000 0.017050 0.007644 0.000000 0.000000 0.000000
0.000000 0.000013 0.000003
4.507715 1.000000 0.000000
764.299377 0.000000
0.000000 0.000000 0.000000 0.000000
0.000000 0.213586
11 0.018443 1.438583 0.001000
0.487000 0.580000 0.780000 0.490000 1.250000 5.968800 0.650000 0.650000
230542.250000 100.000000 0.084000
1.073000 0.050000 0.116600
0.171043 0.085445 0.000476 0.000000
0.000000

0.000000 0.000000 2.100543
0.056582 0.006289 0.946175 5.239574 221.884262
0.000000 0.017701 0.007688 0.000000 0.000000 0.000000
0.000000 0.000013 0.000003
4.556053 1.000000 0.000000
764.299377 0.000000
0.000000 0.000000 0.000000 0.000000
0.000000 0.213364
11 0.018443 1.457027 0.001000
0.487000 0.580000 0.780000 0.490000 1.250000 5.968800 0.650000 0.650000
230542.250000 100.000000 0.084000
1.073000 0.050000 0.116600
0.171043 0.085437 0.000476 0.000000
0.000000

0.000000 0.000000 2.100586
0.056585 0.006290 0.946181 5.239551 221.884399
0.000000 0.018469 0.007703 0.000000 0.000000 0.000000
0.000000 0.000013 0.000003
4.604196 1.000000 0.000000
764.299377 0.000000
0.000000 0.000000 0.000000 0.000000
0.000000 0.213595
11 0.018443 1.475470 0.001000
0.487000 0.580000 0.780000 0.490000 1.250000 5.968800 0.650000 0.650000
230542.250000 100.000000 0.084000
1.073000 0.050000 0.116600
0.171043 0.085456 0.000476 0.000000
0.000000

0.000000 0.000000 2.100630
0.056588 0.006290 0.946189 5.239543 221.884628
0.000000 0.019418 0.007728 0.000000 0.000000 0.000000
0.000000 0.000013 0.000003
4.652097 1.000000 0.000000
764.299377 0.000000
0.000000 0.000000 0.000000 0.000000
0.000000 0.213938
11 0.018443 1.493914 0.001000
0.487000 0.580000 0.780000 0.490000 1.250000 5.968800 0.650000 0.650000
230542.250000 100.000000 0.084000
1.073000 0.050000 0.116600
0.171043 0.085475 0.000476 0.000000
0.000000

0.000000 0.000000 2.100677
0.056591 0.006290 0.946198 5.239526 221.884857
0.000000 0.020419 0.007816 0.000000 0.000000 0.000000
0.000000 0.000013 0.000003
4.699711 1.000000 0.000000
764.299377 0.000000
0.000000 0.000000 0.000000 0.000000
0.000000 0.214403
11 0.018443 1.512357 0.001000
0.487000 0.580000 0.780000 0.490000 1.250000 5.968800 0.650000 0.650000
230542.250000 100.000000 0.084000
1.073000 0.050000 0.116600
0.171044 0.085496 0.000476 0.000000
0.000000

0.000000 0.000000 2.100728
0.056593 0.006291 0.946208 5.239502 221.885132
0.000000 0.021576 0.007812 0.000000 0.000000 0.000000
0.000000 0.000013 0.000002
4.746997 1.000000 0.000000
764.299377 0.000000
0.000000 0.000000 0.000000 0.000000
0.000000 0.215004
11 0.018443 1.530800 0.001000
0.487000 0.580000 0.780000 0.490000 1.250000 5.968800 0.650000 0.650000
230542.250000 100.000000 0.084000
1.073000 0.050000 0.116600
0.171044 0.085517 0.000476 0.000000
0.000000

0.000000 0.000000 2.101082
0.056596 0.006291 0.946279 5.239397 221.885468
0.000000 0.023072 0.007868 0.000000 0.000000 0.000000
0.000000 0.000013 0.000002
4.793915 1.000000 0.000000
764.299377 0.000000
0.000000 0.000000 0.000000 0.000000
0.000000 0.215114
11 0.018443 1.549244 0.001000
0.487000 0.580000 0.780000 0.490000 1.250000 5.968800 0.650000 0.650000
230542.250000 100.000000 0.084000
1.073000 0.050000 0.116600
0.171044 0.085511 0.000476 0.000000
0.000000

0.000000 0.000000 2.101562
0.056598 0.006291 0.946374 5.239245 221.885971
0.000000 0.024340 0.007882 0.000000 0.000000 0.000000
0.000000 0.000013 0.000002
4.840427 1.000000 0.000000
764.299377 0.000000
0.000000 0.000000 0.000000 0.000000
0.000000 0.215187
11 0.018443 1.567687 0.001000
0.487000 0.580000 0.780000 0.490000 1.250000 5.968800 0.650000 0.650000
230542.250000 100.000000 0.084000
1.073000 0.050000 0.116600
0.171045 0.085502 0.000476 0.000000
0.000000

0.000000 0.000000 2.101745
0.056601 0.006291 0.946410 5.239182 221.886215
0.000000 0.025428 0.007925 0.000000 0.000000 0.000000
0.000000 0.000013 0.000002
4.886497 1.000000 0.000000
764.299377 0.000000
0.000000 0.000000 0.000000 0.000000
0.000000 0.216098
11 0.018443 1.586130 0.001000
0.487000 0.580000 0.780000 0.490000 1.250000 5.968800 0.650000 0.650000
230542.250000 100.000000 0.084000
1.073000 0.050000 0.116600
0.171046 0.085521 0.000476 0.000000
0.000000

0.000000 0.000000 2.101930
0.056603 0.006292 0.946447 5.239120 221.886459
0.000000 0.026568 0.007928 0.000000 0.000000 0.000000
0.000000 0.000013 0.000002
4.932095 1.000000 0.000000
764.299377 0.000000
0.000000 0.000000 0.000000 0.000000
0.000000 0.217161
11 0.018443 1.604574 0.001000
0.487000 0.580000 0.780000 0.490000 1.250000 5.968800 0.650000 0.650000
230542.250000 100.000000 0.084000
1.073000 0.050000 0.116600
0.171046 0.085540 0.000476 0.000000
0.000000

0.000000 0.000000 2.102118
0.056605 0.006292 0.946485 5.239068 221.887009
0.000000 0.027724 0.007954 0.000000 0.000000 0.000000
0.000000 0.000013 0.000002
4.977186 1.000000 0.000000
764.299377 0.000000
0.000000 0.000000 0.000000 0.000000
0.000000 0.218408
11 0.018443 1.623017 0.001000
0.487000 0.580000 0.780000 0.490000 1.250000 5.968800 0.650000 0.650000
230542.250000 100.000000 0.084000
1.073000 0.050000 0.116600
0.171046 0.085561 0.000476 0.000000
0.000000

0.000000 0.000000 2.102310
0.056608 0.006292 0.946523 5.239002 221.887299
0.000000 0.035844 0.008105 0.000000 0.000000 0.000000
0.000001 0.000011 0.000001
5.021743 1.000000 0.000000
764.299377 0.000000
0.000000 0.000000 0.000000 0.000000
0.000000 0.219858
11 0.018443 1.641460 0.001000
0.487000 0.580000 0.780000 0.490000 1.250000 5.968800 0.650000 0.650000
230542.250000 100.000000 0.084000
1.073000 0.050000 0.116600
0.171047 0.085582 0.000477 0.000000
0.000000

0.000000 0.000000 2.102674
0.056610 0.006292 0.946597 5.238884 221.887695
0.000000 0.055747 0.008354 0.000000 0.000000 0.000000
0.000001 0.000008 0.000001
5.065738 1.000000 0.000000
764.299377 0.000000
0.000000 0.000000 0.000000 0.000000
0.000000 0.221249
11 0.018443 1.659904 0.001000
0.487000 0.580000 0.780000 0.490000 1.250000 5.968800 0.650000 0.650000
230542.250000 100.000000 0.084000
1.073000 0.050000 0.116600
0.171047 0.085577 0.000477 0.000000
0.000000

0.000000 0.000000 2.103065
0.056612 0.006293 0.946675 5.238760 221.888123
0.000000 0.064277 0.008362 0.000000 0.000000 0.000000
0.000001 0.000007 0.000000
5.109148 1.000000 0.000000
764.299377 0.000000
0.000000 0.000000 0.000000 0.000000
0.000000 0.222793
11 0.018443 1.678347 0.001000
0.487000 0.580000 0.780000 0.490000 1.250000 5.968800 0.650000 0.650000
230542.250000 100.000000 0.084000
1.073000 0.050000 0.116600
0.171048 0.085570 0.000477 0.000000
0.000000

0.000000 0.000000 2.103282
0.056614 0.006293 0.946718 5.238689 221.888443
0.000000 0.069394 0.008381 0.000000 0.000000 0.000000
0.000001 0.000007 0.000000
5.151949 1.000000 0.000000
764.299377 0.000000
0.000000 0.000000 0.000000 0.000000
0.000000 0.224980
11 0.018443 1.696790 0.001000
0.487000 0.580000 0.780000 0.490000 1.250000 5.968800 0.650000 0.650000
230542.250000 100.000000 0.084000
1.073000 0.050000 0.116600
0.171048 0.085589 0.000477 0.000000
0.000000

0.000000 0.000000 2.103501
0.056616 0.006293 0.946761 5.238616 221.888840
0.000000 0.070294 0.008340 0.000000 0.000000 0.000000
0.000001 0.000007 0.000000
5.194119 1.000000 0.000000
764.299377 0.000000
0.000000 0.000000 0.000000 0.000000
0.000000 0.231549
11 0.018443 1.715234 0.001000
0.487000 0.580000 0.780000 0.490000 1.250000 5.968800 0.650000 0.650000
230542.250000 100.000000 0.084000
1.073000 0.050000 0.116600
0.171049 0.085666 0.000477 0.000000
0.000000

0.000000 0.000000 2.103721
0.056618 0.006293 0.946806 5.238541 221.889252
0.000000 0.059995 0.008283 0.000000 0.000000 0.000000
0.000001 0.000008 0.000001
5.235641 1.000000 0.000000
764.299377 0.000000
0.000000 0.000000 0.000000 0.000000
0.000000 0.231392
11 0.018443 1.733677 0.001000
0.487000 0.580000 0.780000 0.490000 1.250000 5.968800 0.650000 0.650000
230542.250000 100.000000 0.084000
1.073000 0.050000 0.116600
0.171049 0.085634 0.000477 0.000000
0.000000

0.000000 0.000000 2.103947
0.056620 0.006294 0.946851 5.238473 221.889633
0.000000 0.045024 0.008183 0.000000 0.000000 0.000000
0.000001 0.000010 0.000001
5.276497 1.000000 0.000000
764.299377 0.000000
0.000000 0.000000 0.000000 0.000000
0.000000 0.233899
11 0.018443 1.752120 0.001000
0.487000 0.580000 0.780000 0.490000 1.250000 5.968800 0.650000 0.650000
230542.250000 100.000000 0.084000
1.073000 0.050000 0.116600
0.171049 0.085637 0.000477 0.000000
0.000000

0.000000 0.000000 2.116818
0.056612 0.006293 0.949445 5.234490 221.894287
0.000000 0.037482 0.007911 0.000000 0.000000 0.000000
0.000001 0.000011 0.000001
5.316672 1.000000 0.000000
764.299377 0.000000
0.000000 0.000000 0.000000 0.000000
0.000000 0.206892
11 0.018443 1.770564 0.001000
0.487000 0.580000 0.780000 0.490000 1.250000 5.968800 0.650000 0.650000
230542.250000 100.000000 0.084000
1.073000 0.050000 0.116600
0.171073 0.085581 0.000477 0.000000
0.000000

0.000000 0.000000 2.118465
0.056612 0.006293 0.949774 5.233977 221.895142
0.000000 0.043279 0.007980 0.000000 0.000000 0.000000
0.000001 0.000010 0.000001
5.356152 1.000000 0.000000
764.299377 0.000000
0.000000 0.000000 0.000000 0.000000
0.000000 0.203895
11 0.018443 1.789007 0.001000
0.487000 0.580000 0.780000 0.490000 1.250000 5.968800 0.650000 0.650000
230542.250000 100.000000 0.084000
1.073000 0.050000 0.116600
0.171075 0.085614 0.000477 0.000000
0.000000

0.000000 0.000000 2.118745
0.056614 0.006293 0.949831 5.233890 221.895691
0.000000 0.049009 0.008035 0.000000 0.000000 0.000000
0.000001 0.000009 0.000001
5.394924 1.000000 0.000000
764.299377 0.000000
0.000000 0.000000 0.000000 0.000000
0.000000 0.205062
11 0.018443 1.807450 0.001000
0.487000 0.580000 0.780000 0.490000 1.250000 5.968800 0.650000 0.650000
230542.250000 100.000000 0.084000
1.073000 0.050000 0.116600
0.171076 0.085690 0.000477 0.000000
0.000000

0.000000 0.000000 2.119020
0.056615 0.006293 0.949885 5.233800 221.896332
0.000000 0.047906 0.007973 0.000000 0.000000 0.000000
0.000001 0.000010 0.000001
5.432979 1.000000 0.000000
764.299377 0.000000
0.000000 0.000000 0.000000 0.000000
0.000000 0.204416
11 0.018443 1.825894 0.001000
0.487000 0.580000 0.780000 0.490000 1.250000 5.968800 0.650000 0.650000
230542.250000 100.000000 0.084000
1.073000 0.050000 0.116600
0.171077 0.085658 0.000477 0.000000
0.000000

0.000000 0.000000 2.119303
0.056617 0.006293 0.949943 5.233715 221.896713
0.000000 0.049617 0.007983 0.000000 0.000000 0.000000
0.000001 0.000010 0.000001
5.470308 1.000000 0.000000
764.299377 0.000000
0.000000 0.000000 0.000000 0.000000
0.000000 0.204676
11 0.018443 1.844337 0.001000
0.487000 0.580000 0.780000 0.490000 1.250000 5.968800 0.650000 0.650000
230542.250000 100.000000 0.084000
1.073000 0.050000 0.116600
0.171077 0.085679 0.000477 0.000000
0.000000

0.000000 0.000000 2.119739
0.056618 0.006294 0.950029 5.233570 221.897415
0.000000 0.052844 0.007982 0.000000 0.000000 0.000000
0.000001 0.000009 0.000001
5.506904 1.000000 0.000000
764.299377 0.000000
0.000000 0.000000 0.000000 0.000000
0.000000 0.204245
11 0.018443 1.862780 0.001000
0.487000 0.580000 0.780000 0.490000 1.250000 5.968800 0.650000 0.650000
230542.250000 100.000000 0.084000
1.073000 0.050000 0.116600
0.171078 0.085675 0.000477 0.000000
0.000000

0.000000 0.000000 2.120529
0.056619 0.006294 0.950187 5.233334 221.898163
0.000000 0.055978 0.007978 0.000000 0.000000 0.000000
0.000001 0.000009 0.000001
5.542761 1.000000 0.000000
764.299377 0.000000
0.000000 0.000000 0.000000 0.000000
0.000000 0.203377
11 0.018443 1.881224 0.001000
0.487000 0.580000 0.780000 0.490000 1.250000 5.968800 0.650000 0.650000
230542.250000 100.000000 0.084000
1.073000 0.050000 0.116600
0.171079 0.085668 0.000477 0.000000
0.000000

0.000000 0.000000 2.120812
0.056621 0.006294 0.950243 5.233237 221.898590
0.000000 0.058889 0.007980 0.000000 0.000000 0.000000
0.000001 0.000009 0.000001
5.577875 1.000000 0.000000
764.299377 0.000000
0.000000 0.000000 0.000000 0.000000
0.000000 0.203712
11 0.018443 1.899667 0.001000
0.487000 0.580000 0.780000 0.490000 1.250000 5.968800 0.650000 0.650000
230542.250000 100.000000 0.084000
1.073000 0.050000 0.116600
0.171080 0.085686 0.000477 0.000000
0.000000

0.000000 0.000000 2.121096
0.056622 0.006294 0.950301 5.233143 221.899368
0.000000 0.061861 0.007958 0.000000 0.000000 0.000000
0.000001 0.000008 0.000001
5.612244 1.000000 0.000000
764.299377 0.000000
0.000000 0.000000 0.000000 0.000000
0.000000 0.204128
11 0.018443 1.918110 0.001000
0.487000 0.580000 0.780000 0.490000 1.250000 5.968800 0.650000 0.650000
230542.250000 100.000000 0.084000
1.073000 0.050000 0.116600
0.171080 0.085706 0.000477 0.000000
0.000000

0.000000 0.000000 2.121382
0.056623 0.006294 0.950359 5.233053 221.899979
0.000000 0.067938 0.007991 0.000000 0.000000 0.000000
0.000001 0.000008 0.000001
5.645865 1.000000 0.000000
764.299377 0.000000
0.000000 0.000000 0.000000 0.000000
0.000000 0.204775
11 0.018443 1.936554 0.001000
0.487000 0.580000 0.780000 0.490000 1.250000 5.968800 0.650000 0.650000
230542.250000 100.000000 0.084000
1.073000 0.050000 0.116600
0.171081 0.085726 0.000477 0.000000
0.000000

0.000000 0.000000 2.121669
0.056625 0.006294 0.950415 5.232970 221.900406
0.000000 0.076757 0.007997 0.000000 0.000000 0.000000
0.000001 0.000007 0.000000
5.678739 1.000000 0.000000
764.299377 0.000000
0.000000 0.000000 0.000000 0.000000
0.000000 0.206604
11 0.018443 1.954997 0.001000
0.487000 0.580000 0.780000 0.490000 1.250000 5.968800 0.650000 0.650000
230542.250000 100.000000 0.084000
1.073000 0.050000 0.116600
0.171081 0.085761 0.000478 0.000000
0.000000

0.000000 0.000000 2.123370
0.056625 0.006294 0.950761 5.232461 221.901733
0.000000 0.086926 0.008016 0.000000 0.000000 0.000000
0.000001 0.000006 0.000000
5.710867 1.000000 0.000000
764.299377 0.000000
0.000000 0.000000 0.000000 0.000000
0.000000 0.202483
11 0.018443 1.973441 0.001000
0.487000 0.580000 0.780000 0.490000 1.250000 5.968800 0.650000 0.650000
230542.250000 100.000000 0.084000
1.073000 0.050000 0.116600
0.171084 0.085726 0.000477 0.000000
0.000000

0.000000 0.000000 2.124362
0.056626 0.006294 0.950963 5.232161 221.902679
0.000000 0.068803 0.007853 0.000000 0.000000 0.000000
0.000001 0.000008 0.000001
5.742253 1.000000 0.000000
764.299377 0.000000
0.000000 0.000000 0.000000 0.000000
0.000000 0.202446
11 0.018443 1.991884 0.001000
0.487000 0.580000 0.780000 0.490000 1.250000 5.968800 0.650000 0.650000
230542.250000 100.000000 0.084000
1.073000 0.050000 0.116600
0.171086 0.085798 0.000478 0.000000
0.000000
1.000000
2.000000
0.321000 0.000000
0.000000
0
-0.756179
0 0
0.000000
1
0.000000
1.000000
1.000000
1.000000
0.000000 0.000000 0.000000
0.000000 0.000000
0.000000 0.000000 0.000000 0.000000 0.000000 0.000000 0.000000
0.000000 0.000000 0.000000 0.000000 0.000000 0.000000 0.000000
0
2.000000
1
C:\Input\Ohio1.spf
-1.000000 -1.000000
0.000000
41
41
10.000000
