Site_1Year1998
1	0.6	-3.3	0.1	1.61	12.78	84.41
2	-1.7	-5.6	0.05	3.83	12.82	82.76
3	-5.0	-12.2	0.0	2.71	12.85	73.19
4	3.3	-10.0	0.0	7.43	12.92	80.32
5	8.9	2.8	0.0	7.19	12.96	84.07
6	13.3	6.7	2.41	6.88	13.03	91.81
7	13.9	9.4	0.03	2.85	13.1	96.72
8	15.0	11.7	0.5599999999999999	4.27	13.18	96.5
9	13.9	10.6	0.2	1.94	13.25	95.97
10	12.2	3.3	3.15	6.27	13.36	95.27
11	3.9	2.2	0.27999999999999997	4.69	13.43	93.95
12	5.6	0.0	0.0	5.62	13.54	87.52
13	2.2	-5.0	0.0	5.84	13.61	67.94
14	-1.1	-8.3	0.0	2.66	13.72	68.77
15	6.1	-2.8	0.22999999999999998	3.45	13.82	91.07
16	1.1	-10.0	0.0	4.56	13.93	71.09
17	-2.2	-11.1	0.2	3.67	14.08	75.45
18	-0.6	-2.2	0.0	2.14	14.18	88.4
19	-2.2	-4.4	0.0	2.59	14.33	85.88
20	-0.6	-3.3	0.0	1.96	14.44	86.49
21	-1.7	-5.6	0.0	2.82	14.58	82.98
22	-0.6	-7.2	0.0	2.62	14.72	89.19
23	-0.6	-4.4	0.0	1.6	14.87	84.99
24	0.0	-4.4	0.08	3.93	15.01	83.73
25	0.0	-2.8	0.0	4.01	15.16	94.34
26	0.6	-1.1	0.0	3.47	15.34	91.09
27	1.1	-1.7	0.03	2.6	15.48	87.77
28	0.0	-2.2	0.0	2.54	15.66	86.78
29	6.1	-1.1	0.0	2.21	15.8	88.3
30	7.8	-2.2	0.0	1.72	15.98	92.15
31	4.4	-2.8	0.0	1.93	16.16	96.02
32	5.6	0.6	0.03	4.26	16.34	95.25
33	1.7	-0.6	0.0	2.13	16.52	85.92
34	3.9	-1.1	0.0	2.09	16.74	85.11
35	9.4	-2.2	0.0	3.85	16.92	84.39
36	7.2	-3.9	0.0	3.66	17.1	88.58
37	3.3	-3.9	0.0	3.51	17.32	79.6
38	-0.6	-3.9	0.0	7.09	17.53	68.88
39	1.7	-2.8	0.0	5.6	17.71	69.6
40	4.4	-3.9	0.0	2.98	17.93	77.43
41	6.1	-6.1	0.0	2.23	18.14	84.18
42	6.1	-6.1	0.0	1.75	18.36	82.15
43	8.9	-7.2	0.0	0.81	18.58	72.95
44	11.7	-4.4	0.0	1.83	18.79	88.69
45	8.3	4.4	1.1199999999999999	3.17	19.01	98.91
46	5.0	0.0	0.0	4.13	19.22	85.02
47	2.8	-1.1	0.0	1.22	19.48	82.76
48	4.4	-1.1	0.0	1.73	19.69	81.17
49	8.9	-1.7	0.0	3.19	19.94	79.71
50	7.2	0.0	0.9400000000000001	5.09	20.16	90.74
51	8.3	4.4	3.28	5.46	20.41	95.07
52	8.3	3.9	3.07	1.61	20.63	96.74
53	4.4	2.8	1.6	1.98	20.88	91.98
54	4.4	0.0	0.03	2.4	21.13	91.1
55	5.6	-1.7	0.0	2.81	21.38	83.98
56	6.7	-1.7	0.0	1.74	21.64	75.34
57	4.4	0.0	0.0	3.76	21.85	84.59
58	7.8	-2.2	0.0	2.76	22.1	94.02
59	10.6	-1.7	0.0	1.98	22.36	82.49
60	13.3	2.2	0.03	5.02	22.61	76.75
61	16.1	5.0	0.03	4.65	22.86	78.17
62	12.8	1.1	0.32999999999999996	2.12	23.11	79.65
63	6.7	1.1	0.0	2.43	23.4	84.46
64	4.4	0.0	0.03	3.03	23.65	79.46
65	2.8	0.0	0.2	3.77	23.9	85.63
66	1.7	-2.2	0.05	2.2	24.16	83.65
67	2.8	-3.9	0.0	1.33	24.41	75.78
68	6.1	-1.1	0.0	1.82	24.66	80.56
69	7.8	-2.2	0.0	3.76	24.95	76.3
70	13.3	2.2	0.0	3.98	25.2	100.0
71	12.8	-5.6	0.43	5.43	25.45	94.03
72	-3.3	-7.8	0.03	6.13	25.7	62.69
73	-3.3	-9.4	0.0	3.74	25.96	62.96
74	-2.2	-10.6	0.0	4.23	26.24	70.83
75	3.9	-9.4	0.0	6.36	26.5	78.85
76	5.0	-6.1	0.0	6.07	26.75	72.42
77	1.7	-6.7	0.0	2.67	27.0	73.78
78	4.4	-6.1	0.0	4.0	27.25	69.43
79	6.7	-2.2	1.17	4.07	27.54	94.25
80	15.0	6.7	0.6900000000000001	3.31	27.79	100.0
81	12.2	3.9	0.05	3.73	28.04	89.32
82	3.9	-0.6	2.1100000000000003	7.76	28.3	90.69
83	0.0	-1.1	0.13	6.1	28.55	88.31
84	6.1	-1.7	0.0	3.29	28.8	78.77
85	7.2	-3.9	0.0	1.86	29.05	78.58
86	8.3	-3.3	0.0	1.78	29.3	67.78
87	12.8	-0.6	0.0	4.67	29.56	84.28
88	23.3	10.6	0.0	8.07	29.81	79.34
89	26.1	16.1	0.03	6.48	30.06	76.5
90	19.4	12.8	1.24	7.1	30.31	81.44
91	26.1	9.4	0.0	3.1	30.56	85.13
92	26.7	17.8	0.0	6.81	30.82	77.84
93	25.0	12.2	0.8400000000000001	5.82	31.07	80.1
94	16.7	6.7	0.13	5.32	31.28	78.11
95	11.7	3.9	0.0	4.55	31.54	77.98
96	10.0	0.0	0.0	3.83	31.79	82.15
97	10.6	0.6	0.0	5.04	32.0	73.44
98	15.0	-2.8	0.0	1.84	32.26	67.58
99	14.4	-1.1	0.0	1.62	32.47	63.4
100	16.7	1.7	1.98	3.94	32.72	71.18
101	22.2	7.8	0.08	3.33	32.94	77.9
102	11.7	5.6	3.38	6.13	33.19	91.44
103	12.2	2.2	0.0	3.84	33.41	66.99
104	15.6	0.0	0.0	2.09	33.62	64.75
105	20.0	6.1	0.0	3.42	33.84	66.97
106	21.1	10.6	0.3	6.02	34.06	72.01
107	16.7	8.9	0.43	4.46	34.27	88.89
108	17.2	3.9	1.78	2.83	34.49	90.26
109	21.1	7.2	0.41	3.77	34.7	83.49
110	12.8	3.3	0.0	4.06	34.92	66.39
111	13.9	0.6	0.03	1.29	35.14	64.7
112	10.0	5.6	0.2	3.13	35.32	84.84
113	18.9	1.7	0.0	1.84	35.53	73.39
114	17.8	8.3	0.08	2.14	35.75	76.75
115	19.4	8.3	0.0	3.5	35.93	74.27
116	20.0	5.6	0.0	2.26	36.14	63.18
117	22.8	5.6	0.0	3.5	36.32	70.93
118	21.7	5.0	0.32999999999999996	2.18	36.5	78.83
119	12.8	5.6	0.8400000000000001	4.11	36.68	86.44
120	11.1	-0.6	0.0	3.76	36.86	67.36
121	16.1	-0.6	0.76	2.72	37.04	68.11
122	19.4	6.1	0.64	2.4	37.22	89.12
123	17.2	13.3	0.89	2.45	37.4	91.71
124	18.9	13.3	0.41	1.39	37.58	86.02
125	18.3	12.8	0.48	2.64	37.76	88.47
126	19.4	8.9	1.3	1.51	37.91	87.08
127	20.6	11.1	0.0	1.6	38.09	80.74
128	23.3	8.9	0.0	1.16	38.23	75.42
129	25.0	12.2	0.0	1.97	38.41	75.64
130	21.1	15.0	0.99	3.65	38.56	86.04
131	18.3	14.4	0.3	4.41	38.7	85.92
132	21.1	12.8	0.0	3.6	38.84	78.4
133	20.6	10.0	0.0	3.75	38.99	81.24
134	20.6	10.6	0.0	2.3	39.13	82.08
135	22.8	9.4	0.03	1.16	39.28	74.67
136	27.8	15.0	0.3	2.87	39.42	78.62
137	30.6	14.4	0.0	1.06	39.53	64.91
138	31.7	13.3	0.0	2.71	39.67	70.73
139	27.8	18.3	0.0	3.74	39.78	72.83
140	28.3	13.3	0.0	2.16	39.92	56.25
141	31.7	12.8	0.0	3.05	40.03	63.42
142	32.2	16.7	0.0	3.06	40.14	76.73
143	31.7	16.7	0.0	2.91	40.25	70.93
144	24.4	12.8	0.0	2.68	40.36	65.49
145	21.1	10.0	0.0	3.41	40.46	69.47
146	23.3	12.2	0.58	2.87	40.57	64.29
147	23.3	11.7	0.25	2.41	40.68	83.97
148	20.0	12.8	0.03	3.73	40.75	78.99
149	25.0	9.4	0.0	1.45	40.86	63.9
150	27.8	11.1	0.0	1.43	40.93	63.52
151	29.4	15.6	0.0	3.49	41.0	76.4
152	32.2	18.9	0.22999999999999998	2.77	41.11	83.91
153	29.4	17.2	0.0	1.85	41.18	79.78
154	29.4	16.1	0.0	4.92	41.26	82.76
155	23.9	11.7	0.0	2.29	41.33	65.0
156	30.6	13.3	0.0	4.62	41.4	71.69
157	18.3	7.8	0.38	2.66	41.44	72.45
158	20.0	6.7	0.0	1.83	41.51	60.93
159	15.0	6.1	0.41	3.11	41.54	73.86
160	17.8	3.3	0.0	2.48	41.62	65.71
161	20.0	7.8	0.0	2.64	41.65	67.17
162	22.2	5.6	0.0	1.0	41.69	59.51
163	16.7	13.3	0.58	3.34	41.76	87.89
164	26.1	15.0	0.05	1.89	41.8	83.09
165	21.7	13.9	6.58	3.8	41.83	93.22
166	30.6	17.2	2.79	4.38	41.83	81.36
167	23.3	17.2	0.03	3.75	41.87	80.76
168	24.4	14.4	0.0	1.65	41.9	79.52
169	24.4	16.1	0.0	1.66	41.9	79.88
170	24.4	17.2	1.1199999999999999	2.52	41.94	84.49
171	28.9	16.7	0.0	2.87	41.94	76.54
172	31.1	18.3	0.6599999999999999	1.68	41.94	81.79
173	28.3	18.9	0.0	3.3	41.94	78.06
174	30.6	16.7	0.0	2.03	41.94	76.65
175	28.3	20.6	0.05	2.22	41.94	81.55
176	31.7	20.6	0.0	1.72	41.94	78.07
177	31.1	20.6	0.0	1.47	41.94	72.36
178	33.3	20.6	0.0	2.33	41.9	85.16
179	34.4	22.2	0.1	3.76	41.9	81.07
180	33.9	20.0	0.0	3.42	41.87	86.08
181	32.8	22.8	0.36	2.0	41.87	86.07
182	32.8	22.8	0.0	1.67	41.83	85.53
183	28.3	19.4	5.0	2.25	41.8	84.02
184	26.1	18.9	0.0	4.22	41.76	78.31
185	27.2	15.0	0.0	2.55	41.72	72.32
186	28.3	13.9	0.0	1.65	41.69	63.8
187	30.0	16.7	1.9100000000000001	2.73	41.62	69.97
188	27.8	18.3	0.0	3.19	41.58	81.94
189	26.1	14.4	0.0	2.25	41.51	71.36
190	29.4	15.6	0.0	2.38	41.47	75.52
191	27.8	19.4	0.32999999999999996	1.9	41.4	90.29
192	29.4	20.6	0.05	1.91	41.33	82.65
193	28.9	17.8	0.0	1.46	41.29	74.72
194	25.6	15.6	0.0	2.66	41.22	70.94
195	25.0	11.1	0.0	1.58	41.15	58.61
196	27.8	11.1	0.0	1.17	41.04	60.53
197	30.0	13.3	0.0	1.32	40.97	66.89
198	29.4	17.2	0.0	1.62	40.9	74.63
199	31.1	18.9	0.0	1.53	40.79	76.88
200	30.6	20.0	0.0	2.41	40.72	70.7
201	28.9	15.0	0.0	2.32	40.61	66.4
202	30.6	15.6	0.0	0.71	40.5	63.95
203	32.2	17.2	3.4799999999999995	3.2	40.43	81.74
204	31.7	19.4	0.13	2.25	40.32	68.96
205	34.4	20.6	2.6399999999999997	4.1	40.21	84.5
206	27.8	20.0	0.86	2.23	40.1	89.73
207	27.2	18.3	0.0	2.87	40.0	77.29
208	25.6	13.9	0.0	1.38	39.85	67.25
209	25.6	13.9	0.0	1.55	39.74	70.04
210	27.2	13.3	0.0	1.25	39.64	68.44
211	26.7	15.6	0.0	2.76	39.49	72.86
212	28.3	17.8	0.0	3.65	39.35	80.32
213	28.9	18.3	0.0	2.03	39.24	63.78
214	24.4	14.4	0.0	1.4	39.1	63.57
215	25.6	13.9	0.0	2.04	38.95	63.62
216	25.6	12.8	0.0	1.84	38.81	56.65
217	27.8	11.1	0.0	1.54	38.66	55.04
218	30.0	15.0	0.0	1.45	38.52	68.66
219	22.2	18.3	3.2299999999999995	2.16	38.38	89.08
220	25.6	18.9	1.9600000000000002	1.74	38.23	92.2
221	30.0	20.6	0.5599999999999999	2.1	38.05	91.66
222	30.0	21.1	0.0	1.55	37.91	91.35
223	31.7	20.0	0.18	1.73	37.73	82.16
224	28.9	21.1	0.03	1.56	37.58	87.2
225	29.4	18.3	1.0699999999999998	1.75	37.4	83.24
226	27.2	18.3	0.0	2.59	37.22	79.06
227	25.0	15.0	0.0	1.74	37.08	78.55
228	26.1	13.9	0.0	1.18	36.9	76.52
229	27.8	16.7	0.0	0.96	36.72	72.89
230	29.4	16.7	1.0699999999999998	1.76	36.54	85.15
231	28.3	17.2	0.0	1.37	36.36	78.63
232	30.6	18.3	1.45	1.92	36.18	78.92
233	26.1	15.6	0.0	2.78	35.96	79.18
234	23.3	10.0	0.0	2.02	35.78	68.85
235	27.2	10.0	0.0	1.81	35.6	69.12
236	30.6	16.7	0.1	2.17	35.39	83.79
237	30.0	20.0	0.27999999999999997	1.09	35.21	83.23
238	30.6	18.3	0.0	3.75	34.99	80.69
239	30.0	19.4	1.1400000000000001	3.69	34.81	87.06
240	27.2	19.4	0.25	3.35	34.6	84.51
241	26.7	15.0	0.0	1.75	34.38	73.01
242	27.2	13.9	0.18	1.47	34.16	73.49
243	27.8	14.4	0.0	1.17	33.95	79.55
244	28.9	18.9	0.0	2.38	33.77	79.37
245	29.4	16.1	0.0	2.18	33.55	72.53
246	26.1	12.8	0.0	1.61	33.34	64.27
247	24.4	12.2	0.0	1.8	33.08	71.6
248	24.4	13.3	0.0	2.34	32.87	68.21
249	26.7	10.0	0.0	1.33	32.65	65.61
250	26.1	13.9	0.0	1.53	32.44	62.22
251	30.0	11.1	0.0	1.95	32.22	62.62
252	33.9	20.0	0.0	3.27	31.97	73.75
253	25.0	14.4	0.13	2.18	31.75	80.25
254	20.0	8.9	0.15	3.26	31.54	66.81
255	21.1	6.7	0.0	2.25	31.28	62.27
256	25.0	7.8	0.0	1.39	31.07	59.3
257	28.9	11.1	0.0	2.93	30.82	59.65
258	31.1	13.9	0.0	2.39	30.56	57.96
259	32.8	12.8	0.0	1.56	30.35	60.06
260	31.1	15.6	0.0	1.46	30.1	74.18
261	27.2	21.7	0.0	3.58	29.84	79.57
262	23.9	18.3	0.0	1.48	29.63	80.14
263	26.1	14.4	0.0	1.25	29.38	71.44
264	27.8	10.6	0.0	1.01	29.12	64.71
265	28.3	14.4	0.0	0.96	28.87	66.55
266	31.1	18.9	0.13	2.66	28.66	74.19
267	26.7	17.8	5.54	2.3	28.4	71.19
268	20.0	11.1	0.0	3.27	28.15	65.47
269	18.9	6.1	0.0	1.27	27.9	58.45
270	21.1	6.1	0.0	2.52	27.65	63.92
271	27.2	14.4	0.13	2.13	27.4	80.39
272	31.7	20.0	0.0	4.47	27.14	68.69
273	28.3	18.9	0.0	4.12	26.89	67.89
274	22.8	10.6	0.03	1.54	26.64	63.53
275	27.8	10.0	0.0	2.16	26.39	58.78
276	23.9	12.2	0.0	2.47	26.14	66.95
277	18.9	7.2	0.0	3.12	25.88	55.26
278	15.6	2.8	0.0	1.48	25.63	57.51
279	11.7	8.3	0.05	3.61	25.38	82.74
280	16.7	6.7	0.97	3.13	25.13	76.27
281	24.4	11.1	0.08	3.3	24.88	81.25
282	28.3	18.3	0.0	4.25	24.62	77.28
283	22.2	12.2	0.0	2.48	24.37	91.55
284	13.3	9.4	2.62	2.81	24.12	77.11
285	15.6	6.1	0.0	1.55	23.9	73.0
286	17.8	2.8	0.0	1.26	23.65	68.94
287	20.0	3.3	0.0	1.2	23.4	72.67
288	22.2	6.1	0.0	2.04	23.15	69.77
289	15.6	6.1	0.0	3.33	22.9	71.93
290	13.3	2.8	0.0	2.24	22.64	79.4
291	17.2	2.8	0.0	1.08	22.39	73.4
292	23.9	7.8	0.0	2.69	22.18	60.16
293	24.4	15.6	0.0	4.12	21.92	65.91
294	19.4	7.8	0.0	4.56	21.67	77.11
295	16.1	3.9	0.58	2.53	21.46	70.41
296	13.3	3.9	0.0	2.96	21.2	65.3
297	13.3	1.7	0.0	3.26	20.95	78.23
298	8.9	0.0	0.25	2.16	20.74	67.81
299	15.6	0.0	0.0	2.94	20.48	62.48
300	17.2	2.8	0.0	3.05	20.27	64.87
301	18.3	6.7	0.0	2.16	20.05	65.8
302	20.6	6.7	0.0	1.81	19.8	66.38
303	18.3	8.9	0.0	2.47	19.58	69.45
304	18.9	6.1	0.1	2.69	19.37	82.0
305	16.1	1.7	0.03	2.11	19.15	78.48
306	12.2	8.3	0.71	1.85	18.94	85.16
307	13.3	9.4	0.03	1.6	18.72	74.41
308	12.8	8.3	0.0	1.88	18.5	83.53
309	10.6	3.9	0.0	3.7	18.29	74.27
310	8.9	0.0	0.0	4.37	18.07	69.43
311	5.0	-3.3	0.0	2.5	17.86	67.52
312	3.3	-5.6	0.0	1.77	17.68	75.0
313	6.7	-1.7	0.0	1.99	17.46	76.29
314	7.2	-2.8	0.0	1.87	17.28	71.89
315	6.7	0.0	0.0	1.2	17.06	73.05
316	8.9	3.3	0.0	2.05	16.88	78.86
317	18.9	6.7	0.86	8.37	16.7	80.8
318	7.2	1.7	1.19	7.02	16.52	58.65
319	11.1	-0.6	0.0	3.44	16.34	63.56
320	11.7	4.4	0.0	1.26	16.16	75.72
321	13.9	2.2	0.0	4.1	15.98	81.01
322	9.4	2.8	0.0	2.24	15.8	78.51
323	12.8	-0.6	0.0	3.12	15.62	78.6
324	10.0	2.2	0.0	2.69	15.48	76.53
325	11.7	-1.1	0.0	3.23	15.34	76.43
326	16.1	4.4	0.0	5.14	15.16	71.91
327	5.6	-0.6	0.0	3.77	15.01	74.32
328	5.0	-1.1	0.0	2.8	14.87	79.69
329	11.7	-1.1	0.0	5.16	14.72	69.51
330	16.1	5.6	0.0	5.28	14.58	75.37
331	13.3	-0.6	0.0	2.26	14.44	66.62
332	12.8	1.1	1.1199999999999999	3.65	14.33	78.5
333	11.7	2.8	0.0	4.49	14.18	74.53
334	13.3	-1.7	0.0	1.64	14.08	78.97
335	18.9	5.6	0.0	3.23	13.97	85.67
336	18.3	10.6	0.0	4.76	13.86	90.42
337	17.8	8.9	0.0	6.98	13.75	81.95
338	11.7	1.7	0.0	3.63	13.64	72.12
339	17.2	5.0	0.0	4.82	13.54	69.93
340	17.2	10.6	0.0	4.28	13.43	92.02
341	17.8	13.9	0.0	3.1	13.36	95.31
342	17.8	13.9	0.0	3.83	13.28	91.49
343	20.6	11.7	0.0	5.91	13.18	90.01
344	11.7	3.9	0.18	3.26	13.1	77.97
345	5.6	-1.7	0.0	2.14	13.03	77.46
346	7.2	-3.3	0.0	1.98	13.0	73.42
347	6.7	-2.2	0.0	2.81	12.92	77.77
348	6.7	-3.9	0.0	2.32	12.85	73.69
349	8.9	-3.9	0.0	1.6	12.82	69.5
350	8.3	-6.1	0.0	2.05	12.78	78.89
351	5.6	-6.1	0.0	1.67	12.74	79.53
352	10.6	-1.7	0.0	3.88	12.71	75.74
353	5.0	-0.6	0.0	2.28	12.67	94.35
354	2.2	-1.7	0.25	3.82	12.64	80.06
355	6.1	-3.3	0.03	5.46	12.64	72.72
356	6.7	2.2	0.0	3.85	12.6	85.52
357	5.6	-0.6	0.0	2.07	12.6	89.64
358	7.8	-2.8	0.64	3.31	12.6	93.07
359	-2.8	-13.3	1.0699999999999998	5.95	12.6	56.14
360	-7.8	-13.9	0.0	2.21	12.6	53.94
361	-3.3	-11.1	0.0	3.39	12.64	62.42
362	-0.6	-10.6	0.0	3.96	12.64	59.55
363	0.0	-7.2	0.0	3.77	12.67	71.74
364	5.0	-5.6	0.0	4.91	12.67	81.66
365	3.3	-4.4	0.0	1.71	12.71	85.16
