Site_1Year2004
1	13.9	1.1	0.0	4.51	12.71	87.08
2	10.0	2.8	0.0	2.94	12.74	99.16
3	3.3	-1.1	1.09	4.69	12.78	79.77
4	7.8	-2.2	0.0	4.64	12.85	78.4
5	8.3	-5.0	0.0	3.2	12.89	88.39
6	14.4	7.2	0.0	4.88	12.96	99.07
7	15.6	3.3	0.0	4.04	13.0	89.19
8	3.3	-0.6	2.0100000000000002	5.5	13.07	89.72
9	0.0	-3.9	1.6300000000000001	3.81	13.14	88.87
10	-3.9	-15.0	0.1	7.08	13.21	74.46
11	-5.0	-11.7	0.0	4.9	13.28	78.66
12	-1.1	-6.1	0.0	1.93	13.39	84.16
13	-4.4	-13.3	0.0	3.58	13.46	80.42
14	-6.1	-14.4	0.0	1.95	13.57	73.65
15	2.8	-6.1	0.0	5.97	13.68	90.17
16	3.3	-0.6	0.0	4.47	13.79	90.89
17	0.6	-4.4	0.0	3.65	13.9	81.63
18	2.2	-8.3	0.0	5.05	14.0	91.62
19	-3.9	-12.2	0.0	3.64	14.11	71.59
20	-7.2	-11.1	0.08	2.69	14.26	71.21
21	0.6	-7.8	0.0	3.8	14.4	92.27
22	0.6	-10.6	0.36	4.68	14.51	81.81
23	-5.6	-10.6	0.0	3.92	14.65	79.44
24	-6.7	-14.4	0.0	1.99	14.8	74.78
25	0.0	-13.3	0.0	5.66	14.94	85.2
26	1.7	-15.6	0.0	6.2	15.08	72.74
27	-8.9	-15.6	0.0	3.46	15.26	80.37
28	-8.9	-21.1	0.48	3.25	15.41	75.48
29	-8.9	-22.2	0.0	5.31	15.59	84.72
30	-3.3	-9.4	0.36	4.25	15.73	94.43
31	-0.6	-10.0	0.61	5.29	15.91	93.16
32	-8.3	-15.0	0.13	6.32	16.09	85.42
33	-11.1	-14.4	0.0	2.49	16.27	80.58
34	-12.8	-20.0	0.25	4.29	16.45	82.41
35	-12.2	-20.6	0.0	2.83	16.63	85.61
36	-6.7	-21.7	0.0	2.86	16.85	91.67
37	2.8	-12.2	0.0	3.58	17.03	95.9
38	2.8	-7.2	0.38	5.05	17.21	95.58
39	-3.9	-13.3	0.0	1.85	17.42	84.81
40	0.6	-9.4	0.0	5.17	17.64	89.77
41	2.8	-2.8	0.36	4.11	17.82	94.61
42	-1.7	-4.4	0.0	3.27	18.04	85.34
43	-1.7	-12.8	0.0	3.61	18.25	90.56
44	2.8	-5.0	0.0	6.03	18.47	88.25
45	1.1	-8.3	0.0	4.95	18.68	88.88
46	1.7	-10.6	0.0	2.58	18.9	90.78
47	0.0	-4.4	0.0	3.46	19.15	87.23
48	-3.9	-6.7	0.0	6.07	19.37	84.3
49	0.6	-5.6	0.0	3.71	19.58	87.14
50	-3.3	-11.7	0.0	3.74	19.84	73.31
51	-3.9	-14.4	0.0	2.08	20.05	77.24
52	1.1	-10.0	0.0	1.32	20.3	77.9
53	3.3	-9.4	0.0	3.21	20.52	87.97
54	8.9	1.1	0.0	2.43	20.77	90.21
55	9.4	1.7	0.0	6.43	21.02	96.75
56	1.7	-0.6	0.22999999999999998	6.29	21.28	80.39
57	5.0	-0.6	0.0	1.54	21.49	74.89
58	6.7	-0.6	0.0	2.41	21.74	84.25
59	0.6	-5.0	0.0	3.64	22.0	82.97
60	3.3	-6.1	0.0	3.08	22.25	77.02
61	4.4	-3.9	0.0	4.03	22.5	81.13
62	7.2	-3.9	0.0	2.68	22.75	73.27
63	12.2	-7.2	0.0	1.74	23.0	68.24
64	14.4	-1.7	0.0	2.75	23.26	82.11
65	13.3	5.0	0.0	6.19	23.51	93.3
66	11.7	5.6	0.86	4.65	23.8	83.58
67	8.3	3.9	0.0	1.73	24.05	95.32
68	11.7	4.4	0.18	2.51	24.3	92.17
69	21.1	7.2	1.3699999999999999	8.15	24.55	80.67
70	7.2	0.6	0.0	3.6	24.8	81.52
71	9.4	0.6	0.03	7.27	25.09	75.93
72	3.3	-1.7	0.0	4.09	25.34	75.35
73	3.9	-3.9	0.0	2.36	25.6	76.8
74	8.3	-6.7	0.0	2.34	25.85	66.87
75	10.6	-5.6	0.0	6.7	26.1	67.18
76	-2.8	-8.3	0.03	5.03	26.39	66.81
77	5.0	-11.1	0.0	2.36	26.64	65.92
78	9.4	0.0	0.13	6.07	26.89	76.65
79	7.2	-2.8	0.0	3.3	27.14	70.5
80	-0.6	-3.9	0.18	5.12	27.4	82.94
81	-0.6	-5.0	0.41	1.21	27.68	79.84
82	6.1	-2.8	0.0	1.01	27.94	88.33
83	7.2	-0.6	0.36	2.69	28.19	74.89
84	13.9	2.8	0.0	6.16	28.44	80.76
85	2.8	-5.6	0.22999999999999998	5.8	28.69	65.53
86	1.1	-8.3	0.0	2.9	28.94	60.71
87	11.7	-3.3	0.0	4.24	29.2	69.35
88	14.4	4.4	0.25	4.96	29.45	88.06
89	20.0	12.2	0.13	4.98	29.7	83.82
90	17.8	12.8	0.1	4.38	29.95	92.07
91	15.6	7.2	0.64	2.87	30.2	84.39
92	21.1	5.6	0.0	4.82	30.46	84.74
93	16.7	7.8	0.0	2.26	30.71	86.66
94	12.8	6.1	0.2	2.58	30.96	82.38
95	6.1	3.3	0.18	5.49	31.18	82.69
96	8.3	1.7	0.1	4.94	31.43	79.32
97	10.0	2.2	0.2	4.0	31.68	82.68
98	10.0	0.6	0.0	5.51	31.9	68.15
99	7.8	-1.1	0.0	5.95	32.15	62.65
100	8.3	-5.0	0.0	2.43	32.4	51.23
101	17.2	-0.6	0.0	3.68	32.62	71.12
102	14.4	2.2	0.0	3.01	32.83	72.98
103	17.2	4.4	0.0	3.61	33.08	78.66
104	15.0	4.4	0.0	2.38	33.3	68.21
105	13.9	1.7	0.0	1.66	33.52	70.79
106	8.9	-0.6	0.0	3.06	33.73	73.81
107	8.3	-1.1	0.0	5.33	33.98	79.9
108	5.6	1.7	0.38	5.45	34.2	77.64
109	15.6	-0.6	0.05	3.25	34.42	63.01
110	21.7	2.8	0.0	1.71	34.63	62.11
111	25.0	10.0	0.0	4.45	34.81	71.33
112	26.7	14.4	0.0	3.46	35.03	81.8
113	28.9	17.2	0.0	5.76	35.24	70.0
114	25.0	12.8	0.0	7.15	35.46	69.93
115	20.0	5.6	0.0	3.83	35.64	80.83
116	22.2	12.8	0.0	6.07	35.86	84.96
117	12.8	6.7	0.74	3.15	36.04	79.49
118	16.7	6.7	0.58	2.3	36.22	72.95
119	18.3	3.3	0.0	3.74	36.43	66.72
120	24.4	10.0	0.25	5.65	36.61	76.82
121	17.2	6.7	0.38	4.28	36.79	62.64
122	7.8	0.6	0.0	3.96	36.97	63.3
123	22.2	-2.2	0.0	6.19	37.15	61.33
124	25.6	14.4	0.0	5.33	37.33	69.42
125	17.8	13.9	0.0	3.18	37.51	86.95
126	18.3	4.4	0.51	3.35	37.69	87.09
127	11.1	3.3	1.47	4.46	37.84	69.65
128	11.7	0.0	0.38	3.12	38.02	60.25
129	17.2	0.6	0.0	4.72	38.16	69.15
130	20.0	8.9	0.0	2.71	38.34	62.46
131	30.6	7.2	0.0	4.27	38.48	74.52
132	23.3	7.2	0.51	4.15	38.63	64.17
133	28.3	6.1	1.52	3.73	38.77	76.12
134	30.0	12.2	0.0	3.34	38.92	78.68
135	30.0	16.7	0.05	3.74	39.06	77.08
136	28.3	16.7	0.0	2.18	39.2	81.86
137	28.9	17.8	0.64	3.19	39.35	78.19
138	27.8	19.4	0.0	3.43	39.49	85.94
139	25.6	12.8	0.3	4.68	39.6	85.57
140	12.8	9.4	1.02	2.28	39.74	78.05
141	18.9	10.0	0.05	1.28	39.85	74.13
142	26.1	12.8	0.0	3.98	39.96	83.33
143	26.7	17.8	0.51	3.03	40.1	88.62
144	21.7	12.2	0.48	3.1	40.21	73.51
145	27.8	15.6	0.0	3.84	40.32	86.76
146	28.9	16.7	1.02	1.47	40.43	93.23
147	28.9	17.2	1.3	4.92	40.54	79.55
148	27.8	19.4	0.0	5.22	40.61	82.48
149	22.8	11.7	0.41	4.38	40.72	78.08
150	25.6	10.6	0.0	3.18	40.82	81.59
151	22.8	13.3	0.08	2.39	40.9	76.64
152	26.1	10.6	0.0	2.48	40.97	81.58
153	20.0	11.1	0.45999999999999996	2.79	41.08	74.27
154	20.6	8.9	0.0	2.19	41.15	70.2
155	24.4	11.1	0.0	3.69	41.22	86.43
156	23.9	13.3	4.5	4.88	41.29	78.43
157	25.6	12.8	0.05	4.05	41.36	69.91
158	22.8	12.8	0.08	2.48	41.44	77.86
159	22.8	11.7	0.0	1.67	41.47	66.1
160	22.2	9.4	0.0	2.29	41.54	66.22
161	23.3	7.8	0.0	1.35	41.58	60.48
162	26.1	14.4	0.0	2.93	41.65	71.7
163	28.9	17.2	0.0	3.3	41.69	73.09
164	31.7	20.0	0.0	3.45	41.72	77.23
165	32.2	22.2	0.0	2.74	41.76	82.49
166	25.6	18.9	0.0	2.66	41.8	88.69
167	18.9	15.6	1.83	3.35	41.83	88.74
168	26.1	12.8	4.720000000000001	2.61	41.87	90.27
169	29.4	17.8	1.52	3.04	41.87	86.26
170	28.3	18.3	3.6100000000000003	3.04	41.9	84.84
171	29.4	20.6	1.1199999999999999	1.3	41.9	75.9
172	25.6	21.1	0.38	2.08	41.94	88.3
173	30.0	21.7	0.53	3.38	41.94	85.3
174	26.1	17.8	0.0	2.68	41.94	78.19
175	21.1	12.2	0.1	3.34	41.94	68.19
176	22.8	8.9	0.0	1.34	41.94	64.69
177	25.6	14.4	0.0	2.9	41.94	74.57
178	24.4	13.9	0.0	3.18	41.94	73.88
179	25.6	10.6	0.0	2.21	41.94	65.88
180	27.8	15.0	0.0	3.58	41.9	76.14
181	18.3	11.1	0.86	1.62	41.9	75.33
182	23.3	8.9	0.5599999999999999	2.4	41.87	66.21
183	25.0	11.7	0.0	2.03	41.83	66.65
184	21.1	13.9	0.05	2.31	41.8	78.1
185	26.1	10.6	0.41	2.11	41.76	66.97
186	27.8	13.9	0.0	1.9	41.72	68.51
187	29.4	12.8	0.0	1.26	41.69	65.43
188	28.9	15.6	0.0	2.08	41.65	72.67
189	30.0	15.0	0.0	2.99	41.62	81.99
190	28.9	22.8	0.0	4.82	41.54	82.65
191	28.9	20.0	0.0	2.89	41.51	79.81
192	30.6	18.3	0.03	2.88	41.44	85.73
193	27.8	19.4	0.0	3.58	41.36	79.65
194	24.4	14.4	0.0	2.95	41.29	74.21
195	28.3	11.1	0.0	0.96	41.22	70.42
196	28.3	16.7	0.0	0.55	41.15	78.34
197	29.4	18.3	0.13	1.65	41.08	83.46
198	29.4	21.1	1.0699999999999998	2.44	41.0	82.0
199	30.6	18.9	0.0	2.09	40.93	79.16
200	25.6	17.2	0.0	4.47	40.82	71.78
201	27.2	13.9	0.0	3.7	40.75	65.33
202	28.9	12.2	0.0	1.8	40.64	72.25
203	23.9	17.2	0.79	2.53	40.57	82.33
204	25.6	16.1	0.0	2.02	40.46	76.99
205	27.2	13.3	0.0	1.77	40.36	74.31
206	29.4	16.7	0.0	2.14	40.25	74.74
207	30.6	20.0	0.0	3.17	40.14	76.72
208	31.1	20.0	2.1100000000000003	2.65	40.03	86.98
209	24.4	16.1	1.3	3.02	39.92	68.38
210	22.2	10.6	0.0	2.9	39.78	60.62
211	19.4	13.3	0.0	2.29	39.67	71.82
212	21.7	14.4	0.0	2.61	39.56	77.73
213	19.4	13.3	2.0300000000000002	2.93	39.42	84.29
214	26.1	11.7	0.1	1.41	39.28	71.61
215	25.0	12.8	0.0	1.47	39.17	76.92
216	25.6	16.7	0.0	1.61	39.02	86.12
217	27.2	19.4	2.7399999999999998	2.57	38.88	82.04
218	28.3	13.9	0.03	0.93	38.74	65.62
219	30.0	16.1	0.0	1.72	38.59	72.53
220	31.1	20.0	0.0	1.43	38.45	73.02
221	24.4	15.6	0.05	2.49	38.27	88.95
222	23.9	12.8	1.5699999999999998	3.03	38.12	69.94
223	23.3	9.4	0.0	2.59	37.98	61.77
224	25.0	10.6	0.0	1.68	37.8	62.02
225	26.1	15.6	0.0	1.42	37.66	67.34
226	27.8	14.4	0.0	2.95	37.48	68.14
227	24.4	14.4	0.18	3.72	37.3	72.77
228	21.7	12.8	0.0	3.31	37.15	70.41
229	19.4	8.3	0.0	1.4	36.97	67.0
230	20.6	11.7	0.0	1.2	36.79	68.93
231	21.7	12.8	0.0	0.8	36.61	70.35
232	21.7	11.7	0.0	0.91	36.43	72.41
233	24.4	8.3	0.0	1.03	36.25	66.75
234	26.7	11.1	0.0	2.88	36.07	64.87
235	26.7	17.2	0.0	3.46	35.86	83.15
236	22.2	17.8	0.9400000000000001	1.62	35.68	85.91
237	17.8	14.4	0.13	1.49	35.5	90.06
238	22.2	10.6	2.3899999999999997	1.86	35.28	63.25
239	26.1	10.6	0.0	2.4	35.1	72.73
240	28.3	13.9	0.0	1.94	34.88	70.83
241	29.4	16.7	0.0	2.75	34.67	77.06
242	29.4	20.6	0.0	3.61	34.49	84.45
243	29.4	22.2	0.0	3.65	34.27	83.77
244	31.7	20.6	0.0	3.29	34.06	88.9
245	27.2	20.6	0.89	1.82	33.84	89.61
246	21.1	17.2	4.57	1.88	33.62	92.25
247	23.9	15.6	1.8800000000000001	1.44	33.41	75.98
248	25.0	12.2	0.0	1.45	33.19	71.98
249	26.7	12.2	0.0	1.04	32.98	68.57
250	27.8	13.9	0.0	1.87	32.76	70.51
251	25.6	17.2	0.0	1.92	32.54	83.4
252	26.1	17.8	1.78	0.76	32.29	76.14
253	29.4	17.2	0.0	2.0	32.08	74.41
254	30.0	18.3	0.0	3.52	31.86	72.51
255	23.3	17.2	0.13	2.3	31.61	72.87
256	18.3	16.7	0.03	5.02	31.39	81.93
257	23.3	12.8	0.03	2.71	31.14	70.25
258	25.0	9.4	0.0	0.95	30.92	63.62
259	26.7	10.0	0.0	1.12	30.67	62.99
260	28.3	11.1	0.0	1.11	30.46	58.98
261	28.3	13.3	0.0	1.93	30.2	69.71
262	28.9	17.8	0.0	2.9	29.95	71.91
263	28.9	16.7	0.0	3.3	29.74	70.76
264	25.6	18.3	0.0	3.27	29.48	69.01
265	18.9	11.1	0.15	4.35	29.23	65.3
266	22.8	7.2	0.0	2.63	28.98	60.85
267	23.3	6.7	0.0	2.34	28.76	64.58
268	26.7	4.4	0.0	2.02	28.51	55.91
269	27.8	6.1	0.0	1.45	28.26	56.63
270	29.4	9.4	0.0	0.96	28.01	52.58
271	30.0	10.0	0.0	1.81	27.76	59.26
272	27.8	12.8	0.0	1.77	27.5	74.71
273	23.3	10.6	0.0	2.23	27.25	70.64
274	20.6	8.3	0.0	1.49	27.0	72.53
275	23.9	6.7	0.0	1.24	26.75	67.3
276	20.6	8.3	0.0	4.06	26.5	79.47
277	16.1	8.3	1.83	2.4	26.24	69.53
278	21.7	5.0	0.8099999999999999	0.98	25.99	57.33
279	23.9	4.4	0.0	2.46	25.74	69.79
280	17.8	5.0	0.13	3.2	25.49	63.92
281	18.3	-0.6	0.0	2.54	25.24	45.37
282	16.1	4.4	0.0	3.62	24.98	54.73
283	15.6	-0.6	0.0	1.33	24.77	55.91
284	22.2	2.2	0.0	2.15	24.52	53.54
285	24.4	5.6	0.0	2.34	24.26	52.96
286	25.0	11.7	0.0	4.06	24.01	75.11
287	22.8	7.8	0.0	3.35	23.76	58.23
288	18.9	2.2	0.0	2.18	23.51	67.62
289	17.2	0.6	0.0	2.23	23.26	72.58
290	17.8	0.6	0.0	2.07	23.0	71.1
291	12.2	8.3	0.0	1.46	22.75	84.12
292	17.8	9.4	0.43	1.74	22.5	77.44
293	11.1	6.7	0.22999999999999998	3.39	22.28	88.9
294	8.9	4.4	0.5599999999999999	6.15	22.03	69.4
295	10.6	1.1	0.0	3.66	21.78	67.79
296	6.1	0.0	0.0	3.62	21.56	88.99
297	10.6	6.1	1.78	3.13	21.31	91.44
298	11.7	8.3	0.18	2.25	21.06	86.74
299	13.9	7.2	0.0	2.32	20.84	78.57
300	15.0	2.8	0.0	2.46	20.59	83.55
301	16.7	8.9	0.0	4.35	20.38	93.64
302	16.7	5.6	1.45	1.91	20.12	82.37
303	21.1	2.2	0.0	1.25	19.91	72.81
304	20.6	5.0	0.0	1.58	19.69	74.27
305	20.0	8.9	0.0	2.72	19.48	77.94
306	19.4	7.8	0.0	2.14	19.22	77.37
307	23.3	15.0	0.08	4.09	19.01	89.68
308	24.4	12.2	0.22999999999999998	7.37	18.79	69.85
309	15.6	5.0	0.2	3.65	18.58	74.43
310	14.4	6.1	0.0	2.88	18.36	86.34
311	16.7	6.7	1.1400000000000001	3.46	18.18	92.62
312	8.9	3.3	0.97	2.51	17.96	82.04
313	12.2	4.4	1.0699999999999998	5.07	17.75	86.27
314	10.6	1.7	0.08	4.43	17.57	62.48
315	16.7	4.4	0.0	3.96	17.35	76.47
316	18.3	2.2	0.0	4.0	17.17	72.69
317	8.3	-1.7	0.0	2.53	16.96	63.42
318	5.6	-4.4	0.0	1.93	16.78	63.18
319	17.2	1.1	0.0	4.29	16.6	72.53
320	11.7	3.3	0.0	4.17	16.42	76.04
321	8.3	-4.4	0.1	4.33	16.24	63.13
322	7.2	-4.4	0.0	2.81	16.06	71.97
323	10.0	-6.7	0.0	1.43	15.88	68.18
324	11.1	-5.0	0.0	1.65	15.73	74.35
325	9.4	5.6	0.43	2.17	15.55	92.22
326	12.2	8.3	0.05	2.18	15.41	98.31
327	16.1	12.2	0.76	1.85	15.23	92.34
328	13.9	11.1	0.13	2.11	15.08	94.76
329	13.9	8.3	0.89	3.21	14.94	91.2
330	10.0	2.2	0.0	1.6	14.8	76.32
331	8.3	1.7	0.0	1.44	14.65	87.24
332	11.1	7.2	0.0	2.0	14.51	96.19
333	8.9	0.6	0.05	6.65	14.36	93.64
334	2.8	-2.2	3.05	4.25	14.26	78.05
335	7.2	-2.8	2.84	3.26	14.11	89.44
336	10.6	4.4	0.0	5.66	14.0	80.15
337	5.6	-2.8	0.6599999999999999	4.55	13.9	79.53
338	4.4	-3.3	0.0	1.32	13.79	86.19
339	6.7	1.7	0.41	2.08	13.68	97.49
340	8.3	-0.6	0.97	5.61	13.57	79.47
341	5.6	-1.7	0.0	2.24	13.5	83.78
342	3.9	-2.2	0.0	2.76	13.39	73.74
343	8.3	-2.8	0.0	4.93	13.32	86.38
344	7.2	-2.2	0.0	2.92	13.21	87.07
345	10.6	2.8	0.27999999999999997	2.14	13.14	99.9
346	16.1	6.7	0.1	6.86	13.07	90.54
347	8.3	2.2	1.52	2.49	13.0	85.25
348	7.8	1.1	0.0	2.22	12.96	97.5
349	6.7	2.2	0.27999999999999997	2.99	12.89	94.97
350	2.2	-0.6	0.2	4.74	12.85	84.29
351	5.0	-0.6	0.13	6.57	12.78	83.3
352	1.7	-4.4	0.08	7.05	12.74	74.02
353	-2.2	-5.6	0.18	3.56	12.71	72.71
354	1.1	-8.3	0.0	4.37	12.67	70.91
355	3.9	-3.3	0.0	5.76	12.67	81.04
356	1.1	-6.7	0.0	1.38	12.64	77.75
357	3.3	-5.0	0.0	4.35	12.64	92.55
358	0.6	-18.3	0.1	5.58	12.6	59.79
359	-7.2	-18.3	0.0	4.18	12.6	61.44
360	7.8	-7.8	0.0	4.72	12.6	81.78
361	-1.7	-7.8	0.0	4.12	12.6	72.81
362	-6.1	-14.4	2.4899999999999998	5.79	12.6	80.35
363	-13.9	-23.9	0.0	3.32	12.64	73.93
364	-7.2	-25.6	0.0	2.81	12.64	77.91
365	-6.7	-17.8	0.1	2.53	12.67	84.78
